-0.97 -0.035
-1.03 -0.04
-1.08 0.08
-0.95 0.08
-1.12 0.37
-1.02 0.465
-0.99 0.41
-1.29 0.635
-1.16 0.58
-1.24 0.66
-1.24 0.595
-1.14 0.655
-1.22 0.62
-1.35 0.705
-1.49 0.76
-1.39 0.715
-1.33 0.695
-1.31 0.625
-1.18 0.475
-1.02 0.425
-1.08 0.445
-1.03 0.265
-0.96 0.115
-1.08 -0.27
-0.95 -0.125
-1 -0.095
-1.11 -0.16
-1.12 -0.17
-0.98 -0.07
-0.89 -0.1
-1.01 -0.095
-1.19 -0.125
-1.25 -0.32
-1.18 -0.335
-1.31 -0.425
-1.03 -0.285
-1.13 -0.365
-1.12 -0.31
-1.18 -0.29
-1.2 -0.205
-1.02 -0.24
-0.99 -0.295
-1.17 -0.4
-1.19 -0.37
-1.11 -0.325
-1.09 -0.24
-1.02 -0.04
-1.2 -0.35
-1.1 -0.32
-1.1 -0.355
-1.27 -0.32
-1.11 -0.41
-1.26 -0.52
-1.32 -0.525
-1.17 -0.46
-1.16 -0.4
-1.22 -0.365
-0.89 -0.37
-1.25 -0.53
-1.18 -0.35
-1.22 -0.27
-1.35 -0.21
-1.23 -0.27
-1.13 0.045
-1.04 -0.01
-1.22 -0.22
-1.05 -0.18
-1.05 0.15
-0.97 0.21
-1.19 0.29
-1.19 0.215
-1.13 0.39
-1.09 0.155
-1.15 0.13
-1 0.245
-0.93 0.02
-0.85 0.015
-0.94 0.055
-0.99 0.1
-0.99 0.225
-0.97 0.24
-1.35 0.52
-1.26 0.585
-1.16 0.575
-1.13 0.44
-1.28 0.65
-1.23 0.645
-1.52 0.865
-1.44 0.785
-1.37 0.78
-1.28 0.66
-1.19 0.615
-1.25 0.655
-1.09 0.48
-0.98 0.225
-1.01 0.21
-1 0.095
-1.03 -0.09
-1.02 -0.275
-1.22 -0.2
-1.01 -0.08
-1.11 -0.165
-0.99 -0.055
-1.11 -0.165
-1.12 -0.13
-1.01 -0.13
-1.03 -0.185
-1.11 -0.345
-0.91 -0.065
-1.21 -0.165
-1.02 -0.22
-0.96 -0.16
-1.14 -0.015
-1.04 0.085
-0.96 0.045
-0.95 0.005
-1.02 -0.055
-1.17 -0.02
-0.92 -0.165
-0.88 -0.14
-1.13 -0.375
-0.99 -0.285
-1.15 -0.295
-1.1 -0.355
-1.06 -0.19
-1.03 -0.27
-1.1 -0.39
-1.2 -0.525
-1.27 -0.65
-1.56 -0.83
-1.44 -0.71
-1.31 -0.68
-1.15 -0.515
-1.17 -0.365
-1.03 -0.32
-0.85 0.03
-0.91 0.295
-1.04 0.21
-0.92 0.225
-0.94 0.12
-0.98 0
-0.99 0.12
-1.23 0.18
-1.05 0.145
-0.84 0.165
-0.91 0.215
-1.06 0.27
-1.19 0.115
-1.3 -0.085
-1.14 0.065
-1.12 0.15
-1.15 0.12
-1.25 0.285
-1.15 0.235
-1.16 0.145
-1.12 0.1
-1.2 0.03
-1.12 0.14
-1.2 0.175
-1.17 0.02
-1.25 0.17
-1.09 0.225
-1.18 0.14
-1.18 0.135
-1.11 0.05
-1.14 -0.23
-1.31 -0.235
-1.07 -0.21
-1.18 -0.325
-1.04 -0.22
-0.99 -0.22
-1.03 -0.12
-0.99 -0.06
-1.01 -0.305
-1.18 -0.46
-1.21 -0.465
-1.2 -0.58
-1.28 -0.695
-1.12 -0.48
-0.98 -0.385
-1.09 -0.31
-1.19 -0.37
-1.18 -0.285
-1.19 -0.465
-1.46 -0.575
-1.13 -0.46
-0.94 -0.23
-1.03 -0.355
-1.06 -0.24
-1.29 -0.375
-1.04 -0.295
-1.07 -0.225
-0.99 -0.19
-0.85 -0.01
-1.1 -0.095
-0.87 -0.02
-0.96 -0.015
-1.01 0.155
-1.11 0.14
-1.15 0.175
-1.12 0.23
-1.1 0.08
-1.14 0.36
-1.12 0.385
-1.1 0.335
-1.13 0.345
-0.95 0.16
-0.98 0.325
-1.22 0.475
-1.23 0.495
-1.03 0.375
-0.96 0.33
-0.96 0.37
-1.11 0.385
-1.15 0.48
-1.15 0.555
-1.35 0.65
-1.17 0.5
-1.15 0.365
-1.14 0.195
-1.11 0.07
-1.09 0.12
-1.21 0.065
-1.1 0.175
-1.18 0.43
-1.13 0.43
-1.12 0.18
-1.15 0.155
-1.2 0.29
-1.17 0.4
-1.09 0.32
-1.1 0.335
-1.24 0.455
-1.16 0.33
-0.99 0.315
-1.21 -0.19
-1.17 -0.015
-1.07 -0.195
-1 -0.37
-1.17 -0.2
-1.27 -0.175
-1.35 -0.22
-1.23 -0.12
-1.27 -0.2
-1 -0.21
-1.08 -0.065
-1.17 0.2
-1.13 0.045
-1.2 -0.05
-1.06 0.09
-1.1 0.11
-1.17 -0.035
-1.18 0.015
-1.18 -0.01
-1.01 0.04
-1.14 0.035
-0.91 -0.045
-0.99 -0.045
-1.09 0.225
-1.03 0.34
-1.11 0.225
-1.26 0.26
-1.2 0.155
-1.27 0.275
-1.08 0.24
-0.97 0.365
-1.03 0.15
-1.15 0.27
-1.03 0.245
-1.27 0.475
-1.27 0.495
-1.05 0.35
-1.17 0.365
-1.1 0.34
-1.27 0.5
-1.27 0.455
-1.27 0.46
-1.01 0.275
-0.87 -0.045
-0.85 -0.065
-1.09 -0.225
-1.07 -0.07
-1.08 -0.025
-0.91 -0.04
-1.13 -0.08
-1 -0.145
-1.07 -0.21
-1.15 -0.325
-1.22 -0.34
-1.13 -0.19
-0.95 -0.18
-0.94 -0.155
-1.08 -0.12
-1.19 -0.075
-1.02 0.06
-1.11 0.14
-1.18 -0.055
-1.2 0.025
-1.19 0.205
-1.16 0.195
-1.26 0.325
-1.06 0.21
-1.09 0.26
-1.29 0.295
-1.17 0.2
-0.84 0.065
-1.06 -0.095
-1.07 -0.325
-1.24 -0.385
-1.03 -0.165
-1.07 -0.165
-1.17 -0.245
-1.2 -0.35
-1.19 -0.35
-1.18 -0.415
-1.24 -0.555
-1.27 -0.615
-1.27 -0.655
-1.29 -0.645
-1.22 -0.705
-1.36 -0.725
-1.31 -0.695
-1.37 -0.76
-1.41 -0.75
-1.19 -0.655
-1.41 -0.7
-1.23 -0.64
-1.28 -0.63
-1.17 -0.515
-1.03 -0.37
-1.1 -0.205
-1.04 -0.18
-1.03 -0.15
-1.15 -0.215
-1.11 -0.18
-1.01 -0.07
-1 -0.045
-0.95 0.025
-1.02 0.13
-1.28 0.435
-1.35 0.69
-1.14 0.555
-1.45 0.69
-1.39 0.705
-1.23 0.635
-1.18 0.54
-1.34 0.645
-1.32 0.68
-1.3 0.635
-1.11 0.535
-1.35 0.635
-1.03 0.41
-1.13 0.53
-1.25 0.52
-1.36 0.655
-1.31 0.57
-1.12 0.425
-1.1 0.23
-0.98 0.22
-0.96 0.045
-0.94 -0.045
-1.03 -0.045
-1.02 -0.08
-1.18 -0.11
-0.97 -0.165
-1.11 -0.025
-1.02 -0.005
-1.16 -0.11
-1.07 -0.175
-1.15 -0.28
-1.23 -0.415
-0.99 -0.125
-1.12 -0.26
-1.23 0.03
-1.18 0.185
-0.95 0.095
-1.02 -0.11
-1.08 -0.055
-1.06 -0.065
-1.19 -0.065
-0.97 -0.125
-0.99 -0.155
-1.09 -0.05
-1.19 0.03
-1.29 -0.035
-1.08 -0.155
-0.96 0.015
-0.98 0.05
-0.98 0.155
-1.17 0.175
-1.14 0.08
-1.03 -0.075
-1.08 -0.07
-1.02 0.19
-1.03 0.1
-1.01 0.035
-1.09 0.035
-0.93 0.025
-0.96 -0.145
-0.87 -0.085
-1.01 -0.24
-0.99 -0.205
-0.97 -0.245
-1.18 -0.57
-1.2 -0.515
-1.24 -0.64
-1.28 -0.635
-1.19 -0.63
-1.24 -0.625
-1.34 -0.72
-1.25 -0.6
-1.28 -0.615
-1.22 -0.545
-1.29 -0.535
-1.33 -0.64
-1.24 -0.56
-1.27 -0.55
-1.3 -0.56
-1.35 -0.58
-1 -0.42
-1.08 -0.495
-1.17 -0.425
-1.1 -0.455
-1.31 -0.425
-1.16 -0.325
-1.16 -0.34
-1.11 -0.31
-1.01 -0.29
-1.07 -0.315
-1.05 -0.285
-1.1 -0.065
-0.95 0.13
-0.99 0.015
-1.02 0.025
-1.27 0.025
-1.14 0.12
-1.08 0.06
-1.24 -0.11
-0.98 -0.04
-1.04 0.15
-1.02 0.14
-0.99 0.065
-1.05 0.02
-1.03 0.065
-1 -0.04
-1.04 -0.125
-1.06 0.03
-1.24 0.03
-1.15 0.2
-1.05 0.105
-1.01 -0.085
-0.99 -0.145
-1.06 -0.165
-1.01 -0.005
-1.12 0.075
-1.08 0.26
-1.13 0.095
-1.02 0.055
-1.01 0
-1.1 -0.045
-1.12 0.005
-1.06 -0.185
-0.98 -0.195
-1.07 -0.405
-1.07 -0.315
-1.1 -0.285
-1.12 -0.36
-0.97 -0.185
-0.97 0.05
-1.05 -0.145
-1.18 -0.165
-1.08 -0.12
-0.95 -0.335
-0.97 -0.29
-1.14 -0.37
-1.13 -0.24
-1.26 -0.34
-1.19 -0.195
-1.06 -0.13
-1.03 0.065
-1.03 0.2
-1.15 0.255
-1.06 0.515
-1.55 0.775
-1.48 0.785
-1.32 0.715
-1.16 0.59
-0.95 0.365
-1.15 0.53
-1.2 0.48
-0.9 0.44
-1.34 0.705
-1.33 0.78
-1.35 0.7
-1.28 0.565
-0.97 0.47
-1.18 0.485
-1.2 0.475
-1.09 0.465
-1.09 0.475
-0.99 0.33
-0.97 0.305
-0.99 0.25
-1.04 0.225
-0.96 0.29
-1.12 0.355
-1.24 0.495
-1.23 0.585
-1.25 0.605
-1.25 0.575
-1.32 0.71
-1.34 0.765
-1.41 0.765
-1.47 0.76
-1.25 0.665
-1.11 0.59
-1.01 0.425
-1.15 0.25
-1.23 0.545
-1.13 0.535
-1.17 0.59
-1.23 0.51
-1.1 0.445
-1.06 0.4
-1.12 0.36
-1.23 0.47
-0.98 0.22
-1.23 0.24
-1.11 0.22
-0.95 0.03
-0.99 -0.175
-1.08 -0.265
-1.13 -0.265
-1 -0.075
-1.01 -0.005
-1.07 -0.33
-1.1 -0.245
-0.99 -0.22
-1.12 -0.32
-0.94 -0.235
-1.06 -0.19
-1.17 -0.2
-1.01 -0.125
-0.94 -0.11
-1.03 0.17
-1.03 0.19
-1.11 0.255
-1 0.195
-1.16 0.55
-1.06 0.185
-0.87 0.265
-1.05 0.33
-0.95 0.33
-1.27 0.59
-1.14 0.44
-1.41 0.72
-1.34 0.63
-1.28 0.48
-1.17 0.39
-1.14 0.58
-1.23 0.565
-1.26 0.615
-1.15 0.555
-1.09 0.5
-0.98 0.38
-1.14 0.515
-1.16 0.485
-1.03 0.375
-1.09 0.395
-1.34 0.4
-1.24 0.465
-1.14 0.34
-1.23 0.33
-1.21 0.34
-1.21 0.545
-1.22 0.57
-1.22 0.55
-1.13 0.585
-1.29 0.52
-1.36 0.65
-1.12 0.605
-1.15 0.485
-1.23 0.58
-1 0.425
-0.99 0.225
-1.16 0.225
-1.12 0.265
-1.17 0.28
-1.12 0.205
-1.17 0.295
-1.04 0.26
-0.99 0.365
-1.08 0.28
-1.09 0.22
-1.04 0.37
-1.19 0.255
-1.14 0.29
-1.26 0.305
-1.03 0.235
-1.1 0.165
-0.95 0.09
-1.21 0.155
-1.14 0.11
-1.27 0.22
-1.07 0.115
-1.12 -0.005
-0.95 -0.06
-1.24 -0.15
-1.01 -0.325
-0.94 -0.265
-1.17 -0.35
-1.22 -0.385
-1.15 -0.3
-1.29 -0.37
-1.12 -0.375
-1.22 -0.415
-1.21 -0.425
-1.06 -0.455
-0.91 -0.355
-1.04 -0.415
-1.16 -0.515
-1.22 -0.435
-1.02 -0.285
-1.02 -0.31
-1.25 -0.37
-1.18 -0.245
-1.28 -0.01
-1.12 -0.01
-1.03 -0.185
-1.14 -0.035
-1.12 -0.03
-1.23 0.11
-1.11 0.265
-1.15 0.43
-1.17 0.575
-0.96 0.49
-1.21 0.62
-1.26 0.685
-1.38 0.76
-1.51 0.8
-1.33 0.715
-1.11 0.56
-1.2 0.665
-1.22 0.535
-1.31 0.535
-1.16 0.255
-1.03 0.03
-1.02 -0.075
-0.9 0.065
-1 0.025
-0.97 -0.05
-1.05 -0.405
-1.06 -0.26
-0.96 -0.155
-0.96 -0.25
-1.21 -0.22
-1.3 -0.295
-1.32 -0.01
-1.23 -0.08
-1.14 0.055
-1.21 0.035
-1.27 0.38
-1.12 0.295
-1.2 0.34
-1.11 0.385
-1.4 0.625
-1.25 0.545
-1.14 0.475
-1.05 0.425
-1.2 0.505
-1.13 0.465
-1.23 0.54
-1.18 0.58
-1.23 0.66
-1.35 0.61
-1.11 0.475
-1.31 0.675
-1.2 0.595
-1.34 0.69
-1.28 0.58
-1.34 0.485
-1.06 0.42
-1.19 0.385
-1.04 0.31
-1.1 0.145
-1.17 0.13
-1.04 0.23
-1.06 0.27
-1.22 0.115
-1.13 0.285
-1.1 0.32
-0.99 0.235
-1.06 0.02
-0.9 -0.005
-1.09 0.25
-1.1 0.255
-1.07 0.205
-1.1 0.21
-1.15 0.18
-1 0.125
-1.12 0.24
-1.13 0.375
-1.16 0.445
-1.09 0.4
-1.27 0.525
-1.2 0.39
-1.18 0.33
-1.19 0.235
-1.13 0.305
-1.14 0.255
-1.1 0.195
-1.2 0.305
-1.12 0.34
-1.24 0.39
-1.19 0.38
-1.08 0.425
-1.22 0.39
-1.15 0.425
-1.12 0.23
-1.07 0.315
-1.22 0.465
-1.11 0.38
-1.18 0.37
-1.17 0.295
-1.2 0.29
-1.1 0.375
-1.15 0.33
-1.12 0.51
-1.2 0.505
-1.21 0.42
-1.13 0.52
-1.08 0.475
-0.99 0.29
-0.99 0.235
-0.93 0.05
-1.07 0.165
-1.03 0.37
-1.38 0.57
-1.21 0.395
-1.26 0.315
-1.27 0.35
-0.99 0.05
-1.16 -0.13
-1.04 0.04
-1.03 0.05
-1.06 0.19
-1.3 0.325
-1.05 0.095
-1.03 -0.075
-1.15 0.075
-1.06 0.24
-1.01 0.24
-1.08 0.19
-1 0.225
-1.17 0.13
-1.06 0.215
-1.29 0.04
-1.06 -0.04
-1.04 0.065
-1.1 0.27
-0.91 0.22
-1.14 0.415
-1.11 0.17
-1.12 0.015
-1.11 0.16
-1.12 0.27
-1.08 0.43
-1.29 0.475
-1.16 0.355
-1.24 0.385
-0.88 0.12
-1.07 0.39
-1.07 0.39
-1.24 0.39
-1.09 0.375
-1.21 0.525
-1.35 0.58
-1.2 0.48
-1.06 0.375
-1.14 0.195
-1 0.105
-1.02 0.16
-1.03 0.195
-1.1 0.37
-1.12 0.41
-1.14 0.36
-1.19 0.41
-1.16 0.375
-1.02 0.415
-1.08 0.155
-1.08 0.255
-1.05 0.175
-0.96 0.25
-1.18 0.065
-1.05 0.1
-1.06 0.155
-1.15 0.265
-1.12 0.245
-1.15 0.24
-1.21 0.43
-0.97 0.22
-1.19 0.505
-1.09 0.515
-1.23 0.5
-1.33 0.66
-1.27 0.635
-1.17 0.49
-1.06 0.57
-1.3 0.65
-1.32 0.675
-1.16 0.545
-1.03 0.38
-0.98 0.175
-1.07 0.09
-1.08 0.11
-1.2 -0.215
-1.17 -0.345
-1.39 -0.49
-1.28 -0.58
-1.16 -0.46
-1.06 -0.465
-1.06 -0.39
-1.09 -0.3
-1.05 -0.22
-1.14 -0.42
-1.17 -0.515
-1.19 -0.47
-1.02 -0.42
-1.06 -0.45
-1.14 -0.5
-1.24 -0.455
-1.12 -0.34
-1.05 -0.405
-1.28 -0.54
-1.25 -0.55
-1.22 -0.595
-1.42 -0.68
-1.52 -0.73
-1.26 -0.595
-1.22 -0.69
-1.28 -0.67
-1.07 -0.345
-1.03 -0.39
-1.06 -0.525
-1.06 -0.43
-1.08 -0.22
-1.12 -0.25
-1.08 0.035
-1.04 0.095
-1 0.27
-1.13 0.245
-1.04 0.16
-1.09 0.495
-1.27 0.605
-1.24 0.545
-1.13 0.475
-1.11 0.48
-1.09 0.33
-1.04 0.225
-1.14 0.17
-1.02 0.08
-1.06 -0.145
-1.06 -0.085
-1.05 -0.005
-1.09 0.125
-1.2 0.03
-1.21 -0.155
-1.24 -0.09
-1.17 -0.12
-1.13 -0.17
-1.06 -0.04
-1.07 -0.035
-0.98 0.065
-1.11 0.06
-1.01 0.275
-0.95 0.205
-1.22 0.425
-1.1 0.375
-1.1 0.325
-1.03 0.15
-1.05 0.185
-1.1 0.125
-1.13 0.19
-1.24 0.21
-1.18 0.225
-1.03 0.115
-0.93 0.105
-0.88 -0.015
-1.05 -0.075
-1.01 -0.185
-1.04 -0.185
-0.99 -0.04
-1.15 0.035
-1.02 0.185
-1.15 0.255
-1.11 0.055
-1.26 0.175
-1.29 -0.08
-1.01 0.03
-1.15 0.195
-1.05 0.18
-1.11 0.35
-1 0.335
-1 0.225
-1.13 0.06
-1.12 0.075
-1.03 0.175
-1.01 0.205
-0.92 0.185
-0.94 0.155
-1 0.175
-0.89 0.185
-0.98 -0.065
-1.23 -0.485
-1.16 -0.385
-1.2 -0.265
-1.1 -0.2
-1.12 -0.125
-1.15 -0.15
-0.96 -0.045
-1.02 -0.07
-0.99 0.08
-1.06 0.23
-1.24 0.34
-1.1 0.44
-1.19 0.52
-1.11 0.515
-1.26 0.555
-1.08 0.425
-1.16 0.265
-1.19 0.245
-1.06 0.205
-0.93 0.115
-1.02 0.41
-1.01 0.285
-1.07 0.245
-1.23 0.37
-1.29 0.36
-1.23 0.25
-1.14 0.26
-1.05 0.145
-1.11 0.155
-0.99 0.02
-1.18 0.18
-1.04 0.19
-1.18 0.075
-1.08 0.08
-1.03 -0.035
-1.09 -0.23
-0.88 0.02
-1.07 0.205
-1.08 0.35
-1.25 0.235
-1.09 -0.02
-0.98 0.025
-0.87 0.1
-1.09 0.065
-1.25 0.27
-1.2 0.165
-1.05 0.065
-1.01 0.125
-0.99 0.195
-0.9 0.145
-1.05 0.005
-1.05 -0.045
-1.22 -0.065
-1.12 0.125
-0.98 0.08
-0.97 -0.03
-1.07 0.02
-1.07 -0.105
-0.88 -0.01
-0.93 0.195
-1 0.4
-1.38 0.515
-1.07 0.4
-1.28 0.44
-1.29 0.625
-0.94 0.365
-0.96 0.155
-1.11 0.095
-1.04 0.055
-0.98 -0.115
-1.01 0.105
-1.16 -0.13
-1.12 -0.225
-1.08 -0.33
-1.11 -0.375
-1.01 -0.37
-0.99 -0.33
-1.13 -0.465
-1.03 -0.47
-1.11 -0.515
-1.21 -0.52
-1.23 -0.475
-1.23 -0.49
-1.25 -0.425
-1.2 -0.495
-1.25 -0.545
-1.23 -0.575
