-0.94 -0.18
-1.04 0.01
-0.87 -0.18
-0.96 -0.195
-1 -0.19
-0.74 -0.13
-1.07 -0.34
-1.03 -0.215
-1.05 -0.22
-0.97 -0.18
-1 -0.245
-0.94 -0.145
-1.06 0.035
-0.82 -0.015
-0.87 -0.06
-0.8 -0.175
-0.88 -0.13
-0.89 -0.255
-1.02 -0.215
-1.08 -0.29
-0.79 -0.25
-0.9 -0.185
-0.9 -0.225
-0.99 0.195
-0.98 -0.005
-0.88 0.02
-0.92 -0.205
-0.86 -0.085
-1.08 -0.125
-0.96 -0.115
-0.78 -0.02
-0.96 0.015
-0.82 -0.01
-0.87 -0.09
-0.88 -0.025
-0.82 0.075
-1.07 -0.115
-0.92 -0.15
-0.78 0.04
-0.84 -0.01
-0.91 0.15
-1 0
-0.92 -0.24
-0.86 -0.185
-1.07 -0.265
-0.82 -0.01
-0.9 -0.09
-0.78 -0.16
-0.9 -0.22
-0.98 -0.095
-1.06 -0.155
-0.91 -0.135
-0.82 0.12
-0.91 0.095
-0.87 0.115
-0.87 0.1
-0.9 0.07
-0.97 0.175
-0.9 0.12
-0.93 0.07
-0.89 0.35
-0.96 0.275
-0.96 0.28
-1.12 0.315
-0.88 0.11
-0.92 0.15
-0.97 0.205
-1.01 0.25
-0.99 0.375
-1.05 0.325
-1.06 0.405
-0.82 0.28
-1.13 0.33
-1 0.425
-1.08 0.395
-1.14 0.39
-0.85 0.205
-0.97 0.43
-0.88 0.33
-1.16 0.37
-0.92 0.22
-1 0.13
-0.86 0.33
-0.89 0.27
-0.87 0.255
-1.05 0.445
-1.02 0.42
-1.05 0.445
-1 0.36
-0.87 0.345
-0.77 0.225
-0.98 0.285
-0.88 0.25
-0.9 0.18
-0.89 0.265
-0.8 0.22
-0.97 0.115
-0.88 -0.015
-0.83 0.17
-0.87 0.06
-0.93 0.045
-0.93 0.12
-0.96 0.2
-1.07 0.015
-1.15 0.105
-1.06 0.015
-1.13 -0.25
-0.85 -0.25
-1.05 -0.32
-0.87 -0.27
-0.86 -0.225
-0.9 -0.3
-0.92 -0.14
-0.88 0.01
-0.84 0.045
-0.91 0.2
-0.9 0.135
-0.84 0.015
-1.06 0.035
-1.01 0.095
-0.9 0.17
-0.86 0.15
-0.76 0.03
-0.91 -0.27
-0.86 -0.31
-1.04 -0.55
-0.91 -0.43
-1.02 -0.295
-0.86 -0.22
-0.9 -0.205
-1.02 -0.02
-0.95 0.08
-0.97 0.01
-1 0.11
-0.9 0.085
-0.92 0.075
-0.98 0.175
-0.87 0.035
-0.86 0.145
-0.99 0.16
-0.82 0.05
-0.9 0.135
-0.93 0.25
-1.14 0.17
-1.04 0.055
-0.95 0.17
-0.92 -0.195
-1.09 -0.385
-1 -0.385
-0.99 -0.285
-1.06 -0.43
-1.02 -0.475
-1.03 -0.28
-0.92 -0.165
-0.91 -0.08
-0.94 0
-0.75 -0.07
-0.7 -0.085
-0.84 0.055
-0.86 0.3
-1 0.34
-0.9 0.255
-0.88 0.23
-1.04 0.4
-1.2 0.485
-1.09 0.325
-0.95 0.36
-0.84 0.19
-0.7 0.15
-0.86 0.09
-1.02 0.01
-1.01 -0.085
-0.93 0.05
-0.95 0.035
-0.98 -0.22
-0.92 -0.29
-1.01 -0.34
-1.2 -0.5
-1.04 -0.515
-1.08 -0.555
-1 -0.5
-1.13 -0.28
-1.14 -0.545
-1.04 -0.505
-0.97 -0.42
-1.01 -0.375
-1.04 -0.32
-1.26 -0.46
-1.07 -0.28
-0.96 -0.3
-0.9 -0.28
-0.86 -0.35
-0.95 -0.175
-0.88 -0.045
-0.95 -0.23
-0.82 -0.065
-1 -0.035
-0.96 -0.03
-0.88 0.16
-0.92 0.075
-0.79 0.105
-0.72 -0.07
-0.88 -0.045
-1.05 -0.325
-0.73 -0.035
-0.8 -0.105
-0.9 -0.11
-0.98 -0.31
-1.05 -0.145
-0.92 -0.24
-0.98 -0.285
-0.85 -0.105
-1.03 -0.2
-0.97 -0.065
-1.07 -0.22
-1.06 -0.285
-0.87 -0.065
-0.79 -0.175
-0.96 -0.405
-0.96 -0.35
-0.95 -0.325
-0.99 -0.245
-0.95 -0.29
-0.94 -0.175
-0.87 -0.095
-1.09 -0.1
-0.97 -0.125
-1.1 -0.2
-0.85 -0.04
-0.79 -0.02
-0.94 -0.035
-0.78 -0.075
-0.81 0.03
-0.9 -0.17
-1.05 -0.125
-0.95 0.02
-0.84 -0.01
-0.85 -0.03
-0.81 0.07
-1.11 0.12
-0.95 0.05
-0.93 0.16
-1.03 0.37
-1.02 0.445
-0.96 0.305
-0.97 0.09
-0.94 -0.165
-0.78 -0.13
-1 -0.315
-0.96 -0.435
-0.95 -0.35
-0.91 -0.315
-1.04 -0.195
-0.98 -0.26
-1.1 -0.32
-1.04 -0.03
-0.7 -0.025
-0.78 0.085
-0.89 -0.01
-1.11 -0.055
-1.12 -0.105
-1.05 -0.17
-1.01 -0.06
-0.9 -0.125
-1.11 -0.115
-1.07 -0.025
-0.83 0.175
-1.14 0.345
-0.99 0.435
-1.11 0.455
-0.94 0.34
-1.01 0.43
-0.94 0.225
-1.08 0.345
-0.98 0.24
-1.01 0.245
-0.92 0.065
-1.12 -0.1
-1.06 -0.225
-0.77 -0.07
-0.93 -0.04
-0.94 -0.075
-0.95 0.01
-0.92 0.31
-0.93 0.125
-0.82 0.11
-1.05 0.06
-1.01 0.195
-0.97 0.48
-0.87 0.36
-1.04 0.235
-1.02 0.19
-0.99 0.32
-1.1 0.245
-1.03 0.06
-1.07 -0.045
-1.02 -0.075
-0.81 -0.085
-0.93 -0.17
-0.86 -0.105
-0.95 -0.195
-1.11 -0.34
-1.1 -0.255
-1.08 -0.235
-1.14 0.015
-0.87 0.03
-1 0.225
-0.86 0.02
-1.01 0.165
-1.11 0.315
-1.12 0.185
-0.78 -0.115
-0.92 -0.175
-1.15 -0.15
-0.97 -0.33
-1.04 -0.455
-1.19 -0.42
-1.13 -0.51
-0.92 -0.285
-1.03 -0.15
-1.09 -0.005
-1.02 -0.03
-1.03 0.14
-0.97 0.3
-1.11 0.15
-1.03 0.28
-1.03 0.155
-0.93 0.055
-0.83 -0.145
-0.93 -0.165
-0.9 -0.29
-0.98 -0.1
-0.99 -0.015
-0.93 0.05
-0.94 -0.01
-0.98 -0.15
-0.88 -0.16
-0.98 -0.335
-0.93 -0.17
-0.87 0.025
-0.97 0.02
-1.07 -0.025
-0.95 -0.065
-1.07 -0.095
-0.86 -0.05
-0.95 0.025
-1.03 0.055
-0.96 -0.28
-0.82 -0.26
-0.9 -0.15
-1.21 -0.33
-1.06 -0.12
-1.02 -0.18
-1.04 -0.265
-1.12 -0.15
-0.95 -0.005
-0.99 -0.01
-1.06 -0.245
-0.76 -0.305
-0.87 -0.335
-0.92 -0.275
-0.85 0.045
-1 0.07
-0.99 0.21
-1.16 0.24
-0.84 0.28
-0.97 0.345
-0.99 0.43
-0.78 0.32
-0.97 0.505
-0.88 0.395
-0.86 -0.19
-1.06 -0.43
-1 -0.31
-0.94 -0.205
-1.01 -0.145
-0.98 -0.08
-1 -0.05
-0.77 -0.145
-0.99 -0.1
-0.96 -0.06
-1.1 -0.115
-1.01 -0.2
-0.91 -0.175
-0.93 0.07
-0.89 0.035
-0.86 0.085
-0.95 -0.04
-0.8 -0.23
-0.99 -0.405
-1 -0.46
-1.07 -0.395
-0.98 -0.405
-1.09 -0.495
-1.13 -0.4
-1.1 -0.43
-0.87 -0.22
-1.16 -0.445
-0.99 -0.345
-1.17 -0.53
-1.05 -0.545
-0.98 -0.5
-0.95 -0.505
-1.03 -0.395
-1.05 -0.365
-1.09 -0.52
-1.19 -0.515
-1.13 -0.48
-1.12 -0.66
-1.17 -0.51
-1.12 -0.565
-0.77 -0.35
-0.94 -0.36
-0.91 -0.325
-0.88 -0.185
-1.09 0.045
-1.08 -0.005
-0.94 0.1
-0.88 -0.185
-0.89 -0.185
-1.11 -0.04
-1.17 -0.07
-1.14 0.005
-1.17 -0.3
-1.07 -0.11
-1.15 -0.29
-1.1 -0.255
-0.89 -0.11
-1.02 -0.11
-0.78 -0.115
-0.96 0.06
-0.91 -0.28
-0.99 -0.06
-0.79 0.075
-0.85 -0.1
-0.8 -0.135
-0.95 -0.205
-0.94 -0.395
-0.8 -0.13
-1 -0.235
-0.95 -0.17
-0.83 0.12
-0.95 -0.16
-0.93 -0.155
-0.91 -0.05
-1.08 -0.175
-1.13 -0.18
-0.7 -0.135
-1 -0.18
-1.06 -0.295
-1.03 -0.375
-0.71 -0.145
-1.04 -0.19
-0.85 -0.205
-1.02 -0.175
-0.91 -0.31
-0.83 -0.2
-0.79 -0.435
-0.94 -0.325
-0.91 -0.395
-1.06 -0.415
-0.9 -0.355
-0.91 -0.485
-1.06 -0.535
-0.85 -0.31
-1.1 -0.35
-1.11 -0.125
-0.85 -0.015
-0.89 -0.175
-1.09 -0.215
-1 -0.28
-1.08 -0.085
-1.01 -0.005
-0.94 -0.195
-0.98 -0.04
-1.08 0.33
-1.02 0.13
-0.9 0.015
-0.82 0.025
-0.83 0.055
-0.98 -0.015
-0.76 -0.01
-0.82 0.03
-1.1 0.345
-0.93 0.15
-1 0.04
-0.99 0.105
-0.88 0.22
-1.14 0.36
-1.04 0.285
-1.14 0.215
-1.08 0.2
-1.05 -0.08
-0.94 -0.03
-0.92 -0.06
-0.98 -0.105
-1.07 -0.11
-0.97 0.03
-0.93 0.15
-0.98 0.185
-1.08 0.015
-1.01 0.22
-1.07 0.41
-0.78 0.18
-0.75 0.175
-0.76 -0.065
-0.79 -0.13
-0.79 -0.04
-0.72 0.13
-0.87 -0.035
-0.87 -0.175
-1.02 0.13
-0.91 0.29
-0.85 0.18
-1.06 0.37
-1.1 0.315
-1.06 0.5
-1.18 0.51
-1.11 0.555
-0.94 0.35
-1 0.435
-1.04 0.345
-0.92 0.3
-1.02 0.35
-0.97 0.435
-1.23 0.535
-1.01 0.335
-1.03 0.32
-0.78 0.215
-0.9 0.3
-0.79 0.115
-1.06 0.175
-1.06 0.335
-1.03 0.385
-0.98 0.2
-0.87 0.035
-0.87 -0.02
-1.02 -0.15
-0.72 -0.175
-0.97 -0.215
-0.88 -0.255
-1.06 -0.31
-0.97 -0.385
-0.89 -0.145
-1.13 -0.15
-0.92 0.085
-0.89 0.095
-1.09 -0.015
-0.96 0.035
-0.97 0.205
-0.82 0.125
-1.02 0.025
-0.78 -0.025
-0.88 0
-0.86 0.185
-1.1 0.145
-0.87 0.195
-0.96 0.415
-1.09 0.495
-1.23 0.6
-1.18 0.535
-1.15 0.63
-0.89 0.22
-0.97 0.27
-0.83 0.155
-0.9 0.14
-1.17 0.265
-0.9 0.285
-0.99 0.17
-0.86 0.01
-0.99 -0.145
-0.98 -0.225
-0.77 -0.2
-0.79 0.04
-1.02 0.065
-1.02 -0.11
-1.03 0.065
-1.03 0.055
-1.05 0.035
-1.01 -0.025
-1 -0.065
-1.07 0.205
-0.93 0.265
-1.03 0.425
-1.07 0.52
-1.05 0.5
-1.04 0.315
-0.81 0.075
-0.91 -0.05
-0.85 0.025
-0.78 -0.025
-1.01 0.07
-0.82 0.08
-0.91 -0.045
-0.92 -0.195
-0.78 -0.19
-1 -0.315
-0.83 -0.265
-0.97 -0.135
-0.91 -0.215
-0.98 -0.265
-0.93 -0.16
-0.88 -0.035
-0.9 0.08
-0.85 0.205
-1.02 0.355
-1.03 0.49
-1.07 0.52
-0.96 0.495
-0.99 0.31
-1.01 0.195
-0.99 0.11
-0.98 0.125
-1.07 0.11
-1.03 0.14
-0.95 -0.005
-0.93 0.1
-0.92 0.2
-0.87 0.005
-0.88 -0.085
-0.72 0.07
-0.92 0.215
-1.01 0.025
-0.87 -0.08
-1.08 -0.105
-0.9 -0.17
-1.05 -0.07
-0.88 -0.225
-0.9 -0.21
-1.1 -0.21
-1.06 -0.305
-0.88 -0.345
-1.02 -0.33
-1.02 -0.41
-0.94 -0.305
-1.11 -0.415
-1.11 -0.265
-0.94 -0.16
-0.95 -0.22
-0.97 -0.25
-0.93 -0.18
-1.01 -0.085
-0.99 0.19
-0.9 0.205
-0.99 0.135
-1.1 0.175
-0.98 0.025
-1.07 -0.075
-1.2 0.07
-1.06 0.045
-0.89 0.065
-1.12 0.15
-0.78 -0.05
-0.84 -0.105
-0.98 -0.05
-0.99 -0.22
-1.22 -0.095
-0.97 -0.31
-1.27 -0.485
-1.13 -0.325
-0.94 -0.34
-1.06 -0.225
-0.84 -0.12
-0.87 -0.115
-1.07 -0.175
-0.97 -0.14
-1.07 -0.315
-1.1 -0.105
-0.88 0.075
-1.13 0.295
-0.88 0.13
-0.95 -0.04
-0.83 -0.04
-0.81 0.16
-0.77 0.15
-0.99 0.095
-0.91 0.33
-0.97 0.185
-0.89 0.14
-0.86 -0.01
-0.9 0.02
-0.76 -0.085
-0.99 -0.1
-0.9 -0.12
-0.98 -0.05
-0.84 0.185
-0.94 0.17
-0.86 0.235
-0.88 0.355
-1.04 0.34
-1.16 0.49
-0.99 0.405
-0.99 0.21
-0.9 0.12
-0.96 -0.11
-0.84 -0.18
-1.01 0.005
-0.88 0.27
-0.87 0.26
-1.01 0.34
-0.9 0.27
-1.14 0.09
-0.92 -0.005
-1.05 0.12
-1.02 0.18
-1.03 0.065
-0.98 0.04
-0.95 0.08
-0.9 0.1
-0.87 0.205
-0.99 0.22
-0.87 0.295
-0.86 0.27
-0.88 0.14
-0.75 0.1
-0.87 -0.065
-0.93 -0.055
-1.02 0.215
-0.93 0.12
-0.86 0.325
-0.87 0.275
-1.05 0.205
-0.97 0.245
-0.85 0.18
-0.86 -0.045
-0.98 -0.11
-1.03 0.065
-0.74 0.135
-0.92 0.19
-0.84 0.23
-0.77 0.13
-0.87 -0.065
-0.98 -0.195
-1.06 -0.02
-0.86 0.12
-0.99 -0.03
-0.8 -0.17
-0.97 -0.16
-0.89 -0.19
-0.81 -0.195
-1.03 0.1
-0.85 0.085
-0.93 0.1
-0.77 0.04
-0.95 -0.08
-0.93 -0.155
-0.96 -0.16
-0.94 -0.05
-0.88 -0.04
-0.85 0.06
-0.89 -0.03
-0.88 0.09
-0.91 0.005
-0.98 0.145
-1.08 0.165
-0.99 0.125
-0.82 0.11
-0.94 -0.02
-0.9 -0.275
-0.95 -0.175
-0.81 -0.19
-1 -0.31
-1.02 -0.155
-0.77 -0.005
-0.91 -0.125
-0.99 -0.04
-1.04 -0.07
-0.93 0.1
-0.94 -0.04
-0.99 -0.115
-0.98 -0.215
-0.99 -0.02
-1.07 -0.02
-0.94 0.155
-0.83 0.2
-0.8 0.325
-1.04 0.19
-1.06 0.145
-0.96 0.19
-0.9 0.135
-0.99 0.04
-0.93 -0.085
-1.08 -0.2
-1.02 -0.255
-1.01 -0.13
-0.84 -0.035
-1.12 0.065
-1.08 0.17
-0.9 0.3
-0.89 0.26
-0.95 0.32
-0.95 0.255
-0.85 0.22
-1.13 0.17
-1.17 0.355
-1.06 0.305
-0.97 0.28
-1 0.365
-0.78 0.145
-0.98 0.245
-1.05 0.23
-0.93 0.09
-0.9 0.35
-1.06 0
-0.86 -0.005
-1.07 0.2
-0.83 0.27
-0.97 0.33
-0.93 0.295
-1.01 0.235
-0.94 0.36
-0.88 0.255
-0.93 0.02
-1.04 -0.145
-0.89 -0.1
-1.02 -0.115
-1.05 -0.045
-0.96 -0.07
-0.83 0.07
-0.91 0.175
-0.94 0.15
-0.85 0.18
-0.91 0.14
-1 0.11
-1.23 0.11
-1.03 0.185
-1.07 0.275
-0.8 0.05
-0.9 0.21
-0.95 0.095
-1.12 0.52
-1.02 0.405
-1.01 0.355
-0.93 0.28
-1.05 0.34
-1.13 0.4
-1.06 0.2
-1.02 0.15
-0.85 0.125
-0.75 0.13
-0.95 0.005
-0.84 0.06
-0.89 0.1
-0.96 -0.05
-0.95 0.05
-0.89 -0.07
-1.08 -0.225
-1.14 -0.385
-1.12 -0.315
-0.94 -0.24
-0.88 0.08
-0.83 0.105
-0.87 -0.12
-1.07 -0.27
-1.02 -0.17
-0.73 -0.215
-0.88 -0.16
-0.88 -0.28
-1.23 -0.545
-0.98 -0.47
-0.95 -0.335
-0.98 -0.075
-1.14 -0.175
-1.21 -0.215
-0.92 0.12
-1.05 0.105
-0.98 0.17
-0.98 0.245
-0.96 0.365
-1.03 0.345
-1.05 0.3
-1.16 0.525
-1.13 0.49
-1.03 0.485
-0.9 0.38
-0.89 0.295
-0.96 0.44
-1.31 0.58
-1.11 0.515
-1.11 0.55
-1.06 0.505
-1.12 0.31
-1.01 0.19
-0.79 0.035
-0.79 0.105
-0.88 0.075
-0.97 -0.075
-1.01 -0.22
-1.04 -0.13
-0.77 -0.06
-0.97 -0.17
-0.88 -0.045
-1.01 -0.1
-0.87 0.145
-1.13 0.41
-1.1 0.44
-1.09 0.43
-1.06 0.515
-1.2 0.435
-0.94 0.43
-1.18 0.515
-1.16 0.6
-1.11 0.56
-1.02 0.42
-0.99 0.355
-0.95 0.515
-0.92 0.365
-0.98 0.29
-0.79 0.16
-0.93 0.265
-0.91 0.23
-1 0.06
-0.95 -0.145
-0.85 0
-0.89 -0.06
-1.01 -0.22
-1.32 -0.425
-0.98 -0.1
-1.02 -0.295
-1 -0.335
-1.1 -0.575
-0.94 -0.38
-1.05 -0.55
-1.1 -0.515
-0.99 -0.29
-1 -0.41
-1.07 -0.63
-0.85 -0.26
-1.1 -0.355
-1.05 -0.27
-0.9 -0.205
-1.03 -0.28
-1.01 -0.19
-1.06 -0.005
-0.93 -0.205
-0.96 -0.225
-0.99 -0.04
-0.85 0.235
-0.96 0.18
-0.84 0.225
-0.88 0.005
-0.99 0.03
-0.88 0.03
-0.87 -0.045
-0.97 0.1
-0.82 0.075
-1 0.185
-0.91 0.26
-0.83 0.21
-1.03 0.09
-1.14 0.27
-1.03 0.23
-0.88 0.3
-1.13 0.485
-1.09 0.47
-1.11 0.355
-1.15 0.31
-1.23 0.425
-0.9 0.365
-1.1 0.555
-1.11 0.57
-1.02 0.535
-0.86 0.24
-1.01 0.215
-1.12 0.25
-0.98 0.17
-0.98 0.14
-0.86 0.13
-0.92 0.05
-0.96 0.14
-0.91 0.035
-0.89 -0.075
-0.82 0.15
-0.8 0.115
-1.04 0.085
-0.89 0.045
-0.86 -0.15
-0.99 -0.255
-0.85 -0.05
-0.99 0
-1 -0.03
-1.06 -0.085
-0.91 0.11
-0.82 -0.09
-0.93 -0.085
-0.93 -0.25
-0.84 0.105
-0.97 0.095
-1.01 0.15
-0.82 0.23
-1 -0.125
-1.02 -0.25
-1.03 -0.13
-1.02 -0.34
-0.99 -0.29
-1.03 -0.26
-0.95 -0.165
-0.82 -0.265
-1.07 -0.345
-0.89 -0.385
