-1.68 -0.91
-1.58 -0.86
-1.62 -0.89
-1.61 -0.825
-1.63 -0.885
-1.74 -0.92
-1.74 -0.905
-1.6 -0.87
-1.72 -0.9
-1.62 -0.885
-1.51 -0.83
-1.76 -0.93
-1.53 -0.825
-1.63 -0.88
-1.65 -0.88
-1.67 -0.855
-1.48 -0.635
-1.47 -0.745
-1.38 -0.675
-1.45 -0.705
-1.52 -0.75
-1.53 -0.725
-1.54 -0.685
-1.56 -0.675
-1.65 -0.72
-1.69 -0.825
-1.81 -0.94
-1.75 -0.92
-1.76 -0.9
-1.59 -0.8
-1.4 -0.765
-1.54 -0.775
-1.42 -0.695
-1.48 -0.66
-1.66 -0.87
-1.56 -0.84
-1.71 -0.905
-1.64 -0.895
-1.65 -0.835
-1.74 -0.87
-1.5 -0.735
-1.54 -0.795
-1.43 -0.76
-1.41 -0.705
-1.66 -0.795
-1.7 -0.865
-1.4 -0.78
-1.54 -0.78
-1.73 -0.87
-1.55 -0.735
-1.62 -0.795
-1.78 -0.88
-1.69 -0.89
-1.66 -0.86
-1.58 -0.875
-1.67 -0.88
-1.58 -0.855
-1.65 -0.895
-1.76 -0.92
-1.75 -0.925
-1.68 -0.91
-1.82 -0.94
-1.69 -0.915
-1.7 -0.915
-1.86 -0.96
-1.7 -0.905
-1.57 -0.84
-1.7 -0.91
-1.64 -0.86
-1.61 -0.865
-1.69 -0.895
-1.67 -0.9
-1.8 -0.94
-1.69 -0.91
-1.65 -0.89
-1.76 -0.935
-1.71 -0.9
-1.69 -0.91
-1.63 -0.83
-1.66 -0.83
-1.64 -0.825
-1.7 -0.875
-1.74 -0.9
-1.64 -0.89
-1.59 -0.845
-1.57 -0.84
-1.69 -0.91
-1.8 -0.94
-1.71 -0.915
-1.79 -0.94
-1.67 -0.905
-1.63 -0.855
-1.86 -0.965
-1.59 -0.855
-1.68 -0.88
-1.63 -0.87
-1.81 -0.945
-1.81 -0.95
-1.74 -0.925
-1.61 -0.875
-1.66 -0.88
-1.48 -0.82
-1.56 -0.835
-1.7 -0.91
-1.73 -0.915
-1.75 -0.92
-1.69 -0.9
-1.68 -0.885
-1.75 -0.92
-1.49 -0.815
-1.66 -0.885
-1.68 -0.905
-1.57 -0.84
-1.75 -0.905
-1.52 -0.825
-1.46 -0.685
-1.52 -0.745
-1.52 -0.615
-1.47 -0.635
-1.55 -0.76
-1.47 -0.67
-1.54 -0.74
-1.58 -0.85
-1.57 -0.765
-1.54 -0.805
-1.67 -0.885
-1.57 -0.79
-1.62 -0.88
-1.62 -0.84
-1.69 -0.91
-1.6 -0.87
-1.59 -0.8
-1.43 -0.765
-1.36 -0.525
-1.4 -0.54
-1.59 -0.655
-1.6 -0.7
-1.36 -0.685
-1.45 -0.745
-1.48 -0.785
-1.67 -0.9
-1.71 -0.92
-1.73 -0.915
-1.74 -0.93
-1.75 -0.925
-1.7 -0.915
-1.76 -0.915
-1.64 -0.865
-1.84 -0.955
-1.76 -0.935
-1.63 -0.875
-1.63 -0.885
-1.72 -0.915
-1.7 -0.905
-1.59 -0.87
-1.64 -0.885
-1.65 -0.85
-1.52 -0.785
-1.51 -0.74
-1.59 -0.8
-1.66 -0.9
-1.66 -0.885
-1.86 -0.955
-1.84 -0.945
-1.82 -0.93
-1.63 -0.875
-1.64 -0.89
-1.56 -0.845
-1.61 -0.84
-1.65 -0.875
-1.7 -0.89
-1.68 -0.905
-1.68 -0.885
-1.69 -0.9
-1.74 -0.92
-1.63 -0.88
-1.76 -0.925
-1.63 -0.87
-1.74 -0.925
-1.67 -0.89
-1.74 -0.905
-1.73 -0.92
-1.56 -0.83
-1.63 -0.875
-1.57 -0.82
-1.58 -0.805
-1.64 -0.88
-1.68 -0.865
-1.56 -0.81
-1.68 -0.88
-1.71 -0.895
-1.68 -0.87
-1.59 -0.845
-1.74 -0.915
-1.59 -0.83
-1.71 -0.815
-1.68 -0.905
-1.69 -0.915
-1.64 -0.88
-1.7 -0.88
-1.81 -0.95
-1.8 -0.935
-1.59 -0.815
-1.68 -0.87
-1.7 -0.915
-1.78 -0.94
-1.61 -0.885
-1.65 -0.89
-1.73 -0.9
-1.68 -0.905
-1.76 -0.935
-1.7 -0.91
-1.64 -0.865
-1.71 -0.9
-1.77 -0.935
-1.76 -0.93
-1.51 -0.805
-1.79 -0.925
-1.53 -0.845
-1.67 -0.895
-1.64 -0.85
-1.79 -0.94
-1.58 -0.835
-1.52 -0.81
-1.68 -0.865
-1.54 -0.81
-1.51 -0.82
-1.68 -0.87
-1.78 -0.925
-1.57 -0.835
-1.67 -0.9
-1.7 -0.915
-1.64 -0.875
-1.8 -0.945
-1.85 -0.955
-1.71 -0.895
-1.67 -0.895
-1.42 -0.8
-1.7 -0.89
-1.54 -0.765
-1.69 -0.875
-1.65 -0.86
-1.75 -0.89
-1.62 -0.875
-1.58 -0.835
-1.61 -0.815
-1.62 -0.85
-1.64 -0.815
-1.56 -0.84
-1.62 -0.785
-1.5 -0.79
-1.64 -0.775
-1.68 -0.89
-1.69 -0.91
-1.51 -0.79
-1.63 -0.82
-1.67 -0.84
-1.71 -0.895
-1.78 -0.92
-1.52 -0.805
-1.5 -0.81
-1.61 -0.865
-1.72 -0.915
-1.71 -0.92
-1.53 -0.805
-1.59 -0.825
-1.7 -0.9
-1.58 -0.865
-1.77 -0.94
-1.77 -0.935
-1.74 -0.92
-1.78 -0.925
-1.63 -0.865
-1.72 -0.9
-1.58 -0.815
-1.65 -0.875
-1.67 -0.91
-1.55 -0.855
-1.68 -0.88
-1.61 -0.855
-1.66 -0.86
-1.56 -0.84
-1.78 -0.92
-1.65 -0.875
-1.73 -0.915
-1.77 -0.92
-1.65 -0.885
-1.57 -0.84
-1.64 -0.855
-1.75 -0.905
-1.49 -0.79
-1.61 -0.735
-1.6 -0.755
-1.61 -0.795
-1.55 -0.84
-1.59 -0.825
-1.57 -0.825
-1.65 -0.885
-1.73 -0.905
-1.79 -0.935
-1.74 -0.92
-1.75 -0.925
-1.7 -0.885
-1.79 -0.94
-1.69 -0.9
-1.8 -0.945
-1.7 -0.905
-1.72 -0.885
-1.75 -0.925
-1.77 -0.935
-1.58 -0.8
-1.69 -0.875
-1.68 -0.835
-1.83 -0.93
-1.76 -0.9
-1.75 -0.905
-1.58 -0.835
-1.61 -0.875
-1.77 -0.94
-1.78 -0.935
-1.65 -0.895
-1.82 -0.94
-1.72 -0.92
-1.7 -0.875
-1.73 -0.875
-1.56 -0.82
-1.61 -0.845
-1.64 -0.855
-1.42 -0.715
-1.6 -0.805
-1.62 -0.855
-1.64 -0.885
-1.46 -0.8
-1.57 -0.82
-1.68 -0.905
-1.64 -0.88
-1.77 -0.925
-1.81 -0.945
-1.61 -0.855
-1.52 -0.83
-1.48 -0.785
-1.64 -0.88
-1.63 -0.895
-1.7 -0.88
-1.64 -0.87
-1.58 -0.87
-1.75 -0.93
-1.75 -0.925
-1.65 -0.9
-1.75 -0.93
-1.75 -0.93
-1.82 -0.95
-1.71 -0.895
-1.62 -0.855
-1.6 -0.845
-1.76 -0.9
-1.57 -0.825
-1.61 -0.865
-1.52 -0.785
-1.5 -0.805
-1.52 -0.815
-1.67 -0.88
-1.54 -0.82
-1.78 -0.93
-1.61 -0.865
-1.77 -0.91
-1.74 -0.92
-1.59 -0.835
-1.67 -0.865
-1.68 -0.905
-1.61 -0.88
-1.9 -0.97
-1.68 -0.91
-1.8 -0.94
-1.64 -0.865
-1.53 -0.855
-1.6 -0.815
-1.62 -0.85
-1.6 -0.875
-1.71 -0.895
-1.79 -0.935
-1.56 -0.84
-1.5 -0.845
-1.67 -0.86
-1.63 -0.855
-1.64 -0.855
-1.45 -0.685
-1.48 -0.715
-1.65 -0.82
-1.6 -0.8
-1.59 -0.79
-1.55 -0.79
-1.51 -0.845
-1.63 -0.855
-1.69 -0.885
-1.55 -0.83
-1.69 -0.88
-1.62 -0.83
-1.77 -0.92
-1.61 -0.815
-1.62 -0.84
-1.77 -0.91
-1.76 -0.92
-1.82 -0.95
-1.72 -0.92
-1.64 -0.88
-1.75 -0.925
-1.75 -0.925
-1.77 -0.92
-1.75 -0.93
-1.61 -0.875
-1.7 -0.9
-1.84 -0.95
-1.83 -0.94
-1.65 -0.9
-1.68 -0.905
-1.8 -0.95
-1.56 -0.84
-1.59 -0.84
-1.68 -0.88
-1.63 -0.865
-1.59 -0.855
-1.69 -0.89
-1.78 -0.935
-1.69 -0.895
-1.69 -0.915
-1.67 -0.85
-1.59 -0.795
-1.5 -0.8
-1.67 -0.91
-1.78 -0.93
-1.79 -0.93
-1.8 -0.945
-1.78 -0.91
-1.56 -0.855
-1.81 -0.935
-1.69 -0.905
-1.59 -0.855
-1.74 -0.915
-1.72 -0.865
-1.52 -0.85
-1.74 -0.905
-1.75 -0.92
-1.76 -0.915
-1.64 -0.87
-1.55 -0.82
-1.61 -0.85
-1.59 -0.87
-1.61 -0.855
-1.44 -0.68
-1.56 -0.78
-1.56 -0.83
-1.63 -0.87
-1.64 -0.85
-1.66 -0.825
-1.68 -0.865
-1.72 -0.905
-1.79 -0.935
-1.73 -0.91
-1.84 -0.955
-1.74 -0.915
-1.67 -0.905
-1.64 -0.855
-1.8 -0.95
-1.76 -0.925
-1.65 -0.905
-1.55 -0.855
-1.61 -0.85
-1.78 -0.925
-1.64 -0.88
-1.78 -0.93
-1.72 -0.905
-1.74 -0.915
-1.56 -0.82
-1.55 -0.795
-1.42 -0.745
-1.39 -0.75
-1.61 -0.83
-1.67 -0.875
-1.76 -0.93
-1.74 -0.905
-1.66 -0.89
-1.67 -0.905
-1.63 -0.885
-1.7 -0.915
-1.66 -0.87
-1.48 -0.785
-1.57 -0.795
-1.71 -0.815
-1.57 -0.75
-1.5 -0.735
-1.4 -0.77
-1.81 -0.935
-1.78 -0.93
-1.68 -0.87
-1.74 -0.9
-1.72 -0.905
-1.63 -0.87
-1.67 -0.875
-1.69 -0.905
-1.67 -0.895
-1.56 -0.84
-1.6 -0.815
-1.74 -0.91
-1.63 -0.885
-1.68 -0.89
-1.7 -0.9
-1.63 -0.87
-1.52 -0.8
-1.87 -0.96
-1.85 -0.955
-1.76 -0.935
-1.58 -0.85
-1.59 -0.84
-1.64 -0.845
-1.59 -0.855
-1.52 -0.815
-1.74 -0.92
-1.72 -0.89
-1.76 -0.93
-1.64 -0.84
-1.55 -0.82
-1.62 -0.86
-1.69 -0.885
-1.52 -0.85
-1.69 -0.89
-1.68 -0.885
-1.78 -0.935
-1.75 -0.91
-1.68 -0.88
-1.65 -0.86
-1.75 -0.895
-1.81 -0.945
-1.66 -0.885
-1.63 -0.875
-1.64 -0.88
-1.47 -0.835
-1.57 -0.815
-1.5 -0.78
-1.69 -0.915
-1.61 -0.845
-1.75 -0.91
-1.38 -0.79
-1.39 -0.68
-1.65 -0.895
-1.62 -0.835
-1.75 -0.925
-1.66 -0.84
-1.47 -0.805
-1.69 -0.895
-1.82 -0.95
-1.62 -0.88
-1.63 -0.9
-1.72 -0.92
-1.82 -0.95
-1.65 -0.865
-1.67 -0.845
-1.61 -0.875
-1.75 -0.92
-1.75 -0.92
-1.7 -0.915
-1.75 -0.93
-1.79 -0.935
-1.66 -0.905
-1.73 -0.9
-1.78 -0.925
-1.51 -0.825
-1.71 -0.905
-1.62 -0.895
-1.7 -0.895
-1.85 -0.96
-1.47 -0.83
-1.61 -0.875
-1.74 -0.91
-1.75 -0.91
-1.62 -0.87
-1.66 -0.855
-1.62 -0.86
-1.64 -0.855
-1.56 -0.81
-1.69 -0.835
-1.51 -0.77
-1.65 -0.885
-1.66 -0.865
-1.63 -0.85
-1.66 -0.795
-1.66 -0.9
-1.72 -0.88
-1.65 -0.865
-1.47 -0.76
-1.68 -0.815
-1.58 -0.81
-1.6 -0.86
-1.6 -0.85
-1.47 -0.835
-1.61 -0.825
-1.65 -0.85
-1.67 -0.9
-1.61 -0.85
-1.66 -0.87
-1.68 -0.885
-1.64 -0.875
-1.66 -0.875
-1.89 -0.97
-1.64 -0.895
-1.7 -0.915
-1.63 -0.88
-1.67 -0.905
-1.6 -0.835
-1.56 -0.84
-1.76 -0.925
-1.68 -0.885
-1.63 -0.875
-1.69 -0.88
-1.72 -0.915
-1.78 -0.94
-1.71 -0.895
-1.59 -0.84
-1.45 -0.765
-1.64 -0.82
-1.57 -0.855
-1.74 -0.92
-1.72 -0.92
-1.66 -0.89
-1.71 -0.89
-1.7 -0.895
-1.52 -0.85
-1.61 -0.85
-1.73 -0.915
-1.77 -0.93
-1.69 -0.89
-1.71 -0.905
-1.69 -0.915
-1.74 -0.9
-1.62 -0.87
-1.71 -0.895
-1.67 -0.885
-1.73 -0.91
-1.59 -0.835
-1.67 -0.895
-1.7 -0.905
-1.68 -0.9
-1.76 -0.895
-1.57 -0.815
-1.74 -0.925
-1.59 -0.855
-1.68 -0.91
-1.78 -0.925
-1.61 -0.855
-1.62 -0.885
-1.61 -0.885
-1.54 -0.83
-1.69 -0.905
-1.74 -0.9
-1.74 -0.915
-1.69 -0.895
-1.72 -0.9
-1.57 -0.83
-1.72 -0.92
-1.75 -0.915
-1.45 -0.815
-1.67 -0.89
-1.71 -0.885
-1.69 -0.885
-1.55 -0.85
-1.62 -0.875
-1.66 -0.875
-1.72 -0.91
-1.73 -0.925
-1.55 -0.82
-1.6 -0.885
-1.77 -0.935
-1.65 -0.89
-1.69 -0.89
-1.67 -0.86
-1.65 -0.87
-1.62 -0.815
-1.7 -0.895
-1.63 -0.88
-1.74 -0.93
-1.61 -0.86
-1.73 -0.9
-1.76 -0.9
-1.67 -0.88
-1.56 -0.825
-1.52 -0.76
-1.64 -0.845
-1.5 -0.8
-1.7 -0.895
-1.74 -0.93
-1.75 -0.905
-1.66 -0.895
-1.83 -0.955
-1.6 -0.84
-1.53 -0.84
-1.67 -0.895
-1.8 -0.92
-1.48 -0.765
-1.4 -0.67
-1.62 -0.615
-1.43 -0.49
-1.38 -0.625
-1.37 -0.705
-1.49 -0.715
-1.62 -0.725
-1.63 -0.78
-1.72 -0.86
-1.48 -0.795
-1.61 -0.845
-1.77 -0.92
-1.63 -0.855
-1.58 -0.865
-1.62 -0.82
-1.61 -0.865
-1.67 -0.885
-1.77 -0.94
-1.54 -0.85
-1.49 -0.75
-1.85 -0.955
-1.79 -0.94
-1.52 -0.805
-1.65 -0.875
-1.56 -0.815
-1.4 -0.745
-1.62 -0.89
-1.56 -0.86
-1.71 -0.915
-1.54 -0.865
-1.76 -0.93
-1.65 -0.865
-1.6 -0.88
-1.55 -0.835
-1.52 -0.805
-1.74 -0.92
-1.57 -0.875
-1.76 -0.935
-1.73 -0.905
-1.7 -0.875
-1.7 -0.865
-1.63 -0.89
-1.67 -0.855
-1.59 -0.84
-1.59 -0.8
-1.46 -0.7
-1.65 -0.845
-1.63 -0.82
-1.59 -0.79
-1.46 -0.805
-1.52 -0.805
-1.33 -0.675
-1.58 -0.88
-1.53 -0.76
-1.55 -0.765
-1.6 -0.84
-1.5 -0.785
-1.47 -0.74
-1.57 -0.81
-1.61 -0.835
-1.57 -0.755
-1.58 -0.77
-1.59 -0.78
-1.6 -0.77
-1.65 -0.805
-1.35 -0.67
-1.42 -0.73
-1.53 -0.805
-1.63 -0.72
-1.48 -0.69
-1.39 -0.745
-1.43 -0.8
-1.55 -0.85
-1.69 -0.875
-1.75 -0.93
-1.55 -0.81
-1.54 -0.83
-1.45 -0.78
-1.59 -0.845
-1.69 -0.91
-1.6 -0.875
-1.71 -0.895
-1.6 -0.82
-1.64 -0.865
-1.67 -0.89
-1.55 -0.84
-1.7 -0.905
-1.66 -0.86
-1.78 -0.92
-1.7 -0.9
-1.51 -0.775
-1.6 -0.78
-1.41 -0.78
-1.75 -0.925
-1.67 -0.9
-1.75 -0.895
-1.67 -0.87
-1.68 -0.895
-1.72 -0.895
-1.54 -0.79
-1.63 -0.865
-1.59 -0.755
-1.51 -0.68
-1.6 -0.75
-1.56 -0.835
-1.72 -0.885
-1.54 -0.74
-1.46 -0.655
-1.45 -0.715
-1.51 -0.67
-1.5 -0.595
-1.4 -0.54
-1.37 -0.605
-1.56 -0.68
-1.54 -0.785
-1.69 -0.835
-1.66 -0.875
-1.68 -0.895
-1.54 -0.835
-1.53 -0.705
-1.39 -0.58
-1.38 -0.415
-1.22 -0.255
-1.38 -0.06
-1.3 -0.1
-1.25 0.04
-1.38 0.255
-1.38 0.235
-1.52 0.325
-1.47 0.375
-1.5 0.555
-1.35 0.515
-1.38 0.545
-1.37 0.465
-1.3 0.535
-1.4 0.445
-1.45 0.605
-1.43 0.71
-1.59 0.755
-1.47 0.67
-1.44 0.635
-1.58 0.73
-1.4 0.715
-1.35 0.66
-1.44 0.685
-1.57 0.8
-1.51 0.78
-1.4 0.725
-1.69 0.865
-1.66 0.895
-1.78 0.93
-1.7 0.915
-1.68 0.88
-1.6 0.85
-1.71 0.915
-1.81 0.945
-1.7 0.91
-1.83 0.955
-1.74 0.915
-1.68 0.88
-1.62 0.79
-1.54 0.805
-1.63 0.85
-1.61 0.87
-1.62 0.87
-1.48 0.835
-1.65 0.88
-1.78 0.94
-1.83 0.945
-1.66 0.865
-1.74 0.92
-1.78 0.925
-1.7 0.905
-1.66 0.85
-1.61 0.855
-1.52 0.705
-1.47 0.73
-1.52 0.8
-1.7 0.885
-1.63 0.89
-1.74 0.925
-1.63 0.88
-1.73 0.855
-1.52 0.84
-1.6 0.86
-1.58 0.86
-1.59 0.85
-1.66 0.885
-1.67 0.895
-1.5 0.815
-1.79 0.925
-1.33 0.765
-1.39 0.745
-1.55 0.82
-1.64 0.88
-1.6 0.84
-1.73 0.92
-1.57 0.86
-1.54 0.815
-1.64 0.86
-1.77 0.92
-1.71 0.86
-1.68 0.885
-1.65 0.885
-1.61 0.855
-1.7 0.875
-1.68 0.9
-1.66 0.875
-1.67 0.855
-1.57 0.835
-1.58 0.85
-1.68 0.89
-1.77 0.93
-1.83 0.95
-1.82 0.945
-1.55 0.835
-1.63 0.885
-1.53 0.855
-1.72 0.915
-1.56 0.83
-1.51 0.775
-1.57 0.78
-1.62 0.835
-1.56 0.775
-1.67 0.88
-1.68 0.88
-1.79 0.94
-1.53 0.84
-1.62 0.885
-1.77 0.92
-1.6 0.855
-1.73 0.905
-1.66 0.89
-1.55 0.85
-1.81 0.94
-1.69 0.905
-1.75 0.9
-1.8 0.925
-1.61 0.85
-1.71 0.895
-1.76 0.92
-1.73 0.905
-1.66 0.895
-1.75 0.905
-1.77 0.93
-1.65 0.9
-1.71 0.88
-1.46 0.83
-1.69 0.9
-1.7 0.89
-1.43 0.785
-1.58 0.835
-1.6 0.83
-1.57 0.78
-1.64 0.855
-1.71 0.91
-1.65 0.85
-1.6 0.855
-1.66 0.9
-1.74 0.915
-1.59 0.88
-1.65 0.87
-1.73 0.91
-1.64 0.88
-1.54 0.82
-1.64 0.875
-1.73 0.915
-1.53 0.845
-1.45 0.78
-1.67 0.88
-1.6 0.835
-1.54 0.86
-1.74 0.91
-1.62 0.875
-1.75 0.93
-1.5 0.83
-1.53 0.805
-1.53 0.76
-1.57 0.84
-1.52 0.745
-1.6 0.77
-1.6 0.805
-1.6 0.775
-1.55 0.805
-1.66 0.83
-1.65 0.88
-1.58 0.825
-1.51 0.76
-1.39 0.73
-1.6 0.87
-1.74 0.885
-1.59 0.85
-1.79 0.945
-1.77 0.935
-1.78 0.94
-1.62 0.865
-1.62 0.855
-1.72 0.92
-1.7 0.91
-1.78 0.935
-1.7 0.905
-1.58 0.835
