-1.44 0.76
-1.52 0.765
-1.53 0.825
-1.37 0.735
-1.29 0.655
-1.22 0.635
-1.47 0.785
-1.64 0.89
-1.66 0.87
-1.58 0.86
-1.54 0.86
-1.41 0.785
-1.48 0.75
-1.33 0.635
-1.07 0.485
-1.41 0.7
-1.66 0.885
-1.45 0.775
-1.6 0.84
-1.53 0.825
-1.58 0.75
-1.45 0.74
-1.43 0.695
-1.47 0.735
-1.34 0.63
-1.27 0.65
-1.28 0.695
-1.43 0.78
-1.51 0.85
-1.52 0.825
-1.39 0.74
-1.44 0.755
-1.36 0.73
-1.46 0.73
-1.52 0.815
-1.18 0.475
-1.28 0.565
-1.25 0.575
-1.31 0.61
-1.4 0.665
-1.57 0.85
-1.66 0.88
-1.4 0.77
-1.39 0.75
-1.49 0.805
-1.5 0.8
-1.46 0.76
-1.52 0.815
-1.65 0.885
-1.29 0.665
-1.39 0.685
-1.32 0.71
-1.53 0.76
-1.52 0.675
-1.52 0.725
-1.65 0.815
-1.34 0.64
-1.31 0.67
-1.17 0.65
-1.55 0.77
-1.54 0.78
-1.54 0.79
-1.52 0.8
-1.53 0.805
-1.19 0.635
-1.65 0.845
-1.53 0.785
-1.44 0.76
-1.56 0.78
-1.56 0.85
-1.56 0.77
-1.29 0.615
-1.35 0.595
-1.34 0.59
-1.32 0.69
-1.48 0.815
-1.51 0.815
-1.3 0.665
-1.47 0.77
-1.45 0.795
-1.44 0.785
-1.61 0.855
-1.53 0.775
-1.49 0.805
-1.41 0.735
-1.29 0.655
-1.21 0.59
-1.26 0.58
-1.35 0.66
-1.31 0.63
-1.57 0.82
-1.46 0.79
-1.53 0.815
-1.45 0.77
-1.44 0.745
-1.32 0.655
-1.44 0.67
-1.63 0.825
-1.47 0.755
-1.46 0.8
-1.59 0.85
-1.74 0.92
-1.55 0.85
-1.64 0.9
-1.27 0.68
-1.33 0.695
-1.19 0.625
-1.39 0.675
-1.47 0.785
-1.56 0.835
-1.49 0.785
-1.49 0.82
-1.71 0.905
-1.65 0.86
-1.43 0.755
-1.46 0.775
-1.52 0.8
-1.46 0.81
-1.5 0.815
-1.61 0.87
-1.41 0.735
-1.42 0.775
-1.54 0.78
-1.39 0.675
-1.67 0.86
-1.56 0.82
-1.49 0.77
-1.25 0.63
-1.4 0.66
-1.42 0.72
-1.53 0.77
-1.45 0.695
-1.3 0.54
-1.18 0.39
-1.39 0.475
-1.33 0.58
-1.32 0.63
-1.29 0.635
-1.19 0.605
-1.18 0.47
-1.28 0.38
-1.28 0.3
-1.24 0.185
-1.32 0.42
-1.42 0.33
-1.36 0.505
-1.12 0.39
-1.34 0.38
-1.28 0.325
-1.09 0.235
-1.04 0.305
-1.22 0.56
-1.33 0.64
-1.49 0.745
-1.46 0.745
-1.36 0.645
-1.23 0.6
-1.3 0.625
-1.37 0.74
-1.29 0.575
-1.27 0.56
-1.29 0.44
-1.24 0.585
-1.27 0.675
-1.48 0.72
-1.44 0.69
-1.49 0.7
-1.56 0.785
-1.39 0.795
-1.44 0.795
-1.64 0.785
-1.37 0.73
-1.24 0.67
-1.33 0.69
-1.58 0.815
-1.4 0.77
-1.52 0.815
-1.13 0.575
-1.31 0.605
-1.25 0.51
-1.3 0.52
-1.07 0.37
-1.34 0.495
-1.39 0.495
-1.58 0.65
-1.4 0.61
-1.35 0.71
-1.45 0.77
-1.37 0.745
-1.4 0.705
-1.37 0.795
-1.39 0.745
-1.52 0.79
-1.43 0.81
-1.49 0.825
-1.54 0.815
-1.64 0.885
-1.64 0.875
-1.59 0.85
-1.51 0.83
-1.34 0.695
-1.39 0.755
-1.34 0.635
-1.35 0.73
-1.55 0.74
-1.51 0.665
-1.4 0.595
-1.31 0.385
-1.37 0.465
-1.34 0.375
-1.31 0.485
-1.3 0.495
-1.37 0.635
-1.34 0.67
-1.18 0.46
-1.28 0.565
-1.53 0.78
-1.57 0.855
-1.52 0.8
-1.43 0.745
-1.28 0.61
-1.24 0.615
-1.29 0.715
-1.27 0.68
-1.39 0.735
-1.28 0.67
-1.45 0.78
-1.6 0.865
-1.55 0.84
-1.49 0.795
-1.37 0.72
-1.48 0.705
-1.36 0.625
-1.21 0.55
-1.29 0.355
-1.44 0.505
-1.4 0.755
-1.48 0.79
-1.39 0.755
-1.6 0.81
-1.49 0.725
-1.62 0.83
-1.47 0.795
-1.51 0.82
-1.48 0.8
-1.49 0.795
-1.72 0.91
-1.25 0.675
-1.19 0.635
-1.52 0.765
-1.58 0.76
-1.34 0.605
-1.08 0.36
-1.26 0.295
-1.32 0.34
-1.23 0.415
-1.18 0.355
-1.24 0.195
-1.13 0.205
-1.02 0.185
-1.07 0.225
-1.13 0.2
-1.27 0.34
-0.95 0.16
-1.09 0.175
-1.03 0.24
-1.27 0.385
-1.14 0.415
-1.24 0.37
-1.2 0.345
-1.13 0.23
-1.27 0.115
-1.15 -0.02
-1.24 -0.005
-1.22 -0.24
-1.16 -0.2
-1.11 -0.13
-1.21 -0.17
-1.2 -0.345
-1.3 -0.35
-1.24 -0.285
-1.2 -0.335
-1.23 -0.35
-1.22 -0.395
-1.21 -0.465
-1.45 -0.62
-1.48 -0.635
-1.48 -0.765
-1.3 -0.695
-1.32 -0.7
-1.35 -0.68
-1.5 -0.765
-1.52 -0.81
-1.32 -0.745
-1.2 -0.655
-1.28 -0.66
-1.46 -0.695
-1.21 -0.67
-1.43 -0.765
-1.35 -0.76
-1.22 -0.62
-1.21 -0.51
-1.33 -0.545
-1.26 -0.51
-1.3 -0.465
-1.35 -0.465
-1.32 -0.48
-1.5 -0.61
-1.52 -0.75
-1.66 -0.875
-1.62 -0.865
-1.4 -0.815
-1.46 -0.775
-1.49 -0.825
-1.51 -0.81
-1.51 -0.835
-1.7 -0.915
-1.54 -0.845
-1.54 -0.83
-1.62 -0.86
-1.19 -0.635
-1.43 -0.69
-1.53 -0.755
-1.35 -0.71
-1.3 -0.635
-1.33 -0.59
-1.4 -0.53
-1.21 -0.445
-1.41 -0.56
-1.32 -0.585
-1.26 -0.435
-1.23 -0.28
-1.06 -0.145
-1.27 -0.09
-1.26 0.03
-1.31 0.085
-1.17 0.02
-1.31 0.17
-1.07 0.075
-1.22 0.105
-1.44 0.09
-1.21 0.035
-1.19 -0.085
-1.26 -0.155
-1.27 -0.18
-1.19 -0.1
-1.19 -0.425
-1.18 -0.41
-1.26 -0.5
-1.14 -0.295
-1.1 0.055
-1.16 0.16
-1.12 0.125
-1.36 0.115
-1.22 0.28
-1.28 0.49
-1.49 0.585
-1.43 0.495
-1.25 0.44
-1.49 0.51
-1.36 0.515
-1.28 0.49
-1.42 0.625
-1.36 0.59
-1.28 0.57
-1.22 0.44
-1.28 0.47
-1.45 0.555
-1.46 0.495
-1.41 0.54
-1.33 0.545
-1.21 0.38
-1.36 0.425
-1.29 0.49
-1.2 0.49
-1.34 0.615
-1.33 0.4
-1.36 0.31
-1.29 0.405
-1.26 0.46
-1.41 0.655
-1.39 0.61
-1.45 0.67
-1.25 0.645
-1.27 0.485
-1.31 0.495
-1.25 0.415
-1.32 0.55
-1.36 0.465
-1.17 0.37
-1.21 0.235
-1.09 0.415
-1.28 0.215
-1.01 0.315
-1.13 0.26
-1.15 0.125
-1.25 0.14
-1.12 0.055
-1.12 0.005
-1.14 0.115
-1.2 -0.135
-1.19 -0.13
-1.25 -0.245
-1.19 -0.06
-1.13 0.065
-1.28 0.24
-1.06 0.16
-1.32 0.255
-1.13 0.26
-1.09 0.35
-1.26 0.33
-1.17 0.37
-1.15 0.3
-1.2 0.375
-1.19 0.505
-1.39 0.625
-1.53 0.745
-1.43 0.665
-1.3 0.61
-1.32 0.49
-1.22 0.565
-1.16 0.375
-1.29 0.435
-1.14 0.515
-1.29 0.64
-1.38 0.71
-1.3 0.61
-1.3 0.735
-1.42 0.725
-1.49 0.775
-1.42 0.7
-1.4 0.76
-1.48 0.81
-1.42 0.68
-1.51 0.735
-1.28 0.665
-1.47 0.8
-1.57 0.85
-1.46 0.795
-1.37 0.705
-1.24 0.63
-1.32 0.64
-1.39 0.69
-1.32 0.58
-1.17 0.455
-1.41 0.705
-1.37 0.565
-1.24 0.52
-1.37 0.5
-1.48 0.72
-1.37 0.67
-1.51 0.705
-1.46 0.73
-1.4 0.655
-1.4 0.705
-1.25 0.595
-1.27 0.575
-1.36 0.525
-1.4 0.595
-1.23 0.5
-1.26 0.48
-1.08 0.2
-1.21 0.43
-1.28 0.515
-1.42 0.755
-1.47 0.78
-1.31 0.71
-1.44 0.785
-1.36 0.695
-1.35 0.745
-1.67 0.875
-1.47 0.775
-1.57 0.81
-1.33 0.6
-1.48 0.77
-1.33 0.705
-1.34 0.665
-1.17 0.55
-1.36 0.73
-1.57 0.845
-1.46 0.82
-1.54 0.8
-1.47 0.685
-1.49 0.705
-1.36 0.655
-1.44 0.68
-1.47 0.68
-1.5 0.745
-1.44 0.645
-1.3 0.64
-1.31 0.68
-1.57 0.83
-1.53 0.81
-1.64 0.855
-1.56 0.835
-1.41 0.765
-1.33 0.71
-1.3 0.61
-1.42 0.785
-1.5 0.79
-1.57 0.85
-1.46 0.775
-1.48 0.74
-1.54 0.815
-1.6 0.865
-1.5 0.81
-1.54 0.815
-1.49 0.785
-1.45 0.735
-1.33 0.55
-1.54 0.68
-1.39 0.65
-1.36 0.565
-1.37 0.505
-1.29 0.52
-1.17 0.29
-1.2 0.21
-1.13 0.225
-1.3 0.345
-1.2 0.49
-1.27 0.32
-1.06 0.385
-1.17 0.53
-1.23 0.68
-1.48 0.81
-1.1 0.495
-1.48 0.705
-1.27 0.53
-1.35 0.595
-1.15 0.59
-1.4 0.765
-1.56 0.84
-1.48 0.74
-1.49 0.81
-1.53 0.79
-1.48 0.83
-1.39 0.74
-1.41 0.705
-1.16 0.46
-1.24 0.575
-1.38 0.705
-1.35 0.75
-1.35 0.705
-1.39 0.675
-1.34 0.735
-1.59 0.84
-1.44 0.675
-1.38 0.69
-1.42 0.765
-1.36 0.74
-1.52 0.825
-1.6 0.85
-1.42 0.775
-1.4 0.73
-1.48 0.73
-1.45 0.765
-1.56 0.815
-1.65 0.865
-1.58 0.875
-1.55 0.805
-1.65 0.9
-1.59 0.865
-1.6 0.83
-1.47 0.765
-1.34 0.695
-1.41 0.775
-1.56 0.855
-1.58 0.88
-1.76 0.925
-1.54 0.855
-1.47 0.79
-1.54 0.85
-1.57 0.85
-1.58 0.825
-1.45 0.795
-1.72 0.915
-1.39 0.725
-1.32 0.715
-1.44 0.785
-1.46 0.835
-1.45 0.78
-1.5 0.76
-1.4 0.655
-1.36 0.665
-1.35 0.58
-1.46 0.705
-1.33 0.62
-1.39 0.64
-1.37 0.53
-1.43 0.475
-1.44 0.605
-1.29 0.645
-1.26 0.525
-1.25 0.48
-1.28 0.51
-1.34 0.605
-1.38 0.635
-1.1 0.58
-1.38 0.56
-1.33 0.615
-1.39 0.455
-1.32 0.34
-1.05 0.245
-1.22 0.33
-1.16 0.38
-1.23 0.56
-1.13 0.46
-1.23 0.48
-1.33 0.54
-1.18 0.465
-1.26 0.375
-1.17 0.335
-1.2 0.41
-1.33 0.425
-1.32 0.555
-1.36 0.505
-1.3 0.57
-1.31 0.515
-1.27 0.5
-1.26 0.44
-1.12 0.33
-1.2 0.595
-1.29 0.65
-1.52 0.79
-1.33 0.685
-1.38 0.75
-1.46 0.81
-1.54 0.85
-1.37 0.755
-1.64 0.845
-1.51 0.81
-1.41 0.76
-1.71 0.91
-1.66 0.895
-1.64 0.865
-1.51 0.825
-1.56 0.87
-1.36 0.705
-1.36 0.64
-1.39 0.605
-1.24 0.425
-1.09 0.22
-1.16 0.11
-1.24 0.25
-1.23 0.315
-1.31 0.43
-1.24 0.47
-1.3 0.5
-1.31 0.37
-1.3 0.445
-1.24 0.425
-1.29 0.5
-1.34 0.595
-1.28 0.585
-1.28 0.5
-1.43 0.595
-1.29 0.7
-1.6 0.825
-1.45 0.69
-1.21 0.67
-1.26 0.6
-1.42 0.74
-1.37 0.68
-1.35 0.615
-1.21 0.49
-1.25 0.515
-1.29 0.42
-1.19 0.38
-1.2 0.495
-1.2 0.48
-1.16 0.32
-1.25 0.52
-1.38 0.565
-1.38 0.665
-1.52 0.7
-1.61 0.845
-1.48 0.78
-1.51 0.73
-1.37 0.72
-1.4 0.675
-1.53 0.665
-1.49 0.695
-1.42 0.71
-1.41 0.69
-1.12 0.385
-1.48 0.775
-1.36 0.77
-1.51 0.845
-1.58 0.835
-1.68 0.895
-1.76 0.91
-1.56 0.85
-1.41 0.77
-1.51 0.775
-1.39 0.705
-1.35 0.7
-1.46 0.755
-1.5 0.8
-1.46 0.815
-1.62 0.885
-1.58 0.845
-1.28 0.575
-1.06 0.435
-1.28 0.65
-1.3 0.735
-1.12 0.6
-1.25 0.69
-1.28 0.665
-1.18 0.54
-1.37 0.555
-1.24 0.525
-1.12 0.33
-1.3 0.525
-1.33 0.455
-1.27 0.385
-1.2 0.51
-1.35 0.535
-1.26 0.57
-1.15 0.535
-1.35 0.615
-1.38 0.715
-1.44 0.675
-1.44 0.65
-1.39 0.685
-1.57 0.745
-1.4 0.75
-1.4 0.76
-1.32 0.72
-1.43 0.745
-1.46 0.77
-1.38 0.77
-1.35 0.755
-1.45 0.77
-1.5 0.765
-1.43 0.805
-1.64 0.825
-1.57 0.825
-1.55 0.835
-1.52 0.845
-1.45 0.695
-1.33 0.68
-1.39 0.725
-1.36 0.67
-1.37 0.665
-1.38 0.715
-1.57 0.76
-1.32 0.675
-1.31 0.7
-1.2 0.58
-1.37 0.65
-1.38 0.67
-1.49 0.59
-1.37 0.61
-1.48 0.635
-1.31 0.62
-1.24 0.56
-1.17 0.515
-1.3 0.665
-1.38 0.64
-1.32 0.63
-1.3 0.655
-1.2 0.545
-1.25 0.625
-0.94 0.1
-1.28 0.14
-1.17 0.245
-1.33 0.38
-1.22 0.29
-1.19 0.365
-1.35 0.645
-1.43 0.625
-1.42 0.65
-1.33 0.65
-1.36 0.73
-1.57 0.83
-1.4 0.755
-1.51 0.79
-1.74 0.91
-1.51 0.84
-1.55 0.835
-1.6 0.865
-1.6 0.84
-1.54 0.85
-1.4 0.805
-1.52 0.825
-1.57 0.83
-1.42 0.8
-1.37 0.755
-1.39 0.715
-1.37 0.74
-1.41 0.745
-1.31 0.72
-1.3 0.69
-1.25 0.515
-1.44 0.605
-1.32 0.575
-1.32 0.515
-1.28 0.255
-1.3 0.305
-1.32 0.155
-1.2 0.04
-1.05 -0.205
-1.08 -0.21
-1.26 -0.265
-1.13 -0.34
-1.27 -0.415
-1.2 -0.315
-1.3 -0.545
-1.29 -0.55
-1.2 -0.435
-1.46 -0.535
-1.25 -0.435
-1.16 -0.535
-1.41 -0.68
-1.31 -0.59
-1.3 -0.585
-1.39 -0.65
-1.33 -0.615
-1.37 -0.62
-1.22 -0.52
-1.21 -0.595
-1.33 -0.73
-1.02 -0.47
-1.02 -0.39
-1.2 -0.425
-1.22 -0.385
-1.19 -0.33
-1.05 -0.27
-1.06 -0.26
-1.28 -0.345
-1.4 -0.235
-1.22 -0.1
-1.2 0.115
-1.26 0.025
-1.17 0.25
-1.24 0.23
-1.18 0.175
-1.14 0.19
-1.06 0.025
-1.22 -0.18
-1.14 -0.175
-1.09 -0.205
-1.09 -0.235
-1.03 -0.165
-1.13 -0.33
-1.18 -0.49
-1.38 -0.68
-1.45 -0.735
-1.78 -0.875
-1.54 -0.805
-1.46 -0.77
-1.47 -0.73
-1.33 -0.74
-1.39 -0.695
-1.36 -0.675
-1.47 -0.805
-1.48 -0.825
-1.33 -0.7
-1.48 -0.795
-1.49 -0.77
-1.42 -0.755
-1.45 -0.77
-1.56 -0.73
-1.37 -0.71
-1.27 -0.65
-1.39 -0.655
-1.28 -0.62
-1.27 -0.65
-1.31 -0.655
-1.28 -0.695
-1.54 -0.81
-1.5 -0.82
-1.51 -0.77
-1.51 -0.795
-1.35 -0.655
-1.32 -0.5
-1.43 -0.64
-1.24 -0.54
-1.28 -0.455
-1.25 -0.5
-1.39 -0.49
-1.23 -0.36
-1.29 -0.6
-1.42 -0.56
-1.35 -0.475
-1.32 -0.495
-1.12 -0.39
-1.12 -0.335
-1.1 -0.15
-1.32 -0.06
-1.2 -0.135
-1.18 0.035
-1.12 0.195
-1.34 0.235
-1.19 0.115
-1.27 0.28
-1.13 0.21
-1.33 0.21
-1.25 0.355
-1.34 0.405
-1.22 0.3
-1.37 0.43
-1.35 0.42
-1.29 0.42
-1.28 0.43
-1.15 0.41
-1.24 0.275
-1.02 0.165
-1.26 0.155
-1.25 0.23
-1.53 0.34
-1.33 0.33
-1.37 0.275
-1.2 0.075
-1.25 0.205
-1.3 0.36
-1.03 0.12
-1.16 0.275
-1.3 0.44
-1.35 0.44
-1.26 0.535
-1.54 0.645
-1.46 0.695
-1.31 0.62
-1.35 0.565
-1.35 0.575
-1.37 0.565
-1.46 0.575
-1.26 0.375
-1.45 0.405
-1.32 0.31
-1.16 0.32
-1.22 0.165
-1.41 0.25
-1.18 0.33
-1.24 0.4
-1.31 0.525
-1.35 0.555
-1.09 0.56
-1.35 0.63
-1.26 0.58
-1.5 0.65
-1.48 0.75
-1.32 0.67
-1.46 0.775
-1.46 0.775
-1.34 0.74
-1.48 0.8
-1.46 0.79
-1.56 0.845
-1.55 0.84
-1.5 0.82
-1.41 0.75
-1.49 0.81
-1.61 0.875
-1.63 0.87
-1.6 0.865
-1.47 0.795
-1.41 0.785
-1.23 0.665
-1.34 0.525
-1.22 0.42
-1.22 0.2
-1.09 0.31
-1.16 0.305
-1.09 0.31
-1.32 0.305
-1.37 0.525
-1.53 0.55
-1.5 0.49
-1.42 0.385
-1.31 0.315
-1.11 0.26
-1.19 0.315
-1.3 0.435
-1.22 0.465
-1.23 0.545
-1.37 0.635
-1.06 0.42
-1.2 0.39
-1.46 0.675
-1.53 0.715
-1.35 0.535
-1.26 0.625
-1.42 0.77
-1.41 0.795
-1.56 0.845
-1.59 0.85
-1.51 0.79
-1.51 0.81
-1.61 0.87
-1.55 0.81
-1.59 0.815
-1.59 0.875
-1.34 0.735
-1.41 0.745
-1.38 0.65
-1.19 0.62
-1.34 0.47
-1.27 0.625
