-1.82 -0.95
-1.42 -0.745
-1.5 -0.74
-1.36 -0.755
-1.31 -0.655
-1.28 -0.575
-1.39 -0.73
-1.38 -0.73
-1.43 -0.75
-1.48 -0.675
-1.36 -0.65
-1.37 -0.655
-1.27 -0.61
-1.46 -0.75
-1.37 -0.68
-1.61 -0.885
-1.64 -0.87
-1.54 -0.755
-1.32 -0.56
-1.44 -0.73
-1.48 -0.815
-1.56 -0.81
-1.61 -0.88
-1.54 -0.845
-1.44 -0.765
-1.46 -0.785
-1.55 -0.85
-1.55 -0.85
-1.72 -0.9
-1.69 -0.9
-1.44 -0.81
-1.52 -0.775
-1.55 -0.8
-1.47 -0.785
-1.5 -0.81
-1.54 -0.855
-1.57 -0.82
-1.56 -0.745
-1.59 -0.685
-1.2 -0.615
-1.57 -0.875
-1.64 -0.84
-1.39 -0.775
-1.5 -0.8
-1.42 -0.735
-1.25 -0.645
-1.44 -0.525
-1.32 -0.495
-1.31 -0.57
-1.23 -0.465
-1.5 -0.655
-1.56 -0.845
-1.4 -0.735
-1.24 -0.44
-1.27 -0.465
-1.4 -0.46
-1.3 -0.205
-0.96 -0.41
-1.31 -0.65
-1.51 -0.79
-1.36 -0.745
-1.61 -0.78
-1.32 -0.65
-1.32 -0.63
-1.35 -0.595
-1.13 -0.425
-1.27 -0.52
-1.39 -0.545
-1.51 -0.595
-1.41 -0.61
-1.52 -0.8
-1.39 -0.755
-1.43 -0.71
-1.23 -0.6
-1.33 -0.625
-1.56 -0.81
-1.42 -0.765
-1.34 -0.645
-1.37 -0.625
-1.43 -0.76
-1.45 -0.805
-1.59 -0.875
-1.48 -0.82
-1.46 -0.785
-1.69 -0.895
-1.64 -0.87
-1.48 -0.78
-1.48 -0.705
-1.47 -0.695
-1.31 -0.63
-1.35 -0.735
-1.24 -0.6
-1.26 -0.655
-1.4 -0.655
-1.32 -0.445
-1.23 -0.36
-1.23 -0.53
-1.3 -0.68
-1.27 -0.61
-1.4 -0.74
-1.64 -0.885
-1.57 -0.83
-1.56 -0.765
-1.64 -0.865
-1.59 -0.85
-1.7 -0.89
-1.63 -0.86
-1.54 -0.795
-1.45 -0.75
-1.5 -0.775
-1.5 -0.785
-1.48 -0.8
-1.31 -0.72
-1.58 -0.76
-1.51 -0.83
-1.54 -0.835
-1.68 -0.91
-1.46 -0.78
-1.68 -0.895
-1.69 -0.91
-1.61 -0.855
-1.63 -0.83
-1.64 -0.88
-1.5 -0.79
-1.45 -0.745
-1.55 -0.85
-1.7 -0.905
-1.64 -0.89
-1.68 -0.9
-1.66 -0.905
-1.43 -0.75
-1.26 -0.69
-1.49 -0.795
-1.69 -0.915
-1.19 -0.505
-1.23 -0.415
-1.39 -0.52
-1.23 -0.655
-1.28 -0.565
-1.51 -0.72
-1.41 -0.76
-1.65 -0.895
-1.53 -0.8
-1.55 -0.83
-1.46 -0.76
-1.44 -0.695
-1.31 -0.615
-1.53 -0.815
-1.24 -0.615
-1.16 -0.52
-1.42 -0.675
-1.53 -0.75
-1.48 -0.82
-1.54 -0.835
-1.3 -0.65
-1.65 -0.85
-1.65 -0.875
-1.81 -0.94
-1.71 -0.89
-1.6 -0.855
-1.63 -0.845
-1.25 -0.6
-1.44 -0.635
-1.69 -0.875
-1.46 -0.76
-1.54 -0.855
-1.37 -0.795
-1.36 -0.675
-1.25 -0.63
-1.37 -0.675
-1.51 -0.81
-1.28 -0.675
-1.6 -0.865
-1.41 -0.785
-1.6 -0.86
-1.32 -0.73
-1.22 -0.575
-1.46 -0.69
-1.31 -0.655
-1.14 -0.415
-1.36 -0.615
-1.59 -0.87
-1.6 -0.825
-1.51 -0.815
-1.6 -0.76
-1.62 -0.895
-1.5 -0.805
-1.59 -0.855
-1.6 -0.86
-1.38 -0.735
-1.35 -0.74
-1.6 -0.815
-1.62 -0.835
-1.59 -0.83
-1.44 -0.69
-1.54 -0.85
-1.53 -0.83
-1.26 -0.715
-1.58 -0.865
-1.41 -0.765
-1.48 -0.805
-1.35 -0.685
-1.57 -0.81
-1.53 -0.775
-1.52 -0.825
-1.67 -0.895
-1.44 -0.805
-1.6 -0.875
-1.53 -0.83
-1.58 -0.85
-1.36 -0.74
-1.58 -0.81
-1.57 -0.84
-1.58 -0.85
-1.34 -0.535
-1.44 -0.695
-1.61 -0.845
-1.34 -0.71
-1.65 -0.895
-1.62 -0.885
-1.48 -0.795
-1.47 -0.715
-1.4 -0.665
-1.66 -0.78
-1.31 -0.425
-1.16 -0.21
-1.34 -0.365
-1.2 -0.27
-1.11 -0.03
-0.96 -0.155
-1.25 -0.08
-1.23 -0.045
-1.22 -0.075
-1.23 -0.42
-1.2 -0.475
-1.1 -0.405
-1.23 -0.415
-1.15 -0.51
-1.31 -0.645
-1.58 -0.86
-1.52 -0.85
-1.51 -0.84
-1.56 -0.855
-1.49 -0.775
-1.23 -0.63
-1.24 -0.63
-1.4 -0.76
-1.47 -0.74
-1.43 -0.48
-1.26 -0.495
-1.36 -0.555
-1.13 -0.405
-1.26 -0.505
-1.3 -0.345
-1.19 -0.3
-1.19 -0.16
-1.26 -0.07
-1.27 -0.165
-1.12 -0.15
-1.26 -0.155
-1.28 -0.155
-1.23 0.065
-1.24 -0.16
-1.06 -0.235
-1.15 -0.16
-1.14 -0.295
-1.22 -0.215
-1.43 -0.54
-1.5 -0.715
-1.75 -0.925
-1.45 -0.79
-1.62 -0.83
-1.17 -0.555
-1.24 -0.395
-1.41 -0.605
-1.47 -0.585
-1.2 -0.495
-1.25 -0.33
-1.16 -0.285
-1.19 -0.21
-1.29 -0.435
-1.37 -0.51
-1.16 -0.495
-1.23 -0.28
-1.15 0.03
-1.32 0.155
-1.15 0.29
-1.5 0.64
-1.31 0.415
-1.35 0.49
-1.34 0.61
-1.32 0.655
-1.17 0.54
-1.38 0.66
-1.17 0.56
-1.37 0.505
-1.14 0.355
-1.13 0.135
-1.07 0.115
-1.14 0.43
-1.32 0.385
-1.49 0.735
-1.38 0.64
-1.42 0.545
-1.39 0.65
-1.31 0.45
-1.19 0.395
-1.34 0.335
-1.29 0.365
-1.12 0.375
-1.23 0.51
-1.32 0.53
-1.23 0.47
-1.22 0.575
-1.36 0.705
-1.47 0.805
-1.51 0.795
-1.49 0.82
-1.72 0.91
-1.72 0.915
-1.51 0.815
-1.6 0.835
-1.47 0.825
-1.69 0.895
-1.43 0.785
-1.55 0.82
-1.52 0.785
-1.52 0.805
-1.62 0.825
-1.46 0.76
-1.41 0.75
-1.16 0.53
-1.27 0.43
-1.28 0.485
-1.38 0.46
-1.15 0.51
-1.28 0.43
-1.14 0.275
-1.19 0.37
-1.22 -0.06
-1.18 -0.045
-1.04 0.245
-1.32 0.565
-1.4 0.745
-1.26 0.655
-1.3 0.58
-1.27 0.615
-1.53 0.805
-1.62 0.82
-1.53 0.845
-1.59 0.84
-1.66 0.89
-1.76 0.885
-1.43 0.765
-1.67 0.86
-1.59 0.81
-1.49 0.79
-1.51 0.84
-1.57 0.82
-1.43 0.8
-1.44 0.74
-1.58 0.83
-1.66 0.88
-1.73 0.92
-1.56 0.785
-1.52 0.78
-1.63 0.86
-1.46 0.795
-1.3 0.715
-1.49 0.8
-1.23 0.575
-1.51 0.795
-1.52 0.76
-1.32 0.66
-1.33 0.62
-1.51 0.765
-1.63 0.835
-1.38 0.7
-1.37 0.725
-1.38 0.77
-1.54 0.775
-1.33 0.655
-1.47 0.725
-1.36 0.56
-1.37 0.585
-1.57 0.82
-1.51 0.78
-1.59 0.865
-1.61 0.865
-1.41 0.665
-1.51 0.65
-1.25 0.55
-1.18 0.54
-1.29 0.67
-1.23 0.69
-1.6 0.82
-1.54 0.8
-1.48 0.735
-1.21 0.65
-1.33 0.745
-1.42 0.795
-1.47 0.795
-1.52 0.83
-1.6 0.865
-1.46 0.715
-1.43 0.735
-1.47 0.745
-1.6 0.82
-1.34 0.645
-1.27 0.4
-1.23 0.505
-1.6 0.745
-1.28 0.6
-1.46 0.785
-1.57 0.825
-1.36 0.685
-1.3 0.465
-1.39 0.7
-1.34 0.71
-1.49 0.83
-1.6 0.845
-1.53 0.805
-1.64 0.89
-1.57 0.845
-1.59 0.86
-1.47 0.75
-1.32 0.745
-1.5 0.81
-1.52 0.755
-1.5 0.8
-1.32 0.73
-1.38 0.59
-1.54 0.665
-1.41 0.73
-1.38 0.71
-1.35 0.66
-1.35 0.735
-1.51 0.735
-1.38 0.75
-1.55 0.815
-1.59 0.85
-1.31 0.715
-1.44 0.675
-1.35 0.555
-1.56 0.68
-1.4 0.475
-1.27 0.345
-1.31 0.215
-1.43 0.45
-1.24 0.495
-1.26 0.51
-1.27 0.435
-1.34 0.505
-1.16 0.39
-1.32 0.22
-1.21 0.235
-1.21 0.22
-1.27 0.03
-1.27 0.11
-1.2 -0.095
-1.09 0.1
-1.31 0.125
-1.38 0.13
-1.26 0.355
-1.2 0.51
-1.38 0.545
-1.35 0.6
-1.28 0.435
-1.25 0.565
-1.55 0.79
-1.38 0.755
-1.35 0.69
-1.29 0.68
-1.56 0.81
-1.49 0.735
-1.56 0.865
-1.45 0.825
-1.58 0.87
-1.53 0.84
-1.34 0.73
-1.46 0.75
-1.42 0.725
-1.46 0.67
-1.51 0.82
-1.53 0.81
-1.52 0.79
-1.35 0.695
-1.37 0.7
-1.4 0.665
-1.41 0.68
-1.46 0.765
-1.09 0.48
-1.17 0.475
-1.39 0.52
-1.45 0.685
-1.43 0.605
-1.44 0.505
-1.46 0.65
-1.33 0.685
-1.41 0.8
-1.4 0.795
-1.29 0.6
-1.25 0.565
-1.34 0.575
-1.2 0.24
-1.35 0.51
-1.3 0.455
-1.19 0.44
-1.17 0.22
-1.18 0.3
-1.33 -0.14
-1.26 -0.285
-1.23 -0.38
-1.28 -0.385
-1.27 -0.46
-1.29 -0.25
-1.11 -0.08
-1.29 0.15
-1.21 0.1
-1.12 0.26
-1.25 0.105
-1.33 0.185
-1.26 0.275
-1.36 0.505
-1.48 0.395
-1.31 0.355
-1.31 0.24
-1.31 0.28
-1.32 0.185
-1.21 -0.07
-1.15 -0.19
-1.09 -0.18
-1.04 -0.075
-1.06 -0.135
-1.23 -0.47
-1.45 -0.705
-1.55 -0.845
-1.31 -0.705
-1.58 -0.86
-1.48 -0.82
-1.43 -0.805
-1.63 -0.895
-1.67 -0.88
-1.6 -0.855
-1.59 -0.86
-1.45 -0.735
-1.63 -0.865
-1.35 -0.705
-1.51 -0.78
-1.71 -0.88
-1.67 -0.895
-1.55 -0.8
-1.69 -0.835
-1.44 -0.71
-1.45 -0.64
-1.37 -0.585
-1.28 -0.54
-1.35 -0.555
-1.23 -0.655
-1.73 -0.92
-1.5 -0.76
-1.53 -0.865
-1.39 -0.72
-1.52 -0.81
-1.49 -0.84
-1.5 -0.81
-1.54 -0.815
-1.25 -0.605
-1.44 -0.745
-1.62 -0.865
-1.45 -0.805
-1.42 -0.745
-1.48 -0.775
-1.47 -0.775
-1.4 -0.665
-1.19 -0.47
-1.21 -0.5
-1.17 -0.44
-1.29 -0.455
-1.59 -0.735
-1.42 -0.495
-1.15 -0.43
-1.26 -0.48
-1.11 -0.435
-1.6 -0.79
-1.34 -0.72
-1.16 -0.335
-1.26 -0.18
-1.3 -0.33
-1.31 -0.655
-1.27 -0.54
-1.29 -0.615
-1.49 -0.8
-1.39 -0.725
-1.57 -0.85
-1.53 -0.825
-1.45 -0.685
-1.34 -0.715
-1.52 -0.805
-1.57 -0.845
-1.66 -0.885
-1.44 -0.785
-1.62 -0.82
-1.51 -0.84
-1.57 -0.795
-1.5 -0.79
-1.5 -0.755
-1.52 -0.81
-1.54 -0.82
-1.34 -0.665
-1.33 -0.63
-1.36 -0.705
-1.45 -0.77
-1.46 -0.675
-1.44 -0.775
-1.42 -0.775
-1.54 -0.78
-1.53 -0.82
-1.57 -0.875
-1.63 -0.815
-1.58 -0.805
-1.64 -0.885
-1.46 -0.74
-1.45 -0.765
-1.34 -0.62
-1.35 -0.715
-1.43 -0.71
-1.39 -0.715
-1.53 -0.79
-1.4 -0.74
-1.34 -0.57
-1.53 -0.795
-1.74 -0.915
-1.47 -0.775
-1.58 -0.815
-1.45 -0.795
-1.5 -0.805
-1.47 -0.79
-1.59 -0.775
-1.55 -0.775
-1.7 -0.905
-1.65 -0.875
-1.5 -0.805
-1.6 -0.82
-1.49 -0.695
-1.39 -0.64
-1.18 -0.525
-1.48 -0.425
-1.42 -0.085
-1.47 -0.07
-1.28 -0.095
-1.39 0.23
-1.19 0.22
-1.22 0.155
-1.28 0.305
-1.29 0.04
-1.14 0.08
-1.14 0.285
-1.05 0.175
-1.38 0.195
-1.36 0.19
-1.1 0.07
-1.33 0.19
-1.13 0.205
-1.08 0.12
-1.25 0.36
-1.32 0.485
-1.41 0.445
-1.28 0.38
-1.24 0.445
-1.49 0.62
-1.44 0.58
-1.23 0.365
-1.34 0.515
-1.36 0.65
-1.48 0.675
-1.28 0.63
-1.57 0.715
-1.38 0.665
-1.36 0.475
-1.45 0.61
-1.5 0.68
-1.31 0.58
-1.15 0.62
-1.26 0.575
-1.31 0.525
-1.32 0.765
-1.28 0.69
-1.52 0.825
-1.57 0.83
-1.44 0.685
-1.47 0.62
-1.5 0.725
-1.75 0.92
-1.54 0.83
-1.67 0.885
-1.56 0.83
-1.64 0.875
-1.39 0.69
-1.74 0.925
-1.4 0.745
-1.45 0.69
-1.66 0.8
-1.42 0.76
-1.57 0.86
-1.5 0.8
-1.34 0.685
-1.57 0.84
-1.52 0.835
-1.45 0.785
-1.43 0.78
-1.51 0.775
-1.37 0.675
-1.2 0.56
-1.38 0.615
-1.29 0.745
-1.41 0.78
-1.46 0.71
-1.35 0.705
-1.66 0.865
-1.45 0.83
-1.37 0.75
-1.47 0.68
-1.41 0.715
-1.61 0.82
-1.66 0.89
-1.54 0.86
-1.45 0.75
-1.25 0.485
-1.38 0.635
-1.29 0.555
-1.41 0.755
-1.65 0.895
-1.62 0.845
-1.64 0.86
-1.47 0.705
-1.33 0.675
-1.45 0.685
-1.44 0.7
-1.48 0.735
-1.43 0.755
-1.28 0.575
-1.34 0.52
-1.23 0.455
-1.16 0.355
-1.12 0.36
-1.35 0.565
-1.5 0.725
-1.62 0.83
-1.53 0.83
-1.63 0.885
-1.41 0.765
-1.44 0.75
-1.5 0.805
-1.46 0.805
-1.5 0.76
-1.35 0.56
-1.32 0.57
-1.28 0.66
-1.36 0.55
-1.48 0.63
-1.45 0.745
-1.36 0.72
-1.37 0.775
-1.27 0.67
-1.56 0.825
-1.34 0.745
-1.26 0.55
-1.53 0.785
-1.37 0.775
-1.35 0.735
-1.52 0.72
-1.22 0.52
-1.38 0.615
-1.33 0.61
-1.36 0.715
-1.43 0.65
-1.54 0.81
-1.52 0.815
-1.75 0.925
-1.68 0.89
-1.59 0.85
-1.48 0.715
-1.18 0.6
-1.43 0.6
-1.38 0.535
-1.46 0.675
-1.56 0.875
-1.44 0.785
-1.64 0.835
-1.52 0.84
-1.38 0.76
-1.46 0.825
-1.34 0.675
-1.53 0.815
-1.55 0.79
-1.57 0.785
-1.41 0.745
-1.55 0.795
-1.65 0.895
-1.56 0.82
-1.5 0.795
-1.39 0.685
-1.28 0.655
-1.3 0.495
-1.33 0.54
-1.39 0.62
-1.31 0.695
-1.5 0.745
-1.32 0.745
-1.65 0.875
-1.41 0.775
-1.39 0.645
-1.7 0.91
-1.65 0.89
-1.51 0.835
-1.54 0.8
-1.11 0.28
-1.16 0.055
-1.37 -0.305
-1.43 -0.32
-1.46 -0.435
-1.23 -0.41
-1.1 -0.195
-1.31 -0.175
-1.08 0.13
-1.04 0.04
-1.23 0.08
-1.23 -0.125
-1.29 -0.085
-1.33 -0.08
-1.32 -0.185
-1.23 -0.285
-1.26 -0.215
-1.34 -0.06
-1.43 -0.095
-1.26 0.08
-1.19 -0.315
-1.3 -0.305
-1.19 -0.455
-1.14 -0.425
-1.33 -0.52
-1.46 -0.665
-1.33 -0.475
-1.43 -0.45
-1.48 -0.475
-1.48 -0.655
-1.42 -0.665
-1.42 -0.755
-1.33 -0.565
-1.19 -0.52
-1.47 -0.69
-1.3 -0.625
-1.37 -0.595
-1.28 -0.64
-1.34 -0.73
-1.29 -0.57
-1.46 -0.77
-1.49 -0.805
-1.32 -0.58
-1.26 -0.545
-1.21 -0.48
-1.48 -0.78
-1.57 -0.765
-1.62 -0.885
-1.44 -0.76
-1.38 -0.7
-1.7 -0.885
-1.58 -0.825
-1.35 -0.795
-1.52 -0.835
-1.37 -0.765
-1.32 -0.585
-1.36 -0.645
-1.48 -0.77
-1.4 -0.6
-1.4 -0.65
-1.48 -0.78
-1.63 -0.875
-1.54 -0.82
-1.55 -0.845
-1.4 -0.7
-1.31 -0.67
-1.52 -0.785
-1.72 -0.92
-1.43 -0.755
-1.75 -0.92
-1.49 -0.78
-1.58 -0.88
-1.39 -0.805
-1.42 -0.765
-1.36 -0.765
-1.44 -0.83
-1.41 -0.765
-1.58 -0.84
-1.5 -0.825
-1.46 -0.77
-1.53 -0.795
-1.64 -0.88
-1.38 -0.69
-1.41 -0.675
-1.52 -0.755
-1.36 -0.755
-1.53 -0.795
-1.48 -0.765
-1.53 -0.815
-1.69 -0.905
-1.61 -0.865
-1.61 -0.885
-1.44 -0.815
-1.48 -0.745
-1.45 -0.675
-1.31 -0.4
-1.38 -0.545
-1.31 -0.385
-1.38 -0.445
-1.33 -0.355
-1.22 -0.27
-1.31 -0.36
-1.2 -0.49
-1.35 -0.745
-1.41 -0.63
-1.44 -0.59
-1.31 -0.395
-1.36 -0.65
-1.59 -0.81
-1.54 -0.845
-1.65 -0.86
-1.58 -0.85
-1.53 -0.825
-1.45 -0.79
-1.65 -0.895
-1.49 -0.83
-1.7 -0.91
-1.54 -0.82
-1.43 -0.685
-1.63 -0.825
-1.52 -0.76
-1.37 -0.635
-1.28 -0.625
-1.38 -0.675
-1.44 -0.68
-1.5 -0.765
-1.41 -0.645
-1.54 -0.795
-1.41 -0.69
-1.18 -0.475
-1.06 -0.315
-1.18 -0.04
-1.44 -0.075
-1.34 0.06
-1.32 -0.01
-1.3 0.275
-1.33 0.29
-1.22 0.115
-1.15 0.18
-1.01 -0.09
-1.1 -0.115
-1.2 -0.465
-1.42 -0.7
-1.34 -0.575
-1.47 -0.745
-1.55 -0.64
-1.39 -0.66
-1.48 -0.675
-1.46 -0.79
-1.61 -0.865
-1.56 -0.79
-1.51 -0.795
-1.68 -0.9
-1.56 -0.87
-1.66 -0.89
-1.63 -0.89
-1.5 -0.825
-1.38 -0.725
-1.51 -0.815
-1.55 -0.825
-1.43 -0.775
-1.53 -0.76
-1.5 -0.83
-1.47 -0.7
-1.61 -0.875
-1.47 -0.73
-1.48 -0.705
-1.28 -0.585
-1.4 -0.73
-1.68 -0.905
-1.54 -0.765
-1.64 -0.82
-1.37 -0.785
-1.55 -0.85
-1.57 -0.825
-1.43 -0.8
-1.36 -0.77
-1.6 -0.88
-1.48 -0.815
-1.6 -0.85
-1.59 -0.84
-1.36 -0.58
-1.54 -0.815
-1.41 -0.765
-1.39 -0.635
-1.47 -0.675
-1.54 -0.815
-1.56 -0.84
-1.67 -0.865
-1.51 -0.835
-1.34 -0.69
-1.63 -0.89
-1.7 -0.895
-1.57 -0.835
-1.54 -0.86
-1.31 -0.645
-1.37 -0.725
-1.51 -0.72
-1.48 -0.735
-1.28 -0.68
-1.55 -0.78
-1.54 -0.815
-1.67 -0.895
-1.54 -0.825
-1.54 -0.83
-1.71 -0.91
-1.59 -0.865
-1.59 -0.825
-1.48 -0.775
-1.63 -0.84
-1.16 -0.58
-1.59 -0.78
-1.62 -0.875
-1.35 -0.73
-1.37 -0.755
-1.46 -0.685
-1.58 -0.795
-1.63 -0.89
-1.44 -0.77
-1.47 -0.805
-1.4 -0.725
-1.76 -0.93
-1.53 -0.815
-1.32 -0.715
-1.37 -0.71
-1.39 -0.75
-1.54 -0.83
-1.26 -0.57
-1.44 -0.755
-1.4 -0.765
-1.5 -0.825
-1.55 -0.865
-1.44 -0.755
-1.1 -0.355
-1.11 -0.455
-1.38 -0.62
-1.2 -0.445
-1.36 -0.565
-1.33 -0.695
-1.64 -0.815
-1.54 -0.82
-1.46 -0.775
-1.47 -0.745
-1.58 -0.8
-1.53 -0.805
-1.55 -0.83
-1.46 -0.775
-1.44 -0.755
-1.57 -0.865
-1.63 -0.875
-1.58 -0.845
-1.4 -0.76
-1.47 -0.815
-1.53 -0.82
-1.66 -0.89
-1.52 -0.835
-1.49 -0.835
-1.47 -0.835
-1.41 -0.78
-1.46 -0.785
-1.44 -0.775
-1.45 -0.635
-1.54 -0.8
-1.53 -0.83
-1.62 -0.845
-1.55 -0.78
-1.52 -0.795
-1.39 -0.805
-1.56 -0.8
-1.6 -0.86
-1.4 -0.7
-1.45 -0.685
-1.45 -0.78
-1.43 -0.605
-1.43 -0.695
-1.52 -0.64
-1.31 -0.725
-1.44 -0.73
-1.41 -0.755
-1.53 -0.845
-1.54 -0.855
-1.59 -0.84
-1.5 -0.775
-1.6 -0.865
-1.57 -0.82
-1.6 -0.855
-1.75 -0.905
-1.31 -0.655
-1.39 -0.685
-1.48 -0.69
-1.42 -0.775
-1.56 -0.775
-1.55 -0.825
-1.46 -0.815
-1.57 -0.825
-1.51 -0.815
-1.41 -0.765
-1.52 -0.795
-1.51 -0.815
-1.47 -0.805
-1.44 -0.75
-1.58 -0.82
-1.54 -0.835
-1.73 -0.92
-1.68 -0.9
-1.66 -0.85
-1.62 -0.875
-1.64 -0.88
-1.41 -0.63
-1.54 -0.785
-1.57 -0.845
-1.42 -0.755
-1.51 -0.815
-1.61 -0.83
-1.73 -0.915
-1.62 -0.865
-1.35 -0.76
-1.5 -0.82
-1.6 -0.865
-1.48 -0.795
-1.31 -0.605
-1.47 -0.65
-1.3 -0.62
-1.38 -0.73
-1.63 -0.885
-1.43 -0.785
-1.54 -0.795
-1.33 -0.6
-1.34 -0.625
-1.29 -0.515
-1.2 -0.47
-1.54 -0.67
-1.44 -0.705
-1.63 -0.78
-1.48 -0.79
-1.57 -0.875
-1.6 -0.865
-1.59 -0.87
-1.57 -0.86
-1.32 -0.7
-1.39 -0.655
-1.42 -0.72
-1.47 -0.73
-1.59 -0.855
-1.4 -0.715
-1.57 -0.8
-1.54 -0.83
-1.69 -0.91
-1.66 -0.885
-1.43 -0.75
-1.56 -0.855
-1.58 -0.84
-1.55 -0.825
-1.46 -0.665
-1.37 -0.67
-1.32 -0.65
-1.36 -0.64
-1.39 -0.62
-1.4 -0.685
-1.49 -0.73
-1.33 -0.435
-1.31 -0.62
-1.7 -0.9
-1.59 -0.87
-1.34 -0.745
-1.63 -0.85
-1.58 -0.87
-1.66 -0.875
-1.65 -0.795
-1.34 -0.675
-1.5 -0.75
-1.36 -0.705
-1.48 -0.835
-1.56 -0.855
-1.53 -0.85
-1.63 -0.86
-1.58 -0.82
-1.35 -0.67
-1.28 -0.54
-1.24 -0.405
-1.25 -0.605
-1.35 -0.715
-1.59 -0.87
-1.6 -0.84
-1.34 -0.76
-1.45 -0.81
-1.46 -0.785
-1.42 -0.695
-1.62 -0.815
-1.4 -0.785
-1.61 -0.855
-1.39 -0.745
-1.49 -0.79
-1.35 -0.605
-1.45 -0.695
-1.16 -0.35
-1.35 -0.55
-1.36 -0.65
-1.35 -0.71
-1.61 -0.875
-1.4 -0.735
-1.25 -0.71
-1.36 -0.745
-1.52 -0.82
-1.52 -0.765
-1.54 -0.85
-1.39 -0.66
-1.63 -0.855
-1.44 -0.73
-1.35 -0.44
-1.12 -0.33
-1.24 -0.365
-1.32 -0.435
-1.31 -0.295
-1.27 -0.39
-1.42 -0.285
-1.29 -0.4
-1.31 -0.5
-1.37 -0.53
-1.3 -0.58
-1.16 -0.57
-1.32 -0.655
-1.47 -0.73
-1.51 -0.78
-1.47 -0.74
-1.44 -0.775
-1.59 -0.86
-1.51 -0.77
-1.78 -0.94
-1.61 -0.87
-1.49 -0.815
-1.4 -0.795
-1.69 -0.895
-1.43 -0.7
-1.4 -0.69
-1.53 -0.72
-1.51 -0.79
-1.59 -0.8
-1.65 -0.87
-1.48 -0.71
-1.31 -0.59
-1.22 -0.5
-1.17 -0.41
-1.24 -0.385
-1.49 -0.78
-1.5 -0.665
-1.37 -0.65
-1.33 -0.75
-1.41 -0.735
-1.62 -0.875
-1.22 -0.645
-1.43 -0.75
-1.54 -0.825
-1.61 -0.86
-1.63 -0.89
-1.63 -0.875
-1.78 -0.935
-1.73 -0.92
-1.42 -0.765
-1.53 -0.86
-1.64 -0.87
-1.65 -0.87
-1.47 -0.785
-1.51 -0.795
-1.43 -0.69
-1.37 -0.625
-1.29 -0.61
-1.42 -0.68
-1.42 -0.75
-1.46 -0.735
-1.48 -0.825
-1.58 -0.84
-1.62 -0.865
-1.57 -0.85
-1.56 -0.825
-1.43 -0.785
-1.52 -0.825
-1.5 -0.75
-1.59 -0.775
-1.41 -0.64
-1.48 -0.63
-1.42 -0.72
-1.4 -0.75
-1.55 -0.82
-1.56 -0.825
-1.49 -0.81
-1.56 -0.85
-1.49 -0.835
-1.58 -0.845
-1.6 -0.87
-1.6 -0.87
-1.48 -0.795
-1.7 -0.88
-1.44 -0.78
-1.45 -0.785
-1.5 -0.785
-1.48 -0.78
-1.22 -0.465
-1.3 -0.395
-1.39 -0.265
-1.15 -0.05
-1.46 -0.025
-1.26 -0.21
-1.31 -0.405
-1.46 -0.395
-1.26 -0.38
-1.5 -0.655
-1.41 -0.67
-1.32 -0.535
-1.08 -0.485
-1.41 -0.725
-1.51 -0.78
-1.39 -0.765
-1.61 -0.87
-1.52 -0.8
-1.41 -0.725
-1.66 -0.895
-1.59 -0.84
-1.79 -0.93
-1.47 -0.805
-1.65 -0.895
-1.46 -0.765
-1.69 -0.91
-1.6 -0.885
-1.51 -0.79
-1.53 -0.825
-1.33 -0.73
-1.59 -0.87
-1.56 -0.79
-1.53 -0.845
-1.51 -0.825
-1.43 -0.8
-1.58 -0.85
-1.54 -0.85
-1.48 -0.81
-1.46 -0.735
-1.47 -0.72
-1.65 -0.905
-1.53 -0.85
-1.36 -0.725
-1.4 -0.59
-1.27 -0.455
-1.39 -0.635
-1.33 -0.655
-1.65 -0.875
-1.73 -0.915
-1.54 -0.805
-1.6 -0.86
-1.38 -0.665
-1.46 -0.68
-1.54 -0.82
-1.48 -0.795
-1.37 -0.735
-1.52 -0.815
-1.49 -0.675
-1.54 -0.815
-1.49 -0.69
-1.22 -0.565
-1.46 -0.67
-1.48 -0.655
-1.38 -0.625
-1.12 -0.405
-1.29 -0.49
-1.3 -0.52
-1.27 -0.365
-1.3 -0.43
-1.46 -0.77
-1.53 -0.825
-1.46 -0.76
-1.38 -0.675
-1.37 -0.7
-1.34 -0.545
-1.24 -0.365
-1.29 -0.5
-1.35 -0.475
-1.41 -0.6
-1.42 -0.725
-1.52 -0.785
-1.56 -0.855
-1.77 -0.905
-1.53 -0.83
-1.23 -0.645
-1.32 -0.54
-1.27 -0.5
-1.26 -0.5
-1.47 -0.665
-1.4 -0.6
-1.43 -0.625
-1.29 -0.675
-1.54 -0.82
-1.4 -0.655
-1.35 -0.455
-1.15 -0.4
-1.16 -0.335
-1.38 -0.62
-1.46 -0.67
-1.42 -0.695
-1.63 -0.81
-1.59 -0.78
-1.36 -0.7
-1.35 -0.72
-1.25 -0.66
-1.4 -0.745
-1.35 -0.735
-1.35 -0.625
-1.43 -0.77
-1.56 -0.86
-1.43 -0.745
-1.54 -0.84
-1.63 -0.875
-1.51 -0.815
-1.56 -0.82
-1.64 -0.89
-1.23 -0.64
-1.33 -0.69
-1.13 -0.515
-1.32 -0.635
-1.5 -0.72
-1.37 -0.705
-1.51 -0.77
-1.71 -0.915
-1.49 -0.815
-1.71 -0.89
-1.52 -0.8
-1.55 -0.805
-1.44 -0.66
-1.41 -0.625
-1.37 -0.73
-1.37 -0.62
-1.28 -0.6
-1.43 -0.745
-1.58 -0.84
-1.63 -0.87
-1.55 -0.815
-1.46 -0.765
-1.44 -0.725
-1.5 -0.705
-1.17 -0.535
-1.28 -0.515
-1.3 -0.675
-1.53 -0.82
-1.5 -0.815
-1.54 -0.82
-1.43 -0.77
-1.49 -0.785
-1.46 -0.69
-1.35 -0.68
-1.49 -0.77
-1.52 -0.84
-1.45 -0.785
-1.52 -0.775
-1.57 -0.845
-1.45 -0.785
-1.25 -0.605
-1.51 -0.76
-1.24 -0.665
-1.63 -0.745
-1.51 -0.71
-1.3 -0.605
-1.41 -0.735
-1.3 -0.515
-1.32 -0.665
-1.36 -0.53
-1.34 -0.63
-1.61 -0.85
-1.46 -0.705
-1.46 -0.8
-1.51 -0.82
-1.67 -0.885
-1.59 -0.845
-1.45 -0.79
-1.32 -0.705
-1.42 -0.58
-1.23 -0.51
-1.41 -0.735
-1.41 -0.74
-1.35 -0.705
-1.21 -0.68
-1.31 -0.64
-1.38 -0.655
-1.27 -0.43
-1.32 -0.49
-1.18 -0.37
-1.33 -0.53
-1.26 -0.435
-1.33 -0.67
-1.48 -0.75
-1.7 -0.905
-1.42 -0.82
-1.42 -0.78
-1.48 -0.77
-1.6 -0.85
-1.61 -0.8
-1.48 -0.82
-1.56 -0.825
-1.5 -0.745
-1.62 -0.865
-1.51 -0.81
-1.34 -0.67
-1.54 -0.82
-1.29 -0.7
-1.64 -0.88
-1.66 -0.84
-1.42 -0.76
-1.51 -0.82
-1.6 -0.86
-1.46 -0.78
-1.62 -0.88
-1.66 -0.885
-1.53 -0.82
-1.73 -0.925
-1.62 -0.88
-1.66 -0.86
-1.35 -0.66
-1.2 -0.55
-1.39 -0.64
-1.42 -0.695
-1.25 -0.615
-1.19 -0.56
-1.51 -0.785
-1.55 -0.835
-1.61 -0.875
-1.39 -0.69
-1.58 -0.7
-1.04 -0.435
-1.46 -0.73
-1.27 -0.47
-1.39 -0.465
-1.26 -0.645
-1.54 -0.745
-1.35 -0.52
-1.32 -0.425
-1.38 -0.645
-1.28 -0.525
-1.15 -0.275
-1.38 -0.265
-1.13 -0.385
-1.6 -0.77
-1.54 -0.835
-1.68 -0.845
-1.49 -0.82
-1.56 -0.86
-1.59 -0.84
-1.6 -0.865
-1.52 -0.795
-1.57 -0.84
-1.67 -0.895
-1.51 -0.815
-1.64 -0.85
-1.53 -0.74
-1.41 -0.645
-1.46 -0.7
-1.49 -0.66
-1.3 -0.605
-1.36 -0.58
-1.25 -0.68
-1.73 -0.915
-1.68 -0.875
-1.58 -0.84
-1.6 -0.87
-1.45 -0.79
-1.54 -0.79
-1.53 -0.825
-1.62 -0.875
-1.58 -0.81
-1.46 -0.785
-1.56 -0.815
-1.32 -0.58
-1.33 -0.595
-1.38 -0.575
-1.35 -0.64
-1.53 -0.79
-1.48 -0.83
-1.23 -0.645
-1.22 -0.495
-1.3 -0.525
-1.29 -0.39
-1.24 -0.46
-1.49 -0.615
-1.44 -0.675
-1.5 -0.795
-1.41 -0.72
-1.19 -0.595
-1.42 -0.76
-1.23 -0.6
-1.44 -0.705
-1.45 -0.675
-1.53 -0.835
-1.62 -0.89
-1.63 -0.885
-1.71 -0.91
-1.52 -0.785
-1.44 -0.775
-1.48 -0.765
-1.5 -0.78
-1.38 -0.71
-1.27 -0.68
-1.29 -0.655
-1.44 -0.75
-1.3 -0.72
-1.31 -0.725
-1.53 -0.76
-1.45 -0.59
-1.52 -0.65
-1.54 -0.81
-1.51 -0.775
-1.47 -0.795
-1.61 -0.88
-1.52 -0.715
-1.41 -0.72
-1.33 -0.675
-1.47 -0.775
-1.44 -0.825
-1.36 -0.56
-1.28 -0.495
-1.37 -0.43
-1.33 -0.5
-1.31 -0.535
-1.35 -0.485
-1.44 -0.645
-1.32 -0.7
-1.44 -0.645
-1.22 -0.585
-1.55 -0.815
-1.36 -0.75
-1.47 -0.755
-1.34 -0.585
-1.23 -0.515
-1.39 -0.65
-1.21 -0.49
-1.29 -0.34
-1.38 -0.475
-1.34 -0.435
-1.27 -0.405
-1.23 -0.24
-1.23 -0.12
-1.32 -0.46
-1.47 -0.57
-1.36 -0.645
-1.4 -0.52
-1.19 -0.49
-1.02 -0.31
-1.16 -0.19
-1.25 -0.42
-1.38 -0.52
-1.15 -0.33
-1.19 -0.47
-1.19 -0.395
-1.04 -0.28
-1.19 -0.525
-1.47 -0.725
-1.26 -0.565
-1.37 -0.61
-1.38 -0.595
-1.49 -0.705
-1.57 -0.675
-1.32 -0.635
-1.35 -0.575
-1.33 -0.53
-1.26 -0.425
-1.21 -0.57
-1.36 -0.565
-1.3 -0.635
-1.27 -0.43
-1.07 -0.26
-1.27 -0.13
-1.1 -0.415
-1.3 -0.54
-1.39 -0.725
-1.43 -0.79
-1.49 -0.795
-1.5 -0.73
-1.31 -0.575
-1.5 -0.625
-1.43 -0.635
-1.3 -0.585
-1.33 -0.615
-1.37 -0.675
-1.43 -0.795
-1.33 -0.66
-1.67 -0.905
-1.18 -0.605
-1.6 -0.815
-1.51 -0.82
-1.55 -0.805
-1.43 -0.665
-1.53 -0.795
-1.43 -0.735
-1.44 -0.65
-1.47 -0.76
-1.55 -0.855
-1.4 -0.77
-1.43 -0.775
-1.38 -0.72
-1.53 -0.83
-1.26 -0.68
-1.6 -0.85
-1.68 -0.9
-1.57 -0.835
-1.5 -0.7
-1.5 -0.71
-1.56 -0.81
-1.37 -0.66
-1.44 -0.705
-1.49 -0.645
-1.46 -0.695
-1.39 -0.57
-1.37 -0.42
-1.31 -0.595
-1.49 -0.785
-1.25 -0.54
-1.58 -0.65
-1.48 -0.78
-1.44 -0.775
-1.5 -0.785
-1.44 -0.72
-1.58 -0.78
-1.4 -0.72
-1.28 -0.645
-1.21 -0.46
-1.27 -0.495
-1.4 -0.54
-1.17 -0.505
-1.32 -0.525
-1.38 -0.59
-1.41 -0.64
-1.51 -0.7
-1.33 -0.61
-1.3 -0.525
-1.46 -0.705
-1.47 -0.745
-1.45 -0.77
-1.39 -0.7
-1.53 -0.815
-1.71 -0.915
-1.61 -0.875
-1.5 -0.83
-1.46 -0.79
-1.48 -0.755
-1.57 -0.865
-1.41 -0.68
-1.38 -0.695
-1.55 -0.83
-1.58 -0.775
-1.47 -0.635
-1.5 -0.795
-1.78 -0.935
-1.63 -0.86
-1.63 -0.88
-1.55 -0.815
-1.32 -0.645
-1.38 -0.735
-1.48 -0.775
-1.35 -0.77
-1.41 -0.74
-1.31 -0.64
-1.58 -0.785
-1.61 -0.875
-1.5 -0.85
-1.43 -0.765
-1.56 -0.835
-1.37 -0.705
-1.42 -0.65
-1.58 -0.84
-1.66 -0.9
-1.53 -0.84
-1.54 -0.83
-1.52 -0.805
-1.7 -0.91
-1.57 -0.875
-1.59 -0.85
-1.4 -0.79
-1.6 -0.715
-1.34 -0.545
-1.24 -0.55
-1.37 -0.65
-1.44 -0.565
-1.1 -0.335
-1.21 -0.25
-1.24 -0.25
-1.25 -0.21
-1.22 0.01
-1.26 -0.115
-1.21 -0.14
-1.27 -0.38
-1.39 -0.415
-1.27 -0.32
-1.42 -0.555
-1.25 -0.6
-1.4 -0.71
-1.07 -0.445
-1.22 -0.4
-1.27 -0.555
-1.35 -0.635
-1.28 -0.57
-1.33 -0.5
-1.34 -0.525
-1.26 -0.64
-1.5 -0.795
-1.58 -0.795
-1.38 -0.715
-1.29 -0.735
-1.59 -0.86
-1.73 -0.905
-1.47 -0.73
-1.39 -0.76
-1.36 -0.76
-1.32 -0.685
-1.44 -0.795
-1.67 -0.875
-1.29 -0.635
-1.19 -0.41
-1.43 -0.73
-1.6 -0.815
-1.38 -0.695
-1.54 -0.775
-1.45 -0.77
-1.35 -0.67
-1.5 -0.805
-1.49 -0.775
-1.72 -0.9
-1.44 -0.755
-1.77 -0.93
-1.48 -0.775
-1.39 -0.745
-1.43 -0.775
-1.56 -0.82
-1.37 -0.555
-1.65 -0.75
-1.59 -0.72
-1.36 -0.745
-1.31 -0.725
-1.57 -0.87
-1.66 -0.89
-1.7 -0.89
-1.51 -0.84
-1.56 -0.82
-1.51 -0.805
-1.45 -0.795
-1.39 -0.72
-1.64 -0.855
-1.54 -0.78
-1.56 -0.815
-1.53 -0.805
-1.64 -0.84
-1.52 -0.83
-1.43 -0.775
-1.51 -0.815
-1.56 -0.85
-1.45 -0.795
-1.61 -0.855
-1.15 -0.6
-1.38 -0.73
-1.45 -0.765
-1.53 -0.82
-1.56 -0.84
-1.58 -0.835
-1.52 -0.66
-1.53 -0.82
-1.33 -0.625
-1.36 -0.69
-1.53 -0.74
-1.56 -0.775
-1.47 -0.765
-1.65 -0.845
-1.3 -0.515
-1.29 -0.37
-1.13 -0.13
-1.17 0.065
-1.12 0.07
-1.17 0.13
-1.16 0.1
-1.35 0.54
-1.46 0.54
-1.41 0.625
-1.51 0.705
-1.21 0.65
-1.49 0.765
-1.43 0.79
-1.37 0.715
-1.46 0.695
-1.4 0.705
-1.65 0.875
-1.55 0.75
-1.29 0.56
-1.55 0.545
-1.38 0.535
-1.5 0.675
-1.37 0.675
-1.25 0.375
-1.35 0.59
-1.43 0.445
-1.27 0.565
-1.56 0.785
-1.28 0.72
-1.55 0.875
-1.6 0.87
-1.51 0.805
-1.5 0.705
-1.31 0.58
-1.15 0.46
-1.28 0.03
-1.13 -0.095
-1.08 -0.115
-1.21 -0.28
-1.31 -0.18
-1.2 -0.17
-1.3 -0.06
-1.33 0.04
-1.34 0.21
-1.33 0.285
-1.31 -0.065
-1.29 -0.22
-1.33 -0.195
-1.19 -0.205
-1.07 -0.01
-1.19 -0.05
-1.36 -0.195
-1.21 -0.185
-1.22 -0.525
-1.4 -0.54
-1.41 -0.595
-1.28 -0.36
-1.34 -0.405
-1.42 -0.47
-1.36 -0.315
-1.23 -0.36
-1.28 -0.255
-1.17 -0.195
-1.15 -0.06
-1.32 0.195
-1.17 0.225
-1.27 0.145
-1.3 0.33
-1.3 0.47
-1.39 0.28
-1.08 0.11
-1.09 0.3
-1.38 0.52
-1.25 0.605
-1.43 0.76
-1.47 0.745
-1.53 0.83
-1.49 0.8
-1.52 0.74
-1.57 0.83
-1.59 0.795
-1.59 0.72
-1.55 0.825
-1.66 0.9
-1.52 0.815
-1.46 0.805
-1.53 0.825
-1.6 0.845
-1.48 0.755
-1.62 0.785
-1.59 0.87
-1.55 0.855
-1.44 0.75
-1.42 0.75
-1.57 0.83
-1.65 0.88
-1.54 0.785
-1.54 0.79
-1.6 0.87
-1.72 0.905
-1.6 0.87
-1.64 0.88
-1.42 0.78
-1.62 0.765
-1.53 0.745
-1.58 0.815
-1.34 0.665
-1.37 0.62
-1.47 0.725
-1.48 0.79
-1.33 0.725
-1.64 0.875
-1.54 0.825
-1.39 0.62
-1.5 0.58
-1.3 0.51
-1.35 0.54
-1.4 0.64
-1.38 0.65
-1.34 0.67
-1.38 0.625
-1.42 0.64
-1.28 0.57
-1.32 0.525
-1.25 0.59
-1.19 0.48
-1.32 0.625
-1.48 0.755
-1.58 0.865
-1.36 0.69
-1.39 0.79
-1.31 0.725
-1.51 0.82
-1.39 0.665
-1.69 0.845
-1.56 0.845
-1.51 0.835
-1.44 0.755
-1.34 0.69
-1.4 0.77
-1.64 0.885
-1.54 0.79
-1.7 0.915
-1.62 0.88
-1.55 0.86
-1.59 0.855
-1.51 0.81
-1.55 0.84
-1.59 0.87
-1.57 0.825
-1.58 0.835
-1.38 0.795
-1.69 0.9
-1.68 0.895
-1.51 0.725
-1.3 0.48
-1.3 0.505
-1.11 0.37
-1.31 0.595
-1.62 0.76
-1.44 0.74
-1.38 0.59
-1.42 0.6
-1.53 0.815
-1.49 0.785
-1.32 0.575
-1.32 0.56
-1.21 0.495
-1.23 0.66
-1.35 0.715
-1.54 0.715
-1.37 0.655
-1.67 0.87
-1.24 0.62
-1.59 0.855
-1.39 0.735
-1.51 0.835
-1.46 0.83
-1.63 0.85
-1.71 0.915
-1.66 0.88
-1.5 0.81
-1.31 0.605
-1.27 0.575
-1.19 0.485
-1.23 0.43
-1.42 0.66
-1.41 0.715
-1.33 0.52
-1.3 0.505
-1.34 0.49
-1.27 0.45
-1.19 0.425
-1.48 0.68
-1.41 0.67
-1.31 0.58
-1.29 0.535
-1.34 0.4
-1.15 0.455
-1.19 0.495
-1.5 0.745
-1.18 0.52
-1.43 0.755
-1.31 0.69
-1.43 0.745
-1.51 0.82
-1.63 0.86
-1.37 0.805
-1.31 0.725
-1.75 0.925
-1.46 0.735
-1.55 0.75
-1.52 0.825
-1.65 0.875
-1.65 0.9
-1.47 0.825
-1.26 0.605
