-1.87 0.965
-1.49 0.735
-1.65 0.82
-1.47 0.805
-1.54 0.825
-1.66 0.84
-1.52 0.83
-1.49 0.76
-1.72 0.915
-1.7 0.88
-1.62 0.875
-1.68 0.845
-1.54 0.845
-1.68 0.875
-1.53 0.78
-1.71 0.91
-1.64 0.88
-1.75 0.9
-1.43 0.685
-1.65 0.86
-1.62 0.86
-1.6 0.82
-1.63 0.885
-1.6 0.805
-1.5 0.82
-1.48 0.735
-1.53 0.85
-1.57 0.86
-1.75 0.91
-1.68 0.895
-1.59 0.875
-1.71 0.87
-1.64 0.85
-1.61 0.85
-1.58 0.84
-1.59 0.87
-1.58 0.83
-1.69 0.91
-1.73 0.9
-1.45 0.81
-1.58 0.855
-1.68 0.86
-1.45 0.8
-1.47 0.785
-1.4 0.7
-1.58 0.86
-1.66 0.89
-1.57 0.845
-1.6 0.875
-1.54 0.81
-1.66 0.83
-1.67 0.865
-1.46 0.805
-1.61 0.84
-1.54 0.805
-1.76 0.93
-1.58 0.83
-1.3 0.705
-1.66 0.89
-1.52 0.815
-1.47 0.795
-1.65 0.84
-1.52 0.835
-1.45 0.75
-1.56 0.8
-1.67 0.88
-1.38 0.715
-1.5 0.745
-1.75 0.925
-1.61 0.855
-1.68 0.9
-1.66 0.9
-1.57 0.795
-1.38 0.7
-1.48 0.735
-1.71 0.925
-1.47 0.8
-1.47 0.695
-1.61 0.78
-1.47 0.715
-1.34 0.675
-1.57 0.85
-1.45 0.815
-1.61 0.87
-1.71 0.905
-1.75 0.925
-1.6 0.865
-1.55 0.76
-1.69 0.865
-1.45 0.76
-1.52 0.85
-1.57 0.84
-1.57 0.88
-1.64 0.88
-1.64 0.865
-1.48 0.805
-1.59 0.845
-1.26 0.685
-1.55 0.855
-1.6 0.885
-1.74 0.925
-1.63 0.855
-1.55 0.76
-1.63 0.865
-1.62 0.855
-1.77 0.935
-1.65 0.88
-1.63 0.835
-1.54 0.795
-1.55 0.825
-1.56 0.825
-1.58 0.83
-1.48 0.795
-1.74 0.9
-1.51 0.83
-1.65 0.88
-1.61 0.895
-1.61 0.85
-1.7 0.905
-1.7 0.915
-1.71 0.905
-1.6 0.86
-1.69 0.895
-1.57 0.84
-1.67 0.88
-1.56 0.86
-1.73 0.915
-1.65 0.895
-1.68 0.9
-1.69 0.915
-1.59 0.86
-1.33 0.665
-1.53 0.845
-1.72 0.925
-1.32 0.615
-1.48 0.75
-1.74 0.905
-1.42 0.8
-1.36 0.745
-1.77 0.92
-1.57 0.865
-1.7 0.915
-1.63 0.86
-1.56 0.835
-1.68 0.89
-1.7 0.89
-1.47 0.825
-1.7 0.885
-1.47 0.76
-1.24 0.62
-1.62 0.835
-1.46 0.675
-1.58 0.78
-1.65 0.875
-1.4 0.77
-1.79 0.92
-1.72 0.91
-1.82 0.945
-1.73 0.895
-1.63 0.86
-1.71 0.895
-1.44 0.765
-1.55 0.755
-1.62 0.79
-1.41 0.74
-1.56 0.865
-1.35 0.75
-1.4 0.66
-1.31 0.675
-1.39 0.685
-1.38 0.58
-1.13 0.505
-1.37 0.45
-1.17 0.415
-1.28 0.35
-1.14 0.265
-1.11 0.275
-1.31 0.115
-1.34 0.43
-1.41 0.625
-1.31 0.535
-1.47 0.755
-1.54 0.785
-1.6 0.865
-1.62 0.775
-1.63 0.9
-1.59 0.835
-1.62 0.87
-1.62 0.875
-1.42 0.745
-1.55 0.87
-1.56 0.8
-1.68 0.89
-1.69 0.905
-1.63 0.885
-1.6 0.88
-1.66 0.885
-1.41 0.785
-1.69 0.91
-1.6 0.86
-1.56 0.815
-1.54 0.805
-1.55 0.765
-1.7 0.89
-1.72 0.92
-1.76 0.92
-1.56 0.835
-1.69 0.905
-1.6 0.835
-1.7 0.9
-1.5 0.845
-1.57 0.765
-1.74 0.93
-1.6 0.86
-1.35 0.525
-1.48 0.765
-1.63 0.745
-1.33 0.695
-1.63 0.89
-1.64 0.89
-1.5 0.82
-1.55 0.755
-1.62 0.865
-1.75 0.915
-1.64 0.855
-1.55 0.77
-1.55 0.82
-1.6 0.81
-1.5 0.805
-1.54 0.835
-1.6 0.835
-1.67 0.88
-1.39 0.755
-1.47 0.8
-1.57 0.845
-1.43 0.775
-1.45 0.815
-1.43 0.73
-1.52 0.815
-1.65 0.875
-1.58 0.865
-1.55 0.87
-1.71 0.91
-1.58 0.81
-1.33 0.645
-1.25 0.6
-1.44 0.715
-1.49 0.78
-1.7 0.905
-1.58 0.85
-1.66 0.9
-1.29 0.695
-1.53 0.8
-1.47 0.76
-1.55 0.835
-1.61 0.84
-1.67 0.885
-1.63 0.875
-1.64 0.88
-1.7 0.905
-1.56 0.825
-1.39 0.77
-1.6 0.85
-1.41 0.79
-1.63 0.87
-1.47 0.8
-1.41 0.74
-1.6 0.815
-1.51 0.74
-1.71 0.86
-1.5 0.775
-1.66 0.835
-1.42 0.71
-1.3 0.575
-1.52 0.64
-1.44 0.68
-1.19 0.505
-1.44 0.535
-1.28 0.625
-1.49 0.74
-1.53 0.77
-1.75 0.915
-1.29 0.71
-1.57 0.84
-1.72 0.92
-1.6 0.8
-1.62 0.825
-1.49 0.68
-1.43 0.765
-1.51 0.775
-1.55 0.76
-1.38 0.65
-1.25 0.655
-1.55 0.855
-1.58 0.865
-1.67 0.89
-1.47 0.78
-1.42 0.605
-1.15 0.545
-1.37 0.63
-1.62 0.83
-1.67 0.89
-1.74 0.905
-1.78 0.94
-1.57 0.825
-1.56 0.855
-1.43 0.75
-1.58 0.805
-1.49 0.765
-1.41 0.68
-1.48 0.745
-1.46 0.75
-1.53 0.765
-1.58 0.775
-1.48 0.705
-1.45 0.795
-1.47 0.775
-1.49 0.83
-1.69 0.9
-1.72 0.915
-1.63 0.855
-1.68 0.855
-1.65 0.885
-1.86 0.965
-1.59 0.85
-1.64 0.865
-1.56 0.755
-1.4 0.66
-1.48 0.62
-1.3 0.575
-1.41 0.56
-1.12 0.415
-1.25 0.27
-1.32 0.6
-1.52 0.745
-1.36 0.605
-1.55 0.745
-1.64 0.88
-1.56 0.82
-1.63 0.865
-1.66 0.88
-1.67 0.9
-1.65 0.885
-1.52 0.825
-1.38 0.775
-1.63 0.885
-1.53 0.83
-1.52 0.81
-1.7 0.895
-1.51 0.82
-1.55 0.825
-1.76 0.92
-1.77 0.89
-1.63 0.815
-1.67 0.875
-1.59 0.8
-1.44 0.75
-1.58 0.86
-1.59 0.81
-1.5 0.83
-1.51 0.795
-1.77 0.88
-1.73 0.91
-1.73 0.9
-1.66 0.815
-1.48 0.77
-1.57 0.84
-1.56 0.865
-1.42 0.78
-1.47 0.76
-1.35 0.695
-1.65 0.845
-1.69 0.895
-1.39 0.665
-1.52 0.825
-1.69 0.88
-1.71 0.9
-1.41 0.695
-1.43 0.65
-1.37 0.635
-1.69 0.885
-1.65 0.865
-1.51 0.76
-1.39 0.775
-1.63 0.875
-1.66 0.89
-1.63 0.845
-1.6 0.865
-1.6 0.855
-1.55 0.78
-1.51 0.6
-1.34 0.735
-1.23 0.575
-1.34 0.69
-1.24 0.615
-1.57 0.79
-1.5 0.62
-1.37 0.625
-1.24 0.61
-1.36 0.64
-1.44 0.63
-1.54 0.725
-1.36 0.665
-1.46 0.73
-1.52 0.76
-1.57 0.84
-1.46 0.71
-1.55 0.765
-1.62 0.865
-1.48 0.745
-1.58 0.81
-1.78 0.9
-1.58 0.82
-1.49 0.74
-1.78 0.935
-1.46 0.745
-1.48 0.61
-1.39 0.45
-1.2 0.195
-1.28 0.325
-1.36 0.64
-1.63 0.745
-1.57 0.825
-1.58 0.865
-1.62 0.87
-1.51 0.78
-1.5 0.83
-1.58 0.86
-1.51 0.675
-1.53 0.805
-1.46 0.685
-1.45 0.745
-1.75 0.93
-1.52 0.835
-1.62 0.87
-1.59 0.78
-1.57 0.795
-1.57 0.73
-1.34 0.555
-1.51 0.73
-1.48 0.63
-1.3 0.55
-1.63 0.79
-1.63 0.83
-1.74 0.92
-1.63 0.835
-1.52 0.81
-1.65 0.875
-1.56 0.86
-1.46 0.775
-1.54 0.825
-1.79 0.945
-1.6 0.885
-1.45 0.68
-1.43 0.67
-1.39 0.545
-1.36 0.565
-1.46 0.66
-1.56 0.855
-1.61 0.87
-1.43 0.755
-1.74 0.915
-1.68 0.875
-1.73 0.875
-1.47 0.795
-1.64 0.875
-1.64 0.885
-1.56 0.805
-1.52 0.81
-1.66 0.88
-1.37 0.705
-1.45 0.76
-1.4 0.74
-1.49 0.785
-1.57 0.85
-1.64 0.885
-1.55 0.86
-1.59 0.875
-1.6 0.875
-1.46 0.76
-1.43 0.675
-1.37 0.61
-1.45 0.625
-1.45 0.685
-1.54 0.745
-1.52 0.75
-1.5 0.69
-1.45 0.77
-1.39 0.665
-1.62 0.825
-1.62 0.87
-1.41 0.825
-1.22 0.67
-1.19 0.435
-1.33 0.36
-1.42 0.305
-1.19 0.18
-1.41 0.29
-1.29 0.29
-1.22 0.21
-1.27 0.45
-1.18 0.095
-1.1 0.415
-1.36 0.54
-1.52 0.79
-1.7 0.895
-1.51 0.795
-1.42 0.675
-1.34 0.53
-1.36 0.625
-1.61 0.75
-1.62 0.82
-1.66 0.895
-1.66 0.885
-1.52 0.79
-1.54 0.835
-1.6 0.87
-1.72 0.91
-1.69 0.905
-1.53 0.765
-1.49 0.805
-1.59 0.765
-1.62 0.865
-1.46 0.745
-1.59 0.815
-1.6 0.87
-1.73 0.885
-1.65 0.875
-1.57 0.85
-1.73 0.905
-1.58 0.86
-1.52 0.785
-1.44 0.67
-1.54 0.81
-1.62 0.805
-1.58 0.83
-1.56 0.855
-1.41 0.755
-1.67 0.885
-1.61 0.86
-1.52 0.845
-1.67 0.915
-1.71 0.9
-1.69 0.9
-1.58 0.845
-1.43 0.755
-1.62 0.86
-1.47 0.805
-1.61 0.88
-1.81 0.95
-1.68 0.895
-1.64 0.87
-1.78 0.945
-1.46 0.785
-1.45 0.65
-1.56 0.825
-1.49 0.795
-1.64 0.885
-1.38 0.755
-1.74 0.925
-1.52 0.765
-1.62 0.89
-1.54 0.795
-1.39 0.71
-1.4 0.755
-1.56 0.82
-1.63 0.89
-1.32 0.65
-1.62 0.87
-1.64 0.885
-1.59 0.87
-1.57 0.82
-1.71 0.89
-1.6 0.86
-1.37 0.695
-1.37 0.69
-1.66 0.84
-1.49 0.755
-1.57 0.765
-1.56 0.685
-1.47 0.735
-1.44 0.735
-1.42 0.755
-1.5 0.78
-1.76 0.935
-1.46 0.775
-1.42 0.67
-1.33 0.53
-1.28 0.385
-1.14 0.24
-1.35 0.53
-1.28 0.345
-1.44 0.495
-1.32 0.38
-1.27 0.18
-1.25 0.395
-1.28 0.46
-1.13 0.335
-1.23 0.295
-1.39 0.36
-1.46 0.56
-1.4 0.53
-1.4 0.465
-1.51 0.68
-1.42 0.61
-1.4 0.585
-1.49 0.69
-1.39 0.675
-1.45 0.645
-1.51 0.815
-1.53 0.805
-1.59 0.845
-1.48 0.795
-1.71 0.9
-1.65 0.895
-1.55 0.83
-1.5 0.76
-1.64 0.865
-1.6 0.89
-1.64 0.835
-1.63 0.825
-1.61 0.77
-1.49 0.7
-1.58 0.83
-1.41 0.77
-1.46 0.82
-1.47 0.75
-1.62 0.865
-1.55 0.83
-1.63 0.86
-1.45 0.77
-1.58 0.855
-1.84 0.945
-1.55 0.845
-1.57 0.83
-1.59 0.83
-1.7 0.805
-1.54 0.825
-1.73 0.91
-1.71 0.87
-1.73 0.915
-1.73 0.915
-1.66 0.89
-1.72 0.92
-1.56 0.81
-1.62 0.84
-1.42 0.725
-1.68 0.83
-1.61 0.815
-1.8 0.94
-1.65 0.87
-1.59 0.865
-1.57 0.74
-1.57 0.795
-1.51 0.835
-1.53 0.795
-1.62 0.855
-1.46 0.77
-1.44 0.795
-1.69 0.9
-1.65 0.85
-1.46 0.72
-1.54 0.735
-1.52 0.825
-1.65 0.885
-1.58 0.795
-1.49 0.8
-1.45 0.775
-1.52 0.8
-1.56 0.845
-1.62 0.845
-1.71 0.875
-1.51 0.76
-1.59 0.82
-1.47 0.83
-1.62 0.85
-1.4 0.73
-1.76 0.925
-1.57 0.855
-1.54 0.835
-1.64 0.865
-1.64 0.875
-1.56 0.83
-1.42 0.765
-1.46 0.775
-1.53 0.75
-1.43 0.655
-1.25 0.525
-1.37 0.6
-1.58 0.84
-1.54 0.75
-1.64 0.825
-1.51 0.75
-1.63 0.79
-1.55 0.825
-1.66 0.88
-1.69 0.895
-1.72 0.885
-1.35 0.62
-1.58 0.8
-1.33 0.63
-1.47 0.715
-1.59 0.74
-1.5 0.725
-1.54 0.775
-1.46 0.7
-1.23 0.485
-1.28 0.29
-1.17 0.355
-1.34 0.545
-1.17 0.52
-1.53 0.795
-1.49 0.73
-1.23 0.54
-1.38 0.495
-1.32 0.485
-1.35 0.57
-1.64 0.815
-1.45 0.705
-1.69 0.885
-1.59 0.85
-1.51 0.825
-1.7 0.905
-1.58 0.87
-1.62 0.82
-1.67 0.9
-1.56 0.855
-1.58 0.845
-1.53 0.765
-1.54 0.84
-1.41 0.795
-1.53 0.825
-1.74 0.925
-1.64 0.85
-1.65 0.85
-1.56 0.825
-1.55 0.76
-1.64 0.89
-1.59 0.84
-1.69 0.895
-1.67 0.89
-1.44 0.685
-1.47 0.66
-1.5 0.745
-1.47 0.72
-1.44 0.755
-1.55 0.83
-1.68 0.885
-1.62 0.855
-1.61 0.85
-1.6 0.855
-1.59 0.845
-1.57 0.825
-1.65 0.895
-1.53 0.83
-1.59 0.825
-1.65 0.85
-1.52 0.765
-1.35 0.725
-1.3 0.665
-1.54 0.755
-1.55 0.815
-1.58 0.835
-1.51 0.815
-1.56 0.87
-1.5 0.76
-1.39 0.73
-1.29 0.615
-1.57 0.785
-1.48 0.845
-1.54 0.815
-1.62 0.845
-1.4 0.72
-1.6 0.84
-1.58 0.83
-1.67 0.905
-1.4 0.64
-1.47 0.73
-1.48 0.795
-1.64 0.79
-1.69 0.875
-1.55 0.775
-1.52 0.775
-1.46 0.79
-1.63 0.88
-1.6 0.835
-1.86 0.96
-1.56 0.875
-1.53 0.85
-1.69 0.85
-1.56 0.855
-1.51 0.81
-1.47 0.795
-1.52 0.805
-1.61 0.875
-1.58 0.805
-1.6 0.83
-1.57 0.85
-1.73 0.92
-1.69 0.91
-1.71 0.87
-1.52 0.815
-1.51 0.83
-1.43 0.74
-1.55 0.78
-1.6 0.865
-1.61 0.87
-1.45 0.77
-1.55 0.8
-1.37 0.73
-1.63 0.865
-1.36 0.74
-1.4 0.705
-1.72 0.915
-1.69 0.88
-1.57 0.84
-1.65 0.88
-1.37 0.695
-1.65 0.875
-1.6 0.84
-1.63 0.86
-1.48 0.72
-1.48 0.78
-1.47 0.75
-1.71 0.85
-1.43 0.765
-1.58 0.86
-1.49 0.81
-1.5 0.815
-1.66 0.895
-1.66 0.865
-1.7 0.895
-1.72 0.92
-1.58 0.84
-1.71 0.915
-1.61 0.87
-1.58 0.85
-1.64 0.88
-1.53 0.815
-1.59 0.84
-1.53 0.78
-1.56 0.845
-1.74 0.91
-1.59 0.83
-1.58 0.845
-1.78 0.94
-1.62 0.875
-1.68 0.885
-1.66 0.9
-1.58 0.84
-1.33 0.69
-1.7 0.84
-1.34 0.695
-1.65 0.895
-1.55 0.83
-1.59 0.855
-1.36 0.635
-1.55 0.73
-1.5 0.75
-1.47 0.74
-1.37 0.72
-1.39 0.705
-1.74 0.915
-1.64 0.85
-1.67 0.9
-1.64 0.885
-1.61 0.8
-1.71 0.9
-1.6 0.81
-1.45 0.83
-1.65 0.88
-1.48 0.84
-1.49 0.835
-1.62 0.845
-1.58 0.86
-1.6 0.86
-1.61 0.835
-1.6 0.855
-1.61 0.825
-1.52 0.815
-1.63 0.875
-1.53 0.81
-1.52 0.785
-1.61 0.83
-1.77 0.925
-1.65 0.88
-1.82 0.95
-1.61 0.855
-1.68 0.905
-1.47 0.84
-1.65 0.885
-1.38 0.795
-1.47 0.84
-1.55 0.805
-1.55 0.81
-1.59 0.875
-1.63 0.89
-1.65 0.885
-1.69 0.885
-1.46 0.725
-1.5 0.715
-1.66 0.86
-1.5 0.76
-1.6 0.84
-1.54 0.795
-1.57 0.855
-1.65 0.89
-1.59 0.86
-1.68 0.905
-1.55 0.855
-1.5 0.75
-1.44 0.745
-1.42 0.72
-1.58 0.815
-1.51 0.715
-1.69 0.88
-1.65 0.86
-1.65 0.88
-1.68 0.9
-1.5 0.82
-1.51 0.815
-1.58 0.855
-1.6 0.825
-1.6 0.785
-1.43 0.71
-1.58 0.83
-1.58 0.86
-1.74 0.91
-1.63 0.87
-1.55 0.835
-1.51 0.835
-1.63 0.855
-1.59 0.855
-1.71 0.91
-1.61 0.83
-1.41 0.635
-1.57 0.57
-1.44 0.64
-1.45 0.71
-1.4 0.8
-1.64 0.815
-1.58 0.835
-1.58 0.795
-1.61 0.815
-1.56 0.815
-1.49 0.755
-1.27 0.625
-1.38 0.695
-1.44 0.715
-1.62 0.805
-1.75 0.87
-1.64 0.885
-1.57 0.825
-1.49 0.7
-1.55 0.755
-1.43 0.745
-1.52 0.83
-1.64 0.89
-1.61 0.825
-1.56 0.775
-1.55 0.825
-1.68 0.885
-1.63 0.855
-1.52 0.8
-1.55 0.83
-1.6 0.88
-1.71 0.915
-1.61 0.84
-1.64 0.875
-1.8 0.94
-1.7 0.92
-1.71 0.9
-1.73 0.92
-1.69 0.9
-1.47 0.765
-1.55 0.82
-1.51 0.805
-1.5 0.8
-1.63 0.875
-1.66 0.88
-1.45 0.74
-1.6 0.785
-1.5 0.75
-1.51 0.725
-1.43 0.64
-1.5 0.8
-1.67 0.885
-1.69 0.845
-1.64 0.825
-1.42 0.805
-1.56 0.855
-1.64 0.86
-1.55 0.835
-1.56 0.855
-1.67 0.9
-1.53 0.845
-1.67 0.895
-1.67 0.895
-1.56 0.865
-1.65 0.89
-1.45 0.74
-1.56 0.83
-1.66 0.885
-1.62 0.855
-1.66 0.88
-1.67 0.865
-1.47 0.825
-1.48 0.8
-1.69 0.91
-1.8 0.945
-1.73 0.905
-1.62 0.88
-1.51 0.795
-1.5 0.805
-1.7 0.87
-1.67 0.85
-1.36 0.72
-1.75 0.89
-1.56 0.8
-1.63 0.845
-1.59 0.835
-1.58 0.85
-1.75 0.925
-1.62 0.875
-1.68 0.905
-1.59 0.835
-1.69 0.87
-1.3 0.645
-1.63 0.815
-1.63 0.86
-1.42 0.78
-1.46 0.78
-1.56 0.82
-1.73 0.915
-1.57 0.85
-1.57 0.845
-1.56 0.825
-1.64 0.865
-1.72 0.88
-1.71 0.895
-1.44 0.75
-1.47 0.79
-1.45 0.75
-1.47 0.74
-1.59 0.83
-1.67 0.89
-1.44 0.78
-1.58 0.85
-1.56 0.865
-1.49 0.785
-1.21 0.455
-1.32 0.44
-1.11 0.365
-1.16 0.345
-1.51 0.35
-1.24 0.25
-1.48 0.205
-1.43 0.375
-1.22 0.28
-1.21 0.225
-1.29 0.135
-1.22 0.035
-1.4 0
-1.15 0.035
-1.19 0.27
-1.37 0.445
-1.29 0.54
-1.53 0.71
-1.42 0.785
-1.61 0.88
-1.66 0.905
-1.72 0.91
-1.65 0.885
-1.61 0.885
-1.51 0.84
-1.55 0.79
-1.54 0.84
-1.49 0.815
-1.61 0.82
-1.58 0.855
-1.58 0.845
-1.69 0.9
-1.64 0.83
-1.45 0.745
-1.33 0.68
-1.35 0.545
-1.43 0.685
-1.47 0.765
-1.64 0.82
-1.69 0.895
-1.51 0.825
-1.56 0.85
-1.75 0.92
-1.38 0.785
-1.44 0.75
-1.44 0.79
-1.61 0.855
-1.59 0.87
-1.65 0.86
-1.66 0.88
-1.65 0.895
-1.73 0.895
-1.65 0.87
-1.8 0.94
-1.46 0.795
-1.56 0.845
-1.65 0.875
-1.4 0.8
-1.76 0.935
-1.65 0.875
-1.65 0.895
-1.66 0.865
-1.5 0.78
-1.38 0.65
-1.45 0.705
-1.48 0.81
-1.61 0.875
-1.46 0.775
-1.43 0.565
-1.44 0.68
-1.77 0.935
-1.81 0.95
-1.76 0.925
-1.7 0.905
-1.66 0.885
-1.58 0.78
-1.5 0.665
-1.43 0.645
-1.4 0.77
-1.66 0.88
-1.67 0.875
-1.74 0.915
-1.62 0.865
-1.55 0.84
-1.51 0.79
-1.64 0.875
-1.58 0.83
-1.33 0.65
-1.65 0.855
-1.59 0.85
-1.43 0.695
-1.55 0.675
-1.47 0.65
-1.47 0.635
-1.48 0.66
-1.3 0.59
-1.27 0.51
-1.34 0.655
-1.56 0.74
-1.41 0.535
-1.53 0.655
-1.62 0.69
-1.47 0.695
-1.57 0.8
-1.57 0.855
-1.62 0.875
-1.52 0.805
-1.5 0.825
-1.75 0.93
-1.6 0.84
-1.7 0.9
-1.46 0.785
-1.56 0.845
-1.54 0.825
-1.69 0.91
-1.71 0.905
-1.45 0.785
-1.65 0.89
-1.64 0.865
-1.6 0.86
-1.62 0.875
-1.48 0.775
-1.49 0.645
-1.35 0.64
-1.68 0.875
-1.63 0.875
-1.57 0.81
-1.65 0.865
-1.63 0.895
-1.77 0.935
-1.7 0.9
-1.34 0.74
-1.63 0.865
-1.61 0.88
-1.71 0.89
-1.66 0.8
-1.39 0.61
-1.46 0.58
-1.46 0.815
-1.5 0.81
-1.6 0.865
-1.59 0.88
-1.62 0.85
-1.65 0.86
-1.54 0.84
-1.6 0.845
-1.54 0.86
-1.34 0.76
-1.45 0.815
-1.7 0.9
-1.69 0.905
-1.4 0.79
-1.47 0.805
-1.67 0.885
-1.54 0.815
-1.56 0.765
-1.42 0.765
-1.58 0.84
-1.62 0.875
-1.68 0.9
-1.42 0.74
-1.59 0.8
-1.46 0.745
-1.58 0.885
-1.58 0.82
-1.62 0.845
-1.57 0.835
-1.6 0.865
-1.38 0.785
-1.27 0.625
-1.49 0.73
-1.65 0.83
-1.69 0.905
-1.62 0.875
-1.65 0.87
-1.6 0.745
-1.42 0.69
-1.35 0.72
-1.52 0.81
-1.65 0.885
-1.67 0.885
-1.57 0.835
-1.68 0.885
-1.7 0.89
-1.7 0.885
-1.65 0.875
-1.44 0.76
-1.44 0.75
-1.59 0.845
-1.71 0.9
-1.63 0.86
-1.64 0.865
-1.52 0.71
-1.55 0.75
-1.49 0.745
-1.74 0.895
-1.67 0.89
-1.58 0.875
-1.45 0.82
-1.62 0.865
-1.44 0.685
-1.59 0.795
-1.71 0.855
-1.7 0.875
-1.74 0.92
-1.68 0.885
-1.47 0.74
-1.3 0.67
-1.5 0.79
-1.67 0.9
-1.37 0.73
-1.7 0.91
-1.77 0.925
-1.62 0.85
-1.53 0.8
-1.55 0.805
-1.64 0.86
-1.29 0.645
-1.59 0.83
-1.63 0.885
-1.59 0.875
-1.71 0.92
-1.63 0.875
-1.78 0.935
-1.77 0.93
-1.5 0.79
-1.53 0.835
-1.69 0.885
-1.74 0.905
-1.54 0.83
-1.58 0.825
-1.51 0.84
-1.59 0.86
-1.51 0.795
-1.7 0.89
-1.54 0.845
-1.75 0.925
-1.58 0.865
-1.57 0.825
-1.68 0.885
-1.59 0.86
-1.56 0.82
-1.43 0.82
-1.59 0.83
-1.58 0.83
-1.68 0.845
-1.65 0.865
-1.64 0.885
-1.58 0.845
-1.61 0.89
-1.78 0.925
-1.64 0.85
-1.58 0.855
-1.56 0.85
-1.6 0.88
-1.61 0.86
-1.67 0.875
-1.66 0.895
-1.61 0.835
-1.75 0.91
-1.56 0.845
-1.52 0.815
-1.59 0.83
-1.44 0.7
-1.49 0.71
-1.54 0.795
-1.55 0.815
-1.28 0.495
-1.44 0.655
-1.55 0.74
-1.51 0.77
-1.65 0.87
-1.5 0.765
-1.64 0.745
-1.57 0.785
-1.55 0.86
-1.4 0.755
-1.48 0.72
-1.49 0.715
-1.28 0.535
-1.5 0.71
-1.6 0.77
-1.44 0.74
-1.68 0.885
-1.66 0.88
-1.84 0.95
-1.51 0.815
-1.61 0.835
-1.67 0.88
-1.67 0.9
-1.65 0.9
-1.59 0.865
-1.51 0.835
-1.54 0.845
-1.6 0.86
-1.75 0.92
-1.64 0.89
-1.57 0.845
-1.55 0.85
-1.62 0.89
-1.56 0.875
-1.46 0.77
-1.52 0.78
-1.63 0.87
-1.8 0.945
-1.58 0.86
-1.35 0.715
-1.45 0.545
-1.36 0.52
-1.29 0.375
-1.35 0.34
-1.48 0.53
-1.45 0.53
-1.38 0.475
-1.28 0.385
-1.25 0.3
-1.36 0.52
-1.38 0.425
-1.34 0.65
-1.56 0.83
-1.58 0.85
-1.67 0.855
-1.7 0.915
-1.72 0.89
-1.47 0.8
-1.61 0.86
-1.79 0.945
-1.63 0.885
-1.7 0.89
-1.57 0.84
-1.51 0.835
-1.37 0.715
-1.34 0.7
-1.49 0.8
-1.46 0.745
-1.48 0.825
-1.51 0.815
-1.49 0.78
-1.58 0.825
-1.42 0.745
-1.3 0.46
-1.37 0.32
-1.49 0.51
-1.53 0.72
-1.56 0.645
-1.44 0.455
-1.49 0.575
-1.49 0.755
-1.18 0.455
-1.12 0.115
-1.13 0.185
-1.39 0.17
-1.36 0.34
-1.53 0.51
-1.43 0.215
-1.28 0.23
-1.39 0.325
-1.15 0.355
-1.33 0.29
-1.3 0.405
-1.28 0.555
-1.32 0.505
-1.35 0.455
-1.46 0.715
-1.59 0.8
-1.59 0.835
-1.39 0.72
-1.35 0.735
-1.31 0.645
-1.49 0.76
-1.54 0.83
-1.66 0.89
-1.65 0.875
-1.61 0.885
-1.66 0.9
-1.62 0.85
-1.61 0.865
-1.6 0.86
-1.58 0.86
-1.8 0.94
-1.32 0.6
-1.29 0.63
-1.22 0.385
-1.45 0.725
-1.71 0.9
-1.68 0.91
-1.69 0.865
-1.7 0.905
-1.47 0.815
-1.75 0.915
-1.57 0.835
-1.63 0.87
-1.55 0.785
-1.7 0.865
-1.56 0.845
-1.54 0.845
-1.52 0.84
-1.58 0.875
-1.69 0.89
-1.59 0.855
-1.51 0.795
-1.52 0.79
-1.43 0.735
-1.51 0.765
-1.43 0.78
-1.54 0.755
-1.43 0.74
-1.49 0.78
-1.76 0.93
-1.65 0.87
-1.5 0.8
-1.54 0.86
-1.4 0.675
-1.35 0.615
-1.51 0.785
-1.49 0.79
-1.52 0.82
-1.5 0.76
-1.46 0.735
-1.51 0.71
-1.39 0.705
-1.6 0.875
-1.32 0.69
-1.67 0.715
-1.48 0.61
-1.37 0.625
-1.45 0.685
-1.45 0.725
-1.6 0.875
-1.7 0.895
-1.62 0.875
-1.72 0.895
-1.57 0.795
-1.58 0.855
-1.61 0.855
-1.7 0.895
-1.7 0.91
-1.55 0.83
-1.37 0.735
-1.63 0.835
-1.52 0.77
-1.38 0.72
-1.48 0.785
-1.46 0.695
-1.28 0.735
-1.3 0.65
-1.48 0.77
-1.56 0.84
-1.74 0.915
-1.47 0.73
-1.5 0.83
-1.58 0.87
-1.61 0.84
-1.57 0.74
-1.56 0.71
-1.4 0.695
-1.32 0.655
-1.41 0.665
-1.76 0.925
-1.73 0.9
-1.53 0.825
-1.66 0.865
-1.59 0.86
-1.69 0.89
-1.62 0.85
-1.47 0.8
-1.57 0.855
-1.47 0.78
-1.75 0.92
-1.74 0.9
-1.53 0.8
-1.56 0.84
-1.62 0.87
-1.48 0.65
-1.51 0.815
-1.66 0.885
-1.53 0.82
-1.75 0.93
-1.69 0.905
-1.74 0.88
-1.4 0.73
-1.34 0.63
-1.42 0.755
-1.63 0.88
-1.49 0.785
-1.39 0.735
-1.6 0.865
-1.71 0.92
-1.75 0.93
-1.48 0.765
-1.63 0.775
-1.19 0.62
-1.56 0.745
-1.37 0.66
-1.63 0.875
-1.59 0.885
-1.69 0.9
-1.4 0.6
-1.34 0.48
-1.42 0.57
-1.46 0.735
-1.36 0.705
-1.56 0.83
-1.63 0.87
-1.45 0.725
-1.39 0.7
-1.68 0.855
-1.55 0.845
-1.67 0.91
-1.64 0.865
-1.69 0.91
-1.66 0.87
-1.7 0.91
-1.74 0.925
-1.61 0.855
-1.7 0.865
-1.58 0.835
-1.4 0.66
-1.44 0.62
-1.37 0.62
-1.46 0.77
-1.36 0.775
-1.4 0.745
-1.6 0.835
-1.68 0.875
-1.57 0.83
-1.74 0.93
-1.72 0.9
-1.64 0.855
-1.62 0.855
-1.66 0.895
-1.5 0.715
-1.52 0.79
-1.63 0.87
-1.63 0.875
-1.67 0.9
-1.49 0.825
-1.68 0.865
-1.45 0.77
-1.52 0.81
-1.36 0.795
-1.44 0.66
-1.63 0.82
-1.67 0.895
-1.74 0.925
-1.71 0.92
-1.73 0.915
-1.67 0.9
-1.57 0.835
-1.25 0.645
-1.46 0.805
-1.36 0.605
-1.35 0.725
-1.74 0.915
-1.68 0.895
-1.62 0.89
-1.7 0.91
-1.7 0.905
-1.64 0.865
-1.4 0.755
-1.63 0.835
-1.5 0.805
-1.48 0.805
-1.36 0.795
-1.57 0.87
-1.45 0.78
-1.33 0.71
-1.38 0.74
-1.56 0.8
-1.56 0.765
-1.64 0.825
-1.68 0.845
-1.62 0.8
-1.6 0.815
-1.63 0.885
-1.58 0.83
-1.6 0.835
-1.5 0.775
-1.51 0.78
-1.52 0.835
-1.56 0.855
-1.57 0.81
-1.46 0.77
-1.48 0.81
-1.78 0.94
-1.68 0.89
-1.63 0.86
-1.48 0.82
-1.57 0.8
-1.35 0.68
-1.49 0.735
-1.44 0.765
-1.55 0.68
-1.41 0.56
-1.46 0.565
-1.43 0.63
-1.5 0.68
-1.36 0.68
-1.5 0.81
-1.53 0.795
-1.66 0.86
-1.61 0.81
-1.48 0.825
-1.46 0.785
-1.51 0.775
-1.58 0.83
-1.76 0.82
-1.52 0.765
-1.48 0.815
-1.68 0.89
-1.66 0.875
-1.67 0.895
-1.46 0.77
-1.51 0.79
-1.53 0.775
-1.27 0.7
-1.55 0.74
-1.61 0.845
-1.51 0.8
-1.63 0.88
-1.67 0.88
-1.77 0.915
-1.77 0.9
-1.68 0.905
-1.58 0.83
-1.54 0.79
-1.6 0.875
-1.59 0.84
-1.57 0.82
-1.56 0.82
-1.39 0.765
-1.36 0.69
-1.34 0.635
-1.4 0.62
-1.47 0.62
-1.4 0.685
-1.34 0.65
-1.46 0.67
-1.52 0.745
-1.51 0.815
-1.66 0.89
-1.75 0.925
-1.48 0.805
-1.47 0.785
-1.44 0.8
-1.61 0.88
-1.52 0.815
-1.74 0.92
-1.3 0.735
-1.66 0.865
-1.68 0.905
-1.68 0.875
-1.6 0.855
-1.71 0.9
-1.53 0.795
-1.46 0.65
-1.6 0.84
-1.68 0.9
-1.46 0.8
-1.51 0.795
-1.56 0.81
-1.68 0.9
-1.49 0.82
-1.7 0.89
-1.66 0.885
-1.59 0.835
-1.47 0.81
-1.61 0.76
-1.71 0.89
-1.48 0.765
-1.48 0.73
-1.53 0.695
-1.53 0.785
-1.4 0.695
-1.57 0.755
-1.57 0.835
-1.54 0.825
-1.39 0.62
-1.53 0.535
-1.35 0.46
-1.23 0.34
-1.26 0.43
-1.41 0.49
-1.65 0.835
-1.43 0.745
-1.53 0.835
-1.64 0.88
-1.51 0.77
-1.48 0.69
-1.46 0.725
-1.36 0.715
-1.51 0.83
-1.73 0.905
-1.66 0.875
-1.57 0.825
-1.49 0.76
-1.73 0.905
-1.6 0.865
-1.56 0.8
-1.59 0.78
-1.56 0.825
-1.58 0.78
-1.43 0.705
-1.47 0.79
-1.52 0.81
-1.46 0.74
-1.68 0.91
-1.62 0.88
-1.54 0.835
-1.81 0.945
-1.67 0.88
-1.69 0.875
-1.55 0.805
-1.79 0.92
-1.69 0.88
-1.7 0.905
-1.71 0.92
-1.43 0.735
-1.68 0.89
-1.53 0.85
-1.53 0.855
-1.52 0.77
-1.46 0.725
-1.64 0.87
-1.64 0.885
-1.47 0.79
-1.57 0.86
-1.6 0.85
-1.41 0.745
-1.51 0.83
-1.66 0.86
-1.68 0.895
-1.61 0.855
-1.61 0.86
-1.58 0.855
-1.7 0.88
-1.6 0.87
-1.66 0.885
-1.52 0.825
-1.62 0.79
-1.34 0.58
-1.39 0.76
-1.57 0.85
-1.53 0.805
-1.27 0.68
-1.4 0.7
-1.7 0.915
-1.69 0.885
-1.6 0.865
-1.66 0.865
-1.62 0.865
-1.61 0.865
-1.59 0.86
-1.49 0.725
-1.61 0.735
-1.5 0.675
-1.44 0.665
-1.22 0.57
-1.48 0.68
-1.39 0.7
-1.39 0.76
-1.57 0.88
-1.6 0.84
-1.68 0.87
-1.52 0.79
-1.67 0.905
-1.52 0.755
-1.6 0.825
-1.5 0.82
-1.58 0.86
-1.71 0.9
-1.6 0.855
-1.45 0.805
-1.42 0.745
-1.43 0.68
-1.68 0.9
-1.76 0.915
-1.41 0.7
-1.35 0.555
-1.18 0.305
-1.3 0.325
-1.14 -0.01
-1.17 -0.14
-1.14 -0.205
-1.14 -0.145
-1.29 -0.27
-1.27 -0.225
-1.32 -0.16
-1.41 -0.1
-1.5 -0.095
-1.27 0.16
-1.16 0.105
-1.3 -0.37
-1.48 -0.28
-1.39 -0.355
-1.75 -0.855
-1.72 -0.91
-1.33 -0.76
-1.51 -0.8
-1.53 -0.855
-1.71 -0.915
-1.77 -0.93
-1.6 -0.88
-1.52 -0.805
-1.64 -0.895
-1.58 -0.84
-1.6 -0.845
-1.73 -0.92
-1.65 -0.85
-1.65 -0.875
-1.63 -0.84
-1.71 -0.865
-1.48 -0.805
-1.36 -0.735
-1.48 -0.775
-1.66 -0.895
-1.51 -0.82
-1.58 -0.855
-1.4 -0.77
-1.35 -0.765
-1.53 -0.79
-1.64 -0.885
-1.69 -0.91
-1.65 -0.875
-1.57 -0.81
-1.64 -0.805
-1.34 -0.63
-1.42 -0.775
-1.7 -0.91
-1.62 -0.815
-1.56 -0.84
-1.68 -0.875
-1.34 -0.625
-1.64 -0.825
-1.32 -0.47
-1.44 -0.55
-1.52 -0.72
-1.5 -0.7
-1.56 -0.805
-1.57 -0.81
-1.66 -0.86
-1.54 -0.86
-1.71 -0.91
-1.61 -0.875
-1.68 -0.9
-1.62 -0.875
-1.52 -0.825
-1.69 -0.905
-1.36 -0.725
-1.54 -0.775
-1.61 -0.84
-1.52 -0.795
-1.77 -0.925
-1.59 -0.82
-1.78 -0.93
-1.63 -0.86
-1.51 -0.785
-1.42 -0.725
-1.42 -0.685
-1.47 -0.77
-1.6 -0.87
-1.41 -0.79
-1.66 -0.895
-1.63 -0.875
-1.67 -0.9
-1.71 -0.89
-1.51 -0.78
-1.39 -0.655
-1.56 -0.78
-1.72 -0.9
-1.63 -0.875
-1.54 -0.815
-1.53 -0.86
-1.6 -0.87
-1.58 -0.84
-1.55 -0.81
-1.7 -0.865
-1.62 -0.825
-1.62 -0.875
-1.56 -0.825
-1.63 -0.88
-1.63 -0.875
-1.38 -0.705
-1.56 -0.83
-1.69 -0.905
-1.61 -0.815
-1.41 -0.755
-1.67 -0.86
-1.71 -0.895
-1.54 -0.795
-1.66 -0.86
-1.69 -0.905
-1.6 -0.85
-1.55 -0.845
-1.63 -0.785
-1.45 -0.755
-1.46 -0.795
-1.35 -0.64
-1.43 -0.64
-1.45 -0.685
-1.55 -0.68
-1.62 -0.795
-1.64 -0.85
-1.37 -0.67
-1.44 -0.72
-1.63 -0.82
-1.4 -0.67
-1.42 -0.72
-1.57 -0.87
-1.59 -0.855
-1.59 -0.87
-1.56 -0.805
-1.64 -0.86
-1.88 -0.97
-1.73 -0.92
-1.59 -0.77
-1.65 -0.885
-1.58 -0.835
-1.46 -0.805
-1.63 -0.885
-1.63 -0.86
-1.52 -0.775
-1.65 -0.84
-1.49 -0.785
-1.61 -0.84
-1.56 -0.825
-1.53 -0.82
-1.44 -0.76
-1.45 -0.69
-1.45 -0.57
-1.4 -0.395
-1.47 -0.57
-1.57 -0.67
-1.43 -0.69
-1.51 -0.68
-1.4 -0.72
-1.61 -0.63
-1.45 -0.73
-1.6 -0.785
-1.41 -0.71
-1.38 -0.6
-1.55 -0.83
-1.58 -0.86
-1.33 -0.68
-1.61 -0.855
-1.62 -0.855
-1.4 -0.625
-1.47 -0.615
-1.35 -0.54
-1.53 -0.7
-1.73 -0.9
-1.64 -0.88
-1.59 -0.86
-1.59 -0.875
-1.63 -0.865
-1.42 -0.695
-1.51 -0.79
-1.42 -0.74
-1.26 -0.635
-1.4 -0.685
-1.61 -0.85
-1.68 -0.875
-1.6 -0.85
-1.5 -0.825
-1.47 -0.8
-1.49 -0.81
-1.43 -0.67
-1.63 -0.62
-1.39 -0.64
-1.49 -0.765
-1.48 -0.82
-1.49 -0.77
-1.62 -0.775
-1.6 -0.86
-1.67 -0.9
-1.77 -0.935
-1.68 -0.9
-1.57 -0.865
-1.67 -0.9
-1.56 -0.81
-1.69 -0.895
-1.6 -0.865
-1.55 -0.845
-1.64 -0.87
-1.5 -0.84
-1.73 -0.92
-1.75 -0.92
-1.52 -0.8
-1.66 -0.85
-1.6 -0.865
-1.41 -0.775
-1.52 -0.765
-1.6 -0.81
-1.57 -0.86
-1.34 -0.685
-1.49 -0.795
-1.75 -0.92
-1.68 -0.88
-1.58 -0.825
-1.54 -0.84
-1.44 -0.775
-1.31 -0.72
-1.5 -0.83
-1.7 -0.885
-1.58 -0.81
-1.75 -0.925
-1.37 -0.695
-1.62 -0.84
-1.63 -0.875
-1.67 -0.9
-1.46 -0.83
-1.68 -0.88
-1.6 -0.855
-1.62 -0.865
-1.57 -0.85
-1.34 -0.73
-1.45 -0.725
-1.46 -0.725
-1.43 -0.755
-1.72 -0.92
-1.61 -0.815
-1.46 -0.63
-1.52 -0.585
-1.45 -0.705
-1.55 -0.85
-1.48 -0.755
-1.61 -0.83
-1.46 -0.725
-1.38 -0.66
-1.57 -0.83
-1.54 -0.81
-1.58 -0.865
-1.44 -0.77
-1.68 -0.88
-1.45 -0.8
-1.6 -0.85
-1.43 -0.815
-1.52 -0.825
-1.55 -0.825
-1.59 -0.805
-1.4 -0.815
-1.39 -0.78
-1.75 -0.925
-1.51 -0.73
-1.67 -0.885
-1.63 -0.88
-1.7 -0.885
-1.62 -0.875
-1.43 -0.815
-1.35 -0.685
