-1.3648 -0.6768
-1.264 -0.6088
-1.3184 -0.5936
-1.3536 -0.5328
-1.3472 -0.536
-1.2944 -0.4544
-1.2816 -0.4696
-1.1632 -0.4072
-1.2448 -0.408
-1.2192 -0.2488
-1.216 -0.3032
-1.2192 -0.32
-1.2016 -0.3384
-1.1664 -0.3352
-1.1872 -0.3176
-1.2192 -0.3104
-1.1408 -0.1672
-1.1904 -0.068
-1.1968 -0.1016
-1.2064 -0.1104
-1.2128 -0.0776
-1.192 -0.0024
-1.224 0.0808
-1.2192 0.1152
-1.2864 0.1232
-1.2256 0.0656
-1.2592 0.0624
-1.2496 0.0352
-1.2608 0.0448
-1.1296 0.1168
-1.1824 0.0656
-1.1216 0.0592
-1.208 0.0968
-1.1328 0.024
-1.1072 0.096
-1.1376 -0.0112
-1.1536 0.0272
-1.1632 0.0984
-1.1808 0.0552
-1.1328 0.0496
-1.1856 0.0152
-1.1888 -0.0272
-1.112 -0.0048
-1.1552 0.0384
-1.16 0.0528
-1.0928 0.0632
-1.184 0.0744
-1.1584 0.112
-1.1456 0.0504
-1.1744 0.1456
-1.1936 0.152
-1.1648 0.1552
-1.1632 0.188
-1.1632 0.252
-1.1632 0.2432
-1.216 0.2688
-1.2304 0.3096
-1.2384 0.3128
-1.1456 0.2488
-1.184 0.1032
-1.2016 0.1552
-1.1824 0.208
-1.2064 0.2672
-1.2736 0.3552
-1.2096 0.4312
-1.2176 0.3472
-1.1616 0.4128
-1.2416 0.4376
-1.1776 0.3896
-1.2304 0.4032
-1.2224 0.4032
-1.1808 0.3832
-1.184 0.3368
-1.2096 0.1776
-1.2512 0.2656
-1.2 0.24
-1.1984 0.1624
-1.1312 0.16
-1.1904 0.256
-1.2912 0.2792
-1.2496 0.3256
-1.24 0.3648
-1.1792 0.3752
-1.2736 0.5168
-1.2672 0.44
-1.224 0.388
-1.2256 0.3472
-1.144 0.3192
-1.2752 0.4032
-1.2944 0.4712
-1.232 0.4424
-1.2032 0.3472
-1.192 0.388
-1.224 0.3072
-1.2528 0.3264
-1.1296 0.2544
-1.128 0.2448
-1.152 0.204
-1.2352 0.1816
-1.2192 0.188
-1.2176 0.2344
-1.1456 0.244
-1.2208 0.2256
-1.2176 0.2512
-1.1648 0.3016
-1.1696 0.2936
-1.1712 0.3
-1.2128 0.204
-1.2496 0.192
-1.1696 0.1832
-1.1936 0.1304
-1.1408 0.0528
-1.1536 -0.0008
-1.1648 0.016
-1.1552 0.0656
-1.1536 0.1352
-1.2112 0.1072
-1.2256 0.1656
-1.1904 0.1856
-1.3232 0.1
-1.2 0.0816
-1.1888 -0.0184
-1.1648 0
-1.1856 -0.032
-1.1856 -0.0864
-1.2368 -0.0688
-1.2208 0.0568
-1.1856 0.1016
-1.2336 0.0424
-1.2032 0.0384
-1.1616 0.0064
-1.2576 0.0184
-1.2128 0.0048
-1.1856 -0.008
-1.224 0.0056
-1.152 0.0448
-1.1776 0.0472
-1.1472 0.0264
-1.2464 -0.0448
-1.1984 -0.216
-1.216 -0.2648
-1.1888 -0.1792
-1.152 -0.1384
-1.2576 -0.2024
-1.1872 -0.3312
-1.2016 -0.248
-1.2736 -0.276
-1.288 -0.3304
-1.2048 -0.3336
-1.2848 -0.4696
-1.2416 -0.4152
-1.2224 -0.4192
-1.2832 -0.5448
-1.2704 -0.4824
-1.1984 -0.4352
-1.256 -0.4424
-1.2 -0.384
-1.1664 -0.3784
-1.2304 -0.44
-1.28 -0.4872
-1.1376 -0.4016
-1.2624 -0.3768
-1.24 -0.4464
-1.2848 -0.4888
-1.2192 -0.4456
-1.2768 -0.4368
-1.2848 -0.4576
-1.352 -0.4776
-1.3632 -0.5464
-1.32 -0.4936
-1.1872 -0.4104
-1.2432 -0.3808
-1.2144 -0.4128
-1.2384 -0.5168
-1.2096 -0.5248
-1.3216 -0.5568
-1.2128 -0.448
-1.2544 -0.44
-1.232 -0.368
-1.3024 -0.5432
-1.2656 -0.4928
-1.3184 -0.5872
-1.352 -0.5504
-1.3376 -0.544
-1.2656 -0.5632
-1.2064 -0.5552
-1.3184 -0.6232
-1.3296 -0.6048
-1.208 -0.4776
-1.2 -0.452
-1.2064 -0.4224
-1.3152 -0.5192
-1.3152 -0.5656
-1.3568 -0.6184
-1.32 -0.6152
-1.2816 -0.5424
-1.232 -0.4592
-1.2432 -0.4784
-1.224 -0.5048
-1.2208 -0.4576
-1.2416 -0.4992
-1.1728 -0.4888
-1.2112 -0.4336
-1.1664 -0.352
-1.192 -0.3088
-1.232 -0.3368
-1.2288 -0.3224
-1.1824 -0.1352
-1.1824 -0.0552
-1.1392 -0.0528
-1.1312 -0.052
-1.152 -0.0992
-1.184 -0.0544
-1.2496 -0.1304
-1.1664 -0.0824
-1.2144 -0.1104
-1.2064 -0.0352
-1.2 -0.096
-1.1472 -0.0288
-1.2304 -0.0432
-1.2048 -0.0488
-1.1584 0.0592
-1.208 0.0616
-1.2624 0.0312
-1.1856 -0.076
-1.2288 -0.0784
-1.2672 -0.1264
-1.336 -0.232
-1.3216 -0.1896
-1.2944 -0.1544
-1.312 -0.1016
-1.192 -0.1496
-1.2528 -0.0248
-1.2336 0.0032
-1.2144 -0.1192
-1.1248 -0.1384
-1.1136 -0.0936
-1.2016 -0.0904
-1.1264 0.0784
-1.1344 0.1424
-1.0864 0.0784
-1.1152 0.0784
-1.192 0.1208
-1.2224 0.1392
-1.1808 0.2728
-1.2336 0.2768
-1.144 0.32
-1.2432 0.4024
-1.3216 0.4416
-1.1392 0.3872
-1.1872 0.3584
-1.2432 0.3864
-1.2992 0.4344
-1.264 0.408
-1.2432 0.392
-1.1984 0.2728
-1.1904 0.2872
-1.2816 0.2888
-1.2352 0.2408
-1.1184 0.1944
-1.2064 0.2352
-1.2624 0.3016
-1.2224 0.356
-1.1872 0.3416
-1.168 0.364
-1.16 0.356
-1.2544 0.26
-1.2384 0.2856
-1.208 0.3544
-1.2272 0.3296
-1.1888 0.3464
-1.3136 0.3584
-1.2736 0.3512
-1.2512 0.3184
-1.2512 0.336
-1.1712 0.3592
-1.248 0.4232
-1.2736 0.3856
-1.1904 0.324
-1.1936 0.2688
-1.2976 0.2984
-1.2848 0.2856
-1.208 0.2752
-1.2 0.2016
-1.2256 0.2096
-1.1728 0.2216
-1.104 0.1416
-1.1504 0.1808
-1.1456 0.092
-1.1648 0.0912
-1.2144 0.1568
-1.2464 0.188
-1.272 0.1216
-1.2752 0.2408
-1.2464 0.2976
-1.0896 0.1896
-1.248 0.2288
-1.1776 0.2896
-1.1344 0.1648
-1.1168 0.2016
-1.2112 0.2568
-1.1616 0.2776
-1.2032 0.288
-1.1472 0.3536
-1.2464 0.4272
-1.2896 0.3336
-1.2592 0.3272
-1.2208 0.3192
-1.2272 0.36
-1.1616 0.3184
-1.2096 0.3432
-1.256 0.396
-1.2688 0.3624
-1.2768 0.3232
-1.2368 0.3344
-1.168 0.1976
-1.2704 0.2016
-1.2672 0.2344
-1.1568 0.1776
-1.1488 0.1464
-1.2416 0.1624
-1.28 0.1872
-1.2416 0.132
-1.1728 0.0592
-1.2016 0.0016
-1.24 -0.036
-1.1744 -0.0112
-1.1552 0.0144
-1.1952 0.0256
-1.112 -0.0008
-1.1552 -0.0224
-1.1104 -0.0376
-1.1904 -0.1392
-1.1456 -0.076
-1.2 -0.1088
-1.2288 -0.0568
-1.1328 -0.0056
-1.3104 0.0104
-1.1744 -0.1016
-1.1776 -0.0384
-1.2592 -0.0392
-1.176 -0.0392
-1.2304 -0.0848
-1.1712 -0.1184
-1.2112 -0.0312
-1.16 0.192
-1.2016 0.2608
-1.248 0.2368
-1.2352 0.2024
-1.1728 0.2248
-1.184 0.1976
-1.0544 0.264
-1.1344 0.2928
-1.2032 0.2936
-1.1968 0.3144
-1.2784 0.36
-1.2112 0.2856
-1.168 0.28
-1.1616 0.4016
-1.2096 0.328
-1.2816 0.3896
-1.2272 0.416
-1.2192 0.4112
-1.2368 0.4088
-1.2272 0.3984
-1.2784 0.4192
-1.1408 0.3256
-1.208 0.2976
-1.1696 0.2568
-1.1536 0.2344
-1.1936 0.2216
-1.1664 0.2168
-1.1808 0.192
-1.1776 0.2296
-1.136 0.1664
-1.1824 0.2888
-1.1808 0.1544
-1.1456 0.1672
-1.1376 0.1776
-1.1856 0.1896
-1.1712 0.2216
-1.1984 0.2808
-1.2304 0.3656
-1.2928 0.3392
-1.2992 0.3824
-1.1664 0.3296
-1.2112 0.2648
-1.1424 0.2808
-1.176 0.3696
-1.1984 0.2672
-1.2688 0.2648
-1.1824 0.2344
-1.2112 0.1912
-1.2304 0.1552
-1.1728 0.3088
-1.1904 0.3352
-1.1984 0.3272
-1.2224 0.3368
-1.2656 0.3232
-1.2416 0.3624
-1.2768 0.22
-1.3088 0.2072
-1.2192 0.1664
-1.2864 0.2016
-1.2432 0.2104
-1.2416 0.2304
-1.2528 0.2008
-1.1984 0.1608
-1.192 0.0928
-1.2496 0.0552
-1.2288 -0.052
-1.2512 0.012
-1.2016 0.0152
-1.1984 0.0272
-1.2032 -0.0272
-1.184 0.0528
-1.2528 0.0016
-1.2128 0.0576
-1.1712 0.0584
-1.1504 0.0728
-1.176 0.1264
-1.2192 0.0944
-1.2048 0.0344
-1.264 0.104
-1.08 0.0976
-1.0816 0.1184
-1.1632 0.2424
-1.0752 0.2016
-1.1552 0.1328
-1.1776 0.0336
-1.1632 0.072
-1.2464 0.152
-1.216 0.0872
-1.2624 0.0872
-1.1904 0.0912
-1.2608 0.1408
-1.2528 0.0112
-1.1952 -0.0872
-1.1296 -0.0624
-1.192 -0.02
-1.1344 -0.0112
-1.1872 0.0072
-1.1968 -0.0592
-1.1872 -0.0368
-1.1504 -0.0008
-1.1408 0.06
-1.2384 0.0408
-1.216 0.068
-1.2384 -0.0272
-1.2592 0.0752
-1.2896 0.0616
-1.1776 -0.0568
-1.2672 -0.0336
-1.168 0.0632
-1.128 -0.0112
-1.2 -0.1256
-1.1504 -0.1864
-1.2304 -0.1856
-1.2064 -0.1744
-1.1856 -0.1528
-1.1728 -0.0368
-1.2304 -0.0728
-1.208 -0.0824
-1.2288 -0.0576
-1.2336 0.0024
-1.2496 0.0248
-1.2032 0.0248
-1.1648 0.0688
-1.1888 -0.0616
-1.1904 0
-1.1328 -0.0944
-1.1648 -0.02
-1.1952 0.0184
-1.192 0.0888
-1.1184 -0.0024
-1.1536 0.0296
-1.1376 -0.0896
-1.1296 -0.136
-1.2384 -0.2696
-1.2304 -0.3056
-1.0976 -0.2312
-1.248 -0.292
-1.2064 -0.2488
-1.2016 -0.3368
-1.1984 -0.2464
-1.2496 -0.3096
-1.1824 -0.2368
-1.2144 -0.164
-1.1744 -0.1024
-1.1776 -0.1744
-1.1936 -0.0776
-1.1712 -0.1712
-1.224 -0.2416
-1.2512 -0.1904
-1.2128 -0.1664
-1.2032 -0.144
-1.3152 -0.1072
-1.184 -0.0624
-1.1664 0.036
-1.1792 -0.008
-1.1904 -0.1664
-1.208 -0.1496
-1.1632 -0.1864
-1.1616 -0.2336
-1.1568 -0.296
-1.1664 -0.3504
-1.2048 -0.364
-1.3184 -0.5208
-1.2624 -0.3536
-1.24 -0.3584
-1.2464 -0.3088
-1.2272 -0.3248
-1.2512 -0.432
-1.208 -0.3464
-1.1952 -0.3032
-1.1712 -0.256
-1.2032 -0.2792
-1.2912 -0.268
-1.152 -0.2096
-1.1904 -0.0672
-1.1744 0.0008
-1.2 0.0392
-1.2304 0.1272
-1.2464 0.0616
-1.2256 0.0848
-1.1504 0.12
-1.168 0.0696
-1.1424 0.0776
-1.2496 0.104
-1.248 0.1296
-1.1824 0.0576
-1.1632 0.2112
-1.176 0.1928
-1.2016 0.1928
-1.1984 0.2264
-1.1872 0.1744
-1.16 0.156
-1.2448 0.0976
-1.192 0.1392
-1.2064 0.1848
-1.2448 0.1784
-1.152 0.0896
-1.1312 0.1128
-1.224 0.124
-1.2 0.1664
-1.1504 0.1888
-1.2144 0.3056
-1.1616 0.1864
-1.1328 0.0368
-1.2176 0.044
-1.1664 0.1672
-1.1632 0.0888
-1.2112 0.0832
-1.1856 0.1104
-1.1744 0.1744
-1.1888 0.1816
-1.2336 0.1936
-1.1872 0.1336
-1.1936 0.2264
-1.1376 0.2968
-1.152 0.2576
-1.2224 0.1488
-1.176 0.1072
-1.1712 0.1352
-1.1968 0.2064
-1.2592 0.2336
-1.1904 0.2248
-1.1632 0.2128
-1.2592 0.2248
-1.2272 0.176
-1.2272 0.1832
-1.2448 0.2632
-1.2544 0.3216
-1.2688 0.2616
-1.2144 0.168
-1.2768 0.22
-1.208 0.2344
-1.192 0.2272
-1.1728 0.236
-1.1392 0.1984
-1.1728 0.2072
-1.152 0.196
-1.2224 0.196
-1.2112 0.2832
-1.1936 0.3184
-1.1888 0.4168
-1.2144 0.3848
-1.2384 0.4768
-1.2224 0.456
-1.2736 0.4496
-1.2832 0.4944
-1.264 0.4256
-1.2256 0.3576
-1.1856 0.3512
-1.2608 0.312
-1.224 0.2984
-1.2608 0.2512
-1.1808 0.2608
-1.2 0.3072
-1.2032 0.3608
-1.2912 0.3512
-1.184 0.3032
-1.2144 0.2472
-1.168 0.1824
-1.2384 0.3288
-1.2112 0.32
-1.2448 0.292
-1.0912 0.2432
-1.1952 0.2112
-1.1792 0.1984
-1.224 0.1056
-1.216 0.0864
-1.1088 0.116
-1.1904 0.1488
-1.2384 0.1
-1.168 0.1416
-1.2 0.0424
-1.2 0
-1.2208 0.06
-1.296 0.0168
-1.1856 -0.1224
-1.2736 -0.0608
-1.2528 -0.0336
-1.28 -0.0256
-1.1296 -0.0248
-1.1904 -0.136
-1.1984 -0.2728
-1.1984 -0.1784
-1.2336 -0.1896
-1.216 -0.1528
-1.2048 -0.1456
-1.1584 -0.156
-1.1968 -0.1832
-1.1296 -0.1032
-1.2656 -0.0616
-1.2192 -0.0928
-1.216 -0.176
-1.176 -0.2
-1.2416 -0.2816
-1.3024 -0.396
-1.2432 -0.3648
-1.2144 -0.364
-1.2352 -0.3656
-1.2144 -0.3168
-1.2096 -0.2528
-1.272 -0.3336
-1.2576 -0.2944
-1.2288 -0.3928
-1.3728 -0.468
-1.1968 -0.3656
-1.216 -0.4688
-1.2192 -0.3744
-1.2 -0.4576
-1.216 -0.4944
-1.2944 -0.4856
-1.2288 -0.46
-1.2176 -0.4264
-1.1472 -0.3472
-1.1952 -0.3856
-1.1648 -0.304
-1.2384 -0.3008
-1.232 -0.2152
-1.1984 -0.1768
-1.136 -0.1384
-1.16 -0.0896
-1.1456 -0.0872
-1.1232 -0.1056
-1.1488 -0.1064
-1.1392 -0.184
-1.1728 -0.256
-1.3072 -0.4408
-1.1952 -0.3304
-1.256 -0.3512
-1.1824 -0.3016
-1.2208 -0.2392
-1.1008 -0.2344
-1.1728 -0.1264
-1.176 -0.0088
-1.1952 0.0408
-1.1696 0.0848
-1.1824 0.0952
-1.208 0.148
-1.1392 0.0856
-1.1808 -0.0112
-1.2048 -0.12
-1.184 -0.0976
-1.1504 -0.1496
-1.16 -0.2032
-1.2 -0.1984
-1.16 -0.2104
-1.1744 -0.2544
-1.208 -0.344
-1.1808 -0.3128
-1.1872 -0.3192
-1.2608 -0.3344
-1.2112 -0.2872
-1.1744 -0.2136
-1.1792 -0.1568
-1.2096 -0.0592
-1.2048 0.0264
-1.24 -0.0136
-1.1904 -0.0312
-1.1712 0.0624
-1.144 0.0296
-1.2496 0.0624
-1.1456 0.1368
-1.1344 0.068
-1.1312 0.1024
-1.1424 0.0568
-1.176 0.0568
-1.1744 0.0584
-1.232 0.0552
-1.1584 0.1624
-1.1952 0.2016
-1.224 0.2464
-1.2272 0.2384
-1.2288 0.2808
-1.248 0.212
-1.2048 0.2416
-1.2208 0.2912
-1.28 0.2872
-1.2688 0.2928
-1.1936 0.2776
-1.2288 0.2592
-1.208 0.2008
-1.176 0.1952
-1.176 0.2256
-1.1808 0.272
-1.1824 0.1984
-1.2192 0.132
-1.3136 0.2016
-1.2224 0.1048
-1.2208 0.092
-1.144 0.1112
-1.184 0.088
-1.144 0.0136
-1.184 -0.024
-1.1696 -0.056
-1.1296 0.0096
-1.2208 -0.2008
-1.1664 -0.2008
-1.184 -0.092
-1.2048 -0.0752
-1.1776 -0.152
-1.2016 -0.2376
-1.208 -0.2136
-1.1408 -0.2072
-1.1904 -0.236
-1.2352 -0.1456
-1.2816 -0.1624
-1.1536 -0.2128
-1.1872 -0.1384
-1.1968 -0.1448
-1.2304 -0.2216
-1.1408 -0.192
-1.144 -0.3168
-1.1024 -0.2936
-1.2048 -0.2848
-1.2128 -0.2912
-1.2368 -0.2576
-1.2256 -0.2688
-1.2528 -0.2032
-1.2768 -0.38
-1.3968 -0.332
-1.2336 -0.2848
-1.168 -0.264
-1.232 -0.2088
-1.2384 -0.1888
-1.248 -0.1816
-1.256 -0.2296
-1.2288 -0.1992
-1.2256 -0.2392
-1.232 -0.2216
-1.2128 -0.2024
-1.216 -0.2784
-1.2048 -0.24
-1.1776 -0.2648
-1.1504 -0.2904
-1.112 -0.2152
-1.1936 -0.3664
-1.1648 -0.3024
-1.1952 -0.2608
-1.176 -0.2712
-1.2176 -0.2584
-1.2 -0.1848
-1.1872 -0.0272
-1.0816 -0.0952
-0.9984 -0.0416
-1.1296 -0.0272
-1.208 -0.0808
-1.152 -0.0144
-1.2096 -0.056
-1.2256 0.0136
-1.168 0.0944
-1.1968 0.0936
-1.16 0.0944
-1.1536 -0.0176
-1.12 0
-1.16 -0.168
-1.2128 -0.1768
-1.2576 -0.2016
-1.1888 -0.2024
-1.1504 -0.2272
-1.2576 -0.2232
-1.1728 -0.2168
-1.2848 -0.3208
-1.1856 -0.2648
-1.2576 -0.3592
-1.1872 -0.3608
-1.2704 -0.3344
-1.1888 -0.2144
-1.096 -0.12
-1.1536 -0.0592
-1.1968 -0.0368
-1.2048 -0.0288
-1.1872 -0.0376
-1.208 0.0424
-1.216 0.1256
-1.2304 0.2088
-1.0896 0.1968
-1.2128 0.1736
-1.2176 0.2024
-1.1824 0.3056
-1.2928 0.2616
-1.24 0.3016
-1.288 0.188
-1.2336 0.1824
-1.1968 0.1656
-1.2432 0.2
-1.272 0.248
-1.304 0.232
-1.2224 0.1648
-1.1728 0.144
-1.2064 0.1112
-1.1968 0.1912
-1.184 0.072
-1.2 0.152
-1.2144 0.2432
-1.2096 0.0896
-1.2048 0.0544
-1.1728 0.032
-1.264 -0.0552
-1.1968 -0.0976
-1.208 -0.1968
-1.1888 -0.2072
-1.2544 -0.2208
-1.2944 -0.1424
-1.28 -0.1416
-1.2016 -0.1736
-1.2176 -0.1192
-1.2384 -0.1912
-1.1776 -0.1008
-1.2384 -0.0936
-1.2528 -0.184
-1.2592 -0.3216
-1.2384 -0.2952
-1.1728 -0.3024
-1.2384 -0.2136
-1.1856 -0.14
-1.2112 -0.0432
-1.1568 -0.1208
-1.1664 -0.1104
-1.1632 -0.0776
-1.2128 -0.0072
-1.1712 0.0168
-1.1776 0.0608
-1.152 0.1168
-1.1664 0.0328
-1.2288 -0.0568
-1.1664 -0.1144
-1.0944 -0.164
-1.1504 -0.1872
-1.1504 -0.3016
-1.328 -0.3304
-1.1952 -0.3024
-1.1584 -0.2584
-1.2064 -0.3264
-1.2256 -0.3184
-1.176 -0.2192
-1.1568 -0.2656
-1.2048 -0.2992
-1.1872 -0.1664
-1.2464 -0.1608
-1.2192 -0.1576
-1.2976 -0.1992
-1.2352 -0.2464
-1.2368 -0.228
-1.2336 -0.2136
-1.2848 -0.316
-1.2128 -0.2688
-1.1728 -0.18
-1.2608 -0.1216
-1.1648 -0.1256
-1.2224 -0.1856
-1.1984 -0.1848
-1.3328 -0.1928
-1.2032 -0.2264
-1.1952 -0.1768
-1.1792 -0.1968
-1.1648 -0.112
-1.2352 -0.108
-1.192 -0.1752
-1.2112 -0.1832
-1.1216 -0.2032
-1.224 -0.1664
-1.1984 -0.0664
-1.2112 0.0016
-1.2368 0.0664
-1.1712 0.032
-1.2928 -0.0496
-1.2512 0.0752
-1.192 0.0352
-1.2112 -0.0576
-1.256 -0.0504
-1.2384 -0.132
-1.2336 -0.148
-1.2448 -0.1408
-1.2416 -0.1208
-1.2144 -0.0848
-1.2464 0.08
-1.2512 0.0624
-1.1792 0.0464
-1.1248 0.052
-1.1616 0.1848
-1.2048 0.2592
-1.1488 0.2144
-1.216 0.248
-1.2288 0.3128
-1.2608 0.3288
-1.232 0.2896
-1.288 0.2608
-1.1376 0.2024
-1.2816 0.1968
-1.2304 0.1888
-1.1392 0.232
-1.192 0.1824
-1.1712 0.0848
-1.2176 -0.0056
-1.1808 -0.0616
-1.1984 -0.0312
-1.1552 -0.0048
-1.176 -0.0352
-1.208 0.0352
-1.272 0.0792
-1.2512 0.0968
-1.256 0.1344
-1.3168 0.2152
-1.2528 0.22
-1.1424 0.1768
-1.176 0.0776
-1.1952 0.1352
-1.1632 0.1936
-1.2032 0.2456
-1.208 0.3112
-1.28 0.368
-1.2256 0.3896
-1.2304 0.3672
-1.2832 0.392
-1.2224 0.3416
-1.168 0.3144
-1.24 0.4496
-1.2496 0.3288
-1.2368 0.3144
-1.2128 0.276
-1.2624 0.3368
-1.176 0.268
-1.1392 0.3872
-1.288 0.4024
-1.2848 0.3568
-1.2208 0.3448
-1.304 0.3528
-1.2288 0.3776
-1.1984 0.3128
-1.1696 0.2664
-1.2688 0.2496
-1.1168 0.22
-1.144 0.164
-1.1536 0.124
-1.2192 0.1288
-1.2192 0.0168
-1.1312 0.0824
-1.2048 0.0936
-1.1696 0.18
-1.24 0.0984
-1.2112 0.1288
-1.0992 0.0368
-1.2224 0.0632
-1.2016 0.0976
-1.192 0.0192
-1.1328 -0.0112
-1.2336 -0.0448
-1.1168 -0.104
-1.2288 -0.2352
-1.2176 -0.2688
-1.232 -0.3024
-1.1856 -0.2528
-1.1504 -0.3032
-1.192 -0.352
-1.2464 -0.456
-1.2352 -0.472
-1.2256 -0.4904
-1.232 -0.4368
-1.2464 -0.4224
-1.2 -0.3656
-1.2432 -0.332
-1.264 -0.3208
-1.2064 -0.3984
-1.1744 -0.3608
-1.1632 -0.3144
-1.2288 -0.3776
-1.3184 -0.396
-1.288 -0.2568
-1.256 -0.1872
-1.2928 -0.2152
-1.2976 -0.1416
-1.2032 -0.1096
-1.248 -0.112
-1.1776 -0.0688
-1.232 0.0144
-1.1568 0.0536
-1.1392 0.1104
-1.1408 0.0872
-1.1568 0.168
-1.1504 0.1408
-1.1696 0.0848
-1.0752 0.0344
-1.0912 0.1392
-1.264 0.28
-1.2048 0.2848
-1.2288 0.4048
-1.1776 0.3432
-1.1728 0.2592
-1.1872 0.2168
-1.2064 0.176
-1.1856 0.164
-1.1984 0.1432
-1.1632 0.1248
-1.1504 0.0824
-1.2464 0.0808
-1.1872 0.0112
-1.1856 -0.088
-1.224 -0.0832
-1.2784 -0.0552
-1.1952 -0.1152
-1.1552 -0.0792
-1.128 -0.0008
-1.2016 -0.052
-1.2128 -0.0912
-1.1664 -0.0336
-1.304 -0.0136
-1.1904 0.0632
-1.16 0.1968
-1.256 0.2464
-1.304 0.1912
-1.2896 0.1656
-1.2544 0.0048
-1.2736 0.0064
-1.1904 0.0392
-1.1648 0.004
-1.1888 0.0456
-1.2288 0.0456
-1.1232 0.0688
-1.2224 0.0984
-1.2704 0.0896
-1.2768 0.0392
-1.1872 0.0032
-1.1408 -0.048
-1.192 0.092
-1.2704 0.1512
-1.2048 0.1344
-1.248 0.1384
-1.1728 0.1384
-1.16 0.0872
-1.0944 0.1568
-1.1952 0.1632
-1.1696 0.1568
-1.264 0.2032
-1.2048 0.1784
-1.1536 0.212
-1.16 0.136
-1.296 0.3368
-1.2496 0.3848
-1.2832 0.3896
-1.2768 0.4168
-1.1968 0.376
-1.1808 0.38
-1.2256 0.388
-1.2128 0.3816
-1.216 0.3752
-1.24 0.368
-1.2336 0.3624
-1.1776 0.276
-1.12 0.1344
-1.2368 0.2816
-1.232 0.344
-1.1312 0.3488
-1.1888 0.3472
-1.1952 0.216
-1.1584 0.252
-1.224 0.3328
-1.216 0.2776
-1.2352 0.2984
-1.1792 0.3016
-1.2176 0.344
-1.1872 0.3448
-1.2352 0.3928
-1.2736 0.5264
-1.2448 0.504
-1.2336 0.4232
-1.2096 0.4664
-1.2304 0.3384
-1.2592 0.3848
-1.3552 0.404
-1.2624 0.4608
-1.2192 0.5056
-1.2384 0.5448
-1.2096 0.4864
-1.1728 0.404
-1.1968 0.4496
-1.2592 0.468
-1.1312 0.392
-1.1392 0.3232
-1.1792 0.2808
-1.2208 0.3624
-1.1984 0.2368
-1.208 0.1208
-1.2224 0.1768
-1.1712 0.1776
-1.192 0.2784
-1.2576 0.2352
-1.2464 0.164
-1.2992 0.1776
-1.1552 0.1608
-1.2208 0.2536
-1.1296 0.2312
-1.1824 0.2304
-1.2016 0.2864
-1.224 0.4152
-1.1776 0.432
-1.2624 0.5296
-1.2688 0.5504
-1.296 0.592
-1.2576 0.5768
-1.2464 0.5584
-1.3056 0.5408
-1.1504 0.4304
-1.2208 0.4152
-1.1984 0.304
-1.2144 0.3608
-1.2032 0.3488
-1.2576 0.4008
-1.2176 0.3384
-1.2096 0.2872
-1.224 0.268
-1.2096 0.1592
-1.1872 0.2616
-1.208 0.22
-1.1296 0.1392
-1.232 0.0976
-1.2128 -0.0432
-1.2384 -0.0248
-1.1856 -0.0328
-1.16 -0.0104
-1.2016 -0.0576
-1.2352 -0.0688
-1.1616 -0.0176
-1.1104 0.0104
-1.1312 0.0656
-1.1584 0.0648
-1.1936 -0.0088
-1.2048 -0.0104
-1.208 -0.0576
-1.1456 -0.0808
-1.2272 -0.0608
-1.2256 0
-1.248 0.0736
-1.2448 0.1096
-1.1904 0.0464
-1.232 0.0928
-1.1648 0.06
-1.2176 -0.004
-1.2128 0.0408
-1.296 0.0592
-1.144 -0.0768
-1.1504 -0.0336
-1.1504 -0.1344
-1.2256 0.0088
-1.1552 -0.012
-1.192 0.0544
-1.1568 0.04
-1.2224 0.0464
-1.12 0.0632
-1.1856 0.0536
-1.184 0.1096
-1.1856 0.0592
-1.2272 0.0288
-1.3088 0.0792
-1.1712 0.0424
-1.2144 0.0152
-1.2144 -0.0632
-1.1472 -0.0448
-1.1296 -0.0192
-1.2192 -0.0616
-1.2192 0.008
-1.1712 0.0632
-1.1552 -0.0104
-1.1808 -0.076
-1.1632 -0.1144
-1.1664 -0.1504
-1.1168 -0.1032
-1.256 -0.096
-1.2032 -0.0808
-1.1616 -0.0296
-1.168 -0.0464
-1.1472 0.0776
-1.1856 0.1416
-1.2144 0.0672
-1.2336 0.0256
-1.264 -0.0464
-1.2128 -0.0688
-1.2352 -0.0656
-1.2224 -0.1384
-1.2576 -0.0984
-1.1888 -0.1424
-1.2528 -0.1456
-1.2144 -0.1784
-1.1424 -0.0344
-1.1456 -0.0912
-1.2224 -0.0944
-1.1728 0.0056
-1.1728 0.0848
-1.2704 0.156
-1.1856 0.1056
-1.2528 0.2368
-1.216 0.1408
-1.1968 0.1272
-1.1216 0.0624
-1.24 0.0768
-1.2464 -0.0424
-1.1984 -0.1056
-1.2448 -0.1128
-1.2448 -0.0504
-1.1856 0.0456
-1.304 0.0824
-1.2176 0.1824
-1.2816 0.252
-1.2064 0.256
-1.1472 0.1368
-1.1856 -0.036
-1.1744 -0.008
-1.2384 -0.012
-1.2176 0.0752
-1.1984 0.1032
-1.208 0.0368
-1.232 0.0512
-1.1456 0.0256
-1.152 0.0696
-1.2 0.012
-1.1536 0.0504
-1.1328 0.0224
-1.16 -0.0344
-1.2592 -0.036
-1.1936 0.0056
-1.16 -0.0184
-1.2192 -0.0088
-1.2048 -0.1024
-1.2496 -0.1216
-1.1696 -0.0016
-1.2384 -0.0272
-1.2592 -0.0176
-1.1712 -0.0456
-1.152 -0.0144
-1.176 0.048
-1.1952 0.0992
-1.2704 0.2568
-1.2816 0.3656
-1.2112 0.2584
-1.2448 0.2496
-1.1904 0.2664
-1.28 0.3328
-1.208 0.2856
-1.2 0.208
-1.12 0.2112
-1.1904 0.2608
-1.1856 0.1384
-1.1456 0.0376
-1.1904 0.0832
-1.2544 0.1496
-1.1856 0.1104
-1.1472 0.0824
-1.2368 0.068
-1.1936 0.0136
-1.2496 0.1144
-1.2016 0.0664
-1.1504 0.0264
-1.1488 -0.0472
-1.248 0.0632
-1.1616 0.024
-1.2352 -0.0096
-1.2784 0.0112
-1.2352 0.0144
-1.1312 0.004
-1.192 0.0024
-1.3136 0.0296
-1.1616 0.008
-1.272 0.0064
-1.2128 0.0136
-1.2 -0.0104
-1.296 0.0664
-1.2096 0.0368
-1.2256 -0.0128
-1.1968 0.06
-1.2112 0.0744
-1.2304 0.0456
-1.1552 0.048
-1.128 -0.048
-1.1424 -0.0264
-1.216 0.0192
-1.1392 -0.0816
-1.1728 -0.1984
-1.2288 -0.2656
-1.2736 -0.2672
-1.2352 -0.3032
-1.2256 -0.2688
-1.304 -0.2784
-1.2656 -0.3376
-1.2672 -0.404
-1.2528 -0.3856
-1.3216 -0.4016
-1.2176 -0.3584
-1.1552 -0.3096
-1.2192 -0.3096
-1.1904 -0.24
-1.2064 -0.2024
-1.2464 -0.2128
-1.2736 -0.2616
-1.3024 -0.3288
-1.3504 -0.3864
-1.1728 -0.2072
-1.1856 -0.1912
-1.1776 -0.2472
-1.136 -0.1744
-1.2592 -0.1512
-1.2592 -0.08
-1.1744 -0.0912
-1.2528 -0.0736
-1.1904 -0.1384
-1.192 -0.1912
-1.2064 -0.224
-1.2064 -0.0736
-1.1696 -0.0704
-1.168 -0.0904
-1.256 -0.216
-1.224 -0.1072
-1.168 -0.0184
-1.2048 0.0328
-1.2176 0.0648
-1.2304 0.1008
-1.1888 0.1184
-1.1152 0.1136
-1.072 0.0248
-1.1408 -0.0056
-1.1552 -0.1296
-1.192 0.0032
-1.1888 -0.0608
-1.1856 -0.1864
-1.2272 -0.1816
-1.2224 -0.292
-1.2592 -0.3048
-1.232 -0.268
-1.1392 -0.1344
-1.1728 -0.2224
-1.24 -0.2424
-1.2064 -0.1208
-1.1136 -0.0272
-1.1744 -0.1376
-1.1648 -0.1296
-1.2352 -0.208
-1.232 -0.1928
-1.2448 -0.2232
-1.2816 -0.3144
-1.176 -0.2416
-1.184 -0.212
-1.1584 -0.2008
-1.176 -0.2464
-1.2752 -0.2656
-1.2272 -0.2536
-1.128 -0.2568
-1.1104 -0.1592
-1.2016 -0.168
-1.2336 -0.1664
-1.2 -0.044
-1.2304 0.0704
-1.2608 -0.092
-1.1936 -0.124
-1.2176 -0.14
-1.1648 -0.172
-1.2432 -0.1984
-1.2448 -0.2624
-1.2304 -0.172
-1.184 -0.2712
-1.3024 -0.3496
-1.2048 -0.2048
-1.2064 -0.2488
-1.2 -0.2136
-1.1936 -0.2376
-1.2576 -0.3152
-1.2256 -0.3
-1.2352 -0.2488
-1.1952 -0.2336
-1.2272 -0.2544
-1.1808 -0.1752
-1.2736 -0.1504
-1.2432 -0.0096
-1.192 -0.0728
-1.2512 -0.1744
-1.208 -0.0416
-1.2784 -0.032
-1.28 -0.012
-1.2464 0.1096
-1.2528 0.1344
-1.1696 0.0144
-1.152 0.1024
-1.0976 0.1304
-1.2576 0.1432
-1.224 0.0656
-1.1344 0.0344
-1.2032 0.0376
-1.1888 0.1256
-1.1872 0.06
-1.1264 0.0872
-1.1856 0.0536
-1.2288 0.1088
-1.1776 0.0792
-1.232 0.0368
-1.1776 0.0368
-1.2496 0.0016
-1.2624 -0.004
-1.2784 0.0024
-1.2512 0.0424
-1.4 0.1008
-1.2576 0.0928
-1.1968 0.1024
-1.2464 0.0896
-1.1888 0.0872
-1.2256 0.032
-1.2784 0.0128
-1.2752 0.0344
-1.2384 0.096
-1.2224 0.1056
-1.2256 0.116
-1.152 0.0856
-1.2192 0.0448
-1.2368 0.1568
-1.3104 0.228
-1.3008 0.2872
-1.2736 0.348
-1.2624 0.2592
-1.2688 0.2352
-1.2608 0.296
-1.24 0.2752
-1.1648 0.2152
-1.224 0.2216
-1.1472 0.2424
-1.2368 0.2472
-1.1824 0.24
-1.2768 0.4032
-1.2768 0.3904
-1.1488 0.2696
-1.2288 0.3736
-1.2864 0.3128
-1.2464 0.2456
-1.2496 0.2184
-1.2032 0.204
-1.1984 0.296
-1.192 0.3008
-1.2544 0.344
-1.1552 0.228
-1.0432 0.2096
-1.1584 0.236
-1.1616 0.2984
-1.2208 0.2904
-1.1248 0.3368
-1.1584 0.2632
-1.2144 0.2584
-1.1536 0.256
-1.1696 0.2984
-1.1984 0.3064
-1.1536 0.2832
-1.2592 0.1488
-1.1728 0.1632
-1.184 0.3104
-1.192 0.2832
-1.2 0.3424
-1.2688 0.3544
-1.1856 0.2456
-1.2096 0.2568
-1.2368 0.36
-1.272 0.336
-1.2192 0.3312
-1.2368 0.348
-1.2288 0.3816
-1.2688 0.3896
-1.1904 0.3264
-1.2816 0.3792
-1.16 0.2712
-1.1712 0.3256
-1.2416 0.3504
-1.2416 0.3416
-1.1152 0.3296
-1.2208 0.3408
-1.2496 0.3392
-1.2128 0.444
-1.2848 0.4864
-1.296 0.5384
-1.2816 0.4984
-1.1824 0.4296
-1.1584 0.3984
-1.2368 0.4104
-1.216 0.3992
-1.2064 0.4088
-1.2096 0.3776
-1.2624 0.3264
-1.0992 0.3296
-1.2208 0.244
-1.2432 0.32
-1.1984 0.3584
-1.248 0.4016
-1.2432 0.4312
-1.2496 0.4064
-1.16 0.3224
-1.2592 0.2888
-1.2784 0.268
-1.2144 0.2048
-1.2368 0.2656
-1.2848 0.2832
-1.2352 0.2976
-1.1696 0.3184
-1.2736 0.2944
-1.1984 0.2072
-1.2432 0.1384
-1.272 0.056
-1.1904 -0.036
-1.2272 -0.0112
-1.2016 -0.06
-1.1952 -0.0392
-1.2272 -0.1056
-1.2048 -0.084
-1.1856 -0.108
-1.224 -0.1992
-1.216 -0.3616
-1.2112 -0.2936
-1.2704 -0.2472
-1.2768 -0.3032
-1.28 -0.3008
-1.2256 -0.2936
-1.1568 -0.2496
-1.1904 -0.1288
-1.1728 -0.0832
-1.2048 -0.0864
-1.0928 -0.012
-1.136 0.092
-1.1184 0.14
-1.2608 0.2096
-1.1824 0.2024
-1.144 0.2368
-1.2304 0.292
-1.248 0.224
-1.1712 0.1736
-1.2384 0.2584
-1.1424 0.2464
-1.1792 0.1672
-1.1536 0.2528
-1.176 0.264
-1.232 0.244
-1.2384 0.3072
-1.2368 0.3104
-1.2512 0.3888
-1.216 0.3792
-1.2368 0.42
-1.256 0.4448
-1.216 0.4376
-1.1808 0.3608
-1.208 0.3192
-1.1728 0.3024
-1.2 0.3392
-1.2688 0.3744
-1.24 0.3816
-1.1648 0.3192
-1.1584 0.1408
-1.2128 0.1256
-1.2016 0.1896
-1.1984 0.092
-1.2432 0.1352
-1.2032 0.1456
-1.1888 0.2344
-1.1664 0.1928
-1.16 0.1976
-1.1776 0.2168
-1.1632 0.2288
-1.2752 0.2512
-1.2176 0.32
-1.24 0.2848
-1.1856 0.2064
-1.1888 0.308
-1.0992 0.3008
-1.208 0.2744
-1.1904 0.396
-1.1904 0.3904
-1.1888 0.4248
-1.1472 0.3888
-1.248 0.448
-1.2048 0.4408
-1.1824 0.3768
-1.192 0.3584
-1.2288 0.3632
-1.3168 0.4704
-1.2304 0.4264
-1.2032 0.4776
-1.3152 0.5296
-1.3168 0.524
-1.232 0.4672
-1.2896 0.444
-1.232 0.5056
-1.2304 0.492
-1.1472 0.412
-1.1808 0.3664
-1.216 0.4408
-1.2784 0.456
-1.2032 0.3816
-1.296 0.3904
-1.216 0.3448
-1.2032 0.2208
-1.1872 0.1328
-1.1728 0.1208
-1.2176 0.1752
-1.2848 0.2544
-1.2832 0.3648
-1.2832 0.32
-1.1664 0.2328
-1.1744 0.2656
-1.136 0.2352
-1.2224 0.264
-1.1888 0.244
-1.3424 0.3
-1.2592 0.3376
-1.1424 0.3528
-1.1328 0.2472
-1.176 0.216
-1.1952 0.1784
-1.232 0.076
-1.2288 0.1296
-1.2512 0.0536
-1.2848 0.144
-1.272 0.212
-1.216 0.204
-1.312 0.2256
-1.152 0.1848
-1.1392 0.2936
-1.1696 0.3456
-1.1648 0.2992
-1.1744 0.3544
-1.1712 0.3256
-1.2432 0.3304
-1.2112 0.264
-1.1104 0.2624
-1.2496 0.2528
-1.2432 0.2384
-1.136 0.2104
-1.1408 0.0992
-1.2032 0.1864
-1.1296 0.2208
-1.2144 0.228
-1.0688 0.1472
-1.1168 0.0472
-1.168 -0.0632
-1.1696 -0.1384
-1.1696 -0.0712
-1.1552 -0.0672
-1.1216 -0.0448
-1.1792 -0.0224
-1.208 -0.124
-1.1184 -0.1288
-1.1824 -0.0208
-1.1696 -0.1152
-1.2416 -0.1888
-1.1488 -0.128
-1.2416 -0.2472
-1.2032 -0.3408
-1.1952 -0.3688
-1.0992 -0.276
-1.1232 -0.236
-1.1904 -0.1672
-1.1152 -0.0792
-1.1232 -0.1464
-1.1888 -0.3216
-1.232 -0.3544
-1.2688 -0.416
-1.1712 -0.2856
-1.152 -0.2608
-1.144 -0.176
-1.224 -0.2168
-1.1856 -0.212
-1.2544 -0.264
-1.208 -0.3448
-1.1856 -0.2792
-1.1856 -0.3096
-1.2416 -0.3088
-1.2016 -0.2304
-1.24 -0.268
-1.1984 -0.272
-1.1584 -0.3232
-1.1904 -0.32
-1.2112 -0.356
-1.224 -0.2848
-1.1824 -0.2824
-1.2272 -0.2832
-1.1616 -0.2256
-1.1712 -0.2456
-1.184 -0.188
-1.192 -0.2896
-1.2032 -0.2464
-1.1744 -0.2656
-1.1952 -0.2848
-1.2128 -0.2592
-1.1904 -0.2632
-1.16 -0.22
-1.2144 -0.2336
-1.2464 -0.2944
-1.2544 -0.2744
-1.272 -0.3008
-1.1248 -0.2512
-1.1488 -0.304
-1.1664 -0.136
-1.1296 -0.1
-1.144 -0.0656
-1.12 -0.084
-1.1184 -0.1688
-1.1824 -0.1184
-1.1776 -0.0536
-1.1488 -0.0408
-1.1568 -0.0624
-1.1808 -0.064
-1.2336 -0.0152
-1.2416 0.0504
-1.2544 0.072
-1.2032 -0.0456
-1.2864 0.0208
-1.2496 -0.016
-1.1632 -0.0056
-1.1424 -0.1008
-1.168 -0.196
-1.1664 -0.1496
-1.2128 -0.1744
-1.176 -0.1744
-1.2208 -0.252
-1.2528 -0.3048
-1.1968 -0.3368
-1.2448 -0.3864
-1.2064 -0.2976
-1.2304 -0.336
-1.2832 -0.236
-1.2 -0.26
-1.2864 -0.2944
-1.248 -0.3904
-1.1824 -0.3344
-1.1824 -0.2824
-1.2176 -0.3856
-1.2912 -0.4416
-1.328 -0.5832
-1.3168 -0.5872
-1.3184 -0.604
-1.328 -0.5888
-1.2592 -0.4512
-1.2336 -0.3544
-1.2448 -0.3968
-1.2528 -0.44
-1.2848 -0.5064
-1.24 -0.4432
-1.2624 -0.4584
-1.2992 -0.4688
-1.3072 -0.5848
-1.2384 -0.4304
-1.1856 -0.4568
-1.2816 -0.3848
-1.2112 -0.3664
-1.1936 -0.2712
-1.1872 -0.2304
-1.2992 -0.2784
-1.168 -0.1776
-1.16 -0.1736
-1.24 -0.1472
-1.1776 -0.0912
-1.168 -0.1336
-1.1696 -0.1048
-1.1792 -0.0568
-1.2656 -0.1384
-1.1664 -0.1304
-1.1344 -0.092
-1.1632 -0.1432
-1.1664 -0.172
-1.1456 -0.0536
-1.1472 -0.0176
-1.1632 0.0056
-1.1776 0.12
-1.1312 0.2496
-1.216 0.2944
-1.2352 0.3096
-1.1744 0.1944
-1.1888 0.1224
-1.2032 0.2128
-1.1696 0.296
-1.2784 0.2512
-1.2976 0.2904
-1.304 0.3344
-1.2592 0.3384
-1.1888 0.3584
-1.2144 0.3928
-1.2256 0.4488
-1.272 0.52
-1.2528 0.488
-1.208 0.4888
-1.2448 0.424
-1.2352 0.4152
-1.1968 0.2744
-1.2704 0.3784
-1.2224 0.3536
-1.2992 0.3752
-1.3264 0.4128
-1.2416 0.4256
-1.2448 0.4896
-1.2352 0.512
-1.2048 0.4992
-1.3536 0.5736
-1.2416 0.4648
-1.216 0.416
-1.2256 0.3032
-1.2144 0.3056
-1.1808 0.2304
-1.1792 0.2784
-1.1808 0.292
-1.2224 0.2416
-1.2384 0.1992
-1.2128 0.2608
-1.1616 0.1064
-1.1136 0.0584
-1.2336 0.148
-1.224 0.0216
-1.152 0.0376
-1.168 0.0416
-1.2112 0.0024
-1.224 -0.0432
-1.3008 0.0064
-1.264 0.0056
-1.2208 0.0008
-1.216 -0.0008
-1.1328 -0.0896
-1.1568 -0.0952
-1.1456 -0.0544
-1.2048 -0.0592
-1.1424 -0.08
-1.1584 0.0352
-1.1216 -0.0312
-1.1552 0.0424
-1.272 0.1072
-1.1984 0.1792
-1.24 0.1584
-1.2176 0.1504
-1.2432 0.2144
-1.2256 0.1624
-1.2048 0.0888
-1.2896 0.0352
-1.1968 0.1224
-1.248 0.248
-1.2416 0.2656
-1.1712 0.2192
-1.1168 0.2216
-1.1984 0.3128
-1.2336 0.3136
-1.264 0.3152
-1.288 0.3512
-1.1408 0.3352
-1.2208 0.3848
-1.2512 0.4008
-1.3024 0.4344
-1.2944 0.436
-1.2448 0.4352
-1.2128 0.4584
-1.2352 0.4584
-1.3056 0.416
-1.2176 0.3304
-1.2656 0.3168
-1.2256 0.3824
-1.2896 0.3936
-1.248 0.376
-1.288 0.2912
-1.2112 0.1936
-1.1488 0.0856
-1.0816 0.0488
-1.2064 -0.1136
-1.2016 -0.304
-1.2304 -0.2592
-1.2368 -0.2504
-1.248 -0.2376
-1.176 -0.332
-1.2128 -0.412
-1.2592 -0.4312
-1.2976 -0.4784
-1.2544 -0.4512
-1.264 -0.5344
-1.2016 -0.4568
-1.2464 -0.4672
-1.2032 -0.3608
-1.256 -0.4544
-1.2816 -0.5136
-1.3056 -0.608
-1.3072 -0.5944
-1.4224 -0.708
-1.3184 -0.6592
-1.3568 -0.604
-1.32 -0.6104
-1.2848 -0.5376
-1.2944 -0.4816
-1.2976 -0.4552
-1.1968 -0.4064
-1.2096 -0.424
-1.1568 -0.3384
-1.2528 -0.2408
-1.1664 0.0216
-1.24 0.0848
-1.36 0.1096
-1.2448 0.1072
-1.1584 0.0984
-1.2384 0.0864
-1.304 0.1992
-1.1792 0.1296
-1.216 0.164
-1.1392 0.1192
-1.2208 0.1624
-1.2656 0.1672
-1.2592 0.0992
-1.2112 0.2032
-1.2224 0.2304
-1.2688 0.2792
-1.2288 0.0568
-1.192 0.0768
-1.1904 0.1008
-1.2336 -0.0616
-1.1328 -0.1024
-1.2256 -0.0976
-1.2544 -0.1768
-1.2416 -0.2568
-1.1456 -0.1584
-1.1712 -0.1864
-1.2192 -0.2496
-1.2064 -0.1384
-1.24 -0.0768
-1.1712 -0.1544
-1.1136 -0.124
-1.1952 -0.2128
-1.1344 -0.216
-1.112 -0.1984
-1.1376 -0.152
-1.16 -0.1584
-1.232 -0.1984
-1.0912 -0.192
-1.1792 -0.3656
-1.224 -0.3728
-1.2336 -0.4408
-1.24 -0.4544
-1.144 -0.3936
-1.176 -0.3928
-1.248 -0.396
-1.2864 -0.4256
-1.3392 -0.4704
-1.1856 -0.4128
-1.2624 -0.5016
-1.3024 -0.5048
-1.2928 -0.4664
-1.1968 -0.4592
-1.2544 -0.464
-1.216 -0.4744
-1.2576 -0.4896
-1.304 -0.5152
-1.3168 -0.5264
-1.3808 -0.616
-1.3344 -0.6312
-1.2944 -0.5408
-1.2912 -0.5688
-1.2496 -0.5504
-1.2432 -0.54
-1.3488 -0.6248
-1.2992 -0.6392
-1.2768 -0.5968
-1.3408 -0.58
-1.2528 -0.4944
-1.24 -0.4728
-1.2272 -0.4512
-1.2528 -0.528
-1.2416 -0.576
-1.2928 -0.5664
-1.352 -0.5608
-1.3072 -0.4848
-1.28 -0.544
-1.3248 -0.5632
-1.2224 -0.5168
-1.2416 -0.5528
-1.208 -0.5568
-1.2912 -0.6024
-1.3008 -0.588
-1.2144 -0.5224
-1.304 -0.524
-1.2288 -0.4664
-1.2432 -0.4176
-1.2272 -0.4608
-1.1952 -0.4416
-1.3056 -0.5408
-1.2832 -0.5408
-1.2864 -0.4952
-1.2896 -0.4368
-1.2128 -0.412
-1.1904 -0.3064
-1.1648 -0.1176
-1.1328 -0.0568
-1.1488 -0.0576
-1.0912 -0.2424
-1.2128 -0.3008
-1.1888 -0.3976
-1.2368 -0.336
-1.2128 -0.1696
-1.1696 -0.0664
-1.1056 -0.108
-1.176 -0.0224
-1.1168 -0.0552
-1.1872 -0.0448
-1.1024 0.036
-1.1712 0.0696
-1.1968 0.0168
-1.1376 0.1552
-1.2288 0.2184
-1.1552 0.2536
-1.232 0.4304
-1.256 0.4336
-1.248 0.4944
-1.2624 0.472
-1.1952 0.4504
-1.2624 0.5032
-1.304 0.54
-1.2752 0.4368
-1.2256 0.4584
-1.272 0.4608
-1.2496 0.4896
-1.2784 0.468
-1.2768 0.464
-1.2592 0.4144
-1.2272 0.3568
-1.3264 0.5112
-1.224 0.3784
-1.2384 0.3928
-1.1968 0.2888
-1.2448 0.3648
-1.2208 0.2736
-1.1872 0.3
-1.2208 0.4216
-1.2128 0.4568
-1.2592 0.4816
-1.184 0.4192
-1.2368 0.468
-1.1792 0.3664
-1.1808 0.3952
-1.2272 0.3624
-1.1664 0.3512
-1.1808 0.2336
-1.2192 0.1336
-1.1536 0.0472
-1.2592 0.0664
-1.144 -0.048
-1.2144 0.016
-1.1888 -0.0176
-1.1728 -0.0056
-1.1696 0.0464
-1.2272 0.064
-1.1568 0.084
-1.1552 0.1112
-1.2192 0.0568
-1.1824 0.0608
-1.1456 0.032
-1.2096 0.0184
-1.2368 -0.152
-1.24 -0.0808
-1.1744 -0.1432
-1.1264 -0.132
-1.0944 0.0072
-1.144 0.084
-1.1904 0.0312
-1.1904 0.0224
-1.16 0.0688
-1.184 0.1208
-1.1456 0.092
-1.0864 0.1416
-1.1056 0.0016
-1.144 0.0408
-1.1952 0.0416
-1.1856 0.0544
-1.208 0.1304
-1.1392 0.1808
-1.2016 0.284
-1.1728 0.2992
-1.248 0.364
-1.2208 0.3008
-1.224 0.3584
-1.2992 0.4088
-1.2272 0.4416
-1.3152 0.4792
-1.184 0.4392
-1.2832 0.4592
-1.2784 0.3688
-1.272 0.2816
-1.168 0.32
-1.1872 0.2392
-1.2176 0.224
-1.1712 0.2424
-1.2112 0.2824
-1.3344 0.204
-1.192 0.164
-1.3104 0.1328
-1.3008 0.1848
-1.2096 0.148
-1.2784 0.1864
-1.2304 0.252
-1.2112 0.2384
-1.2016 0.2248
-1.2192 0.3624
-1.2448 0.4472
-1.3328 0.492
-1.224 0.4072
-1.2672 0.4456
-1.192 0.3536
-1.2464 0.3392
-1.2784 0.3952
-1.2896 0.3496
-1.264 0.368
-1.216 0.28
-1.2576 0.272
-1.2064 0.2384
-1.2432 0.1896
-1.2672 0.1712
-1.2656 0.1528
-1.2432 0.0976
-1.1568 0.0776
-1.1472 -0.04
-1.1696 -0.0816
-1.1728 -0.1704
-1.2272 -0.0408
-1.2544 -0.0392
-1.136 -0.0088
-1.2032 0.0456
-1.1808 0.0032
-1.1888 0.016
-1.1344 -0.1064
-1.1952 -0.2208
-1.1472 -0.1712
-1.2528 -0.204
-1.1616 -0.1632
-1.1792 -0.1568
-1.1072 -0.2456
-1.2304 -0.2064
-1.1344 -0.2
-1.168 -0.1896
-1.1664 -0.1592
-1.168 -0.1688
-1.1728 -0.2464
-1.184 -0.3528
-1.2432 -0.3656
-1.2896 -0.396
-1.2144 -0.3424
-1.24 -0.2984
-1.1712 -0.3112
-1.2304 -0.2664
-1.2448 -0.252
-1.1696 -0.264
-1.1488 -0.284
-1.2512 -0.3448
-1.2512 -0.2736
-1.2256 -0.3376
-1.2224 -0.3448
-1.1376 -0.3464
-1.2224 -0.3032
-1.2144 -0.3424
-1.2016 -0.336
-1.1888 -0.3152
-1.248 -0.2624
-1.1952 -0.1496
-1.2384 -0.2128
-1.1856 -0.1896
-1.2272 -0.1296
-1.256 -0.2176
-1.2032 -0.1808
-1.2336 -0.1976
-1.232 -0.2104
-1.2912 -0.2832
-1.2656 -0.316
-1.2176 -0.2584
-1.2016 -0.196
-1.1888 -0.1184
-1.2032 -0.144
-1.224 -0.1728
-1.1744 -0.22
-1.3152 -0.2088
-1.3232 -0.096
-1.2112 -0.0288
-1.1536 -0.0752
-1.3216 -0.092
-1.2656 -0.1072
-1.3168 -0.1184
-1.3104 -0.1312
-1.2608 -0.1504
-1.2368 -0.0368
-1.2224 0.0344
-1.2144 0.0008
-1.2656 -0.1896
-1.224 -0.14
-1.152 -0.1216
-1.1456 -0.1296
-1.2144 -0.2416
-1.1952 -0.2104
-1.2368 -0.2952
-1.2448 -0.3448
-1.1568 -0.276
-1.2048 -0.4616
-1.2672 -0.4808
-1.2576 -0.4288
-1.2592 -0.508
-1.2624 -0.4768
-1.2352 -0.4832
-1.2096 -0.4136
-1.1696 -0.4504
-1.256 -0.4536
-1.2544 -0.3736
-1.1904 -0.3488
-1.2816 -0.4128
-1.2112 -0.3408
-1.2368 -0.4096
-1.1856 -0.324
-1.2112 -0.348
-1.1904 -0.2808
-1.2288 -0.2608
-1.2336 -0.3584
-1.288 -0.396
-1.1952 -0.316
-1.2176 -0.3288
-1.2096 -0.3152
-1.1792 -0.3752
-1.2048 -0.4752
-1.2576 -0.504
-1.296 -0.5344
-1.2896 -0.48
-1.1984 -0.4376
-1.2064 -0.3344
-1.232 -0.468
-1.184 -0.3608
-1.1776 -0.2952
-1.1456 -0.3152
-1.264 -0.4152
-1.2288 -0.3192
-1.2272 -0.2448
-1.1952 -0.2456
-1.2768 -0.2904
-1.1472 -0.2816
-1.2592 -0.316
-1.1872 -0.3552
-1.2368 -0.2816
-1.3152 -0.4088
-1.3264 -0.3576
-1.2368 -0.3032
-1.2256 -0.28
-1.288 -0.3216
-1.2784 -0.352
-1.2896 -0.3824
-1.1904 -0.3528
-1.1392 -0.2432
-1.1536 -0.236
-1.1232 -0.2264
-1.2192 -0.2208
-1.1424 -0.2184
-1.1808 -0.2304
-1.2096 -0.324
-1.1552 -0.3616
-1.272 -0.4608
-1.3072 -0.5128
-1.3312 -0.5624
-1.2832 -0.5256
-1.3296 -0.572
-1.2288 -0.4384
-1.1616 -0.2656
-1.2304 -0.2608
-1.2752 -0.312
-1.2096 -0.3008
-1.2176 -0.2288
-1.1712 -0.264
-1.2864 -0.3512
-1.1168 -0.2976
-1.1312 -0.368
-1.248 -0.3872
-1.152 -0.3208
-1.192 -0.3408
-1.1712 -0.3544
-1.1792 -0.424
-1.2608 -0.3472
-1.2304 -0.3272
-1.3072 -0.4448
-1.2192 -0.4392
-1.2016 -0.3336
-1.2496 -0.3272
-1.2304 -0.2824
-1.24 -0.3584
-1.2448 -0.3048
-1.2752 -0.3152
-1.1968 -0.204
-1.2368 -0.2328
-1.176 -0.152
-1.1504 -0.0928
-1.272 -0.0712
-1.2368 -0.128
-1.2512 -0.2048
-1.2912 -0.2864
-1.232 -0.308
-1.2368 -0.32
-1.24 -0.3216
-1.192 -0.3656
-1.28 -0.3752
-1.2128 -0.3136
-1.264 -0.272
-1.2624 -0.34
-1.2496 -0.2344
-1.224 -0.2528
-1.3008 -0.1952
-1.2176 -0.1672
-1.1584 -0.1672
-1.168 -0.1552
-1.2096 -0.2376
-1.2 -0.2344
-1.1632 -0.2656
-1.1792 -0.228
-1.16 -0.2208
-1.2544 -0.2824
-1.2064 -0.3976
-1.216 -0.4336
-1.2208 -0.4896
-1.2352 -0.4736
-1.3184 -0.5512
-1.1888 -0.44
-1.2048 -0.4712
-1.2576 -0.4776
-1.1936 -0.5048
-1.2496 -0.524
-1.2992 -0.5936
-1.2384 -0.5296
-1.256 -0.548
-1.2464 -0.5344
-1.2768 -0.5464
-1.3072 -0.5512
-1.3056 -0.5512
-1.3152 -0.6056
-1.2544 -0.4944
-1.2288 -0.492
-1.2752 -0.5296
-1.2688 -0.5392
-1.2432 -0.5984
-1.2704 -0.5616
-1.192 -0.4856
-1.2352 -0.5088
-1.2016 -0.3912
-1.2352 -0.3856
-1.2064 -0.256
-1.136 -0.2344
-1.1984 -0.3
-1.1248 -0.2656
-1.1792 -0.3496
-1.2432 -0.3936
-1.224 -0.3296
-1.1616 -0.3328
-1.2288 -0.3344
-1.1696 -0.2632
-1.1808 -0.3304
-1.1776 -0.2632
-1.1776 -0.244
-1.1584 -0.2336
-1.2112 -0.3424
-1.2208 -0.2736
-1.168 -0.356
-1.136 -0.3864
-1.2768 -0.3968
-1.216 -0.38
-1.2112 -0.356
-1.256 -0.3048
-1.16 -0.336
-1.1376 -0.2336
-1.104 -0.1904
-1.12 -0.1528
-1.0576 -0.1264
-1.1632 -0.156
-1.168 -0.1896
-1.1536 -0.1424
-1.152 -0.2576
-1.2 -0.0816
-1.2208 -0.1688
-1.2624 -0.252
-1.2512 -0.2624
-1.136 -0.2184
-1.2 -0.1744
-1.2 -0.1192
-1.144 -0.0864
-1.1696 -0.08
-1.1376 -0.1136
-1.1536 -0.1632
-1.1872 -0.0448
-1.1344 0.0424
-1.1104 0.084
-1.1216 0.1448
-1.1392 0.0488
-1.208 0.0824
-1.2256 0.1344
-1.1264 0.124
-1.1264 0.1248
-1.1632 0.1728
-1.0848 0.1832
-1.1808 0.1888
-1.1408 0.1744
-1.1552 0.2256
-1.1552 0.2344
-1.1584 0.4016
-1.2144 0.4728
-1.2624 0.5488
-1.2592 0.5176
-1.2224 0.5552
-1.2528 0.5184
-1.2144 0.428
-1.3088 0.5216
-1.2784 0.4656
-1.2896 0.4712
-1.344 0.5048
-1.32 0.5464
-1.2992 0.4688
-1.2208 0.464
-1.2384 0.4
-1.1952 0.3328
-1.232 0.3296
-1.2448 0.368
-1.2752 0.2584
-1.2528 0.2432
-1.1856 0.18
-1.2256 0.1024
-1.2704 0.144
-1.1904 0.1616
-1.2064 0.192
-1.0928 0.2136
-1.1392 0.1664
-1.28 0.1272
-1.2064 0.2216
-1.2256 0.1912
-1.3088 0.2472
-1.28 0.2176
-1.1664 0.2216
-1.1952 0.2168
-1.2608 0.2896
-1.2784 0.36
-1.2192 0.304
-1.2576 0.3096
-1.2496 0.3744
-1.1792 0.3232
-1.2768 0.392
-1.2848 0.3976
-1.2224 0.404
-1.1712 0.3576
-1.1984 0.2816
-1.28 0.3184
-1.2528 0.2936
-1.1472 0.204
-1.1552 0.2584
-1.0864 0.1672
-1.1344 0.1328
-1.1536 0.1264
-1.1872 0.1896
-1.1712 0.1808
-1.0816 0.188
-1.1088 0.172
-1.1808 0.3128
-1.2288 0.36
-1.1984 0.476
-1.2272 0.4048
-1.2224 0.3568
-1.2592 0.2976
-1.2416 0.28
-1.1904 0.2384
-1.2512 0.244
-1.248 0.2264
-1.2256 0.2928
-1.24 0.3648
-1.2224 0.2888
-1.2288 0.2784
-1.3056 0.312
-1.192 0.3456
-1.2224 0.3248
-1.2672 0.3032
-1.2048 0.1704
-1.216 0.164
-1.2544 0.1232
-1.264 0.0704
-1.2064 0.0256
-1.1744 0.0384
-1.16 0.0832
-1.1792 -0.0112
-1.2048 0.132
-1.1792 0.1608
-1.224 0.0816
-1.1584 0.0568
-1.2704 0.22
-1.208 0.1808
-1.2096 0.2288
-1.2304 0.1368
-1.2208 0.1104
-1.2336 0.052
-1.2256 0.052
-1.2176 0.0272
-1.216 0.0656
-1.1904 0.0208
-1.2112 0.056
-1.1984 0.0592
-1.2128 -0.0464
-1.16 -0.12
-1.2048 0.0184
-1.1744 -0.0464
-1.112 0.0344
-1.1664 0.164
-1.128 0.1392
-1.2112 0.2184
-1.2224 0.2344
-1.1936 0.2328
-1.1696 0.264
-1.2112 0.1568
-1.1632 0.1232
-1.2176 0.1552
-1.232 0.104
-1.1872 0.1648
-1.2896 0.2824
-1.2288 0.3208
-1.1696 0.364
-1.1984 0.3752
-1.2832 0.3832
-1.1376 0.2584
-1.1904 0.2624
-1.1856 0.2576
-1.1984 0.2792
-1.1728 0.2096
-1.1584 0.2176
-1.2656 0.2784
-1.2432 0.1744
-1.208 0.1512
-1.24 0.0776
-1.2384 0.1816
-1.176 0.0736
-1.192 -0.02
-1.2368 -0.0176
-1.2192 -0.0736
-1.2384 -0.008
-1.1984 -0.04
-1.2496 -0.0504
-1.1952 -0.0784
-1.1376 0.0392
-1.1888 0.06
-1.176 -0.0696
-1.1872 -0.0512
-1.2016 -0.0336
-1.1904 -0.1384
-1.1888 0.016
-1.184 0.0648
-1.2112 0.0416
-1.2048 -0.0352
-1.304 -0.0888
-1.176 -0.0984
-1.224 -0.2184
-1.2032 -0.2864
-1.352 -0.4104
-1.3008 -0.3312
-1.2768 -0.2968
-1.2944 -0.3304
-1.2256 -0.3552
-1.2256 -0.316
-1.1792 -0.3208
-1.2144 -0.216
-1.1872 -0.2464
-1.2064 -0.2968
-1.1792 -0.3024
-1.2016 -0.2664
-1.152 -0.2616
-1.2224 -0.2888
-1.2304 -0.3928
-1.2096 -0.3456
-1.1152 -0.296
-1.072 -0.2912
-1.2256 -0.36
-1.1408 -0.3448
-1.1632 -0.324
-1.2 -0.364
-1.1744 -0.3896
-1.2336 -0.3592
-1.2752 -0.4536
-1.2432 -0.3256
-1.2672 -0.3264
-1.2464 -0.2264
-1.2304 -0.2136
-1.2528 -0.176
-1.2752 -0.0872
-1.2256 -0.0536
-1.2528 -0.0072
-1.2528 -0.0168
-1.2784 -0.0136
-1.2096 0
-1.2064 0.0416
-1.1808 0.0328
-1.2592 -0.0048
-1.2848 -0.068
-1.2496 -0.2176
-1.3216 -0.2016
-1.3088 -0.2328
-1.184 -0.216
-1.224 -0.2952
-1.2368 -0.2912
-1.2928 -0.2648
-1.2112 -0.3456
-1.1888 -0.4304
-1.2528 -0.5224
-1.2736 -0.5168
-1.2784 -0.588
-1.304 -0.6024
-1.3024 -0.5704
-1.3296 -0.5512
-1.2224 -0.452
-1.1984 -0.4304
-1.3088 -0.4656
-1.248 -0.3816
-1.2144 -0.3432
-1.1824 -0.312
-1.184 -0.3384
-1.2016 -0.3064
-1.1968 -0.256
-1.1584 -0.2528
-1.2544 -0.2848
-1.2976 -0.2952
-1.2272 -0.3224
-1.2784 -0.2464
-1.176 -0.2576
-1.2368 -0.3504
-1.2832 -0.372
-1.2576 -0.3888
-1.2464 -0.4216
-1.1984 -0.4464
-1.2208 -0.4144
-1.2544 -0.4656
-1.3264 -0.476
-1.3216 -0.5312
-1.2304 -0.4
-1.2032 -0.4312
-1.3056 -0.4632
-1.232 -0.3848
-1.2432 -0.44
-1.232 -0.4
-1.2224 -0.4016
-1.184 -0.3688
-1.2144 -0.3952
-1.2736 -0.4504
-1.3824 -0.4936
-1.384 -0.5112
-1.3488 -0.4752
-1.2752 -0.4944
-1.2752 -0.4696
-1.272 -0.4384
-1.2416 -0.4032
-1.1792 -0.3896
-1.2112 -0.328
-1.2096 -0.3448
-1.1472 -0.2232
-1.1056 -0.2016
-1.1712 -0.1816
-1.2448 -0.2144
-1.0832 -0.1808
-1.1872 -0.2128
-1.1728 -0.3208
-1.1808 -0.3592
-1.2176 -0.304
-1.1904 -0.3704
-1.2752 -0.3984
-1.2752 -0.4936
-1.3184 -0.5768
-1.3584 -0.5656
-1.2128 -0.504
-1.2704 -0.4312
-1.1808 -0.3888
-1.2752 -0.3816
-1.1984 -0.3176
-1.2432 -0.308
-1.1888 -0.256
-1.2496 -0.2424
-1.256 -0.052
-1.2704 0.0144
-1.2656 -0.0072
-1.2688 -0.0104
-1.1792 0.0704
-1.2 0.0688
-1.1536 0.0704
-1.1888 0.0384
-1.1664 -0.0624
-1.176 -0.1536
-1.28 -0.2216
-1.1952 -0.2416
-1.2144 -0.2512
-1.2128 -0.2992
-1.2656 -0.3184
-1.2464 -0.268
-1.3936 -0.292
-1.3232 -0.272
-1.2768 -0.2448
-1.312 -0.3056
-1.3952 -0.3272
-1.2592 -0.4296
-1.2384 -0.4384
-1.2592 -0.2408
-1.1248 -0.12
-1.12 -0.0704
-1.144 0.08
-1.184 0.0848
-1.2048 0.0744
-1.2208 0.076
-1.1456 0.0024
-1.2096 0.056
-1.232 0.044
-1.1952 -0.0056
-1.1888 0.112
-1.2 0.0832
-1.2048 0.0168
-1.2048 0.0776
-1.1424 -0.0456
-1.1888 -0.0592
-1.1936 -0.0336
-1.1312 0.0656
-1.0688 0.0624
-1.1904 0.0056
-1.1488 0.0064
-1.1104 0.0088
-1.0368 0.0016
-1.1152 -0.136
-1.1376 -0.204
-1.2352 -0.3232
-1.2176 -0.3192
-1.1968 -0.3552
-1.1392 -0.3448
-1.2448 -0.2136
-1.2096 -0.092
-1.1392 -0.044
-1.2272 -0.0584
-1.232 -0.0392
-1.1872 0.0272
-1.1344 0.0016
-1.224 -0.0448
-1.1424 -0.0024
-1.1376 0.0792
-1.1792 0.1072
-1.24 0.1632
-1.2528 0.168
-1.232 0.2064
-1.184 0.1368
-1.2 0.22
-1.2144 0.244
-1.1872 0.2192
-1.2112 0.2696
-1.3056 0.1576
-1.248 0.2304
-1.1792 0.1896
-1.2208 0.304
-1.1792 0.2888
-1.2864 0.3112
-1.2464 0.2696
-1.1456 0.204
-1.1456 0.212
-1.184 0.244
-1.104 0.2512
-1.2464 0.3336
-1.3168 0.36
-1.2912 0.388
-1.2592 0.3688
-1.2448 0.456
-1.32 0.4456
-1.2608 0.4152
-1.2208 0.3872
-1.208 0.3048
-1.2272 0.2672
-1.2224 0.188
-1.2144 0.2064
-1.2496 0.2848
-1.3088 0.4
-1.2656 0.36
-1.2432 0.2832
-1.1776 0.2264
-1.2352 0.1936
-1.2096 0.1952
-1.224 0.2384
-1.2288 0.2352
-1.2224 0.36
-1.2448 0.2896
-1.2416 0.332
-1.1872 0.2776
-1.24 0.352
-1.2064 0.4376
-1.2464 0.3856
-1.152 0.4064
-1.1744 0.3744
-1.2512 0.4344
-1.208 0.36
-1.2064 0.3264
-1.1536 0.372
-1.176 0.4544
-1.2672 0.504
-1.1312 0.3656
-1.2464 0.4672
-1.3088 0.4848
-1.2256 0.4472
-1.1984 0.388
-1.232 0.46
-1.2048 0.3784
-1.1968 0.3928
-1.2928 0.4456
-1.2624 0.3624
-1.2352 0.3552
-1.2752 0.292
-1.136 0.3072
-1.2368 0.208
-1.1712 0.22
-1.24 0.08
-1.1584 0.1048
-1.24 0.1632
-1.1632 0.1736
-1.2336 0.1624
-1.176 0.0704
-1.1904 0.1568
-1.2256 0.112
-1.16 0.0904
-1.208 -0.0088
-1.2096 0.0696
-1.1984 0.108
-1.1648 0.0296
-1.1856 -0.0056
-1.1616 -0.0688
-1.2496 -0.0864
-1.2768 -0.0832
-1.2464 -0.1344
-1.2 -0.1104
-1.2944 -0.0864
-1.2144 -0.1984
-1.2512 -0.14
-1.224 -0.1536
-1.256 -0.196
-1.2416 -0.2272
-1.1776 -0.1768
-1.232 -0.3224
-1.2496 -0.3768
-1.256 -0.3992
-1.2032 -0.4616
-1.208 -0.3984
-1.2352 -0.4488
-1.216 -0.4072
-1.232 -0.4608
-1.184 -0.3784
-1.2384 -0.3896
-1.248 -0.328
-1.296 -0.4128
-1.2352 -0.3312
-1.2176 -0.22
-1.1296 -0.1336
-1.208 -0.208
-1.2064 -0.1984
-1.1712 -0.068
-1.1936 -0.1016
-1.1584 -0.164
-1.2016 -0.1728
-1.2064 -0.276
-1.2112 -0.1832
-1.2016 -0.1608
-1.3088 -0.1152
-1.224 -0.1728
-1.2352 -0.2216
-1.256 -0.164
-1.2368 -0.1224
-1.1584 -0.088
-1.16 -0.056
-1.2112 -0.0408
-1.2176 -0.0728
-1.2192 -0.0888
-1.2304 -0.1664
-1.2368 -0.2256
-1.1536 -0.1672
-1.2768 -0.1544
-1.104 -0.1032
-1.1616 -0.1112
-1.1616 -0.0512
-1.1712 -0.0808
-1.1888 0.0352
-1.1696 0.0032
-1.088 -0.0056
-1.1472 0.0472
-1.1376 0.0784
-1.136 -0.02
-1.2416 -0.0264
-1.2336 -0.0144
-1.248 0.0232
-1.2288 0.0536
-1.2032 0.0672
-1.1328 0.1152
-1.1728 0.1496
-1.1392 0.1392
-1.2272 0.104
-1.2624 0.1232
-1.1504 0.0344
-1.2064 -0.0592
-1.2032 -0.0168
-1.2336 0.0696
-1.1888 -0.0432
-1.2144 0.0224
-1.1952 0.0624
-1.1648 0.0016
-1.2176 -0.008
-1.2416 0.0904
-1.1728 0.0592
-1.2048 0.1088
-1.2256 0.18
-1.2256 0.0152
-1.2032 0.0232
-1.1728 -0.0576
-1.2592 0.0152
-1.1808 0.0008
-1.2192 -0.0008
-1.152 0.008
-1.2 -0.0416
-1.0848 -0.0064
-1.216 0.0264
-1.1232 -0.0304
-1.2016 -0.1368
-1.2912 -0.136
-1.2288 -0.2
-1.2224 -0.1504
-1.2128 -0.1608
-1.1952 -0.2872
-1.2016 -0.4464
-1.224 -0.4272
-1.2032 -0.4184
-1.2496 -0.5216
-1.2416 -0.5272
-1.216 -0.4024
-1.2176 -0.444
-1.2848 -0.3744
-1.272 -0.4352
-1.256 -0.436
-1.1952 -0.4192
-1.1776 -0.3736
-1.2832 -0.3728
-1.2224 -0.4128
-1.2912 -0.444
-1.1264 -0.3528
-1.2832 -0.3008
-1.24 -0.3064
-1.2096 -0.2416
-1.1728 -0.2096
-1.1616 -0.184
-1.2064 -0.2512
-1.2656 -0.2688
-1.208 -0.2824
-1.12 -0.2048
-1.1648 -0.2344
-1.1616 -0.2352
-1.12 -0.2552
-1.2064 -0.2888
-1.1424 -0.328
-1.0992 -0.2336
-1.1808 -0.1328
-1.1216 -0.1912
-1.2368 -0.1048
-1.2352 -0.0728
-1.2192 -0.1152
-1.1936 -0.088
-1.2576 -0.1312
-1.1184 -0.152
-1.2032 -0.2112
-1.1968 -0.308
-1.1264 -0.3
-1.1952 -0.2208
-1.1328 -0.1904
-1.2496 -0.2584
-1.1168 -0.1624
-1.16 -0.1776
-1.2288 -0.1952
-1.2224 -0.1848
-1.2336 -0.148
-1.1808 -0.0264
-1.1888 -0.1376
-1.184 -0.0848
-1.2064 -0.1064
-1.2048 -0.1032
-1.184 -0.0384
-1.2208 -0.0088
-1.2896 -0.116
-1.2 -0.2248
-1.2288 -0.2448
-1.1744 -0.2504
-1.2016 -0.2952
-1.2336 -0.3832
-1.1456 -0.372
-1.2544 -0.4104
-1.208 -0.3584
-1.3008 -0.3568
-1.264 -0.4192
-1.2752 -0.424
-1.2176 -0.3616
-1.208 -0.3536
-1.2112 -0.3456
-1.2512 -0.4352
-1.2624 -0.5056
-1.2048 -0.3848
-1.2208 -0.3784
-1.2672 -0.452
-1.192 -0.4328
-1.2384 -0.4104
-1.312 -0.4552
-1.2848 -0.468
-1.3184 -0.5256
-1.2672 -0.52
-1.1856 -0.4056
-1.3456 -0.5792
-1.2928 -0.556
-1.3984 -0.6488
-1.3344 -0.5136
-1.2848 -0.5192
-1.3424 -0.6008
-1.3136 -0.5432
-1.3152 -0.5528
-1.2496 -0.392
-1.2384 -0.3376
-1.2624 -0.4016
-1.216 -0.36
-1.2048 -0.2952
-1.2576 -0.3632
-1.24 -0.3952
-1.1504 -0.3904
-1.2624 -0.4128
-1.2528 -0.4456
-1.2944 -0.416
-1.312 -0.4552
-1.3008 -0.52
-1.2784 -0.4816
-1.3488 -0.5232
-1.264 -0.4912
-1.2688 -0.5288
-1.2736 -0.5016
-1.2928 -0.4464
-1.2672 -0.3608
-1.2496 -0.4568
-1.2368 -0.4344
-1.2512 -0.5472
-1.2448 -0.492
-1.3024 -0.5064
-1.312 -0.5616
-1.3632 -0.6608
-1.384 -0.6552
-1.2928 -0.6448
-1.328 -0.6416
-1.304 -0.5864
-1.248 -0.5472
-1.1952 -0.4944
-1.2704 -0.4224
-1.1664 -0.3888
-1.168 -0.364
-1.2512 -0.4024
-1.2464 -0.4016
-1.2544 -0.5
-1.2512 -0.52
-1.3056 -0.4704
-1.1936 -0.4224
-1.296 -0.4624
-1.208 -0.3848
-1.2064 -0.2752
-1.1552 -0.252
-1.216 -0.1408
-1.1856 -0.1704
-1.0928 -0.1336
-1.1536 -0.1776
-1.232 -0.2424
-1.1744 -0.2624
-1.2752 -0.2448
-1.2864 -0.3344
-1.2512 -0.2464
-1.2112 -0.3056
-1.1808 -0.2152
-1.1728 -0.3152
-1.1712 -0.2704
-1.3136 -0.2984
-1.2272 -0.2336
-1.1696 -0.1896
-1.2144 -0.2056
-1.2784 -0.2136
-1.28 -0.2424
-1.1984 -0.268
-1.1952 -0.1912
-1.2624 -0.2464
-1.2656 -0.196
-1.2032 -0.1816
-1.2256 -0.2184
-1.2192 -0.22
-1.1776 -0.1856
-1.1584 -0.2736
-1.1968 -0.1696
-1.1808 -0.2784
-1.2256 -0.3472
-1.2016 -0.2768
-1.2 -0.2656
-1.1952 -0.2248
-1.2096 -0.3
-1.232 -0.1976
-1.192 -0.0768
-1.2272 -0.0488
-1.1456 -0.0376
-1.1616 -0.0512
-1.1824 0.032
-1.1424 -0.0168
-1.1984 0.0176
-1.1872 -0.0256
-1.2096 -0.0304
-1.2288 -0.1752
-1.1024 -0.1632
-1.1872 -0.1712
-1.1008 -0.1104
-1.1968 -0.1896
-1.192 -0.2016
-1.1968 -0.2904
-1.2928 -0.2896
-1.3184 -0.372
-1.3056 -0.3632
-1.2272 -0.2264
-1.2112 -0.1896
-1.3168 -0.1984
-1.1984 -0.1216
-1.232 -0.0896
-1.1744 -0.1016
-1.1344 -0.0688
-1.184 0.0544
-1.1488 -0.0768
-1.1472 -0.1344
-1.1808 -0.1584
-1.1392 -0.2176
-1.1632 -0.2208
-1.1648 -0.3152
-1.208 -0.2968
-1.1456 -0.26
-1.2032 -0.1064
-1.2032 -0.1264
-1.1552 -0.144
-1.1712 -0.1888
-1.208 -0.2528
-1.1904 -0.352
-1.2944 -0.38
-1.2352 -0.2936
-1.272 -0.2728
-1.3136 -0.3464
-1.216 -0.292
-1.1984 -0.2584
-1.3376 -0.3144
-1.2544 -0.3376
-1.2448 -0.3504
-1.2384 -0.3688
-1.1776 -0.3864
-1.2 -0.3528
-1.1904 -0.34
-1.216 -0.2736
-1.1776 -0.3304
-1.216 -0.3496
-1.2032 -0.2512
-1.2304 -0.1968
-1.2032 -0.2032
-1.2128 -0.1832
-1.2144 -0.2416
-1.2336 -0.2488
-1.2576 -0.2992
-1.1936 -0.2528
-1.2352 -0.3024
-1.3456 -0.448
-1.2784 -0.44
-1.3184 -0.5544
-1.296 -0.54
-1.2288 -0.4528
-1.2912 -0.4656
-1.272 -0.4336
-1.1728 -0.3328
-1.256 -0.3736
-1.2288 -0.3888
-1.1872 -0.316
-1.1856 -0.3168
-1.2128 -0.3672
-1.2176 -0.2224
-1.0992 -0.2608
-1.1904 -0.3296
-1.2608 -0.3304
-1.2112 -0.3312
-1.144 -0.2912
-1.1712 -0.2976
-1.224 -0.2536
-1.16 -0.2912
-1.3232 -0.3392
-1.2144 -0.3488
-1.2816 -0.2496
-1.1664 -0.1832
-1.24 -0.1872
-1.2688 -0.1672
-1.1984 -0.2352
-1.1952 -0.3048
-1.272 -0.324
-1.2032 -0.264
-1.1632 -0.1024
-1.0992 -0.0608
-1.1744 -0.02
-1.2016 -0.0648
-1.2512 -0.1512
-1.2 -0.1768
-1.2384 -0.2224
-1.2816 -0.208
-1.2144 -0.2344
-1.2304 -0.296
-1.2224 -0.3264
-1.232 -0.2472
-1.2368 -0.3224
-1.152 -0.368
-1.216 -0.3104
-1.2272 -0.2776
-1.232 -0.2904
-1.1824 -0.2656
-1.1488 -0.2608
-1.2 -0.2544
-1.1824 -0.2752
-1.224 -0.2872
-1.1936 -0.288
-1.1456 -0.172
-1.1584 -0.1792
-1.2512 -0.3648
-1.2464 -0.4528
-1.2128 -0.424
-1.2192 -0.3984
-1.184 -0.4368
-1.2368 -0.416
-1.2528 -0.3896
-1.1936 -0.316
-1.2128 -0.2544
-1.2544 -0.3136
-1.1648 -0.1472
-1.224 0.0216
-1.1872 0.0976
-1.2608 0.1984
-1.216 0.1856
-1.1664 0.2592
-1.1408 0.1112
-1.1728 0.1944
-1.1616 0.0912
-1.208 0.024
-1.216 0.1248
-1.1312 0.1176
-1.0832 0.08
-1.1712 0.128
-1.1472 0.2256
-1.2608 0.192
-1.2 0.1928
-1.2208 0.136
-1.2064 0.1648
-1.2368 0.1848
-1.232 0.1688
-1.1264 0.1288
-1.2272 0.1496
-1.2608 0.2328
-1.1936 0.22
-1.2688 0.3496
-1.2544 0.32
-1.176 0.2664
-1.1072 0.1432
-1.1632 0.1
-1.1584 0.06
-1.1984 0.0632
-1.1936 0.0592
-1.2848 0.1024
-1.1888 0.044
-1.1952 -0.0136
-1.216 -0.0152
-1.1152 -0.0944
-1.128 -0.0344
-1.1744 -0.02
-1.1872 0.0856
-1.2032 -0.0296
-1.1376 -0.1296
-1.1472 -0.0376
-1.2064 -0.0792
-1.1376 -0.0344
-1.1376 0.032
-1.2064 -0.0664
-1.096 -0.0544
-1.104 -0.0128
-1.1168 -0.0936
-1.216 -0.1792
-1.272 -0.1488
-1.2416 -0.2224
-1.1952 -0.324
-1.2384 -0.4336
-1.2528 -0.4304
-1.2784 -0.4304
-1.2832 -0.4832
-1.2112 -0.4408
-1.3072 -0.4616
-1.2176 -0.3928
-1.2224 -0.392
-1.2688 -0.456
-1.208 -0.444
-1.2064 -0.484
-1.3456 -0.5656
-1.2592 -0.4664
-1.2768 -0.4656
-1.3216 -0.5088
-1.328 -0.5856
-1.3152 -0.6064
-1.3408 -0.6264
-1.2448 -0.5472
-1.28 -0.5208
-1.2512 -0.4896
-1.2288 -0.4016
-1.2368 -0.4016
-1.1952 -0.4248
-1.2848 -0.432
-1.2912 -0.4128
-1.2976 -0.4592
-1.2448 -0.4416
-1.2912 -0.3728
-1.2288 -0.3824
-1.1584 -0.2952
-1.2032 -0.4232
-1.2832 -0.452
-1.3136 -0.5232
-1.2832 -0.528
-1.1792 -0.4584
-1.1984 -0.4728
-1.2176 -0.4728
-1.2704 -0.4696
-1.2544 -0.4632
-1.296 -0.424
-1.192 -0.3384
-1.1792 -0.3952
-1.272 -0.4608
-1.2864 -0.4504
-1.2448 -0.4552
-1.2976 -0.4856
-1.2528 -0.4408
-1.2416 -0.4512
-1.2992 -0.5
-1.3232 -0.4904
-1.2208 -0.476
-1.2304 -0.3928
-1.2592 -0.4096
-1.232 -0.4408
-1.3152 -0.4448
-1.2064 -0.3576
-1.2992 -0.2912
-1.2352 -0.2888
-1.2288 -0.3376
-1.2944 -0.3528
-1.1984 -0.3976
-1.1888 -0.3632
-1.2336 -0.3384
-1.2896 -0.384
-1.1792 -0.3536
-1.0992 -0.2176
-1.1296 -0.0648
-1.192 -0.0832
-1.2112 -0.0416
-1.1632 -0.052
-1.1952 -0.1504
-1.2128 -0.1392
-1.2512 -0.2832
-1.2432 -0.3456
-1.168 -0.3432
-1.1728 -0.2272
-1.288 -0.168
-1.2496 -0.072
-1.1168 -0.028
-1.1696 0.068
-1.1424 0.0584
-1.1824 0.0144
-1.1664 0.1656
-1.2272 0.104
-1.1008 0.0144
-1.1456 -0.048
-1.1984 -0.0968
-1.1648 -0.0456
-1.2256 -0.008
-1.1536 0.0328
-1.2544 0.1008
-1.1648 0.0688
-1.1696 0.132
-1.2432 0.1488
-1.16 0.1512
-1.2464 0.1688
-1.224 0.0928
-1.1536 0.124
-1.2352 -0.0016
-1.2976 0.0128
-1.264 0.0536
-1.2496 0.064
-1.1776 0.0256
-1.2352 0.0528
-1.2304 0.0248
-1.264 -0.0048
-1.28 0.084
-1.2592 0.0008
-1.256 -0.1528
-1.1264 -0.2544
-1.2608 -0.2776
-1.0672 -0.192
-1.1232 -0.1712
-1.1808 -0.248
-1.2304 -0.2456
-1.312 -0.2312
-1.1888 -0.176
-1.2112 -0.2288
-1.176 -0.1416
-1.1584 -0.2856
-1.208 -0.2976
-1.2576 -0.28
-1.288 -0.2672
-1.2688 -0.372
-1.2864 -0.2688
-1.2976 -0.2696
-1.184 -0.2776
-1.2304 -0.3216
-1.1616 -0.2992
-1.1824 -0.2616
-1.2016 -0.3352
-1.2448 -0.196
-1.184 -0.2152
-1.2208 -0.3096
-1.2352 -0.3912
-1.2032 -0.3368
-1.1552 -0.26
-1.2272 -0.2568
-1.2144 -0.356
-1.312 -0.3904
-1.2176 -0.372
-1.1824 -0.3792
-1.216 -0.3248
-1.2256 -0.3464
-1.2064 -0.3744
-1.1808 -0.2376
-1.168 -0.3736
-1.272 -0.3776
-1.2416 -0.4792
-1.3104 -0.5008
-1.2992 -0.5192
-1.3088 -0.4632
-1.328 -0.4472
-1.2304 -0.3976
-1.1456 -0.3136
-1.2096 -0.3864
-1.2512 -0.3688
-1.2624 -0.3208
-1.288 -0.2888
-1.2608 -0.2704
-1.2208 -0.3984
-1.3152 -0.4304
-1.2704 -0.4848
-1.28 -0.464
-1.256 -0.356
-1.1808 -0.3568
-1.256 -0.3528
-1.2512 -0.3584
-1.1824 -0.3344
-1.2848 -0.4032
-1.2592 -0.352
-1.1536 -0.3184
-1.1184 -0.3248
-1.2064 -0.3728
-1.2288 -0.2888
-1.232 -0.3328
-1.2608 -0.3224
-1.2368 -0.3216
-1.2768 -0.3664
-1.2912 -0.3712
-1.2768 -0.3952
-1.2992 -0.4224
-1.3568 -0.4776
-1.1792 -0.3504
-1.16 -0.276
-1.2704 -0.3072
-1.2016 -0.2408
-1.0928 -0.076
-1.1632 -0.036
-1.1488 -0.0088
-1.208 0.032
-1.2352 0.22
-1.2416 0.2136
-1.2016 0.2192
-1.1952 0.2368
-1.2608 0.2864
-1.2352 0.28
-1.2896 0.3056
-1.2384 0.3
-1.1408 0.224
-1.2304 0.2432
-1.216 0.228
-1.1664 0.2008
-1.2048 0.2208
-1.1344 0.2112
-1.1584 0.2392
-1.2464 0.2344
-1.24 0.2776
-1.1872 0.2384
-1.1472 0.192
-1.192 0.124
-1.1968 0.1048
-1.2224 0.0664
-1.2448 0.0216
-1.1616 -0.028
-1.1744 -0.0104
-1.1632 -0.0936
-1.216 -0.0824
-1.1264 -0.1592
-1.2336 -0.2208
-1.176 -0.2576
-1.1872 -0.2672
-1.2576 -0.2952
-1.2032 -0.1856
-1.1776 -0.0912
-1.192 -0.0936
-1.2416 -0.1624
-1.1632 -0.0688
-1.2256 -0.1368
-1.1936 -0.2
-1.2112 -0.2064
-1.1424 -0.136
-1.232 -0.0976
-1.2288 -0.0872
-1.2144 -0.1184
-1.2224 -0.0736
-1.2256 -0.1256
-1.2224 -0.1664
-1.2608 -0.188
-1.3088 -0.152
-1.2384 -0.1696
-1.2784 -0.1448
-1.248 -0.1232
-1.2112 -0.1544
-1.2736 -0.2136
-1.264 -0.2944
-1.1824 -0.2008
-1.184 -0.1752
-1.1296 -0.1696
-1.2112 -0.1616
-1.1504 -0.224
-1.1728 -0.2008
-1.2608 -0.2096
-1.1968 -0.172
-1.144 -0.2312
-1.104 -0.1472
-1.12 -0.22
-1.1536 -0.1968
-1.152 -0.1288
-1.1312 -0.04
-1.1408 -0.0792
-1.2272 -0.1112
-1.1216 -0.0144
-1.1632 0.1016
-1.1856 0.1592
-1.1328 0.2544
-1.1456 0.2648
-1.1616 0.2176
-1.192 0.3024
-1.2816 0.3192
-1.2112 0.1568
-1.2464 0.1728
-1.1488 0.2248
-1.2144 0.2648
-1.2832 0.2872
-1.1776 0.3056
-1.2944 0.3736
-1.2928 0.3344
-1.2176 0.3024
-1.3088 0.3552
-1.2784 0.4016
-1.2128 0.304
-1.2144 0.3232
-1.2704 0.3912
-1.224 0.4136
-1.1824 0.4048
-1.1904 0.4312
-1.1712 0.4632
-1.1888 0.4864
-1.2752 0.5032
-1.1024 0.3192
-1.1376 0.3144
-1.1696 0.336
-1.1984 0.3888
-1.1904 0.324
-1.2768 0.4152
-1.2016 0.3088
-1.2048 0.304
-1.1792 0.2104
-1.1984 0.2752
-1.1664 0.2208
-1.1888 0.3096
-1.1152 0.2424
-1.144 0.2064
-1.2576 0.2816
-1.1408 0.2576
-1.16 0.248
-1.2512 0.3304
-1.144 0.2056
-1.2608 0.2528
-1.176 0.1936
-1.2608 0.212
-1.184 0.06
-1.1712 0.0248
-1.1248 0.1312
-1.16 0.1488
-1.144 0.0736
-1.2064 0.1608
-1.1216 0.0168
-1.1568 0.0168
-1.16 0.1072
-1.1584 0.1704
-1.24 0.1616
-1.2736 0.2776
-1.1328 0.2296
-1.264 0.3104
-1.1312 0.2376
-1.1264 0.1736
-1.1504 0.2528
-1.1888 0.1672
-1.1904 0.096
-1.2208 0.032
-1.144 0.0568
-1.2128 0.2208
-1.1856 0.2688
-1.1824 0.3104
-1.1504 0.3016
-1.1056 0.3248
-1.1808 0.3176
-1.2368 0.3048
-1.1856 0.2656
-1.2208 0.3592
-1.2336 0.396
-1.304 0.3328
-1.2176 0.2832
-1.2464 0.3512
-1.2576 0.396
-1.3024 0.364
-1.2272 0.2968
-1.352 0.4888
-1.2944 0.4984
-1.3216 0.5328
-1.3088 0.5728
-1.2384 0.5256
-1.2672 0.5512
-1.2784 0.5832
-1.304 0.604
-1.2528 0.5464
-1.2784 0.564
-1.3184 0.5976
-1.2416 0.5504
-1.2448 0.4824
-1.3216 0.456
-1.1904 0.3672
-1.1968 0.3312
-1.1568 0.2912
-1.168 0.2384
-1.2208 0.2168
-1.2544 0.0936
-1.184 0.1304
-1.2784 0.2488
-1.1008 0.172
-1.1472 0.1096
-1.2032 0.2344
-1.232 0.2856
-1.1888 0.3064
-1.2496 0.3232
-1.2704 0.388
-1.3072 0.4656
-1.3328 0.4392
-1.2832 0.3872
-1.2528 0.3208
-1.2176 0.3208
-1.2224 0.2976
-1.2112 0.3848
-1.1968 0.3592
-1.224 0.3248
-1.2352 0.4136
-1.2672 0.4384
-1.2368 0.4792
-1.2528 0.524
-1.2864 0.544
-1.3968 0.5848
-1.3632 0.588
-1.2464 0.5512
-1.264 0.5344
-1.2208 0.5192
-1.3088 0.5456
-1.2688 0.5384
-1.1984 0.4456
-1.2816 0.4712
-1.2288 0.436
-1.2576 0.3944
-1.2272 0.3736
-1.1984 0.3616
-1.2208 0.3448
-1.2144 0.3456
-1.1952 0.3184
-1.1248 0.22
-1.2048 0.2552
-1.1328 0.136
-1.144 0.156
-1.1712 0.228
-1.2 0.2512
-1.0816 0.1992
-1.1184 0.1576
-1.1632 0.1776
-1.2656 0.2344
-1.2256 0.1736
-1.2224 0.184
-1.1888 0.272
-1.1552 0.3368
-1.2432 0.3368
-1.2704 0.3064
-1.2272 0.2992
-1.1808 0.2264
-1.1216 0.1312
-1.1344 0.1416
-1.272 0.1256
-1.2192 0.1328
-1.1872 0.1872
-1.1344 0.152
-1.1376 -0.0248
-1.1584 -0.0672
-1.1408 -0.012
-1.1744 -0.0736
-1.192 -0.1
-1.1344 -0.0616
-1.1888 -0.052
-1.2224 -0.1744
-1.112 -0.2632
-1.2144 -0.2392
-1.1856 -0.1904
-1.2464 -0.264
-1.1904 -0.3296
-1.152 -0.368
-1.2784 -0.484
-1.2128 -0.4056
-1.1968 -0.4224
-1.184 -0.416
-1.1856 -0.3304
-1.1632 -0.388
-1.1552 -0.3264
-1.2928 -0.3128
-1.2608 -0.348
-1.224 -0.2624
-1.2096 -0.3448
-1.1968 -0.392
-1.1968 -0.34
-1.1856 -0.316
-1.1872 -0.3304
-1.1344 -0.2664
-1.216 -0.2088
-1.2624 -0.352
-1.2704 -0.3128
-1.32 -0.3816
-1.2864 -0.4576
-1.1344 -0.3224
-1.088 -0.1888
-1.1376 -0.1992
-1.2288 -0.1736
-1.2096 -0.0808
-1.2352 -0.1344
-1.1584 -0.1912
-1.1648 -0.1768
-1.1712 -0.1088
-1.224 -0.172
-1.1792 -0.2424
-1.208 -0.2776
-1.248 -0.2912
-1.1984 -0.296
-1.2624 -0.2744
-1.24 -0.2672
-1.2928 -0.2024
-1.2912 -0.1584
-1.2144 -0.0824
-1.1904 -0.1024
-1.2048 -0.056
-1.1904 -0.1752
-1.1776 -0.1208
-1.1904 -0.0656
-1.2608 -0.044
-1.2592 -0.068
-1.2656 -0.0696
-1.1472 -0.1448
-1.248 -0.0832
-1.1312 -0.0704
-1.1776 -0.1648
-1.2496 -0.2448
-1.1824 -0.188
-1.1856 -0.2272
-1.2128 -0.1648
-1.2336 -0.1864
-1.1088 -0.136
-1.192 -0.1608
-1.1936 -0.1248
-1.1664 -0.0752
-1.184 -0.0168
-1.2672 0
-1.3248 0.0096
-1.2192 0.028
-1.2176 0.0304
-1.2736 0.0568
-1.2272 0.0088
-1.1728 0.1232
-1.1792 0.1104
-1.248 0.0704
-1.1648 0.1504
-1.184 0.1464
-1.1888 0.1848
-1.1808 0.2936
-1.2448 0.244
-1.2224 0.2216
-1.3152 0.204
-1.24 0.256
-1.2208 0.316
-1.2304 0.2872
-1.2432 0.3176
-1.2656 0.2992
-1.2352 0.2832
-1.2192 0.3232
-1.3008 0.4384
-1.2976 0.4024
-1.1792 0.344
-1.152 0.2464
-1.168 0.2064
-1.2208 0.164
-1.0992 0.1
-1.1984 0.096
-1.1376 0.0928
-1.2352 0.0112
-1.1456 0.0216
-1.2128 0.016
-1.1616 -0.0616
-1.1776 -0.08
-1.184 0.0016
-1.1744 0.084
-1.2432 0.1896
-1.2112 0.2296
-1.1904 0.2536
-1.1504 0.2784
-1.2048 0.3808
-1.1328 0.308
-1.1984 0.3408
-1.1584 0.3456
-1.2144 0.3072
-1.2576 0.3032
-1.152 0.2712
-1.2176 0.2592
-1.1344 0.1912
-1.184 0.1296
-1.2192 0.2648
-1.1824 0.2432
-1.1712 0.3296
-1.1392 0.3672
-1.2256 0.3952
-1.128 0.2656
-1.2688 0.336
-1.1984 0.3216
-1.1776 0.2704
-1.2128 0.2456
-1.1712 0.2104
-1.2336 0.0584
-1.0992 0.1392
-1.1808 0.3416
-1.1952 0.2968
-1.2064 0.2952
-1.2288 0.2528
-1.1632 0.1792
-1.0944 0.1608
-1.144 0.1568
-1.0928 0.2008
-1.1808 0.2144
-1.2176 0.2712
-1.2432 0.2808
-1.2096 0.2792
-1.2272 0.2936
-1.2352 0.2584
-1.208 0.2448
-1.1792 0.1568
-1.1776 0.2136
-1.16 0.2256
-1.2224 0.14
-1.2096 0.1416
-1.2128 0.1088
-1.2544 0.1832
-1.1648 0.2448
-1.2064 0.2304
-1.2048 0.2064
-1.2176 0.2008
-1.2192 0.2288
-1.2512 0.364
-1.2096 0.3512
-1.192 0.2816
-1.208 0.2176
-1.2 0.2584
-1.2848 0.3408
-1.184 0.3752
-1.256 0.4608
-1.256 0.4448
-1.1168 0.3568
-1.2304 0.3688
-1.2256 0.4128
-1.1568 0.3352
-1.176 0.284
-1.2 0.2832
-1.2224 0.3384
-1.2688 0.3496
-1.264 0.3328
-1.2624 0.4144
-1.2608 0.4456
-1.272 0.5
-1.3072 0.4128
-1.3072 0.4808
-1.2288 0.4096
-1.2736 0.3744
-1.1664 0.2944
-1.2048 0.2976
-1.1856 0.2896
-1.2144 0.304
-1.2048 0.3728
-1.168 0.4184
-1.248 0.4976
-1.232 0.4376
-1.2512 0.4784
-1.3184 0.5864
-1.2528 0.5
-1.2816 0.4776
-1.2208 0.3976
-1.28 0.4344
-1.2656 0.5176
-1.2976 0.5296
-1.2336 0.5632
-1.2544 0.5656
-1.272 0.5808
-1.2848 0.628
-1.2896 0.6032
-1.3792 0.6872
-1.3648 0.6984
-1.3776 0.6792
-1.312 0.636
-1.3264 0.6336
-1.368 0.692
-1.3184 0.6512
-1.3792 0.664
-1.256 0.6072
-1.352 0.6632
-1.3168 0.6536
-1.3248 0.6448
-1.2784 0.5336
-1.2752 0.5488
-1.3824 0.6368
-1.296 0.6112
-1.2688 0.5776
-1.256 0.5272
-1.256 0.476
-1.2752 0.5184
-1.176 0.468
-1.3056 0.46
-1.2432 0.356
-1.2576 0.3272
-1.1296 0.2192
-1.2608 0.1952
-1.1872 0.1512
-1.2208 0.196
-1.2784 0.2104
-1.2128 0.1888
-1.2016 0.1648
-1.144 0.1104
-1.1808 0.0872
-1.248 0.132
-1.2736 0.1336
-1.208 0.092
-1.1696 0.0728
-1.0928 0.064
-1.1984 0.1144
-1.2304 0.1184
-1.2544 0.1544
-1.1888 0.0648
-1.2128 0.044
-1.1344 0.124
-1.1136 -0.0216
-1.1552 0.0224
-1.0512 0.184
-1.144 0.1616
-1.2192 0.1408
-1.192 0.108
-1.1968 0.1488
-1.152 0.0128
-1.2192 0.048
-1.1552 0.072
-1.184 0.156
-1.1456 0.1648
-1.128 0.1976
-1.1904 0.328
-1.1968 0.3024
-1.2192 0.4424
-1.2816 0.3344
-1.1888 0.26
-1.2224 0.2344
-1.2048 0.2224
-1.2224 0.2488
-1.2336 0.1312
-1.128 0.1672
-1.1856 0.1304
-1.1312 0.1912
-1.1088 0.0944
-1.152 -0.06
-1.2272 -0.0832
-1.2256 -0.0128
-1.2304 0.048
-1.1792 -0.016
-1.2336 0.0848
-1.2144 0.0408
-1.2704 0.1688
-1.2416 0.2712
-1.1888 0.2808
-1.2128 0.364
-1.1312 0.3136
-1.232 0.2872
-1.2416 0.1848
-1.1856 0.208
-1.1808 0.1592
-1.1744 0.1896
-1.1936 0.1216
-1.1712 0.0272
-1.2288 -0.0096
-1.0912 0.0048
-1.2224 0.032
-1.1216 -0.0448
-1.1872 -0.0392
-1.1904 -0.0488
-1.24 -0.0992
-1.2512 -0.136
-1.2096 -0.1264
-1.2704 -0.1392
-1.296 -0.1776
-1.2784 -0.212
-1.256 -0.1824
-1.2016 -0.2872
-1.1808 -0.184
-1.1872 -0.2048
-1.2192 -0.2368
-1.1664 -0.212
-1.1856 -0.2864
-1.1792 -0.2752
-1.1536 -0.2016
-1.184 -0.2984
-1.1584 -0.3
-1.1632 -0.2296
-1.208 -0.3144
-1.256 -0.3296
-1.208 -0.244
-1.2432 -0.1736
-1.1568 -0.172
-1.1392 -0.128
-1.2064 -0.1
-1.1984 -0.16
-1.1616 -0.176
-1.2016 -0.1776
-1.1792 -0.196
-1.1872 -0.2344
-1.16 -0.1272
-1.1648 -0.2024
-1.1872 -0.1744
-1.1552 -0.0168
-1.1472 -0.036
-1.1744 -0.0544
-1.1344 -0.1064
-1.1328 -0.1208
-1.1808 -0.0664
-1.3232 -0.1448
-1.2144 -0.1128
-1.248 -0.0568
-1.2304 0.0096
-1.1984 -0.0488
-1.1408 -0.0024
-1.2624 -0.036
-1.1152 0.0744
-1.2128 0.0384
-1.1328 0.1144
-1.2176 0.2336
-1.1728 0.22
-1.2576 0.3072
-1.3056 0.2984
-1.2208 0.288
-1.2544 0.2032
-1.2656 0.2376
-1.1872 0.2672
-1.2384 0.2896
-1.2528 0.2416
-1.2512 0.2432
-1.2272 0.2824
-1.2 0.3248
-1.2336 0.4144
-1.1568 0.3632
-1.168 0.2856
-1.1632 0.2104
-1.1488 0.1544
-1.2368 0.2128
-1.2016 0.2752
-1.3184 0.2616
-1.2464 0.1624
-1.1984 0.2272
-1.2288 0.1592
-1.1312 0.0664
-1.0976 0.0128
-1.136 0.076
-1.216 0.072
-1.1216 0.0176
-1.1616 -0.0136
-1.2112 -0.0736
-1.176 -0.0408
-1.2576 -0.1144
-1.2016 -0.0288
-1.1696 -0.0016
-1.2144 0.1056
-1.1824 0.0736
-1.2416 0.1144
-1.2192 0.0728
-1.184 0.0704
-1.2592 0.036
-1.2544 0.0672
-1.256 0.1128
-1.3184 -0.0216
-1.2032 0.0384
-1.248 0.1064
-1.1728 -0.0072
-1.2192 0.0328
-1.2272 -0.1152
-1.2496 -0.164
-1.1888 -0.136
-1.2768 -0.2072
-1.2704 -0.1792
-1.264 -0.1888
-1.2176 -0.0368
-1.2592 -0.1416
-1.2272 -0.1312
-1.208 -0.116
-1.3424 -0.2056
-1.2192 -0.2392
-1.1856 -0.248
-1.2208 -0.3256
-1.2096 -0.3816
-1.2112 -0.364
-1.248 -0.3624
-1.1872 -0.392
-1.2528 -0.4672
-1.2096 -0.3776
-1.2432 -0.3896
-1.2336 -0.3984
-1.1984 -0.4432
-1.216 -0.4368
-1.2736 -0.4832
-1.2384 -0.512
-1.2736 -0.5432
-1.2496 -0.4792
-1.2736 -0.5968
-1.2672 -0.5176
-1.3392 -0.5608
-1.2272 -0.5
-1.2528 -0.5
-1.2816 -0.5272
-1.312 -0.5328
-1.3136 -0.5312
-1.28 -0.52
-1.2512 -0.4208
-1.2112 -0.4488
-1.2672 -0.5024
-1.312 -0.4512
-1.256 -0.3224
-1.2432 -0.2744
-1.2016 -0.248
-1.1776 -0.1848
-1.1792 -0.1712
-1.2352 -0.0568
-1.1232 -0.0632
-1.1216 -0.0672
-1.1424 -0.192
-1.0976 -0.1184
-1.0576 -0.1624
-1.1424 -0.1872
-1.1712 -0.1104
-1.1424 -0.0392
-1.1968 0.0256
-1.1984 0.0576
-1.1024 0.1608
-1.216 0.1088
-1.1296 0.18
-1.0976 0.1672
-1.2144 0.2072
-1.1744 0.236
-1.216 0.1512
-1.3168 0.2688
-1.256 0.244
-1.1952 0.1224
-1.216 0.1408
-1.24 0.1504
-1.2144 0.0504
-1.224 0.0048
-1.2528 0.0136
-1.216 0.0736
-1.168 0.0248
-1.184 -0.0432
-1.2176 -0.2016
-1.2432 -0.2776
-1.2576 -0.2688
-1.1728 -0.3384
-1.1984 -0.3216
-1.192 -0.4224
-1.2464 -0.4584
-1.3008 -0.5152
-1.2528 -0.5304
-1.3136 -0.5552
-1.1984 -0.496
-1.3056 -0.5832
-1.2576 -0.6072
-1.3168 -0.5824
-1.2848 -0.5296
-1.3712 -0.5496
-1.2624 -0.5376
-1.336 -0.5432
-1.312 -0.5296
-1.2144 -0.484
-1.2064 -0.4048
-1.28 -0.3608
-1.2464 -0.38
-1.1888 -0.3776
-1.1904 -0.38
-1.2272 -0.3856
-1.3072 -0.4456
-1.3248 -0.5224
-1.3312 -0.4928
-1.2624 -0.4256
-1.168 -0.3584
-1.2288 -0.3648
-1.2176 -0.3784
-1.2288 -0.2984
-1.2224 -0.3624
-1.1744 -0.4312
-1.2336 -0.4304
-1.2096 -0.4064
-1.192 -0.3784
-1.232 -0.4976
-1.3296 -0.4832
-1.2704 -0.5088
-1.2784 -0.5272
-1.2544 -0.4936
-1.288 -0.4888
-1.232 -0.464
-1.2656 -0.4584
-1.2592 -0.5352
-1.2944 -0.4936
-1.2432 -0.4512
-1.2384 -0.4384
-1.2976 -0.5872
-1.3232 -0.5752
-1.2992 -0.52
-1.3088 -0.528
-1.24 -0.532
-1.152 -0.428
-1.2608 -0.4712
-1.2608 -0.4248
-1.1984 -0.4056
-1.1552 -0.3104
-1.1472 -0.3168
-1.1824 -0.3768
-1.2176 -0.3272
-1.2352 -0.32
-1.2464 -0.2824
-1.2016 -0.2208
-1.2576 -0.1816
-1.2512 -0.08
-1.216 -0.1112
-1.1136 -0.1512
-1.2192 -0.1632
-1.2656 -0.0984
-1.2384 -0.1912
-1.248 -0.1248
-1.2464 -0.1088
-1.2304 -0.2344
-1.1856 -0.1344
-1.2048 -0.0128
-1.1664 -0.0248
-1.1968 0.1128
-1.2832 0.1744
-1.2816 0.1896
-1.2336 0.1176
-1.2016 0.088
-1.184 0.0648
-1.216 0.064
-1.1968 -0.0048
-1.2304 0.0048
-1.2352 0.0392
-1.2192 0.0008
-1.2096 0.0312
-1.2016 0.0392
-1.2464 0.076
-1.2832 0.128
-1.2064 0.132
-1.1712 0.1208
-1.2544 0.0408
-1.192 -0.0736
-1.1872 -0.0144
-1.1424 0.0408
-1.2064 0.048
-1.2368 0.0528
-1.2224 0.0336
-1.2096 -0.032
-1.2336 -0.028
-1.184 -0.0096
-1.224 0.0784
-1.2976 0.1064
-1.216 0.132
-1.1728 0.1504
-1.1248 0.076
-1.16 0.0224
-1.2176 0.112
-1.1504 0.1712
-1.1632 0.0888
-1.176 0.0376
-1.192 -0.124
-1.2576 -0.2216
-1.104 -0.288
-1.1568 -0.3072
-1.2032 -0.2752
-1.1296 -0.2696
-1.2416 -0.3264
-1.2208 -0.2792
-1.1712 -0.288
-1.1696 -0.3208
-1.2272 -0.332
-1.3264 -0.436
-1.2256 -0.4016
-1.1776 -0.3144
-1.1408 -0.3264
-1.1872 -0.3504
-1.2624 -0.3696
-1.2272 -0.4216
-1.264 -0.4464
-1.2816 -0.3768
-1.2576 -0.3856
-1.1696 -0.2904
-1.2288 -0.276
-1.1728 -0.208
-1.2416 -0.1496
-1.2592 -0.1984
-1.2544 -0.2056
-1.1184 -0.1496
-1.0704 -0.1304
-1.2128 -0.1984
-1.2752 -0.2992
-1.2608 -0.2112
-1.2112 -0.1696
-1.2 -0.2096
-1.2512 -0.2272
-1.16 -0.2264
-1.1664 -0.2128
-1.2 -0.2384
-1.1648 -0.3184
-1.256 -0.308
-1.2272 -0.304
-1.1312 -0.1504
-1.3184 -0.1456
-1.1664 -0.1984
-1.1792 -0.2512
-1.136 -0.224
-1.2736 -0.3072
-1.2752 -0.2648
-1.1744 -0.2424
-1.2336 -0.2728
-1.1184 -0.1704
-1.1952 -0.2248
-1.1568 -0.2576
-1.1296 -0.1392
-1.2368 -0.116
-1.2352 -0.1104
-1.1584 -0.0344
-1.2224 -0.056
-1.1312 0.0184
-1.208 -0.0848
-1.2384 -0.0816
-1.1408 -0.036
-1.2144 -0.0088
-1.1376 -0.0256
-1.1856 -0.0272
-1.2512 -0.084
-1.2096 -0.1256
-1.2256 -0.0288
-1.2736 -0.0312
-1.1856 -0.0208
-1.192 -0.0208
-1.192 -0.0168
-1.2608 -0.0112
-1.2784 0.0912
-1.2752 0.108
-1.2608 0.0616
-1.1952 0.1576
-1.2144 0.164
-1.1936 0.172
-1.1648 0.1112
-1.1584 0.104
-1.176 -0.0048
-1.1616 -0.0432
-1.2416 -0.0616
-1.1664 -0.12
-1.1984 -0.096
-1.1584 -0.008
-1.2 -0.0064
-1.1744 0.0144
-1.1776 -0.1096
-1.1792 -0.0096
-1.2288 0.096
-1.2288 0.1448
-1.2992 0.1432
-1.3008 0.1784
-1.2048 0.2024
-1.2784 0.1504
-1.3008 0.1848
-1.2288 0.2808
-1.2048 0.2552
-1.112 0.2696
-1.1776 0.372
-1.232 0.3184
-1.2496 0.3584
-1.2336 0.3352
-1.2208 0.316
-1.1968 0.2968
-1.1392 0.2344
-1.2368 0.3096
-1.2496 0.3416
-1.2416 0.3416
-1.24 0.3944
-1.1184 0.2984
-1.2112 0.132
-1.2272 0.1664
-1.1984 0.068
-1.2336 0.0216
-1.176 -0.0664
-1.1728 -0.0608
-1.2832 -0.072
-1.176 -0.1296
-1.2656 -0.1496
-1.2512 -0.1448
-1.2256 -0.2032
-1.2384 -0.1808
-1.2768 -0.244
-1.2368 -0.2312
-1.2432 -0.2272
-1.1184 -0.28
-1.2048 -0.2072
-1.1984 -0.2016
-1.24 -0.1704
-1.2192 -0.1968
-1.152 -0.14
-1.1936 -0.0576
-1.2544 0.0304
-1.1856 0.0128
-1.152 -0.0552
-1.152 -0.1312
-1.1584 -0.0424
-1.1728 -0.0928
-1.1696 -0.0216
-1.1728 0.0144
-1.2272 -0.0848
-1.1616 -0.0384
-1.1664 0.0168
-1.1696 0.0752
-1.1072 0.0848
-1.144 0.1976
-1.1568 0.2776
-1.2016 0.3008
-1.1648 0.2808
-1.1728 0.2024
-1.2464 0.2208
-1.24 0.1728
-1.248 0.1432
-1.2864 0.2
-1.2624 0.2672
-1.2896 0.2272
-1.2544 0.312
-1.2304 0.2448
-1.264 0.36
-1.264 0.3592
-1.2784 0.3528
-1.2864 0.4024
-1.272 0.3048
-1.2112 0.2944
-1.2672 0.2192
-1.1872 0.2936
-1.1808 0.2696
-1.2144 0.2784
-1.1152 0.2672
-1.2496 0.3584
-1.232 0.3872
-1.2032 0.3352
-1.1808 0.4168
-1.2528 0.3648
-1.2112 0.368
-1.2256 0.3816
-1.232 0.4328
-1.3088 0.4128
-1.2336 0.3784
-1.2112 0.2936
-1.2624 0.3104
-1.184 0.2152
-1.1744 0.2072
-1.2176 0.2832
-1.1856 0.1912
-1.1744 -0.008
-1.1664 0.0664
-1.1168 0.0232
-1.1488 -0.1696
-1.1824 -0.0952
-1.216 -0.08
-1.2448 0.0048
-1.2336 -0.0184
-1.2496 -0.168
-1.224 -0.1464
-1.2016 -0.1536
-1.1888 -0.212
-1.2 -0.1768
-1.248 -0.2616
-1.2832 -0.356
-1.3024 -0.2656
-1.2976 -0.2824
-1.2016 -0.2552
-1.2272 -0.2824
-1.2576 -0.3224
-1.2704 -0.4024
-1.2368 -0.4464
-1.2416 -0.4208
-1.3024 -0.448
-1.3072 -0.3736
-1.2848 -0.3968
-1.352 -0.4264
-1.2112 -0.3104
-1.2368 -0.1464
-1.2624 -0.2296
-1.3024 -0.1624
-1.2688 -0.188
-1.1936 -0.1368
-1.216 -0.1032
-1.2288 -0.1168
-1.2112 -0.084
-1.1952 0.0072
-1.168 0.0416
-1.1248 0.0168
-1.1792 -0.0064
-1.256 0.0744
-1.2368 -0.0264
-1.2064 0.0112
-1.1888 -0.0336
-1.2096 -0.116
-1.2 -0.2376
-1.2384 -0.324
-1.2208 -0.2808
-1.2576 -0.268
-1.176 -0.2608
-1.2128 -0.3056
-1.168 -0.2904
-1.2336 -0.3696
-1.1888 -0.3416
-1.2224 -0.2936
-1.2064 -0.2816
-1.1904 -0.3192
-1.1632 -0.3088
-1.2208 -0.32
-1.192 -0.2168
-1.1536 -0.2024
-1.168 -0.1528
-1.1808 -0.1384
-1.1296 -0.16
-1.2176 -0.2096
-1.2448 -0.1568
-1.2048 -0.088
-1.1984 -0.0648
-1.0576 -0.0832
-1.152 -0.1448
-1.2608 -0.1272
-1.2064 -0.0824
-1.2768 -0.0672
-1.1952 -0.0296
-1.2128 -0.0528
-1.232 -0.0944
-1.16 -0.056
-1.1728 -0.156
-1.1472 -0.1248
-1.1136 -0.1112
-1.1616 -0.1064
-1.1872 -0.1336
-1.1936 -0.1216
-1.1344 -0.076
-1.1728 -0.1384
-1.1808 -0.1592
-1.1888 -0.1016
-1.1888 -0.0912
-1.1776 -0.0608
-1.2032 -0.0232
-1.1984 0.0408
-1.176 0.1024
-1.2288 0.1528
-1.1776 0.0288
-1.2592 0.0248
-1.2096 -0.0008
-1.256 -0.0528
-1.2528 0.0328
-1.2928 0.0296
-1.2448 -0.0296
-1.2272 -0.1296
-1.2224 -0.2592
-1.2096 -0.2384
-1.176 -0.3328
-1.1968 -0.364
-1.2384 -0.412
-1.2592 -0.3504
-1.2672 -0.4216
-1.1696 -0.3632
-1.1888 -0.3872
-1.2992 -0.3624
-1.264 -0.3376
-1.1808 -0.324
-1.2192 -0.2504
-1.2112 -0.2488
-1.2096 -0.3464
-1.2576 -0.3888
-1.2496 -0.408
-1.216 -0.4368
-1.2112 -0.248
-1.28 -0.2496
-1.2272 -0.2136
-1.1504 -0.2216
-1.0944 -0.1392
-1.1344 -0.2112
-1.2608 -0.188
-1.1744 -0.1712
-1.216 -0.1128
-1.2544 -0.0608
-1.2096 -0.064
-1.1504 -0.032
-1.152 -0.0184
-1.1152 0.048
-1.1936 -0.0024
-1.2272 -0.0104
-1.2656 0.0152
-1.1808 0.0232
-1.192 -0.012
-1.1632 -0.016
-1.1904 0.0512
-1.1968 0.0208
-1.192 0.0816
-1.1008 0.1128
-1.1168 0.032
-1.1888 0.0696
-1.1728 0.1336
-1.1456 0.0696
-1.2704 0.0632
-1.288 -0.0728
-1.2688 -0.0632
-1.2144 -0.076
-1.2576 -0.0328
-1.2288 -0.0704
-1.2544 -0.0568
-1.2912 -0.0096
-1.16 -0.0912
-1.2 -0.0088
-1.2128 -0.0136
-1.1648 -0.0176
-1.2176 -0.0488
-1.136 0.0464
-1.1664 -0.0976
-1.1952 -0.0432
-1.1664 -0.1688
-1.1968 -0.0432
-1.2592 -0.112
-1.2672 -0.1072
-1.208 -0.0448
-1.2512 -0.0288
-1.2352 -0.1248
-1.1936 -0.108
-1.2688 -0.1392
-1.1712 -0.0632
-1.2336 -0.016
-1.2144 -0.0696
-1.1696 -0.0072
-1.1584 -0.0528
-1.1312 -0.0216
-1.1392 -0.044
-1.1536 -0.0288
-1.1648 0.0432
-1.1584 -0.0248
-1.1632 0.0384
-1.1376 0.1304
-1.248 0.096
-1.2736 0.136
-1.1824 0.0752
-1.2 0.0472
-1.1776 0.1576
-1.2 0.1216
-1.2 0.1104
-1.2464 0.1872
-1.1824 0.0888
-1.2496 0.072
-1.1952 0.024
-1.2032 -0.0424
-1.192 -0.06
-1.136 -0.0408
-1.2048 0.0344
-1.1952 0.032
-1.1344 0.1344
-1.1136 0.0808
-1.1344 0.0944
-1.1184 0.1112
-1.1008 0.072
-1.1504 0.3224
-1.1792 0.2864
-1.184 0.4192
-1.3088 0.3864
-1.1664 0.3736
-1.1616 0.4
-1.2112 0.396
-1.1552 0.2968
-1.2048 0.2776
-1.2048 0.3632
-1.1408 0.3752
-1.2144 0.3976
-1.1648 0.3584
-1.2112 0.3184
-1.24 0.3176
-1.2704 0.2016
-1.1744 0.0936
-1.2512 0.0408
-1.2192 0.0424
-1.2144 0.0464
-1.2624 0.104
-1.2256 0.0408
-1.1808 0.0224
-1.1872 0.0784
-1.1216 0.1008
-1.232 0
-1.2128 0.0112
-1.2144 0.0344
-1.2224 0.0048
-1.1408 -0.0552
-1.2224 -0.0864
-1.1936 -0.1408
-1.2656 -0.0456
-1.1888 0.0032
-1.1504 -0.0168
-1.2736 -0.0152
-1.176 -0.048
-1.1936 -0.0592
-1.2032 -0.0224
-1.1456 -0.0616
-1.1984 -0.0056
-1.1584 -0.0256
-1.1168 -0.0072
-1.2224 0.0632
-1.1968 0.0464
-1.2864 0.0072
-1.1776 0.0416
-1.1952 0.1992
-1.2336 0.1296
-1.224 0.036
-1.1664 0.08
-1.2064 0.0832
-1.1136 0.0672
-1.2016 0.0976
-1.1536 0.0424
-1.1056 0.0056
-1.248 0.0448
-1.1936 -0.0024
-1.16 0.0128
-1.184 -0.1832
-1.2208 -0.2344
-1.2048 -0.2976
-1.1776 -0.2448
-1.2416 -0.108
-1.1744 -0.144
-1.1712 -0.2144
-1.2064 -0.2608
-1.1456 -0.316
-1.2112 -0.3376
-1.1824 -0.336
-1.1696 -0.3584
-1.2656 -0.4032
-1.1872 -0.3384
-1.1968 -0.288
-1.1152 -0.3048
-1.24 -0.2768
-1.1248 -0.192
-1.1552 -0.2176
-1.1072 -0.1216
-1.232 -0.2944
-1.1936 -0.3752
-1.2512 -0.4984
-1.256 -0.4864
-1.2032 -0.2664
-1.2432 -0.3032
-1.2368 -0.2744
-1.264 -0.3424
-1.2688 -0.3584
-1.232 -0.3152
-1.1888 -0.296
-1.2 -0.3192
-1.2 -0.3168
-1.2672 -0.3752
-1.2064 -0.3992
-1.2384 -0.372
-1.2368 -0.376
-1.16 -0.232
-1.1632 -0.2224
-1.1984 -0.24
-1.1248 -0.1464
-1.136 -0.0664
-1.2352 -0.0448
-1.2496 -0.056
-1.2352 -0.0216
-1.1472 0.0536
-1.0832 0.0208
-1.1536 -0.0208
-1.272 0.0248
-1.1152 -0.0272
-1.1824 -0.0296
-1.192 0.0136
-1.2304 -0.0288
-1.152 -0.0904
-1.16 -0.1536
-1.2304 -0.2064
-1.1984 -0.1944
-1.2352 -0.1792
-1.1712 -0.1568
-1.2688 -0.1592
-1.2496 -0.1768
-1.256 -0.22
-1.1968 -0.22
-1.2368 -0.288
-1.2608 -0.3104
-1.2 -0.252
-1.2288 -0.2288
-1.2384 -0.3304
-1.224 -0.3728
-1.2528 -0.432
-1.272 -0.4408
-1.272 -0.492
-1.2928 -0.5008
-1.3072 -0.48
-1.2256 -0.3568
-1.24 -0.36
-1.2064 -0.4176
-1.2256 -0.3888
-1.2416 -0.3144
-1.2096 -0.2552
-1.2272 -0.2816
-1.2 -0.2576
-1.2576 -0.3024
-1.3168 -0.2912
-1.2624 -0.2744
-1.2128 -0.2528
-1.224 -0.1664
-1.2512 -0.2008
-1.2176 -0.1808
-1.2192 -0.1272
-1.1712 -0.2352
-1.2128 -0.3336
-1.248 -0.396
-1.344 -0.4752
-1.2448 -0.3936
-1.2896 -0.4008
-1.112 -0.3512
-1.1648 -0.3144
-1.2016 -0.344
-1.224 -0.3504
-1.264 -0.3824
-1.2688 -0.4144
-1.1872 -0.2592
-1.2576 -0.3096
-1.192 -0.2608
-1.1968 -0.2952
-1.16 -0.2944
-1.2528 -0.3648
-1.2016 -0.3592
-1.2464 -0.344
-1.2448 -0.2936
-1.24 -0.3048
-1.1968 -0.3272
-1.2304 -0.396
-1.24 -0.3024
-1.32 -0.272
-1.3104 -0.2456
-1.2272 -0.248
-1.2992 -0.3048
-1.288 -0.3072
-1.256 -0.3104
-1.2352 -0.3032
-1.1968 -0.184
-1.288 -0.2664
-1.1968 -0.2304
-1.2384 -0.2904
-1.24 -0.2176
-1.1728 -0.2168
-1.2512 -0.1632
-1.1024 -0.1712
-1.1984 -0.0888
-1.1808 0.0104
-1.1392 0.0528
-1.2032 0.144
-1.1968 0.1256
-1.1648 0.2328
-1.256 0.2336
-1.24 0.2936
-1.2416 0.2376
-1.232 0.2592
-1.2048 0.2568
-1.2384 0.2712
-1.2704 0.3456
-1.2224 0.3728
-1.224 0.3728
-1.1536 0.304
-1.2272 0.2376
-1.2064 0.2944
-1.1728 0.2512
-1.2192 0.2584
-1.2144 0.256
-1.2064 0.3032
-1.1712 0.2648
-1.2416 0.2816
-1.1552 0.2608
-1.1616 0.3168
-1.232 0.4664
-1.248 0.484
-1.3248 0.5328
-1.2048 0.5376
-1.2416 0.4928
-1.2768 0.4496
-1.2224 0.4304
-1.1904 0.3368
-1.1712 0.22
-1.1984 0.2616
-1.2384 0.2304
-1.2512 0.2432
-1.192 0.2032
-1.208 0.232
-1.1744 0.2248
-1.2016 0.2112
-1.2272 0.2128
-1.184 0.136
-1.1952 0.2264
-1.2496 0.14
-1.2416 0.2808
-1.1552 0.3344
-1.248 0.4328
-1.3248 0.4944
-1.2416 0.524
-1.1904 0.5144
-1.1456 0.3688
-1.2112 0.4264
-1.2128 0.432
-1.2512 0.444
-1.2016 0.4408
-1.2192 0.4352
-1.2352 0.3712
-1.2496 0.2664
-1.1696 0.2088
-1.1712 0.2088
-1.2464 0.1896
-1.2128 0.0624
-1.2192 0.0704
-1.1856 0.1616
-1.2304 0.0256
-1.2288 -0.0256
-1.2096 -0.1432
-1.1696 -0.1072
-1.176 -0.0944
-1.2256 -0.1096
