-1.2032 -0.3512
-1.136 -0.3264
-1.176 -0.2912
-1.1648 -0.3344
-1.1376 -0.3728
-1.0592 -0.2688
-1.1312 -0.1992
-1.0912 -0.2
-1.192 -0.0824
-1.12 -0.0192
-1.1152 -0.0064
-1.0864 0.0504
-1.088 0.1432
-1.1072 0.0936
-1.0976 -0.016
-1.1088 0.0944
-1.1056 -0.0176
-1.1744 -0.0104
-1.1088 -0.0056
-1.1392 0.0712
-1.1392 0.1256
-1.1552 0.052
-1.0672 0.084
-1.0592 0.0664
-1.1616 0.1136
-1.1792 0.1296
-1.2016 0.156
-1.1552 0.1848
-1.0992 0.2496
-1.0592 0.2128
-1.1344 0.2616
-1.1584 0.2344
-1.2032 0.1472
-1.1552 0.1712
-1.1376 0.116
-1.0976 0.1488
-1.0496 0.1392
-1.1264 0.0976
-1.1424 0.1056
-1.184 0.0416
-1.1648 0.1264
-1.0928 0.1448
-1.1552 0.1728
-1.1104 0.052
-1.112 -0.0608
-1.1552 0.0752
-1.2272 0.0832
-1.1888 -0.0376
-1.152 -0.0344
-1.2256 0.0112
-1.1936 0.0016
-1.1392 0.0576
-1.112 0.0696
-1.1776 0.1176
-1.0976 -0.0248
-1.1584 -0.164
-1.1296 0.0088
-1.1424 -0.1424
-1.12 -0.1376
-1.096 -0.0656
-1.152 -0.084
-1.08 -0.0448
-1.104 0.028
-1.1136 -0.012
-1.064 0.0432
-1.1152 0.004
-1.1184 0.1496
-1.1376 0.2152
-1.16 0.1688
-1.1888 0.1336
-1.1104 0.068
-1.1296 0.1344
-1.0352 0.1472
-1.1456 0.076
-1.1824 0.1256
-1.1184 0.1024
-1.144 0.0952
-1.0176 -0.0112
-1.12 0.0264
-1.12 0.072
-1.0848 0.1544
-1.1152 0.12
-1.0368 0.008
-1.1472 -0.1464
-1.1456 -0.104
-1.112 -0.0728
-1.1808 -0.1224
-1.096 -0.1016
-1.1392 -0.1024
-1.1488 -0.1888
-1.0848 -0.0944
-1.0896 -0.0848
-1.1472 -0.1552
-1.0736 -0.108
-1.1904 -0.1528
-1.1072 -0.1432
-1.0656 -0.1696
-1.112 -0.1264
-1.1328 -0.1152
-1.1728 -0.2248
-1.1088 -0.2312
-1.1248 -0.28
-1.144 -0.3448
-1.12 -0.2632
-1.1296 -0.1152
-1.0672 -0.0512
-1.0688 0.02
-1.1328 0
-1.1392 0.0496
-1.0384 -0.0488
-1.12 -0.1536
-1.1008 -0.1336
-1.1248 -0.056
-1.1152 -0.0672
-1.1616 -0.1056
-1.1568 -0.1752
-1.16 -0.2168
-1.096 -0.1768
-1.1056 -0.0776
-1.2128 -0.132
-1.1744 -0.1224
-1.1104 -0.0208
-1.1504 0.0416
-1.1264 -0.0376
-1.064 -0.0432
-1.1232 -0.0832
-1.1184 -0.0824
-1.032 -0.1888
-1.0848 -0.0736
-1.1152 -0.1504
-1.1264 -0.244
-1.104 -0.1552
-1.1728 -0.3728
-1.1344 -0.2904
-1.136 -0.3096
-1.136 -0.2456
-1.1152 -0.2568
-1.1296 -0.2152
-1.1648 -0.2552
-1.1904 -0.2472
-1.2288 -0.2088
-1.16 -0.2112
-1.1072 -0.2416
-1.1936 -0.3248
-1.1536 -0.1848
-1.096 -0.0168
-1.152 0.044
-1.1984 -0.0024
-1.0928 -0.016
-1.1072 -0.0336
-1.1616 -0.1408
-1.1616 -0.1152
-1.1088 -0.1448
-1.0816 -0.1904
-1.0352 -0.1376
-1.0592 -0.1592
-1.0912 -0.2168
-1.1472 -0.136
-1.1104 -0.132
-1.2128 -0.0864
-1.0704 -0.0088
-1.1984 0.18
-1.1424 0.1776
-1.144 0.0464
-1.128 0.0792
-1.0848 0.08
-1.1632 0.0512
-1.2416 -0.0824
-1.1152 -0.0088
-1.0912 -0.0728
-1.0832 -0.1616
-1.1728 -0.2096
-1.1408 -0.188
-1.1344 -0.0944
-1.1312 -0.1088
-1.1712 -0.132
-1.1392 -0.1168
-1.1696 -0.1856
-1.1552 -0.2048
-1.1504 -0.24
-1.1312 -0.2456
-1.1904 -0.2208
-1.1504 -0.1328
-1.152 -0.2744
-1.1696 -0.3672
-1.1328 -0.2848
-1.1952 -0.2472
-1.2064 -0.084
-1.144 -0.0864
-1.1424 -0.1632
-1.1408 -0.0824
-1.1584 -0.1192
-1.16 -0.0704
-1.1136 -0.1152
-1.1456 -0.028
-1.128 -0.0664
-1.0928 -0.0064
-1.1264 -0.0072
-1.1728 -0.0376
-1.1504 -0.0056
-1.1904 0.0088
-1.144 0.0416
-1.1248 0.0168
-1.096 -0.004
-1.0816 -0.1048
-1.1856 -0.0672
-1.16 -0.0776
-1.0896 -0.1248
-1.1408 -0.156
-1.1104 -0.1856
-1.0432 -0.0864
-1.1504 -0.1976
-1.1456 -0.2088
-1.1776 -0.1072
-1.1824 -0.2488
-1.1504 -0.1704
-1.1664 -0.12
-1.1296 -0.1944
-1.144 -0.2528
-1.224 -0.3744
-1.2032 -0.4176
-1.1664 -0.3776
-1.1632 -0.2984
-1.2704 -0.3528
-1.2 -0.3848
-1.1776 -0.3872
-1.2416 -0.3624
-1.224 -0.284
-1.1888 -0.2288
-1.1904 -0.284
-1.1808 -0.2752
-1.0848 -0.3272
-1.1504 -0.304
-1.2 -0.3944
-1.184 -0.3736
-1.128 -0.3104
-1.0784 -0.3208
-1.136 -0.2936
-1.088 -0.276
-1.1008 -0.2552
-1.0512 -0.1968
-1.096 -0.1528
-1.1328 -0.08
-1.1584 -0.0104
-1.1232 -0.0624
-1.0352 0.0024
-1.0544 0.132
-1.128 0.0568
-1.2064 0.132
-1.048 0.1872
-1.0704 0.1392
-1.112 0.1936
-1.1584 0.168
-1.1712 0.288
-1.1872 0.2632
-1.136 0.1496
-1.1168 0.124
-1.1392 0.156
-1.2096 0.184
-1.1296 0.176
-1.152 0.1008
-1.1856 0.0208
-1.1216 0.0864
-1.1008 0.0968
-1.0656 0.0568
-1.0864 0.224
-1.1584 0.1928
-1.0976 0.1768
-1.1488 0.1912
-1.112 0.2224
-1.1184 0.196
-1.1664 0.284
-1.2096 0.2696
-1.2112 0.3912
-1.1424 0.3464
-1.0784 0.3424
-1.0704 0.3592
-1.1936 0.3928
-1.1536 0.4352
-1.264 0.4752
-1.1776 0.3568
-1.2832 0.5152
-1.1152 0.3912
-1.1984 0.3816
-1.1696 0.3456
-1.0896 0.3664
-1.0384 0.2656
-1.128 0.2912
-1.1584 0.2656
-1.1984 0.2176
-1.176 0.2696
-1.1024 0.1368
-1.1808 0.0984
-1.1216 0.0536
-1.1424 -0.0696
-1.0848 -0.1896
-1.1952 -0.1552
-1.1024 -0.0608
-1.0928 -0.0448
-1.0976 -0.1112
-1.0944 -0.0112
-1.128 0.0896
-1.0848 0.1576
-1.0864 0.1344
-1.128 0.044
-1.0816 0.1808
-1.0848 0.2344
-1.1424 0.16
-1.144 0.0904
-1.1376 0.0192
-1.1168 0.0808
-1.208 0.1096
-1.1584 0.148
-1.1152 0.1656
-1.1392 0.1328
-1.16 0.1104
-1.2048 0.2264
-1.1568 0.0824
-1.1552 0.0688
-1.1216 0.0248
-1.168 0.0048
-1.1792 -0.1032
-1.0304 -0.0032
-1.1552 -0.0352
-1.1616 -0.0176
-0.9744 -0.0456
-1.0528 -0.1224
-1.0912 -0.1368
-1.1248 -0.1544
-1.0704 -0.1912
-1.048 -0.1232
-1.0496 -0.1768
-1.1616 -0.252
-1.1104 -0.2504
-1.0608 -0.1848
-1.0768 -0.1752
-1.056 -0.1256
-1.28 -0.0704
-1.144 -0.0176
-1.064 -0.0136
-1.1888 0.0024
-1.1184 0.0008
-1.136 0.0936
-1.1328 0.0808
-1.0768 0.1088
-1.1344 0.0464
-1.168 0.024
-1.2352 -0.0352
-1.1728 -0.1328
-1.0832 -0.136
-1.1632 -0.2168
-1.1488 -0.2176
-1.1264 -0.248
-1.1584 -0.3784
-1.1376 -0.4128
-1.2256 -0.4264
-1.1472 -0.38
-1.0752 -0.3248
-1.1504 -0.2488
-1.1248 -0.14
-1.0976 -0.1352
-1.1408 -0.12
-1.0208 -0.1144
-1.0928 -0.02
-1.1216 -0.028
-1.1008 0.028
-1.1088 0.04
-1.16 0.08
-1.1936 0.0856
-1.104 0.0744
-1.1856 0.0912
-1.1344 0.0432
-1.1712 -0.0112
-1.1344 0.0152
-1.0576 0.0576
-1.1104 0.1192
-1.1488 0.0544
-1.1088 0.1648
-1.104 0.0808
-1.0608 0.0528
-1.1808 0.0584
-1.2 0.064
-1.1424 -0.0072
-1.1904 0.0032
-1.0928 -0.0544
-1.0784 -0.1472
-1.1856 -0.0112
-1.0672 0.108
-1.0736 0.1696
-1.0624 0.1088
-1.1696 0.2112
-1.0768 0.096
-1.0992 0.1392
-1.0432 0.088
-1.1088 0.1064
-1.0976 0.1664
-1.1344 0.0912
-1.1904 0.1
-1.208 0.1288
-1.0864 0.1488
-1.2192 0.116
-1.1344 0.1296
-1.0992 0.0112
-1.104 0.036
-1.072 0.0056
-1.1136 -0.0664
-1.1744 -0.0568
-1.1744 -0.0072
-1.1568 -0.0104
-1.1696 -0.0832
-1.0352 -0.0552
-1.136 0.036
-1.1104 0.0744
-1.1136 0.0048
-1.1264 -0.0056
-1.0992 -0.0592
-1.1568 -0.0656
-1.1072 -0.0384
-1.072 0.004
-1.16 -0.0408
-1.1504 -0.0616
-1.1584 -0.1256
-1.1568 -0.028
-1.1584 -0.0832
-1.104 -0.0776
-1.0384 -0.1296
-1.1072 -0.0728
-1.0528 -0.0616
-1.1344 -0.1792
-1.088 -0.1136
-1.056 -0.0488
-1.1232 0.0488
-1.112 0.1112
-1.2016 -0.0064
-1.1488 0.0728
-1.232 0.0592
-1.1776 0.0392
-1.1104 0.084
-1.032 0.0624
-1.1104 0.0672
-1.112 0.0848
-1.0688 0.0128
-1.1056 -0.0352
-1.1744 -0.092
-1.1184 -0.0696
-1.0896 -0.12
-1.1536 -0.2464
-1.1152 -0.2008
-1.1968 -0.176
-1.1744 -0.0312
-1.1456 0.0424
-1.0992 0.0992
-1.088 0.1488
-1.1232 0.1288
-1.0576 0.1656
-1.1696 0.2088
-1.1648 0.0824
-1.1072 0.0048
-1.1392 -0.0424
-1.0752 -0.08
-1.096 -0.0288
-1.1616 0.0616
-1.1616 0.044
-1.1184 0.1744
-1.1536 0.0528
-1.1824 0.0504
-1.1424 0.0256
-1.0704 -0.0752
-1.128 -0.0272
-1.136 -0.0856
-1.08 0.004
-1.1056 -0.044
-1.1744 0.108
-1.1728 0.1816
-1.1648 0.1136
-1.1376 0.1072
-1.0944 0.0408
-1.1152 0.0576
-1.0752 0.136
-1.1232 0.0744
-1.0864 0.08
-1.1568 0.168
-1.072 0.1368
-1.0624 -0.012
-1.1088 0.0072
-1.1552 0.0768
-1.0944 0.1128
-1.16 0.1664
-1.08 -0.008
-1.1232 0.0576
-1.064 -0.0272
-1.1248 0.0272
-1.1296 0.1216
-1.1088 0.1168
-1.0528 0.0008
-1.1744 -0.0072
-1.1824 -0.0232
-1.096 -0.0712
-1.152 -0.016
-1.0928 -0.1008
-1.1728 -0.16
-1.1408 -0.1736
-1.1024 -0.188
-1.1472 -0.1712
-1.1392 -0.228
-1.1376 -0.2664
-1.2096 -0.2608
-1.216 -0.3728
-1.2032 -0.352
-1.1584 -0.1808
-1.2 -0.1624
-1.2304 -0.1432
-1.1552 -0.1496
-1.144 -0.1584
-1.1104 -0.096
-1.1248 -0.1672
-1.2128 -0.2232
-1.2928 -0.2576
-1.1264 -0.1784
-1.1664 -0.2096
-1.1248 -0.184
-1.1328 -0.0104
-1.1552 0.0192
-1.1232 0.052
-1.144 0.1056
-1.128 0.064
-1.176 0.0632
-1.1232 0.0872
-1.232 0.1128
-1.1936 0.1128
-1.1168 0.0488
-1.176 -0.0056
-1.1712 -0.0672
-1.1424 -0.0048
-1.16 0.0448
-1.1664 0.0872
-1.1056 0.2056
-1.1488 0.2096
-1.1136 0.1936
-1.0976 0.068
-1.136 0.212
-1.2224 0.332
-1.136 0.2432
-1.1984 0.2536
-1.1936 0.304
-1.12 0.2136
-1.0688 0.2328
-1.0656 0.2136
-1.0928 0.1544
-1.0432 0.1944
-1.1376 0.2888
-1.1344 0.3112
-1.1728 0.1888
-1.1456 0.1528
-1.136 0.1072
-1.1392 0.0352
-1.0768 -0.0536
-1.1456 -0.1248
-1.1632 -0.2272
-1.128 -0.2792
-1.1856 -0.3472
-1.152 -0.3472
-1.1088 -0.2488
-1.1744 -0.2312
-1.1488 -0.2992
-1.1584 -0.32
-1.1216 -0.3104
-1.1392 -0.1968
-1.2144 -0.2376
-1.2112 -0.3368
-1.1248 -0.3248
-1.1712 -0.3872
-1.2064 -0.296
-1.1856 -0.228
-1.1312 -0.2024
-1.16 -0.2256
-1.1584 -0.1552
-1.1456 -0.1912
-1.1088 -0.1328
-1.1152 -0.0256
-1.1344 -0.0464
-1.2048 -0.0792
-1.2272 -0.1336
-1.1168 -0.092
-1.0576 -0.0336
-1.0576 -0.0304
-1.0784 -0.1888
-1.1376 -0.2248
-1.1104 -0.1688
-1.1456 -0.1096
-1.0496 -0.0496
-1.096 -0.0248
-1.056 -0.036
-1.0256 -0.1272
-1.1168 -0.1696
-1.1536 -0.2784
-1.1216 -0.2184
-1.1024 -0.1888
-1.0608 -0.1216
-1.1472 -0.1848
-1.1296 -0.2528
-1.144 -0.3408
-1.1648 -0.3176
-1.0848 -0.1952
-1.0496 -0.1376
-1.1808 -0.2088
-1.1296 -0.2976
-1.0464 -0.2944
-1.1808 -0.2776
-1.1616 -0.2256
-1.08 -0.1248
-1.1904 -0.1088
-1.1296 -0.1016
-1.08 -0.04
-1.1136 -0.1056
-1.1664 -0.204
-1.1344 -0.2032
-1.1776 -0.1768
-1.1184 -0.1744
-1.1552 -0.104
-1.1328 -0.064
-1.1392 -0.1352
-1.1232 -0.1168
-1.1472 -0.1224
-1.0352 -0.188
-1.1328 -0.268
-1.1152 -0.3208
-1.144 -0.3016
-1.136 -0.2712
-1.1184 -0.236
-1.2256 -0.3024
-1.1456 -0.2176
-1.1504 -0.1368
-1.1392 -0.2112
-1.1248 -0.1376
-1.0864 -0.1168
-1.1168 -0.1848
-1.16 -0.1576
-1.1616 -0.1152
-1.1744 -0.0736
-1.056 -0.0216
-1.1216 -0.0424
-1.1552 -0.0536
-1.0512 -0.0424
-1.1232 -0.096
-1.1392 -0.0912
-1.1136 -0.0224
-1.1584 0.024
-1.2416 0.0808
-1.1104 -0.0184
-1.1248 0.0864
-1.064 -0.0496
-1.0832 0.0672
-1.048 0.0264
-1.112 0.0048
-1.1136 -0.0672
-1.0736 0.0464
-1.032 0.1208
-1.1264 0.2096
-1.1136 0.2304
-1.1744 0.38
-1.1888 0.312
-1.0432 0.2168
-1.0624 0.096
-1.12 0.1104
-1.1184 0.0912
-1.1248 0.0816
-1.168 0.096
-1.184 0.0536
-1.1344 -0.0984
-1.1776 -0.084
-1.0608 -0.0528
-1.1824 -0.1216
-1.1456 -0.0712
-1.184 -0.0856
-1.096 0.0224
-1.1152 -0.0784
-1.1296 -0.0616
-1.1408 -0.0144
-1.0864 0.0024
-1.0688 0.0448
-1.0928 0.0472
-1.1024 0.0704
-1.152 0.0128
-1.1216 0.0368
-1.0608 0.192
-1.112 0.1208
-1.0592 0.2112
-1.16 0.1656
-1.1296 0.1816
-1.1168 0.1752
-1.176 0.1712
-1.1472 0.1448
-1.1472 0.1864
-1.0688 0.1376
-1.0416 0.1056
-1.0656 0.1808
-1.0976 0.2592
-1.1296 0.12
-1.0896 0.0808
-1.1888 0.0024
-1.1488 0.0496
-1.1648 0.0832
-1.2016 0.0808
-1.1968 0.1008
-1.1552 0.188
-1.1504 0.1448
-1.0672 0.2192
-1.1248 0.2216
-1.1552 0.2752
-1.1888 0.268
-1.1296 0.156
-1.1344 0.1736
-1.0864 0.2032
-1.224 0.216
-1.176 0.1968
-1.1856 0.1352
-1.0848 0.0544
-1.0704 0.1768
-1.152 0.1592
-1.1872 0.2608
-1.2096 0.2392
-1.1264 0.2744
-1.1872 0.3224
-1.1808 0.3312
-1.2112 0.3296
-1.2304 0.3112
-1.0992 0.2336
-1.1104 0.2368
-1.192 0.2544
-1.1504 0.2072
-1.1296 0.168
-1.1248 0.2328
-1.0528 0.2168
-1.1008 0.2072
-1.1216 0.1584
-1.168 0.1696
-1.0704 0.1904
-1.08 0.1504
-1.2064 0.196
-1.0688 0.0632
-1.0752 0.1328
-1.0816 0.0432
-1.0992 -0.0312
-1.08 -0.1128
-1.1872 -0.224
-1.136 -0.2872
-1.152 -0.3272
-1.1408 -0.1464
-1.1344 -0.2344
-1.0544 -0.1888
-1.0464 -0.1824
-1.176 -0.2656
-1.1808 -0.2872
-1.0464 -0.1176
-1.0544 -0.0032
-1.1008 -0.0968
-1.1152 -0.0448
-1.088 0.024
-1.0672 0.1272
-1.112 0.2264
-1.1344 0.2144
-1.1664 0.1664
-1.2304 0.1488
-1.1904 0.1392
-1.1424 0.1744
-1.1392 0.1464
-1.1056 0.0456
-1.1424 -0.064
-1.1632 -0.1464
-1.1376 -0.0952
-1.0352 -0.0816
-1.1232 -0.1136
-1.2128 -0.1136
-1.176 -0.18
-1.1824 -0.1616
-1.1616 -0.0432
-1.08 -0.1568
-1.1296 -0.2584
-1.1952 -0.2608
-1.1184 -0.1544
-1.0992 -0.216
-1.1008 -0.2464
-1.1616 -0.248
-1.1216 -0.1672
-1.152 -0.0584
-1.064 0.0088
-1.0608 -0.1176
-1.128 -0.132
-1.1856 -0.0096
-1.1968 0.0192
-1.1776 0.024
-1.12 -0.048
-1.1728 -0.0592
-1.0832 -0.0224
-1.0624 -0.0472
-1.1664 -0.0584
-1.0496 -0.0072
-1.0592 -0.104
-1.0944 -0.124
-1.152 -0.04
-1.1104 -0.1072
-1.0896 -0.128
-1.1616 -0.18
-1.0976 -0.184
-1.1328 -0.0792
-1.0736 -0.0152
-1.1328 -0.1384
-1.1744 -0.1104
-1.1952 -0.1768
-1.072 -0.2
-0.9936 -0.136
-1.1008 -0.0536
-1.096 -0.0216
-1.0912 0.0456
-1.0656 0.0784
-1.152 0.0608
-1.12 0.0104
-1.1856 -0.0088
-1.0848 -0.1296
-1.168 -0.2152
-1.1616 -0.1496
-1.1056 -0.12
-1.2112 -0.1376
-1.0384 -0.1792
-1.1424 -0.0912
-1.1552 -0.008
-1.2048 -0.0432
-1.1888 -0.1464
-1.1696 -0.1512
-1.184 -0.0904
-1.064 -0.0088
-1.0448 -0.0016
-1.1152 0.1112
-1.1792 0.1336
-1.1136 0.136
-1.1808 0.1568
-1.1168 0.0208
-1.1328 0.1248
-1.1312 0.216
-1.1232 0.2488
-1.1808 0.3376
-1.1328 0.4056
-1.2272 0.3928
-1.1472 0.2792
-1.2688 0.3632
-1.2288 0.3928
-1.1888 0.3704
-1.1568 0.4392
-1.1424 0.4104
-1.176 0.3632
-1.1008 0.2112
-1.1936 0.1024
-1.1136 0.0368
-1.1552 0.0208
-1.1424 0.0456
-1.0912 0.0072
-1.1424 0.0808
-1.176 -0.0464
-1.1456 -0.0632
-1.1344 -0.0704
-1.1408 -0.0392
-1.1744 0.1168
-1.184 0.1976
-1.1488 0.204
-1.1872 0.2608
-1.152 0.2416
-1.16 0.1072
-1.1584 0.192
-1.168 0.2352
-1.0592 0.2648
-1.176 0.3728
-1.1616 0.368
-1.1664 0.3688
-1.1056 0.3344
-1.1888 0.2256
-1.1472 0.1776
-1.1376 0.1664
-1.1632 0.1328
-1.128 0.1448
-1.168 0.1584
-1.128 0.24
-1.248 0.1912
-1.2224 0.2296
-1.2752 0.2152
-1.1856 0.12
-1.104 0.132
-1.0912 -0.0512
-1.176 -0.048
-1.1104 -0.1072
-1.1136 -0.0376
-1.1584 -0.152
-1.1168 -0.1688
-1.1344 -0.0952
-1.1248 -0.052
-1.2592 -0.1456
-1.1888 -0.1264
-1.1344 -0.0992
-1.1776 -0.0704
-1.1056 0.0152
-1.1232 0.0552
-1.1568 -0.0392
-1.16 -0.0184
-1.0432 -0.0688
-1.1488 -0.0496
-1.0784 -0.0016
-1.0976 -0.016
-1.1056 -0.1488
-1.0672 -0.0608
-1.1104 -0.0608
-1.1008 -0.088
-1.056 -0.1688
-1.1808 -0.164
-1.1472 -0.2616
-1.1936 -0.2152
-1.1408 -0.2208
-1.112 -0.2112
-1.04 -0.1512
-1.0672 -0.1664
-1.1152 -0.2792
-1.1776 -0.3
-1.048 -0.3552
-1.1248 -0.3008
-1.184 -0.244
-1.1376 -0.2216
-1.0928 -0.236
-1.0816 -0.2224
-1.0752 -0.2416
-1.0752 -0.1392
-1.1424 -0.0872
-1.1392 -0.1632
-1.0432 -0.052
-1.0928 0.16
-1.1056 0.128
-1.1392 0.0856
-1.0752 0.0456
-1.0864 -0.0168
-1.2016 0.116
-1.0928 0.004
-1.1824 -0.052
-1.1696 -0.0632
-1.1344 -0.0392
-1.1344 -0.1648
-1.0992 -0.204
-1.1456 -0.2464
-1.2096 -0.3544
-1.2336 -0.3864
-1.1952 -0.368
-1.096 -0.2864
-1.152 -0.1176
-1.2064 -0.1816
-1.176 -0.1104
-1.1984 -0.1504
-1.1584 -0.188
-1.1504 -0.2392
-1.1424 -0.2824
-1.1568 -0.2312
-1.2144 -0.3248
-1.1456 -0.284
-1.104 -0.264
-1.1904 -0.244
-1.112 -0.1016
-1.1648 -0.1592
-1.1968 -0.1336
-1.176 -0.1456
-1.1312 -0.128
-1.1392 -0.1024
-1.1312 -0.0832
-1.2112 -0.188
-1.1664 -0.1048
-1.2176 -0.0408
-1.0368 -0.0976
-1.1152 -0.076
-1.1008 0.0672
-1.2032 0.0288
-1.1568 0.008
-1.1648 0.1016
-1.1376 0.0776
-1.08 0.0232
-1.1456 0.0888
-0.9984 0.0512
-1.1488 0.0576
-1.1296 -0.0048
-1.1584 -0.028
-1.1552 0.0112
-1.0432 0.0576
-1.1424 0.0408
-1.2048 0.0712
-1.0992 0.0144
-1.0928 0.0144
-1.1632 0.02
-1.1344 0.0096
-1.2144 -0.0216
-1.1264 0.132
-1.2 0.1576
-1.0992 0.1432
-1.128 0.1352
-1.0976 0.1504
-1.048 0.1008
-1.0992 0.1192
-1.1584 0.1416
-1.1088 0.1016
-1.1424 0.096
-1.1456 0.104
-1.1248 0.2088
-1.1936 0.0984
-1.1472 0.1384
-1.0912 0.1072
-1.1168 0.0952
-1.184 0.1024
-1.2416 0.0984
-1.2336 0.0576
-1.1296 -0.076
-1.1952 -0.012
-1.208 -0.0488
-1.168 -0.1096
-1.1856 -0.0888
-1.2064 -0.0384
-1.1776 -0.0088
-1.144 0.0776
-1.1056 0.1592
-1.1184 0.1088
-1.1056 0.0376
-1.0992 0.0656
-1.1216 0.0304
-1.144 0.0072
-1.1408 0.1032
-1.2016 0.1056
-1.1136 0.088
-1.0464 -0.032
-1.1408 -0.1288
-1.1056 0.0128
-1.1088 0.1016
-1.1248 0.0904
-1.1024 0.1288
-1.2048 0.0304
-1.144 0.0216
-1.12 -0.0704
-1.24 -0.0448
-1.1264 -0.0496
-1.0896 -0.068
-1.104 -0.0864
-1.104 0.0176
-1.184 0.08
-1.0944 0.0648
-1.1472 0.068
-1.1856 0.0336
-1.1648 0.1888
-1.0864 0.204
-1.1792 0.1488
-1.0976 0.052
-1.1376 0.0128
-1.1872 0.0064
-1.1504 0.036
-1.184 0.1464
-1.1008 0.2176
-1.2064 0.2664
-1.1376 0.2624
-1.0912 0.2608
-1.0704 0.2496
-1.128 0.1736
-1.104 0.1264
-1.1872 0.1408
-1.208 0.1928
-1.1648 0.284
-1.0672 0.2448
-1.12 0.2128
-1.1056 0.208
-1.0928 0.1696
-1.1744 0.0976
-1.1792 0.2168
-1.1616 0.1056
-1.1088 0.144
-1.0928 0.0648
-1.1584 0.0104
-1.1424 0.032
-1.1872 0.0632
-1.0752 0.0272
-1.128 0.0736
-1.1808 0.0816
-1.1488 0.0592
-1.072 0.1816
-1.1008 0.2424
-1.1456 0.1784
-1.1296 0.132
-1.152 0.14
-1.1248 0.1864
-1.0896 0.1576
-1.0832 0.172
-1.0688 0.0872
-1.128 0.0976
-1.0544 0.0368
-1.0832 0.0984
-1.1168 0.0912
-1.0656 0.1536
-1.0816 0.1888
-1.2032 0.2288
-1.1168 0.24
-1.1056 0.2528
-1.1584 0.1976
-1.1024 0.116
-1.1232 0.128
-1.1024 0.196
-1.1216 0.0256
-1.1488 0.0448
-1.2176 -0.1096
-1.1824 -0.0248
-1.1616 -0.0232
-1.144 -0.0472
-1.128 -0.0072
-1.1888 -0.108
-1.1424 -0.1104
-1.2048 -0.1336
-1.144 -0.0152
-1.1344 0.0328
-1.1408 0.124
-1.1504 0.168
-1.104 0.0672
-1.056 0.0672
-1.1552 0.008
-0.992 0.0312
-1.0928 0.0464
-1.1584 0.0568
-1.2048 0.1688
-1.1952 0.3056
-1.1568 0.2624
-1.256 0.2088
-1.0912 0.1816
-1.0944 0.1928
-1.16 0.3344
-1.1472 0.2888
-1.1808 0.3032
-1.0688 0.244
-1.0768 0.2744
-1.0288 0.072
-1.096 -0.0368
-1.0992 -0.0784
-1.1456 -0.1624
-1.168 -0.2496
-1.1328 -0.2368
-1.1616 -0.1848
-1.1648 -0.2704
-1.136 -0.2768
-1.1408 -0.2256
-1.216 -0.2592
-1.0208 -0.2104
-1.1456 -0.1632
-1.0144 -0.1728
-1.1392 -0.224
-1.0592 -0.1112
-1.104 -0.1056
-1.0176 -0.0472
-1.0688 0.0976
-1.1584 0.2072
-1.1728 0.136
-1.112 0.064
-1.1504 0.1344
-1.1584 0.1752
-1.1552 0.1296
-1.1776 0.1848
-1.192 0.1584
-1.1312 0.1048
-1.1456 0.208
-1.1456 0.144
-1.192 0.1472
-1.2368 0.1456
-1.1536 0.0816
-1.1408 0.0392
-1.1584 0.0456
-1.104 0.0776
-1.1552 0.1336
-1.12 0.1392
-1.0752 0.16
-1.1424 0.1856
-1.1488 0.0632
-1.0992 0.0976
-1.1168 0.1464
-1.0704 0.1144
-1.0912 0.1136
-1.048 0.0376
-1.1104 0.0152
-1.1872 -0.056
-1.2016 -0.0048
-1.1648 0.0632
-1.1552 0.0488
-1.1376 0.0176
-1.2304 0.0448
-1.1024 -0.0016
-1.0928 0.1528
-1.0608 0.2112
-1.0592 0.2264
-1.0688 0.2784
-1.1616 0.2112
-1.1072 0.2032
-1.0928 0.2032
-1.08 0.2552
-1.0976 0.252
-1.0576 0.2048
-1.0384 0.1968
-1.0816 0.2632
-1.1568 0.348
-1.1584 0.28
-1.1792 0.26
-1.1376 0.0992
-1.1168 0.1552
-1.112 0.1616
-1.16 0.156
-1.1008 0.2592
-1.2144 0.2928
-1.2144 0.3856
-1.2368 0.4056
-1.2016 0.3464
-1.2176 0.2272
-1.1824 0.2488
-1.1712 0.3072
-1.0896 0.3184
-1.1216 0.2952
-1.1744 0.172
-1.1776 0.224
-1.1328 0.2176
-1.1152 0.184
-1.1312 0.1336
-1.1616 0.2488
-1.1312 0.2256
-1.1136 0.264
-1.1312 0.2232
-1.0672 0.112
-1.08 0.2816
-1.0704 0.1712
-1.1312 0.1528
-1.104 0.0784
-1.1728 0.0752
-1.0496 0.1904
-1.1952 0.3704
-1.1056 0.2544
-1.072 0.2552
-1.0928 0.3328
-1.2032 0.4472
-1.1376 0.4608
-1.2208 0.3208
-1.1472 0.3032
-1.1184 0.2704
-1.1344 0.3856
-1.2272 0.4096
-1.2 0.4296
-1.2 0.5152
-1.2672 0.5288
-1.1248 0.4848
-1.104 0.4208
-1.1968 0.3752
-1.1696 0.4008
-1.2192 0.3848
-1.1696 0.4088
-1.1216 0.28
-1.1152 0.1984
-1.0832 0.1408
-1.1344 0.1768
-1.1152 0.1288
-1.1216 0.1752
-1.1264 0.1784
-1.0848 0.1416
-1.1472 0.1416
-1.144 0.0536
-1.088 0.1104
-1.0912 0.108
-1.0736 0.0024
-1.1136 0.0952
-1.0832 0.168
-1.128 0.1696
-1.2096 0.236
-1.1696 0.1432
-1.1744 0.0528
-1.0976 -0.0664
-1.0448 -0.048
-1.1392 -0.1176
-1.1856 -0.1424
-1.0928 -0.0184
-1.12 0.0096
-1.2048 -0.0456
-1.1248 -0.0896
-1.056 -0.0808
-1.0944 -0.1592
-1.0832 -0.0784
-1.136 -0.0528
-1.1664 0.0536
-1.12 0.0256
-1.1456 0.096
-1.1888 0.0928
-1.1536 0.1568
-1.1168 0.1456
-1.16 0.0848
-1.1392 0.1728
-1.144 0.1512
-1.1296 0.1472
-1.0768 0.2032
-1.1872 0.356
-1.2288 0.3768
-1.2048 0.3776
-1.1728 0.2392
-1.1856 0.2016
-1.1312 0.1904
-1.1472 0.1136
-1.1296 0.0136
-1.2 0.0624
-1.128 0.0928
-1.12 0.1328
-1.1296 0.1824
-1.104 0.2
-1.1728 0.3472
-1.1808 0.3064
-1.1248 0.1832
-1.1328 0.2048
-1.1808 0.236
-1.16 0.1984
-1.192 0.1136
-1.1328 0.0152
-1.0944 -0.0128
-1.1504 0.076
-1.136 0.0616
-1.152 -0.0296
-1.1408 -0.0528
-1.1968 -0.0744
-1.1504 -0.1344
-1.2048 -0.1168
-1.1792 -0.1184
-1.192 -0.2472
-1.168 -0.2272
-1.192 -0.1632
-1.2064 -0.14
-1.1664 -0.0352
-1.04 0.1064
-1.0608 0.0344
-1.1344 0.0392
-1.2256 -0.0064
-1.0752 -0.0024
-1.1216 0.0648
-1.2048 0.0616
-1.176 -0.0272
-1 -0.0752
-1.1072 -0.1264
-1.1808 -0.22
-1.128 -0.1752
-1.1872 -0.1576
-1.1728 -0.1944
-1.1264 -0.16
-1.1568 -0.1312
-1.0832 -0.0448
-1.0784 0.024
-1.0848 0.0872
-1.1232 0.0216
-1.1024 -0.0096
-1.1456 -0.1032
-1.1904 0.004
-1.1264 -0.0152
-1.112 -0.0888
-1.224 -0.116
-1.0928 -0.0904
-1.152 -0.0536
-1.1184 -0.1872
-1.0896 -0.2544
-1.16 -0.3248
-1.0432 -0.2768
-1.08 -0.2944
-1.1136 -0.184
-1.1632 -0.1928
-1.1648 -0.3248
-1.2 -0.26
-1.0832 -0.18
-1.1632 -0.2104
-1.144 -0.2216
-1.0992 -0.204
-1.1696 -0.2336
-1.16 -0.244
-1.1904 -0.2768
-1.0768 -0.2616
-1.1264 -0.2296
-1.1456 -0.3152
-1.2112 -0.396
-1.1376 -0.3632
-1.1776 -0.3336
-1.152 -0.2496
-1.1584 -0.3136
-1.1136 -0.308
-1.1728 -0.3944
-1.1648 -0.368
-1.1872 -0.352
-1.1424 -0.3672
-1.1296 -0.3496
-1.0624 -0.232
-1.1408 -0.2576
-1.1952 -0.3424
-1.1632 -0.2384
-1.1584 -0.2656
-1.2544 -0.3688
-1.1488 -0.3496
-1.1024 -0.304
-1.1504 -0.364
-1.1296 -0.3408
-1.128 -0.2592
-1.1488 -0.1016
-1.0384 -0.1088
-1.1552 -0.032
-1.1104 -0.1528
-1.1008 -0.1432
-1.0448 -0.1024
-1.0736 -0.1472
-1.1488 -0.1
-1.0992 -0.1
-1.0944 -0.0928
-1.1648 -0.1456
-1.1552 -0.1608
-1.072 -0.1328
-1.224 -0.028
-1.16 -0.1016
-1.1872 -0.1336
-1.1216 -0.1944
-1.1232 -0.2248
-1.0912 -0.1432
-1.152 -0.1776
-1.1456 -0.2344
-1.1248 -0.2536
-1.1104 -0.2672
-1.12 -0.2672
-1.128 -0.2112
-1.1936 -0.1432
-1.1152 -0.1592
-1.088 -0.116
-1.1344 -0.0264
-1.096 0.0904
-1.0944 0.0712
-1.1248 -0.0472
-1.1376 -0.016
-1.1072 0.0264
-1.008 -0.0336
-1.04 0.064
-1.1568 0.156
-1.144 0.0992
-1.176 0.1344
-1.112 0.032
-1.136 -0.0616
-1.1824 -0.0688
-1.128 -0.0168
-1.1696 0.0368
-1.1216 0.0488
-1.1264 -0.0064
-1.1824 0.0408
-1.1648 0.1184
-1.168 -0.0216
-1.136 -0.0344
-1.2128 -0.032
-1.2144 0.088
-1.2336 0.1248
-1.12 0.0576
-1.048 0.0712
-1.128 0.0432
-1.0896 0.0728
-1.0432 0.0536
-1.12 0.0888
-1.1584 0.0712
-1.088 0.0592
-1.16 0.0224
-1.1568 -0.0688
-1.1632 -0.1176
-1.1136 -0.1992
-1.12 -0.228
-1.0992 -0.1952
-1.176 -0.1664
-1.2576 -0.1592
-1.168 -0.2048
-1.1936 -0.2632
-1.2944 -0.228
-1.2336 -0.2272
-1.2192 -0.1904
-1.2224 -0.0544
-1.08 -0.0088
-1.0752 0.0456
-1.144 -0.0232
-1.1008 0.0008
-1.128 0.0656
-1.1696 0.0512
-1.184 0.0312
-1.1536 -0.0152
-1.1008 -0.0704
-1.2016 0.0384
-1.1392 0.0128
-1.0528 0.0384
-1.12 0.036
-1.0368 0.0712
-1.1088 -0.0272
-1.1232 0.0472
-1.048 0.052
-1.1136 0.1432
-1.2752 0.22
-1.1424 0.096
-1.1184 0.064
-1.0992 0.1024
-1.168 0.128
-1.1024 0.0584
-1.2144 0.0184
-1.1712 0.0456
-1.208 0.156
-1.152 0.192
-1.1664 0.2424
-1.1328 0.2
-1.1248 0.1104
-1.0688 0.124
-1.0928 0.2312
-1.088 0.2328
-1.12 0.136
-1.0608 0.3112
-1.2032 0.332
-1.1472 0.3856
-1.1664 0.3552
-1.2128 0.3968
-1.2608 0.3248
-1.2144 0.3744
-1.08 0.3296
-1.056 0.2568
-1.0944 0.1472
-1.1568 0.2008
-1.1808 0.1008
-1.08 -0.0032
-1.136 -0.0216
-1.128 -0.0688
-1.1392 -0.06
-1.1664 -0.0408
-1.1088 -0.0216
-1.1392 0.0568
-1.144 0.136
-1.0704 0.1496
-1.0832 0.1536
-1.1248 0.1864
-1.1184 0.1888
-1.1744 0.2872
-1.2448 0.2288
-1.232 0.24
-1.104 0.2552
-1.032 0.2136
-1.2304 0.2712
-1.16 0.0744
-1.16 0.1784
-1.1504 0.0952
-1.0928 -0.0264
-1.0752 0.088
-1.1072 -0.0536
-1.144 -0.032
-1.1184 -0.0912
-1.0688 -0.0336
-1.1632 0.008
-1.1952 0.0496
-1.224 0.092
-1.1536 0.092
-1.112 -0.0072
-1.1872 0.0216
-1.1488 -0.0376
-1.1568 -0.0336
-1.1216 0.076
-1.08 -0.0504
-1.1168 0.0232
-1.1552 0.0344
-1.0656 -0.0672
-1.1056 -0.0784
-1.2064 -0.1168
-1.2624 -0.0904
-1.096 -0.0064
-1.0848 -0.024
-1.064 -0.0984
-1.1936 -0.052
-1.1712 0.0336
-1.2144 -0.1128
-1.1632 -0.0384
-1.1232 -0.1016
-1.1408 -0.1744
-1.1696 -0.2
-1.1952 -0.1944
-1.0864 -0.16
-1.056 -0.1296
-1.1632 -0.2528
-1.1696 -0.2352
-1.1536 -0.2304
-1.0768 -0.1344
-1.1056 -0.1808
-1.0928 -0.1424
-1.096 -0.2136
-1.1744 -0.2488
-1.0448 -0.2384
-1.0976 -0.212
-1.1552 -0.1512
-1.1712 -0.1224
-1.1168 -0.0032
-1.1296 -0.0016
-1.144 0.0192
-1.1312 -0.0144
-1.1776 0.1128
-1.1232 0.0424
-1.0592 0.1544
-1.0608 0.0768
-1.0352 0.144
-1.0912 0.2192
-1.1168 0.244
-1.1264 0.3784
-1.1424 0.3536
-1.1536 0.2664
-1.1152 0.3544
-1.1888 0.312
-1.0912 0.2896
-1.0848 0.244
-1.1088 0.2904
-1.1296 0.3104
-1.0832 0.2088
-1.1072 0.1576
-1.1328 0.02
-1.1104 0.0048
-1.16 -0.0016
-1.1472 -0.0472
-1.1024 0.0888
-1.1552 0.1008
-1.1136 0.0688
-1.072 0.0776
-1.04 0.0032
-1.168 -0.0544
-1.088 -0.104
-1.192 -0.2448
-1.136 -0.2328
-1.12 -0.2648
-1.088 -0.2376
-1.1056 -0.252
-1.1584 -0.1808
-1.1552 -0.1408
-1.1552 -0.048
-1.1664 0.0016
-1.1376 0.0344
-1.0816 0.0392
-1.1072 0.076
-1.152 0.052
-1.1408 0.0152
-1.1584 0.0784
-1.1424 0.1232
-1.1392 0.1664
-1.176 0.264
-1.1536 0.2632
-1.144 0.3856
-1.1472 0.2808
-1.1344 0.2984
-1.2032 0.4136
-1.2096 0.4152
-1.1248 0.36
-1.12 0.3656
-1.1424 0.3768
-1.1072 0.3488
-1.1952 0.3744
-1.1456 0.3664
-1.1568 0.3544
-1.1904 0.4296
-1.216 0.4544
-1.2192 0.444
-1.3184 0.504
-1.1392 0.3888
-1.1088 0.416
-1.1856 0.4248
-1.1264 0.304
-1.1808 0.188
-1.1504 0.2944
-1.2176 0.2912
-1.24 0.3696
-1.1968 0.4072
-1.1568 0.356
-1.1536 0.2768
-1.1168 0.2512
-1.1504 0.232
-1.1648 0.2376
-1.1104 0.1536
-1.1136 0.0808
-1.0832 -0.0192
-1.16 0.064
-1.0832 -0.024
-1.0928 -0.12
-1.1248 -0.1496
-1.0672 -0.0592
-1.1248 -0.0264
-1.1632 0.128
-1.184 0.088
-1.096 0.056
-1.0816 0.0088
-1.0864 0.0392
-1.1312 -0.0296
-1.0624 -0.0816
-1.16 -0.056
-1.1424 -0.1008
-1.2304 -0.1168
-1.1248 -0.1152
-1.1392 -0.0576
-1.136 -0.0304
-1.096 -0.0776
-1.0992 -0.1584
-1.0976 -0.2248
-1.0704 -0.1952
-1.0976 -0.1344
-1.1472 -0.1192
-1.0976 -0.128
-1.088 -0.1096
-1.1264 -0.2008
-1.1056 -0.2592
-1.1552 -0.2288
-1.1024 -0.1608
-1.1264 -0.2144
-1.0976 -0.0384
-1.1216 0.0128
-1.1216 0.0064
-1.1904 -0.0736
-1.1344 0.104
-1.0432 0.0832
-1.0608 0.016
-1.1344 0.016
-1.1616 0.0344
-1.1376 0.0864
-1.1776 0.1768
-1.112 0.1752
-1.1088 0.0616
-1.16 0.2144
-1.1328 0.1344
-1.104 0.1136
-1.0912 0.116
-1.1088 0.2032
-1.1024 0.1328
-1.0848 0.1088
-1.0576 -0.0728
-1.0928 -0.1136
-1.1136 -0.084
-1.1136 -0.0992
-1.0752 -0.0128
-1.0656 0.0464
-1.0528 0.0016
-1.0912 -0.0656
-1.128 -0.1096
-1.0512 -0.0112
-1.1328 -0.1048
-1.1744 -0.0904
-1.0592 -0.144
-1.136 -0.088
-1.12 -0.1472
-1.0784 -0.1424
-1.0544 -0.1744
-1.1616 -0.2648
-1.0944 -0.068
-1.1232 -0.1288
-1.1248 0.0056
-1.1424 -0.064
-1.1168 -0.06
-1.1568 0.0024
-1.0608 0.0168
-1.0912 -0.1168
-1.0624 0.032
-1.128 0.0208
-1.112 0.0376
-1.1264 0.1208
-1.1024 0.0584
-1.1744 0.1368
-1.1504 0.0608
-1.0624 0.0008
-1.112 -0.0632
-1.088 -0.0944
-1.0448 0.0552
-1.0912 0.0168
-1.1568 -0.1072
-1.1504 -0.1848
-1.1472 -0.2288
-1.168 -0.2448
-1.2144 -0.1928
-1.2048 -0.1736
-1.1904 -0.0344
-1.1888 -0.0208
-1.1776 0.0264
-1.2048 0.0104
-1.0832 -0.0152
-1.0848 0.0336
-1.0688 -0.016
-1.1328 0.0216
-1.112 -0.0624
-1.1024 -0.0984
-1.0848 -0.0296
-1.1056 -0.088
-1.0832 0.0632
-1.1296 0.0728
-1.1248 0.1608
-1.1568 0.0976
-1.12 0.0816
-1.1312 0.1568
-1.192 0.2472
-1.168 0.1664
-1.1728 0.1184
-1.1472 0.0928
-1.168 0.0648
-1.1648 0.0728
-1.12 0.1144
-1.0592 0.2256
-1.2144 0.3072
-1.112 0.232
-1.0912 0.2352
-1.1312 0.2384
-1.1264 0.0816
-1.1152 0.1176
-1.1168 -0.012
-1.1408 -0.0424
-1.168 -0.0544
-1.0784 -0.0216
-1.176 -0.1984
-1.0848 -0.1488
-1.1536 -0.1248
-1.1424 -0.0384
-1.1936 -0.1736
-1.1248 -0.1488
-1.1968 0.0272
-1.136 0.0456
-1.1232 0.0536
-1.048 0.0256
-1.016 -0.0544
-1.0976 -0.12
-1.0848 -0.1608
-1.1216 -0.1672
-1.1664 -0.056
-1.096 -0.0632
-1.1328 -0.0816
-1.128 -0.1024
-1.1152 -0.1296
-1.1184 0.0088
-1.1104 -0.0016
-1.1856 0.1136
-1.2496 0.1504
-1.1504 0.1872
-1.1072 0.2632
-1.1152 0.3024
-1.1712 0.3064
-1.2096 0.3336
-1.1216 0.3448
-1.1824 0.348
-1.1936 0.3488
-1.2464 0.2976
-1.0976 0.1664
-1.128 0.196
-1.1056 0.1176
-1.0816 0.0296
-1.1136 -0.0136
-1.0784 0.0736
-1.192 0.128
-1.112 0.1608
-1.1824 0.1776
-1.2144 0.2024
-1.168 0.2472
-1.064 0.1488
-1.1328 0.156
-1.1392 0.1
-1.2 0.184
-1.144 0.2064
-1.1008 0.2536
-1.1408 0.1472
-1.12 0.204
-1.1472 0.0872
-1.0688 0.1784
-1.1056 0.1432
-1.0464 0.1464
-1.1808 0.2336
-1.1072 0.2456
-1.192 0.3056
-1.2352 0.3248
-1.1536 0.3288
-1.1648 0.224
-1.1824 0.248
-1.1856 0.3696
-1.1888 0.292
-1.1088 0.3392
-1.2048 0.3648
-1.1568 0.3536
-1.1488 0.3688
-1.1456 0.3384
-1.1232 0.2688
-1.0768 0.2232
-1.1072 0.2592
-1.1024 0.3224
-1.1248 0.3456
-1.184 0.364
-1.1824 0.3576
-1.2368 0.3128
-1.1376 0.304
-1.1312 0.3344
-1.216 0.4552
-1.1616 0.3824
-1.12 0.3224
-1.1536 0.2536
-1.1632 0.2224
-1.0992 0.3056
-1.1008 0.252
-1.0928 0.088
-1.1616 0.0776
-1.1184 0.152
-1.216 0.1712
-1.2128 0.1464
-1.1984 0.2264
-1.1376 0.1792
-1.1136 0.1056
-1.128 0.164
-1.0752 0.0624
-1.1632 0.1248
-1.1648 0.112
-1.1616 0.0384
-1.0976 0.0584
-1.1024 -0.0112
-1.1424 0.0024
-1.1216 -0.048
-1.1072 -0.0192
-1.1184 0.0568
-1.0368 -0.0056
-1.0976 -0.0024
-1.1728 0.0088
-1.1472 0.06
-1.1328 0.0256
-1.1472 0.0112
-1.2 -0.0336
-1.16 0.024
-1.2128 0.096
-1.1952 0.2632
-1.1408 0.32
-1.1728 0.1904
-1.1792 -0.0592
-1.1072 0.0472
-1.1424 0.1128
-1.1136 -0.0184
-1.0624 0.0088
-1.0528 0.0088
-1.0944 0.0168
-1.1312 -0.0032
-1.1248 0.1064
-1.0976 0.0304
-1.1648 0.1216
-1.1504 0.1064
-1.0592 0.1024
-1.1536 0.084
-1.0848 0.1288
-1.112 0.1024
-1.1616 0.1288
-1.1184 0.104
-1.1072 0.0576
-1.1184 -0.0528
-1.2 0.016
-1.1488 -0.004
-1.224 0.0264
-1.144 0.1288
-1.1456 0.1952
-1.1216 0.1816
-1.1104 0.0472
-1.0624 0.12
-1.0208 0.1392
-1.056 0.1408
-1.104 0.1752
-1.1792 0.1832
-1.1136 0.096
-1.1488 0.0176
-1.1488 0.0488
-1.096 0.0504
-1.1168 0.096
-1.1136 0.176
-1.1296 0.2408
-1.1664 0.292
-1.1456 0.2656
-1.1024 0.332
-1.0736 0.4336
-1.2272 0.472
-1.184 0.4456
-1.144 0.3456
-1.1392 0.3456
-1.1152 0.3088
-1.1376 0.368
-1.1968 0.364
-1.2192 0.3392
-1.232 0.3536
-1.072 0.28
-1.128 0.272
-1.1344 0.2696
-1.1392 0.2464
-1.0688 0.2056
-1.1552 0.2016
-1.1664 0.2896
-1.1296 0.2216
-1.0912 0.168
-1.1392 0.296
-1.1728 0.2744
-1.1136 0.2864
-1.1856 0.2736
-1.1424 0.2536
-1.1008 0.152
-1.088 0.1864
-1.0576 0.1064
-1.136 0.172
-1.096 0.2696
-1.16 0.2896
-1.2 0.4464
-1.176 0.4976
-1.1712 0.4752
-1.1936 0.4544
-1.2144 0.4944
-1.2784 0.4712
-1.2576 0.5872
-1.16 0.4352
-1.1184 0.3208
-1.1264 0.3824
-1.0688 0.2176
-1.0928 0.2304
-1.1472 0.2944
-1.1712 0.2896
-1.1904 0.3152
-1.1472 0.2048
-1.2256 0.3592
-1.192 0.3064
-1.1712 0.2032
-1.1248 0.208
-1.0608 0.2312
-1.1824 0.3024
-1.1248 0.3152
-1.16 0.2728
-1.1312 0.1296
-1.1504 0.12
-1.12 0.1304
-1.0848 0.0616
-1.1328 0.0224
-1.1056 -0.028
-1.1008 0.0272
-1.1392 -0.0768
-1.072 -0.1016
-1.1216 -0.0512
-1.1184 -0.0952
-1.1264 -0.0728
-1.1392 0.0024
-1.1408 0.1048
-1.0624 0.0848
-1.1808 -0.0712
-1.1984 -0.0096
-1.1392 0
-1.2048 0.1136
-1.0816 0.1144
-1.096 0.0552
-1.0688 0.1536
-1.08 0.14
-1.0944 0.1688
-1.1584 0.2176
-1.048 0.1928
-1.1136 0.136
-1.1088 0.216
-1.1568 0.2128
-1.144 0.0896
-1.1088 0.1016
-1.1312 0.1216
-1.1472 0.1008
-1.1424 -0.0024
-1.1392 0.0016
-1.1568 0.0768
-1.1888 -0.0224
-1.1312 0.0032
-1.0896 -0.0192
-1.0544 -0.0456
-1.1072 0.008
-1.1392 0.0256
-1.1072 -0.0176
-1.1232 0.036
-1.12 0.044
-1.1328 0.0592
-1.2144 0.1192
-1.1088 0.1896
-1.1408 0.1824
-1.112 0.1624
-1.0688 0.1752
-1.1536 0.1312
-1.1568 0.112
-1.1248 0.1328
-1.1312 0.12
-1.1488 0.1312
-1.0688 0.256
-1.1056 0.2464
-1.176 0.3264
-1.1552 0.2976
-1.2496 0.32
-1.1552 0.2168
-1.1136 0.2352
-1.1408 0.2376
-1.1312 0.1608
-1.1888 0.212
-1.1136 0.24
-1.064 0.1896
-1.224 0.1648
-1.0848 0.08
-1.1008 0.0912
-1.0736 0.0968
-1.0832 0.0232
-1.0448 -0.0064
-1.048 -0.0224
-1.0608 -0.02
-1.1056 -0.1056
-1.1088 -0.1568
-1.128 -0.1352
-1.1056 -0.0472
-1.0416 -0.084
-1.1328 -0.1616
-1.1488 -0.1664
-1.1888 -0.0896
-1.1328 -0.1176
-1.1872 -0.1136
-1.0576 -0.0168
-1.1408 -0.0376
-1.1408 0.0368
-1.1728 0.0352
-1.1456 -0.0648
-1.1344 -0.0672
-1.1616 -0.0792
-1.1648 -0.0824
-1.1248 -0.084
-1.0416 -0.068
-1.0784 0.0576
-1.0976 0.0608
-1.136 -0.0136
-1.0656 0.0232
-1.1424 0.1192
-1.1248 0.004
-1.1472 -0.0472
-1.1376 0.0704
-1.1984 0.1672
-1.0912 0.2328
-1.176 0.2368
-1.2128 0.204
-1.1616 0.172
-1.24 0.2048
-1.232 0.1376
-1.0448 0.0472
-1.1584 0.0072
-1.112 -0.1448
-1.2272 -0.2336
-1.2352 -0.1432
-1.1728 -0.0536
-1.1424 -0.0536
-1.112 0.0688
-1.2128 0.172
-1.2304 0.2224
-1.1664 0.1768
-1.1952 0.1816
-1.1936 0.1656
-1.1584 0.1888
-1.1248 0.164
-1.1312 0.1816
-1.1584 0.084
-1.1696 0.1144
-1.1472 0.1136
-1.0992 0.0168
-1.0832 0.0232
-1.1808 0.0848
-1.1232 0.0056
-1.168 -0.0152
-1.176 -0.0024
-1.0832 0.1136
-1.0944 0.0536
-1.1296 0.0912
-1.1184 0.0664
-1.1072 0.1504
-1.216 0.0592
-1.1648 0.112
-1.1312 0.0752
-1.1328 -0.0072
-1.1328 -0.0464
-1.0704 -0.0672
-1.168 -0.0952
-1.1152 -0.144
-1.1664 -0.0648
-1.1216 -0.0512
-1.1184 0.0304
-1.0768 -0.016
-1.1632 0.008
-1.1328 -0.0368
-1.0944 0.0184
-1.1488 -0.0528
-1.1568 -0.0736
-1.0576 -0.064
-1.152 -0.1216
-1.2256 -0.144
-1.1072 -0.1312
-1.1328 -0.1232
-1.1824 -0.2032
-1.1872 -0.1072
-1.0704 -0.2344
-1.128 -0.1432
-1.0944 -0.1288
-1.1648 -0.1032
-1.0832 -0.2072
-1.1472 -0.2248
-1.1024 -0.312
-1.1616 -0.2584
-1.1536 -0.2544
-1.1856 -0.1968
-1.2016 -0.1776
-1.2096 -0.2696
-1.0688 -0.168
-1.112 -0.14
-1.1376 -0.128
-1.1456 -0.1984
-1.1664 -0.1064
-1.0624 -0.1648
-1.1264 -0.1536
-1.1696 -0.2344
-1.0528 -0.2128
-1.1376 -0.168
-1.1776 -0.228
-1.1296 -0.2272
-1.2448 -0.1856
-1.1792 -0.1184
-1.1056 -0.1072
-1.072 -0.0352
-1.208 -0.0536
-1.1152 -0.0472
-1.2288 -0.1328
-1.2672 -0.1504
-1.2032 -0.0776
-1.1312 -0.1184
-1.064 -0.1248
-1.1136 -0.284
-1.1952 -0.2608
-1.1696 -0.3136
-1.1392 -0.1784
-1.1392 -0.1488
-1.0944 -0.0944
-1.168 -0.1216
-1.1904 -0.1544
-1.1344 -0.1144
-1.1568 -0.088
-1.072 -0.1904
-1.0992 -0.2264
-1.1136 -0.1712
-1.048 -0.1648
-1.112 -0.0736
-1.1648 -0.116
-1.0896 -0.0848
-1.0752 -0.128
-1.1216 0.0608
-1.1104 0.1032
-1.1056 0.1784
-1.144 0.1992
-1.1808 0.2896
-1.1632 0.288
-1.168 0.2856
-1.1472 0.2288
-1.0608 0.1072
-1.136 0.1288
-1.0976 0.208
-1.1472 0.1248
-1.112 0.0504
-1.1632 0.0296
-1.208 -0.0296
-1.1328 -0.0456
-1.128 -0.0544
-1.088 0.0328
-1.1888 0.0704
-1.1536 0.0576
-1.0464 0.0344
-1.1216 0.1984
-1.1552 0.152
-1.0912 0.072
-1.12 -0.0152
-1.0672 -0.1032
-1.128 -0.0768
-1.1232 -0.0624
-1.1184 -0.1248
-1.1808 -0.1576
-1.1936 -0.1448
-1.1024 -0.0728
-1.1504 -0.0552
-1.1696 -0.1456
-1.1376 -0.1984
-1.1696 -0.068
-1.1856 -0.0376
-1.0496 0.0552
-1.1648 0.0248
-1.2448 0.064
-1.1664 0.04
-1.1328 0.04
-1.0976 0.1368
-1.1008 0.136
-1.0496 0.148
-1.1056 0.1296
-1.2096 -0.036
-1.1456 -0.14
-1.0512 -0.1488
-1.1856 -0.0256
-1.0688 -0.0512
-1.0864 -0.0416
-1.1248 -0.0552
-1.056 -0.0304
-1.0816 0.0216
-1.088 -0.0032
-1.1664 -0.1384
-1.176 -0.2104
-1.1872 -0.1528
-1.1408 -0.1096
-1.0608 -0.192
-1.1136 -0.2352
-1.1184 -0.2776
-1.1344 -0.3072
-1.1216 -0.3312
-1.184 -0.3112
-1.1328 -0.292
-1.08 -0.2176
-1.0992 -0.2184
-1.0528 -0.2568
-1.1056 -0.2344
-1.1248 -0.1984
-1.0864 -0.1448
-1.176 -0.18
-1.1344 -0.1216
-1.112 -0.2656
-1.1888 -0.2448
-1.1072 -0.1432
-1.0608 -0.2304
-1.1408 -0.236
-1.1264 -0.1784
-1.1744 -0.176
-1.1168 -0.2096
-1.04 -0.1976
-1.1504 -0.2552
-1.1776 -0.2752
-1.224 -0.168
-1.2496 -0.172
-1.248 -0.1712
-1.1584 -0.1512
-1.112 -0.2
-1.08 -0.2208
-1.1568 -0.2496
-1.168 -0.2528
-1.1312 -0.1792
-1.1808 -0.1688
-1.1488 -0.2392
-1.1184 -0.2008
-1.1616 -0.2144
-1.1744 -0.132
-1.0976 -0.0256
-1.1376 -0.0664
-1.112 -0.0528
-1.1312 -0.0896
-1.056 -0.0792
-1.0848 -0.0888
-1.0944 -0.0496
-1.1184 -0.0344
-1.2 -0.1912
-1.1456 -0.1664
-1.1104 -0.0912
-1.0912 -0.1672
-1.0848 -0.1248
-1.0896 -0.156
-1.1152 -0.02
-1.1632 -0.1304
-1.208 -0.22
-1.0768 -0.192
-1.1104 -0.2848
-1.1408 -0.2472
-1.1104 -0.2488
-1.1712 -0.3384
-1.096 -0.2216
-1.1552 -0.1576
-1.1088 -0.0944
-1.1104 -0.0528
-1.1856 -0.0704
-1.128 -0.112
-1.1664 -0.0248
-1.0848 0.0624
-1.1296 -0.0528
-1.0736 -0.008
-1.232 -0.1376
-1.192 -0.1664
-1.1456 -0.1408
-1.1072 -0.1056
-1.1584 -0.0936
-1.1904 -0.1264
-1.1136 -0.04
-1.1216 -0.0592
-1.1424 -0.1208
-1.1456 -0.1784
-1.2352 -0.1656
-1.1872 -0.2096
-1.1408 -0.2352
-1.136 -0.2288
-1.1152 -0.204
-1.0784 -0.2816
-1.1024 -0.1776
-1.1024 -0.08
-1.0608 -0.1472
-1.0688 -0.1688
-1.1728 -0.2448
-1.0384 -0.1864
-1.1104 -0.108
-1.136 -0.0304
-1.128 0.0136
-1.056 0.0784
-1.128 0.0376
-1.0864 0.0088
-1.0512 -0.0496
-1.0352 -0.0312
-1.0704 -0.0216
-1.072 -0.0112
-1.0816 0.0088
-1.0592 0.0512
-1.1104 0.0328
-1.136 -0.1016
-1.1792 -0.0656
-1.1616 -0.1024
-1.1056 -0.0976
-1.1728 -0.0072
-1.064 -0.0832
-1.1504 -0.1448
-1.0368 -0.1056
-1.1296 -0.1168
-1.1632 -0.2672
-1.1008 -0.2336
-1.1456 -0.2184
-1.1696 -0.1936
-1.0528 -0.1144
-1.0784 -0.1632
-1.096 -0.0856
-1.1472 -0.04
-1.2048 -0.1624
-1.1632 -0.1712
-1.0096 -0.1584
-1.1024 -0.1488
-1.1248 -0.2808
-1.0704 -0.1552
-1.1552 -0.224
-1.1808 -0.2584
-1.1936 -0.3032
-1.168 -0.2664
-1.088 -0.2904
-1.1216 -0.2128
-1.1392 -0.0504
-1.1152 -0.1112
-1.0992 -0.0696
-1.08 0.02
-1.1216 0.0544
-1.0944 0.0448
-1.064 0.0096
-1.0784 0.04
-1.08 -0.0136
-1.1072 0.1008
-1.144 0.1136
-1.1504 0.1648
-1.1584 0.0712
-1.1168 -0.032
-1.1632 0.0112
-1.1712 -0.0392
-1.1472 -0.0328
-1.1264 0.0176
-1.152 -0.0184
-1.2176 -0.0064
-1.1056 -0.0464
-1.1632 0.04
-1.1872 0.0208
-1.1296 -0.056
-1.0816 0.0496
-1.136 -0.0064
-1.1024 -0.0192
-1.1312 -0.1336
-1.1792 -0.1192
-1.1792 -0.2072
-1.0544 -0.1304
-1.1344 -0.0376
-1.1472 -0.092
-1.2176 -0.096
-1.0832 0.02
-1.12 -0.0656
-1.1568 0.016
-1.0048 -0.0328
-1.064 -0.06
-1.1408 0.0648
-1.0448 0.0736
-1.0736 0.1952
-1.0784 0.2256
-1.1312 0.2288
-1.0944 0.26
-1.0512 0.2344
-1.1408 0.2688
-1.0832 0.2528
-1.128 0.2808
-1.2208 0.2752
-1.112 0.2608
-1.056 0.1536
-1.1024 0.1416
-1.0912 0.1728
-1.1136 0.1448
-1.2096 0.1712
-1.168 0.1304
-1.1696 0.164
-1.1488 0.1888
-1.1456 0.1864
-1.1376 0.1896
-1.0896 0.076
-1.1152 0.1728
-1.12 0.2096
-1.128 0.2504
-1.1712 0.2176
-1.1504 0.2976
-1.2336 0.2824
-1.184 0.276
-1.1184 0.2552
-1.16 0.2248
-1.1264 0.2104
-1.1504 0.1952
-1.1472 0.1568
-1.1744 0.1648
-1.1232 0.1912
-1.1488 0.0592
-1.176 0.0296
-1.1152 0.0344
-1.1824 -0.0808
-1.1872 -0.1168
-1.1056 0.0608
-1.1216 -0.0672
-1.0896 -0.1224
-1.1184 -0.0184
-1.08 0.008
-1.1712 0.0048
-1.2064 0.0184
-1.232 0.0176
-1.1952 0.0352
-1.1904 0.1136
-1.1776 0.0904
-1.2256 0.1368
-1.1936 0.0784
-1.1184 0.1552
-1.1504 0.1136
-1.152 0.12
-1.152 0.2256
-1.1584 0.148
-1.1728 0.1304
-1.1504 0.056
-1.1568 0.056
-1.1344 0.0008
-1.1008 -0.0448
-1.128 -0.02
-1.144 0.124
-1.0912 0.1344
-1.1392 0.204
-1.1056 0.1384
-1.1232 0.1904
-1.0992 0.044
-1.1312 -0.0072
-1.1296 0.0072
-1.184 0.0112
-1.0464 -0.0392
-1.1104 -0.1656
-1.1616 -0.1384
-1.056 -0.1088
-1.112 -0.0816
-1.1024 0.0152
-1.136 0.0144
-1.1152 0.0112
-1.0816 0.0192
-1.128 0.0568
-1.1536 0.0232
-1.1072 -0.1312
-1.1888 -0.2312
-1.2144 -0.2408
-1.1952 -0.1952
-1.176 -0.168
-1.1824 -0.1408
-1.1232 -0.1776
-1.1376 -0.1256
-1.1152 -0.0792
-1.1456 -0.0584
-1.08 -0.0112
-1.1008 0.0936
-1.128 0.1744
-1.0624 0.1944
-1.1024 0.2416
-1.16 0.28
-1.1776 0.2824
-1.1328 0.2496
-1.1872 0.0792
-1.2208 0.1176
-1.1856 0.0784
-1.1984 0.1288
-1.1136 0.1872
-1.1184 0.1736
-1.088 0.0432
-1.144 0.1384
-1.0864 0.132
-1.1456 0.0464
-1.1536 -0.0472
-1.1184 -0.0904
-1.136 -0.1064
-1.0896 -0.1312
-1.104 -0.0304
-1.1072 0.0368
-1.1184 -0.008
-1.112 0.0296
-1.1056 0.1008
-1.0544 0.116
-1.1888 0.152
-1.088 0.0848
-1.1216 0.132
-1.0528 0.1448
-1.0272 0.2304
-1.0752 0.2088
-1.0592 0.2496
-1.0544 0.2256
-1.0832 0.1952
-1.152 0.1576
-1.1136 0.1272
-1.1328 0.268
-1.096 0.2096
-1.1728 0.304
-1.1184 0.3136
-1.0672 0.3048
-1.0784 0.3056
-1.192 0.3832
-1.2128 0.2928
-1.1728 0.428
-1.1888 0.396
-1.2288 0.4248
-1.1456 0.436
-1.1696 0.3912
-1.0752 0.3384
-1.1296 0.3688
-1.1936 0.4016
-1.1632 0.4072
-1.1968 0.3184
-1.1904 0.3376
-1.096 0.3272
-1.1568 0.3368
-1.1888 0.3984
-1.1952 0.3616
-1.1488 0.336
-1.1504 0.3128
-1.1952 0.2544
-1.144 0.3152
-1.1168 0.2944
-1.1104 0.2856
-1.1952 0.3088
-1.2512 0.4328
-1.2 0.4168
-1.1408 0.3352
-1.1424 0.32
-1.1808 0.3504
-1.1264 0.2928
-1.1328 0.2992
-1.1728 0.3
-1.0784 0.3064
-1.152 0.348
-1.1184 0.3072
-1.144 0.1624
-1.16 0.1992
-1.1712 0.1792
-1.1744 0.2176
-1.1472 0.1768
-1.1136 0.1848
-1.08 0.1864
-1.1136 0.1408
-1.0368 0.1648
-1.136 0.1792
-1.0816 0.1752
-1.1664 0.28
-1.2016 0.1472
-1.2048 0.1456
-1.1536 0.2112
-1.144 0.196
-1.1728 0.2336
-1.1584 0.2392
-1.1392 0.26
-1.1248 0.292
-1.168 0.3072
-1.184 0.2656
-1.136 0.3112
-1.1792 0.212
-1.1664 0.2336
-1.1216 0.152
-1.1584 0.2144
-1.1248 0.1264
-1.1392 0.108
-1.1568 0.1048
-1.0848 0.0456
-1.0784 0.0888
-1.0976 0.0272
-1.0864 0.0336
-1.064 0.016
-1.1008 0.0632
-1.096 -0.0384
-1.0448 0.0584
-1.0656 0.0472
-1.0992 0.0344
-1.184 0.1032
-1.16 0.1792
-1.0608 0.096
-1.1136 0.0736
-1.1216 0.0312
-1.168 -0.1152
-1.1008 -0.0688
-1.1536 -0.0432
-1.1824 0.0416
-1.1664 0.1016
-1.08 0.1264
-1.0704 0.096
-1.1664 0.1696
-1.144 0.1288
-1.136 0.1
-1.1328 0.1184
-1.1424 0.0672
-1.152 0.0832
-1.1632 0.2064
-1.1552 0.2224
-1.064 0.1352
-1.0816 0.2248
-1.0656 0.1984
-1.0672 0.2152
-1.104 0.2304
-1.0912 0.2104
-1.1456 0.2704
-1.1216 0.288
-1.168 0.1312
-1.1504 0.1592
-1.1936 0.2552
-1.1472 0.1512
-1.1488 0.0832
-1.1152 0.0312
-1.104 -0.0952
-1.12 -0.0592
-1.2016 -0.1664
-1.1648 -0.1368
-1.1152 -0.06
-1.1536 -0.0848
-1.0848 -0.14
-1.1232 0.028
-1.0848 0.1064
-1.0208 0.02
-1.12 -0.0656
-1.1952 -0.0328
-1.0912 -0.0632
-1.1088 0.008
-1.1408 0.1112
-1.1536 0.2304
-1.0608 0.1528
-1.0192 0.0928
-1.0464 0.0432
-1.0784 0.0272
-1.128 0.0152
-1.1328 0.0408
-1.1232 -0.0576
-1.1216 -0.0656
-1.128 0.0016
-1.1584 -0.0336
-1.1136 -0.0552
-1.0976 -0.1112
-1.032 -0.1424
-1.1024 -0.1064
-1.072 0.0096
-1.1088 -0.0232
-1.0544 -0.152
-1.08 -0.0856
-1.1104 -0.0952
-1.0672 -0.0696
-1.0944 -0.0704
-1.0352 -0.1736
-1.1344 -0.1456
-1.1376 -0.0888
-1.1808 -0.1664
-1.2064 -0.1264
-1.2432 -0.1824
-1.1008 -0.1296
-1.144 -0.1216
-1.2 -0.1752
-1.1728 -0.1496
-1.1632 -0.1232
-1.1248 -0.1288
-1.1024 -0.1232
-1.1888 0.004
-1.192 -0.0232
-1.1328 -0.0048
-1.1248 -0.0144
-1.2544 -0.1368
-1.1216 -0.0736
-1.072 -0.0432
-1.1392 -0.0512
-1.12 0.0088
-1.1584 -0.0504
-1.1536 -0.0656
-1.0704 -0.0456
-1.104 -0.016
-1.0688 -0.0704
-1.0368 -0.1504
-1.1312 -0.0664
-1.1008 0.004
-1.1296 -0.0096
-1.1296 0.0128
-1.1136 0.0048
-1.168 0.0224
-1.152 0.0192
-1.0624 0.1056
-1.0832 0.1656
-1.1424 0.1488
-1.176 0.2104
-1.1296 0.0976
-1.1856 0.1472
-1.1232 0.0888
-1.1248 -0.06
-1.1584 -0.048
-1.1216 0.0328
-1.1472 -0.04
-1.1408 -0.0504
-1.1168 -0.0896
-1.1488 -0.1088
-1.1072 0.0256
-1.152 0.0456
-1.104 0.1096
-1.0256 0.0952
-1.144 0.252
-1.16 0.2416
-1.1136 0.2584
-1.0256 0.248
-1.1008 0.2896
-1.1488 0.1544
-1.1184 0.1416
-1.2096 0.1352
-1.0992 0.1328
-1.0896 0.2408
-1.1584 0.1928
-1.0576 0.052
-1.0992 0.1488
-1.1904 0.1784
-1.1424 0.1552
-1.1568 0.2592
-1.064 0.0816
-1.1072 0.1296
-1.0448 0.0712
-1.1808 0.0488
-1.1216 0.028
-1.1056 -0.0168
-1.1904 -0.0808
-1.0672 -0.1488
-1.1424 -0.0856
-1.1376 -0.0664
-1.184 -0.0912
-1.0304 -0.1624
-1.128 -0.1408
-1.1024 -0.056
-1.1648 -0.0288
-1.1408 -0.168
-1.1472 -0.224
-1.2016 -0.384
-1.1136 -0.3296
-1.208 -0.3024
-1.1616 -0.352
-1.1232 -0.2576
-1.1376 -0.2176
-1.1968 -0.188
-1.1232 -0.0792
-1.1776 -0.0752
-1.1408 -0.048
-1.1248 -0.0448
-1.1952 0.0664
-1.1824 0.0856
-1.216 0.1872
-1.2304 0.1824
-1.12 0.2136
-1.1136 0.1808
-1.168 0.1624
-1.1536 0.1808
-1.1488 0.0984
-1.1792 0.0928
-1.16 0.0816
-1.1344 0.02
-1.1424 0.0112
-1.1424 0.0368
-1.1248 0.036
-1.1296 0.0992
-1.0928 -0.0416
-1.0656 0.028
-1.1136 -0.1248
-1.1456 -0.2328
-1.1424 -0.2152
-1.1728 -0.1216
-0.9728 -0.1808
-1.128 -0.2256
-1.0864 -0.1552
-1.0432 -0.0784
-1.0496 -0.152
-1.1536 -0.0584
-1.1616 -0.184
-1.2384 -0.3016
-1.1984 -0.2696
-1.1792 -0.3376
-1.1728 -0.2184
-1.1712 -0.2248
-1.1984 -0.284
-1.1536 -0.1832
-1.2176 -0.2456
-1.152 -0.1912
-1.2208 -0.1768
-1.216 -0.1984
-1.2 -0.1808
-1.1552 -0.228
-1.224 -0.2552
-1.0624 -0.2144
-1.0736 -0.152
-1.1136 -0.1024
-1.0576 -0.0992
-1.072 0.0312
-1.16 -0.0352
-1.144 -0.1336
-1.152 -0.152
-1.0896 -0.136
-1.128 -0.2376
-1.0976 -0.224
-1.1264 -0.1736
-1.1456 -0.2144
-1.0704 -0.2184
-1.136 -0.18
-1.1744 -0.0808
-1.1712 -0.0272
-1.1616 0.1072
-1.1488 0.2088
-1.1808 0.2624
-1.112 0.256
-1.192 0.3216
-1.144 0.3232
-1.0928 0.2368
-1.0672 0.2552
-1.1184 0.1688
-1.0448 0.1312
-1.096 0.08
-1.1328 0.1248
-1.1392 0.1936
-1.1648 0.1584
-1.168 0.1208
-1.1488 0.2688
-1.104 0.2824
-1.1424 0.276
-1.168 0.3048
-1.2688 0.4248
-1.1472 0.3456
-1.0864 0.2704
-1.2144 0.3544
-1.152 0.2456
-1.1472 0.2736
-1.104 0.1576
-1.128 0.1432
-1.112 0.0088
-1.184 0.0784
-1.1616 0.1248
-1.16 0.0896
-1.1344 0.132
-1.1616 0.1808
-1.112 0.224
-1.072 0.204
-1.1328 0.2408
-1.032 0.1832
-1.1152 0.2936
-1.1728 0.276
-1.1472 0.2568
-1.104 0.176
-1.1456 0.1832
-1.0576 0.1088
-1.1712 0.1848
-1.1744 0.2128
-1.1072 0.152
-1.0752 0.0336
-1.08 0.0712
-1.136 0.1224
-1.1264 0.0496
-1.1296 -0.0576
-1.0912 0.024
-1.1648 -0.076
-1.1728 -0.06
-1.112 -0.0056
-1.1456 0.0584
-1.1072 0.1432
-1.2 0.1264
-1.1392 -0.0248
-1.0848 -0.0392
-1.0496 -0.1048
-1.0016 -0.1168
-1.0576 -0.0616
-1.1152 -0.0344
-1.1104 -0.0584
-1.0416 -0.0936
-1.0336 -0.1448
-1.072 -0.1696
-1.1104 -0.1672
-1.0896 -0.1616
-1.1216 -0.076
-1.1168 -0.1056
-1.1184 -0.1632
-1.2272 -0.1584
-1.1136 -0.1488
-1.1072 -0.0136
-1.072 -0.0344
-1.0992 -0.0184
-1.1712 -0.0216
-1.1168 -0.0136
-1.1104 -0.0384
-1.0528 -0.0656
-1.0464 -0.052
-1.1152 -0.0864
-1.1376 -0.0576
-1.1024 -0.0136
-1.0816 -0.0008
-1.1328 -0.0456
-1.1296 -0.0392
-1.0304 -0.084
-1.1152 -0.1064
-1.1696 -0.1392
-1.1328 -0.0568
-1.1888 -0.0248
-1.184 -0.1144
-1.0928 -0.132
-1.0672 -0.0896
-1.1408 0.0648
-1.1216 0.0888
-1.0752 0.0664
-1.1728 0.1064
-1.1904 0.0976
-1.152 -0.004
-1.0608 0.0576
-1.088 0.0304
-1.1632 0.0184
-1.0896 0.0488
-1.0576 0.1192
-1.12 -0.016
-1.1504 -0.0888
-1.144 0.004
-1.1008 -0.0048
-1.0912 -0.064
-1.0864 -0.1456
-1.1744 -0.1168
-1.184 -0.2144
-1.192 -0.1032
-1.168 -0.196
-1.1424 -0.0088
-1.1008 -0.0296
-1.1856 -0.0768
-1.1392 -0.116
-1.176 -0.12
-1.1696 -0.184
-1.1648 -0.1984
-1.2032 -0.252
-1.2336 -0.2584
-1.2016 -0.2016
-1.1936 -0.2424
-1.1232 -0.168
-1.0992 -0.1232
-1.1904 -0.1432
-1.1008 0.0056
-1.1248 -0.0544
-1.1408 -0.064
-1.0928 0.0424
-1.2256 -0.0552
-1.1632 0.024
-1.1456 0.112
-1.184 0.076
-1.1296 0.1744
-1.1776 0.2312
-1.2176 0.2112
-1.1376 0.1576
-1.1472 0.1056
-1.1744 0.0904
-1.2416 0.0736
-1.1632 -0.0296
-1.1552 -0.0744
-1.1424 -0.0072
-1.0848 -0.012
-1.0208 -0.016
-1.0736 -0.0352
-1.1584 -0.064
-1.1584 -0.1992
-1.0976 -0.2264
-1.0736 -0.2568
-1.1248 -0.1968
-1.168 -0.1504
-1.1168 -0.0864
-1.1488 -0.1592
-1.1888 -0.2144
-1.1088 -0.2256
-1.0976 -0.2296
-1.136 -0.1776
-1.0976 -0.1872
-1.2128 -0.1696
-1.0832 -0.0528
-1.1664 -0.14
-1.1024 -0.1032
-1.1152 -0.0584
-1.0864 0.0192
-1.1344 -0.0752
-1.056 0.0304
-1.1296 0.132
-1.1456 0.064
-1.128 0.1448
-1.1584 0.1832
-1.1456 0.1704
-1.1104 0.1704
-1.1488 0.2024
-1.1632 0.1488
-1.1584 0.16
-1.16 0.2752
-1.1488 0.2888
-1.1376 0.3384
-1.1472 0.3304
-1.0848 0.1648
-1.024 0.128
-1.112 0.2408
-1.1184 0.1952
-1.168 0.1992
-1.136 0.164
-1.1296 0.0624
-1.1104 0.0432
-1.176 0.0536
-1.12 -0.0624
-1.1136 0.0472
-1.216 -0.0144
-1.1552 -0.0112
-1.096 0.0944
-1.096 0.0272
-1.0576 -0.0688
-1.08 -0.0768
-1.0944 0.0392
-1.176 0.0104
-1.0576 -0.04
-1.1584 -0.0816
-1.1248 0.0208
-1.1152 0.0536
-1.1136 -0.0008
-1.1904 -0.0208
-1.0928 0.0504
-1.104 0.1104
-1.0608 0.1016
-1.0736 0.0952
-1.1216 0.1872
-1.112 0.1408
-1.0816 0.2552
-1.152 0.3256
-1.1264 0.3792
-1.1616 0.3656
-1.1248 0.3528
-1.1888 0.3808
-1.1712 0.2792
-1.1456 0.2464
-1.104 0.2352
-1.1824 0.2968
-1.1216 0.2568
-1.16 0.2768
-1.1248 0.2168
-1.2624 0.3064
-1.1936 0.2184
-1.1888 0.1528
-1.2048 0.1672
-1.1664 0.1352
-1.1728 0.0768
-1.1456 0.064
-1.1344 0.0224
-1.1664 -0.036
-1.0832 -0.0992
-1.1472 -0.0808
-1.0544 -0.1288
-1.0416 -0.1304
-1.1536 -0.088
-1.1696 -0.0984
-1.1216 -0.2104
-1.1248 -0.2992
-1.1232 -0.2032
-1.0608 -0.1552
-1.1264 -0.1096
-1.1872 -0.2256
-1.1072 -0.1096
-1.152 -0.1584
-1.192 -0.1448
-1.1152 -0.1968
-1.1152 -0.2488
-1.168 -0.2024
-1.1232 -0.1408
-1.1056 -0.16
-1.1872 -0.2488
-1.0704 -0.2712
-1.1104 -0.1968
-1.128 -0.1376
-1.2128 -0.216
-1.128 -0.1224
-1.1728 -0.1608
-1.1088 -0.1176
-1.0928 -0.2416
-1.104 -0.2368
-1.1072 -0.1512
-1.0928 -0.1472
-1.0544 -0.1064
-1.12 -0.1224
-1.0592 -0.2712
-1.2576 -0.2856
-1.1632 -0.1696
-1.0592 -0.2112
-1.0944 -0.1504
-1.088 -0.2112
-1.176 -0.3512
-1.2064 -0.3216
-1.1664 -0.292
-1.1152 -0.148
-1.1968 -0.1128
-1.184 -0.0816
-1.1712 -0.0368
-1.1152 -0.0856
-1.1728 -0.0296
-1.1408 -0.0376
-1.048 0.04
-1.008 0.0352
-1.104 -0.0112
-1.1296 -0.0496
-1.0272 -0.0424
-1.0832 -0.068
-1.1568 -0.0304
-1.1168 0.0344
-1.1872 0.0488
-1.168 -0.0264
-1.1712 0.0224
-1.144 0.1176
-1.1552 0.0632
-1.1632 0.0064
-1.1504 -0.0296
-1.024 -0.112
-1.0736 -0.0488
-1.1792 -0.1232
-1.0912 -0.1536
-1.0336 -0.1072
-1.048 -0.1016
-1.2016 -0.1032
-1.24 -0.1752
-1.1168 -0.2424
-1.1984 -0.3072
-1.1872 -0.232
-1.16 -0.088
-1.1152 -0.0976
-1.1296 -0.0208
-1.1632 0.0784
-1.1696 0.1048
-1.08 0.0352
-1.1424 -0.0296
-1.1328 0.0784
-1.136 0.1176
-1.1392 0.1808
-1.128 0.2296
-1.1728 0.2736
-1.12 0.3592
-1.1104 0.2784
-1.1376 0.34
-1.1008 0.2768
-1.1056 0.1672
-1.056 0.184
-1.1376 0.2056
-1.064 0.184
-1.0768 0.1344
-1.1152 0.1584
-1.1712 0.0408
-1.0864 -0.0384
-1.1152 -0.0992
-1.1312 -0.1808
-1.1856 -0.2512
-1.136 -0.248
-1.0944 -0.1264
-1.128 -0.1328
-1.1216 -0.0856
-1.1248 -0.1176
-1.0752 -0.0936
-1.184 -0.0888
-1.1584 -0.1048
-1.2544 -0.1104
-1.1792 -0.0512
-1.1536 -0.0792
-1.1456 -0.1096
-1.072 0.0008
-1.0352 0.0416
-1.1008 0.1376
-1.1904 0.124
-1.1072 0.1688
-1.1232 0.2712
-1.1024 0.2624
-1.1104 0.0624
-1.1424 0.0056
-1.0928 0.0656
-1.1232 0.0744
-1.2176 0.1744
-1.208 0.2136
-1.1712 0.184
-1.144 0.1544
-1.1072 0.1368
-1.1312 0.1408
-1.1328 0.0608
-1.0688 0.0376
-1.0464 0.1104
-1.0784 0.1648
-1.1472 0.1432
-1.0784 0.1608
-1.064 0.1408
-1.152 0.2144
-0.9856 0.1008
-1.0944 0.1512
-1.1344 0.0464
-1.1968 -0.0376
-1.0992 0.0112
-0.9696 0.0776
-1.0816 0.0976
-1.1408 0.1376
-1.112 0.248
-1.1568 0.2224
-1.0688 0.192
-1.0672 0.1648
-1.0976 0.1912
-1.1344 0.2928
-1.1584 0.1864
-1.1792 0.256
-1.2112 0.292
-1.192 0.3112
-1.1648 0.1808
-1.1104 0.1776
-1.1616 0.1768
-1.1504 0.0672
-1.176 -0.0536
-1.1152 -0.0448
-1.1024 -0.1336
-1.0864 -0.1224
-1.1632 -0.1152
-1.1728 -0.0296
-1.1344 -0.0504
-1.1104 -0.0624
-1.1856 -0.176
-1.1728 -0.1752
-1.1936 -0.1192
-1.2 -0.052
-1.2432 -0.1552
-1.1808 -0.1288
-1.2432 -0.0392
-1.1472 -0.032
-1.208 0.0416
-1.0864 0.0456
-1.088 0.0656
-1.1664 0.1008
-1.1248 0.0704
-1.0656 -0.0072
-1.072 -0.0784
-1.1264 -0.1328
-1.12 -0.1384
-1.168 0.0104
-1.0544 0.0928
-1.104 0.0048
-1.1712 -0.1112
-1.1008 -0.0712
-1.1408 -0.1384
-1.096 -0.088
-1.072 -0.0464
-1.1792 -0.0104
-1.192 -0.048
-1.152 -0.06
-1.1904 -0.0256
-1.1936 0.0152
-1.136 -0.0392
-1.1312 -0.228
-1.1424 -0.1296
-1.1312 -0.1592
-1.1424 -0.1984
-1.0976 -0.1048
-1.152 -0.1368
-1.1856 -0.0544
-1.112 -0.032
-1.1616 -0.1008
-1.1808 -0.1744
-1.1936 -0.1584
-1.1808 -0.252
-1.2064 -0.2792
-1.1712 -0.3168
-1.1392 -0.2504
-1.1584 -0.2952
-1.0944 -0.128
-1.16 -0.168
-1.144 -0.0736
-1.0864 0.0208
-1.0624 0.0064
-1.0736 0.1208
-1.0752 0.1272
-1.112 0.1136
-1.0816 0.1728
-1.2 0.1104
-1.1312 0.0936
-1.1008 0.0344
-1.0192 0.0656
-1.1024 0.0784
-1.0864 0.0616
-1.1472 0.0696
-1.0528 0.0192
-1.0928 0.1272
-1.1696 0.0704
-1.1536 0.0824
-1.04 0.0496
-1.1216 0.0552
-1.1536 0.1824
-1.1056 0.1432
-1.2048 0.1352
-1.1184 0.052
-1.1152 0.008
-1.144 0.0136
-1.216 0.028
-1.0944 0.1
-1.1136 0.0872
-1.1024 0.0488
-1.1296 0.0104
-1.1888 -0.1312
-1.0992 -0.096
-1.2112 -0.1256
-1.0944 -0.0864
-1.2496 -0.2488
-1.1872 -0.2944
-1.2272 -0.3224
-1.1968 -0.3192
-1.1936 -0.2608
-1.1376 -0.24
-1.1824 -0.2856
-1.104 -0.2952
-1.0656 -0.1648
-1.1424 -0.0472
-1.2096 -0.1152
-1.168 -0.0016
-1.1296 0.1048
-1.0768 0.0288
-1.1248 0.0848
-1.2048 -0.0288
-1.0896 -0.0744
-1.1136 -0.0232
-1.1024 0.0048
-1.1616 0.0304
-1.176 0.0264
-1.1184 0.0848
-1.1488 0.1832
-1.1168 0.2176
-1.1696 0.1176
-1.16 0.1248
-1.1952 0.2552
-1.216 0.2448
-1.2272 0.252
-1.1392 0.1544
-1.1024 0.1656
-1.1184 0.2768
-1.128 0.2816
-1.128 0.3608
-1.12 0.2088
-1.1536 0.3472
-1.1488 0.2816
-1.2 0.2536
-1.24 0.2672
-1.2 0.1736
-1.1456 0.1136
-1.0688 0.092
-1.0352 0.0984
-1.0576 0.0584
-1.088 0.0768
-1.0416 -0.1152
-1.096 -0.0024
-1.0464 -0.0144
-1.0608 0.016
-1.064 0.0464
-1.0784 0.0648
-1.1232 0.1448
-1.1664 0.064
-1.1136 0.1504
-1.1744 0.2224
-1.1408 0.2664
-1.1168 0.2368
-1.1776 0.2112
-1.1264 0.2248
-1.1792 0.3296
-1.2448 0.3016
-1.1792 0.256
-1.104 0.1976
-1.0992 0.1864
-1.1248 0.1592
-1.136 0.1208
-1.1616 0.0456
-1.112 -0.0888
-1.136 -0.052
-1.12 -0.0232
-1.0784 0.0312
-1.0944 -0.052
-1.1328 -0.0152
-1.1408 -0.036
-1.16 -0.1936
-1.1616 -0.124
-1.0912 -0.064
-1.0592 -0.068
-1.032 -0.1384
-1.0784 -0.1768
-1.1056 -0.3272
-1.144 -0.3064
-1.1312 -0.2672
-1.1168 -0.1024
-1.1296 -0.136
-1.1168 -0.1432
-1.1968 -0.348
-1.2192 -0.4432
-1.0736 -0.3896
-1.1696 -0.3248
-1.2112 -0.3128
-1.1648 -0.1536
-1.0672 -0.0776
-1.1248 -0.0608
-1.0976 -0.1032
-1.1504 -0.1144
-1.176 -0.0832
-1.2128 -0.14
-1.1168 -0.1048
-1.0976 -0.1048
-1.1488 0.0248
-1.1104 0.0288
-1.0976 0.0312
-1.136 0.052
-1.0544 0.0496
-1.12 0.032
-1.176 0.0568
-1.04 -0.0904
-1.1712 -0.0256
-1.1408 -0.1072
-1.1648 -0.1032
-1.0976 -0.1376
-1.0528 -0.0472
-1.136 -0.1936
-1.1424 -0.232
-1.1632 -0.0864
-1.1472 -0.0288
-1.0656 -0.0448
-1.1008 0.0352
-1.1168 0.0832
-1.176 0.1096
-1.16 0.1552
-1.1904 0.1976
-1.1328 0.26
-1.1536 0.1656
-1.1152 0.0648
-1.1376 0.04
-1.1728 -0.0664
-1.1312 -0.112
-1.1712 -0.1176
-1.1504 -0.14
-1.1552 -0.144
-1.0896 -0.032
-1.144 -0.0376
-1.1344 -0.0712
-1.064 0.0056
-1.0848 0.0392
-1.1184 0.0464
-1.0864 0.0928
-1.1696 -0.0552
-1.1744 0.0152
-1.1408 -0.0288
-1.128 -0.0264
-1.1744 -0.0408
-1.1696 -0.1104
-1.152 0.0064
-1.0928 0.0664
-1.1216 0.032
-1.1184 0.0648
-1.1424 0.0336
-1.072 0.0152
-1.048 -0.0176
-1.0688 -0.1184
-1.096 -0.1472
-1.064 -0.0552
-1.088 -0.0752
-1.1584 -0.0272
-1.1392 -0.1456
-1.0912 -0.1352
-1.1104 -0.1512
-1.1568 -0.1872
-1.1696 -0.084
-1.0752 -0.0816
-1.0464 -0.1144
-1.0688 -0.1664
-1.0816 -0.1272
-1.1152 -0.1464
-1.1328 -0.2184
-1.1632 -0.284
-1.1632 -0.2904
-1.1168 -0.2288
-1.1664 -0.244
-1.0704 -0.1944
-1.128 -0.0424
-1.1504 -0.0464
-1.1664 -0.0032
-1.1616 0.0168
-1.224 0.0072
-1.1072 0.0112
-1.1392 -0.004
-1.1152 -0.028
-1.0944 -0.052
-1.1856 0.028
-1.2144 0.0688
-1.1216 0.0048
-1.2 0.0008
-1.1616 0.0016
-1.1712 0.06
-1.1552 0.124
-1.1424 0.0704
-1.0512 -0.0272
-1.0672 -0.0768
-1.1584 -0.0064
-1.136 -0.072
-1.2528 -0.1024
-1.1568 -0.0288
-1.1264 0.0736
-1.1152 0.08
-1.144 0.0512
-1.0416 0.0968
-1.152 0.1008
-1.1424 0.1352
-1.1744 0.0904
-1.1056 0.1392
-1.1344 0.0952
-1.2064 0.152
-1.2288 0.2424
-1.1264 0.2376
-1.1888 0.2288
-1.1808 0.2424
-1.0528 0.2448
-1.0528 0.1064
-1.1184 0.0832
-1.04 0.0216
-1.16 -0.0232
-1.0768 -0.0328
-1.1552 -0.0232
-1.0912 0.0368
-1.0432 0.0088
-1.1088 0.0912
-1.04 0.0176
-1.0432 0.0488
-1.1312 -0.008
-1.1232 0.0144
-1.1296 0.0552
-1.1168 0.0432
-1.1312 0.092
-1.1504 0.0104
-1.2288 -0.1208
-1.0656 -0.0896
-1.1632 -0.0856
-1.1456 0.1056
-1.1728 0.1264
-1.0496 0.1264
-1.1632 0.0256
-1.1152 0.0168
-1.08 -0.0624
-1.0432 -0.0896
-1.1136 -0.1728
-1.112 -0.0952
-1.0848 -0.2384
-1.0624 -0.2376
-1.0496 -0.268
-1.0208 -0.236
-1.1264 -0.3272
-1.0944 -0.268
-1.1504 -0.3424
-1.128 -0.304
-1.1888 -0.2064
-1.2 -0.1776
-1.1648 -0.1904
-1.1456 -0.1992
-1.1808 -0.204
-1.0976 -0.1888
-1.1168 -0.1016
-1.1568 0.0312
-1.1568 -0.1344
-1.152 -0.2
-1.152 -0.2192
-1.056 -0.1888
-1.1088 -0.128
-1.112 -0.1152
-1.096 -0.064
-1.176 -0.124
-1.088 -0.0584
-1.0656 -0.0976
-1.08 -0.1176
-1.1824 -0.1384
-1.112 -0.2144
-1.1872 -0.2184
-1.0448 -0.2736
-1.1424 -0.1816
-1.1088 -0.1208
-1.1104 -0.164
-1.1312 -0.0952
-1.1744 -0.156
-1.0896 -0.2344
-1.0704 -0.1936
-1.16 -0.2016
-1.1648 -0.1936
-1.0672 -0.1968
-1.1536 -0.2048
-1.1984 -0.2872
-1.1424 -0.228
-1.2208 -0.2416
-1.2288 -0.1264
-1.1712 -0.08
-1.1696 -0.0256
-1.1376 0.0344
-1.2192 -0.0752
-1.1248 -0.1504
-1.1056 -0.2832
-1.12 -0.2768
-1.1648 -0.26
-1.1072 -0.2232
-1.1328 -0.244
-1.096 -0.1792
-1.1792 -0.2672
-1.1072 -0.3512
-1.1472 -0.2384
-1.104 -0.26
-1.0688 -0.1856
-1.056 -0.1536
-1.0864 -0.2312
-1.1056 -0.2976
-1.216 -0.3376
-1.1584 -0.3304
-1.1184 -0.2448
-1.1536 -0.2792
-1.128 -0.288
-1.1712 -0.2432
-1.1392 -0.1384
-1.1424 -0.1976
-1.1184 -0.176
-1.208 -0.2
-1.1072 -0.2376
-1.0976 -0.172
-1.0896 -0.0248
-1.0976 0.0968
-1.0064 0.0184
-1.0432 0.1792
-1.0832 0.1384
-1.1936 0.3
-1.1024 0.2504
-1.0944 0.268
-1.1216 0.3832
-1.1312 0.3496
-1.1632 0.3136
-1.2144 0.3272
-1.1584 0.3104
-1.128 0.2896
-1.1168 0.3312
-1.1536 0.3008
-1.2208 0.3424
-1.1888 0.2888
-1.1424 0.2744
-1.12 0.2624
-1.0784 0.2456
-1.1168 0.3432
-1.1488 0.2144
-1.1424 0.1696
-1.136 0.1592
-1.048 0.1104
-1.1056 0.0984
-1.1312 -0.0424
-1.1088 -0.0224
-1.0784 -0.1192
-1.104 -0.0184
-1.128 -0.0184
-1.1056 0.0776
-1.1104 0.104
-1.1136 0.072
-1.184 0.02
-1.1408 0
-1.1792 0.0968
-1.088 0.1224
-1.1424 0.1536
-1.1072 0.1176
-1.1776 0.232
-1.1648 0.2792
-1.2352 0.2392
-1.1504 0.2824
-1.1136 0.2272
-1.0224 0.1376
-1.0272 0.0592
-1.1184 0.1208
-1.0832 0.1584
-1.136 0.1056
-1.064 0.1072
-1.1536 0.236
-1.1456 0.2824
-1.1824 0.148
-1.1392 0.2224
-1.1552 0.26
-1.104 0.3376
-1.0976 0.3112
-1.1696 0.3744
-1.2064 0.3288
-1.08 0.1536
-1.1696 0.1304
-1.1184 0.0032
-1.16 0.0336
-1.0688 0.0544
-1.08 0.1328
-1.2016 0.1544
-1.1872 -0.0128
-1.1296 -0.004
-1.1344 0.0448
-1.1424 0.0096
-1.1568 0.128
-1.0752 0.1264
-1.152 0.0816
-1.1648 0.1528
-1.152 0.1168
-1.0816 0.044
-1.112 0.1248
-1.1664 0.1184
-1.0992 0.0872
-1.168 0.0856
-1.0752 0.1432
-1.184 0.184
-1.1488 0.14
-1.1216 0.136
-1.1968 0.1248
-1.128 0.2328
-1.128 0.1664
-1.1104 0.2064
-1.1232 0.0688
-1.1536 0.132
-1.1632 0.1296
-1.1056 0.0968
-1.1088 0.1808
-1.1632 0.1144
-1.2128 0.0872
-1.2032 0.0176
-1.1584 -0.0552
-1.1824 0.0072
-1.216 -0.044
-1.1216 -0.1136
-1.112 -0.1392
-1.0992 -0.1336
-1.1392 -0.1144
-1.1136 -0.036
-1.0928 0.0016
-1.1248 -0.0392
-1.1136 -0.0688
-1.1376 0.0528
-1.1408 0.1232
-1.2368 0.0928
-1.1632 0.2432
-1.184 0.256
-1.1904 0.3016
-1.1552 0.1144
-1.1968 0.0712
-1.176 0.0144
-1.1072 0.0712
-1.112 0.1168
-1.1616 0.1056
-1.1472 0.128
-1.1008 0.2168
-1.1168 0.268
-1.1536 0.2512
-1.0496 0.1752
-1.128 0.2376
-1.088 0.1376
-1.1088 -0.0128
-1.1104 0.0072
-1.1424 0.0976
-1.0976 0.0608
-1.1536 0.116
-1.152 0.1008
-1.1168 0.1024
-1.1232 0.076
-1.1488 0.1928
-1.144 0.2208
-1.0384 0.2376
-1.072 0.2216
-1.1232 0.2944
-1.1568 0.3056
-1.1712 0.3736
-1.1264 0.2824
-1.1312 0.22
-1.0928 0.1624
-1.1168 0.176
-1.1168 0.2032
-1.1216 0.1976
-1.1696 0.1144
-1.0832 0.1176
-1.1296 0.1544
-1.1664 0.268
-1.2096 0.2368
-1.0624 0.212
-1.1712 0.2848
-1.0768 0.1792
-1.1264 0.152
-1.144 0.104
-1.1504 0.0784
-1.1632 0.1288
-1.1232 0.1304
-1.1712 0.144
-1.1056 0.1064
-1.1504 -0.0448
-1.1632 -0.136
-1.1104 -0.056
-1.0768 0.0192
-1.0816 0.068
-1.104 0.0376
-1.1152 0.0608
-1.1616 -0.0856
-1.1728 -0.0064
-1.1344 -0.02
-1.1632 -0.02
-1.1536 0.0272
-1.1728 -0.0024
-1.1824 0.056
-1.0768 0.048
-1.072 0
-1.1456 0.0296
-1.0944 0.0144
-1.1776 0.0472
-1.176 0.1248
-1.1136 0.072
-1.128 0.12
-1.1312 0.1384
-1.136 0.1272
-1.1872 0.1344
-1.0848 0.1784
-1.0192 0.0464
-1.12 0.0552
-1.112 0.0696
-1.1024 0.0168
-1.24 0.0888
-1.112 0.1104
-1.0688 0.0464
-1.1472 0.0736
-1.0736 0.2144
-1.1264 0.1568
-1.1264 0.212
-1.1088 0.2968
-1.152 0.3088
-1.1232 0.3016
-1.0496 0.2056
-1.1712 0.208
-1.1136 0.1944
-1.1008 0.1136
-1.0912 0.1808
-1.1776 0.2328
-1.168 0.2328
-1.1424 0.2192
-1.08 0.1064
-1.1728 0.0824
-1.0832 0.0512
-1.0816 -0.0256
-1.1744 -0.0248
-1.0544 0.1008
-1.1056 0.0728
-1.0192 0.0376
-1.0448 0.0592
-1.1376 0.1584
-1.08 0.2072
-1.1424 0.3024
-1.1088 0.1904
-1.2144 0.2224
-1.1264 0.2752
-1.2112 0.3296
-1.1552 0.1168
-1.1152 0.1472
-1.1456 0.168
-1.1824 0.2904
-1.1312 0.3048
-1.1904 0.36
-1.1744 0.3304
-1.1488 0.292
-1.1632 0.1448
-1.12 0.1928
-1.1008 0.144
-1.1248 0.0744
-1.1792 0.2176
-1.1424 0.256
-1.1216 0.2408
-1.1472 0.2608
-1.1744 0.3688
-1.1488 0.2976
-1.1248 0.1552
-1.1504 0.0712
-1.1248 0.0424
-1.1552 0.0968
-1.1488 0.1544
-1.1088 0.1528
-1.0384 0.1616
-1.1536 0.1448
-1.1264 0.08
-1.0944 0.02
-1.1456 -0.0264
-1.152 -0.0152
-1.1264 -0.0712
-1.1488 -0.04
-1.1584 -0.0312
-1.168 -0.0432
-1.1952 -0.0848
-1.1296 -0.1216
-1.0752 -0.1472
-1.1056 -0.1624
-1.0112 -0.0168
-1.064 -0.0616
-1.1568 -0.1304
-1.1792 -0.1272
-1.1376 -0.1008
-1.0896 -0.1096
-1.128 -0.0816
-1.2032 -0.0088
-1.1392 0.052
-1.136 0.0544
-1.128 0.0504
-1.1216 0.072
-1.1296 0.084
-1.1008 0.1344
-1.1104 0.1648
-1.1216 0.0896
-1.112 0.0432
-1.1296 0.0888
-1.128 -0.0384
-1.1456 -0.136
-1.1488 -0.0528
-1.1392 -0.1312
-1.1488 -0.0592
-1.1616 -0.0304
-1.1552 -0.0528
-1.0864 -0.0704
-1.1008 -0.0216
-1.1056 -0.0856
-1.0832 -0.0072
-1.2064 -0.0776
-1.1152 -0.0328
-1.168 -0.0176
-1.1328 0.0288
-1.1472 -0.052
-1.1232 -0.0304
-1.1296 -0.0336
-1.0896 -0.0232
-1.0592 0.0008
-1.1536 0.008
-1.096 0.1072
-1.1648 0.0984
-1.072 0.08
-1.1536 0.0624
-1.1776 0.0648
-1.176 0.1072
-1.1536 0.0768
-1.1616 0.128
-1.1008 0.1752
-1.136 0.1328
-1.1408 0.1464
-1.0688 0.176
-1.08 0.0912
-1.1248 0.0872
-1.136 0.1032
-1.0736 0.1064
-1.112 0.06
-1.1008 0.0248
-1.1248 -0.0168
-1.1152 -0.0136
-1.0528 0.016
-1.064 0.0968
-1.072 0.1096
-1.1632 0.0552
-1.1184 0.088
-1.1856 0.1112
-1.0784 0.0888
-1.0272 -0.0024
-1.1712 -0.0104
-1.16 -0.124
-1.104 -0.0904
-1.096 -0.0072
-1.1616 0.0232
-1.0912 0.06
-1.0688 0.1384
-1.1424 0.1232
-1.1008 0.048
-1.0816 -0.0072
-1.128 0.0136
-1.1568 0.1056
-1.0816 0.172
-1.1792 0.12
-1.0944 0.1144
-1.1792 0.0624
-1.0736 -0.0528
-1.1424 -0.0824
-1.1584 -0.1512
-1.1264 -0.1232
-1.0816 -0.048
-1.1952 -0.0424
-1.1632 -0.108
-1.12 -0.0736
-1.176 -0.0624
-1.1632 -0.028
-1.136 -0.0648
-1.064 -0.1088
-1.144 -0.1088
-1.0784 -0.1656
-1.1296 -0.248
-1.112 -0.2472
-1.0832 -0.2608
-1.1472 -0.268
-1.1632 -0.2264
-1.1056 -0.1728
-1.2192 -0.148
-1.1696 -0.0672
-1.0704 -0.0792
-1.1216 -0.0712
-1.1136 -0.0408
-1.1408 -0.0392
-1.1904 0.0584
-1.1168 0.0168
-1.1824 0.1312
-1.1344 0.1992
-1.176 0.2424
-1.0464 0.248
-1.2032 0.2824
-1.2624 0.3528
-1.1664 0.3432
-1.1856 0.2912
-1.1552 0.1624
-1.1776 0.164
-1.1712 0.1192
-1.1248 0.1216
-1.1328 0.072
-1.1984 -0.032
-1.1088 -0.0032
-1.1568 -0.0312
-1.1696 0.0104
-1.0896 -0.0088
-1.072 -0.0688
-1.1696 0.0472
-1.12 0.068
-1.1408 0.0328
-1.1408 -0.0096
-1.1408 0.0608
-1.0672 0.076
-1.1216 0.068
-0.992 0.0496
-1.0064 0.0952
-1.0992 0.1472
-1.0752 0.0904
-1.1072 0.1336
-1.184 0.0936
-1.1056 0.1896
-1.1424 0.1584
-1.1184 0.1744
-1.0976 0.1736
-1.104 0.2248
-1.112 0.212
-1.1312 0.2696
-1.1408 0.2256
-1.1616 0.2528
-1.128 0.212
-1.0736 0.1608
-1.1552 0.0648
-1.1152 -0.0288
-1.1376 0.0224
-1.0768 -0.0544
-1.1152 -0.132
-1.0976 -0.0384
-1.192 0.0208
-1.0432 0.0416
-1.0608 0.0592
-1.1568 0.0576
-1.2128 0.16
-1.136 0.0976
-1.1648 0.1304
-1.16 0.2576
-1.1616 0.2272
-1.1744 0.2352
-1.1296 0.1264
-1.2464 0.1928
-1.0944 0.104
-1.0944 0.1528
-1.1504 0.0984
-1.0928 -0.0056
-1.0512 0.0088
-1.0736 0.0992
-1.0448 0.048
-1.1008 0.092
-1.0096 0.0784
-1.08 0.0952
-1.112 0.0984
-1.0528 0.044
-1.1392 0.1776
-1.1712 0.2616
-1.0816 0.2824
-1.216 0.3504
-1.1632 0.3392
-1.1856 0.3384
-1.1792 0.4392
-1.1968 0.408
-1.1456 0.3576
-1.0576 0.2904
-1.0704 0.1936
-1.112 0.2688
-1.1296 0.2536
-1.1152 0.2768
-1.1552 0.224
-1.0992 0.0944
-1.1296 0.1064
-1.1472 0.1256
-1.0896 0.0272
-1.1472 0.096
-1.112 0.1064
-1.0896 0.0704
-1.0608 0.072
-1.1632 -0.0096
-1.1616 -0.0136
-1.0624 0.0848
-1.136 -0.0048
-1.072 0.0048
-1.0896 0.0312
-1.1152 0.0544
-1.1472 -0.1032
-1.1072 -0.1072
-1.1584 -0.0128
-1.144 0.0776
-1.0608 0.1288
-1.1568 0.1016
-1.0432 0.1544
-1.0896 0.1608
-1.0896 0.124
-1.0336 0.1064
-1.1136 0.0432
-1.152 -0.0064
-1.1488 -0.0232
-1.1312 0.0608
-1.1024 -0.0872
-1.16 -0.172
-1.1312 -0.1376
-1.1328 -0.0848
-1.1184 -0.0728
-1.104 -0.1024
-1.1568 -0.1456
-1.1632 -0.1304
-1.1712 -0.1792
-1.1744 -0.0968
-1.1408 -0.1568
-1.1232 -0.1784
-1.0752 -0.0984
-1.0416 -0.1176
-1.1584 -0.2016
-1.192 -0.2032
-1.112 -0.1512
-1.088 -0.2864
-1.0432 -0.2288
-1.1456 -0.156
-1.1056 -0.08
-1.1792 0.1256
-1.1184 0.0752
-1.1376 0.0152
-1.0688 -0.0312
-1.1504 0.1808
-1.1456 0.1624
-1.152 0.0784
-1.128 0.0592
-1.152 -0.008
-1.2208 -0.128
-1.0608 -0.1304
-1.1168 -0.1104
-1.0864 -0.0696
-1.1488 -0.0592
-1.1984 -0.092
-1.1728 -0.0624
-1.08 -0.0264
-1.136 0.06
-1.1504 -0.0024
-1.0912 -0.012
-1.1232 0.0264
-1.1344 0.0448
-1.1488 0.1664
-1.1824 0.1704
-1.184 0.0016
-1.152 0.0184
-1.2 0.0088
-1.2576 0.0256
-1.0912 0.064
-1.1744 0.0696
-1.1168 0.156
-1.112 0.2384
-1.128 0.2328
-1.12 0.1744
-1.1456 0.2312
-1.1648 0.2288
-1.1184 0.1624
-1.0816 0.0432
-1.1168 0.0424
-1.1824 -0.02
-1.1328 0.0224
-1.2 0.0728
-1.104 0.084
-1.0304 0.0864
-1.1344 0.0832
-1.1648 -0.0064
-1.128 0.0856
-1.104 0.1296
-1.0736 0.2136
-1.1728 0.3248
-1.2336 0.4344
-1.1536 0.4112
-1.1776 0.4048
-1.0656 0.3008
-1.1872 0.2872
-1.176 0.2072
-1.2032 0.1136
-1.0432 0.1608
-1.1504 0.224
-1.1536 0.2568
-1.1376 0.2184
-1.0624 0.1432
-1.0944 0.1512
-1.0368 0.12
-1.1392 0.1552
-1.0848 0.1848
-1.0832 0.0704
-1.1408 0.1848
-1.1136 0.1992
-1.128 0.2032
-1.0848 0.1912
-1.0832 0.1512
-1.0992 0.1736
-1.1424 0.1848
-1.1504 0.1976
-1.2304 0.264
-1.1616 0.2912
-1.1808 0.2112
-1.2096 0.2104
-1.1776 0.144
-1.1808 0.1864
-1.1792 0.1664
-1.144 0.1672
-1.0992 0.2144
-1.128 0.2248
-1.2128 0.2904
-1.1808 0.2744
-1.1488 0.1864
-1.1504 0.1056
-1.2 0.1088
-1.1456 0.1632
-1.1056 0.1392
-1.0896 0.1104
-1.1264 0.092
-1.096 0.232
-1.2016 0.0928
-1.1376 0.0936
-1.1168 0.0216
-1.0928 -0.0744
-1.176 -0.2232
-1.1104 -0.1408
-1.1072 -0.1856
-1.112 -0.1128
-1.1184 -0.1256
-1.1072 -0.1088
-1.12 -0.1568
-1.024 -0.072
-1.0736 -0.1776
-1.0928 -0.0992
-1.152 -0.1944
-1.1456 -0.1432
-1.1472 0.0024
-1.0432 0.048
-1.112 0.1568
-1.136 0.144
-1.1408 0.1656
-1.1952 0.1752
-1.1536 0.196
-1.0688 0.1192
-1.1472 0.1792
-1.176 0.16
-1.1216 0.1712
-1.192 0.2504
-1.1632 0.1088
-1.136 0.1112
-1.1248 0.0744
-1.1456 0.1584
-1.1344 0.1216
-1.1056 0.1328
-1.1936 0.2072
-1.232 0.2344
-1.1552 0.1944
-1.08 0.224
-1.1472 0.1984
-1.1696 0.1648
-1.1872 0.0944
-1.1536 0.0704
-1.1296 0.0488
-1.0592 0.0352
-1.1328 -0.02
-1.1088 -0.1176
-1.1648 -0.0776
-1.0336 -0.068
-1.12 -0.0088
-1.136 0.136
-1.072 0.0912
-1.1744 0.152
-1.1008 0.0272
-1.1952 0.04
-1.1616 0.0576
-1.1776 0.02
-1.152 -0.0072
-1.1568 0.0104
-1.184 0.108
-1.064 0.1808
-1.0704 0.032
-1.0672 0.112
-1.104 0.0304
-1.1328 0.116
-1.1536 0.1816
-1.1456 0.2384
-1.0864 0.2312
-1.104 0.2776
-1.1376 0.2688
-1.1168 0.2168
-1.064 0.2128
-1.128 0.2968
-1.0656 0.3576
-1.0992 0.264
-1.1248 0.308
-1.1216 0.3552
-1.1872 0.3816
-1.2048 0.332
-1.1328 0.328
-1.112 0.2792
-1.088 0.2384
-1.1472 0.2456
-1.1424 0.4104
-1.2 0.3928
-1.2816 0.4128
-1.1296 0.3152
-1.1248 0.3072
-1.104 0.2568
-1.072 0.192
-1.144 0.2464
-1.1296 0.256
-1.1232 0.24
-1.128 0.2216
-1.1504 0.224
-1.16 0.3384
-1.1488 0.1448
-1.12 0.096
-1.096 0.096
-1.1344 0.0688
-1.0912 0.1656
-1.104 0.2504
-1.0912 0.2528
-1.2048 0.3344
-1.1648 0.28
-1.0848 0.2656
-1.1648 0.3072
-1.1184 0.2232
-1.064 0.2328
-1.0912 0.3096
-1.0576 0.2736
-1.0848 0.244
-1.096 0.148
-1.1344 0.1016
-1.1408 0.1744
-1.0864 0.1912
-1.1136 0.088
-1.0544 0.1512
-1.0736 0.188
-1.2064 0.2496
-1.1392 0.2608
-1.0688 0.1464
-1.096 0.0968
-1.0784 0.0968
-1.0944 0.0408
-1.072 -0.0072
-1.0736 0.0024
-1.0672 -0.0784
-1.1728 -0.1024
-1.1328 -0.1088
-1.1328 -0.0648
-1.1376 -0.0472
-1.1312 -0.024
-1.144 -0.044
-1.208 0.0312
-1.1776 -0.0328
-1.1728 0.008
-1.104 -0.0296
-1.0688 0.1048
-1.112 0.2072
-1.1264 0.2408
-1.1152 0.3048
-1.1456 0.292
-1.1088 0.1208
-1.1232 0.1736
-1.1504 0.1872
-1.1696 0.1344
-1.2016 0.1432
-1.1104 0.18
-1.1424 0.0736
-1.1344 0.0608
-1.176 -0.044
-1.1808 0.044
-1.2272 0.0336
-1.0896 -0.0576
-1.0944 -0.052
-1.1408 0.032
-1.0864 0.04
-1.0896 0.124
-1.1568 0.0608
-1.1216 0.04
-1.1392 0.1
-1.0976 0.1536
-1.1728 0.1832
-1.1552 0.3152
-1.1744 0.304
-1.1904 0.3704
-1.2256 0.4208
-1.1408 0.4128
-1.1296 0.3864
-1.1216 0.3184
-1.1616 0.4384
-1.2032 0.44
-1.1728 0.4192
-1.2208 0.456
-1.216 0.4112
-1.1968 0.4576
-1.2704 0.4272
-1.1472 0.436
-1.1696 0.4632
-1.1696 0.4664
-1.184 0.4528
-1.2 0.4256
-1.1952 0.34
-1.0624 0.1888
-1.1664 0.2384
-1.2336 0.2464
-1.0864 0.28
-1.0576 0.2216
-1.0848 0.1824
-1.1488 0.1872
-1.0864 0.1208
-1.0464 0.0952
-1.1696 0.164
-1.1264 0.2512
-1.128 0.3032
-1.1728 0.352
-1.1792 0.328
-1.1888 0.26
-1.1712 0.1728
-1.168 0.1568
-1.1344 0.02
-1.1168 0.0896
-1.1696 0.028
-1.0832 0.1264
-1.1664 0.0752
-1.1472 -0.0744
-1.1616 0.0336
-1.1424 -0.116
-1.088 -0.0608
-1.1632 -0.0992
-1.088 -0.0888
-1.1968 0.1248
-1.1904 0.1264
-1.1024 0.1152
-1.1008 0.1544
-1.0272 0.0688
-1.0928 0.1632
-1.1168 0.228
-1.0912 0.2168
-1.1328 0.2224
-1.176 0.1312
-1.1328 0.1168
-1.1056 0.0072
-1.2096 0.0648
-1.08 0.0408
-1.0928 0.116
-1.1264 0.2328
-1.1424 0.2048
-1.2 0.2144
-1.1232 0.1536
-1.16 0.1232
-1.1296 0.1008
-1.1008 0.1048
-1.1696 0.0888
-1.1904 0.1136
-1.1184 0.0968
-1.16 0.0544
-1.1664 0.0176
-1.1312 0.0232
-1.1536 0.0208
-1.1072 0.0032
-1.1232 -0.008
-1.0576 0.0184
-1.1024 -0.072
-1.112 -0.208
-1.144 -0.1344
-1.184 -0.0592
-1.12 -0.0704
-1.1264 -0.0072
-1.1776 0.0528
-1.128 0.0568
-1.1264 0.0712
-1.1792 -0.0024
-1.1536 -0.0472
-1.096 -0.0896
-1.1024 -0.064
-1.0688 -0.0552
-1.0832 -0.116
-1.064 -0.1008
-1.1552 -0.176
-1.1088 -0.2256
-1.0992 -0.2952
-1.1216 -0.2288
-1.1008 -0.1872
-1.0832 -0.1608
-1.0352 -0.0904
-1.0512 0.1216
-1.1088 0.1912
-1.1664 0.1376
-1.104 0.08
-1.112 0.0344
-1.0592 0.1168
-1.176 0.0696
-1.1376 0.008
-1.1152 0.0096
-1.104 0.0176
-1.112 -0.02
-1.1568 -0.0328
-1.128 0.0272
-1.1184 0.0304
-1.1328 0.092
-1.1376 0.0112
-1.096 0.2368
-1.112 0.18
-1.168 0.2176
-1.1344 0.228
-1.1456 0.1288
-1.1808 0.2464
-1.1216 0.2744
-1.1904 0.1312
-1.176 0.1832
-1.128 0.1504
-1.1072 0.2848
-1.1664 0.1712
-1.1248 0.0512
-1.096 0.0344
-1.128 0.0296
-1.0944 0.0512
-1.096 0.0264
-1.1632 0.024
-1.0768 -0.0992
-1.0576 -0.008
-1.0352 0.024
-1.08 -0.0016
-1.1392 -0.068
-1 0.0328
-1.0576 0.124
-1.1088 0.156
-1.072 0.1968
-1.088 0.1928
-1.0896 0.1416
-1.048 0.116
-1.0512 0.0408
-1.1312 0.1552
-1.1072 0.0256
-1.1296 -0.0024
-1.0864 -0.0744
-1.1008 -0.0544
-1.1424 -0.0528
-1.1232 -0.0304
-1.1184 -0.0128
-1.1664 -0.0848
-1.1824 -0.0528
-1.1456 -0.0624
-1.1408 -0.112
-1.08 -0.0856
-1.0704 0.0304
-1.0496 -0.036
-1.088 0.0416
-0.9824 0.0928
-1.136 0.104
-1.1344 0.0552
-1.1712 0.136
-1.0656 0.104
-1.136 0.1064
-1.1008 0.0752
-1.1248 0.1168
-1.2176 0.0808
-1.184 0.0952
-1.0992 0.08
-1.1248 0.16
-1.0688 0.1328
-1.0736 -0.0584
-1.1024 -0.1008
-1.2096 -0.0072
-1.2032 0.0072
-1.1344 0.0088
-1.176 -0.1008
-1.1456 -0.044
-1.1472 -0.132
-1.1552 -0.052
-1.184 -0.0752
-1.08 -0.0088
-1.0848 0.0136
-1.12 0.0312
-1.0544 0.0632
-1.1536 0.0696
-1.0896 0.1064
-1.168 0.1544
-1.1584 0.2088
-1.104 0.2496
-1.1888 0.1536
-1.1984 0.1688
-1.1872 0.076
-1.1232 0.0832
-1.0992 0.0616
-1.0912 -0.0128
-1.1584 -0.048
-1.184 -0.0136
-1.1536 -0.0488
-1.1872 -0.1288
-1.1328 -0.0912
-1.128 -0.2
-1.1344 -0.2168
-1.144 -0.276
-1.2224 -0.2296
-1.1216 -0.1752
-1.1424 -0.1584
-1.1616 -0.2016
-1.096 -0.2944
-1.1696 -0.404
-1.1504 -0.292
-1.1728 -0.2336
-1.1296 -0.1816
-1.168 -0.1112
-1.0752 -0.1088
-1.152 -0.0928
-1.0656 -0.0312
-1.1216 -0.172
-1.1216 -0.0872
-1.0608 -0.0824
-1.0592 -0.0184
-1.1472 -0.0872
-1.1856 0.0232
-1.1152 -0.0344
-1.112 -0.1232
-1.1616 -0.108
-1.1072 -0.2112
-1.0336 -0.2112
-1.0464 -0.2056
-1.1024 -0.2056
-1.112 -0.132
-1.1056 -0.0296
-1.0352 -0.2024
-1.072 -0.1448
-1.1552 -0.1528
-1.0832 -0.1888
-1.1376 -0.268
-1.1136 -0.2912
-1.0896 -0.2808
-1.1632 -0.3608
-1.1584 -0.2384
-1.0752 -0.2472
-1.1616 -0.388
-1.208 -0.3664
-1.1648 -0.4008
-1.2176 -0.4104
-1.1744 -0.3592
-1.1584 -0.2952
-1.16 -0.3168
-1.2176 -0.3088
-1.1664 -0.2648
-1.1728 -0.1464
-1.0912 -0.1464
-1.1008 -0.1088
-1.192 -0.076
-1.128 -0.0672
-1.216 -0.084
-1.128 -0.1336
-1.2112 -0.3032
-1.2064 -0.2104
-1.2064 -0.1584
-1.104 -0.0704
-1.1456 -0.0664
-1.2 -0.144
-1.1856 -0.1512
-1.024 -0.1352
-1.1376 -0.1464
-1.0656 -0.1904
-1.0624 -0.32
-1.1408 -0.264
-1.1248 -0.3432
-1.0784 -0.1832
-1.1392 -0.168
-1.1344 -0.0856
-1.1632 -0.2024
-1.1456 -0.1976
-1.112 -0.2304
-1.128 -0.244
-1.1504 -0.2648
-1.1104 -0.1912
-1.2448 -0.236
-1.2304 -0.2464
-1.1024 -0.152
-1.1216 -0.3024
-1.1392 -0.2608
-1.0736 -0.2384
-1.1168 -0.236
-1.0944 -0.244
-1.1392 -0.2832
-1.072 -0.248
-1.1296 -0.0976
-1.1072 -0.1576
-1.1824 -0.1216
-1.1808 -0.0528
-1.1216 -0.0408
-1.1264 -0.0296
-1.12 -0.0352
-1.1488 -0.0048
-1.0896 0.0464
-1.1024 0.0224
-1.1456 0.0272
-1.088 0.0816
-1.128 0.0808
-1.1072 0.0232
-1.1408 0.0048
-1.1696 -0.0216
-1.2048 0.0304
-1.1584 0.024
-1.1328 0.0352
-1.0624 0.0032
-1.1648 0.0832
-1.168 0.1064
-1.2096 0.1848
-1.1024 0.1848
-1.1312 0.1232
-1.1952 0.1632
-1.0976 0.112
-1.1776 0.1296
-1.1376 0.1544
-1.1648 0.12
-1.0832 0.0328
-1.1456 0.0672
-1.12 0.0448
-1.072 0.0128
-1.0976 -0.048
-1.2192 -0.0968
-1.104 -0.204
-1.056 -0.236
-1.1168 -0.2528
-1.184 -0.2816
-1.1696 -0.2512
-1.0688 -0.1992
-1.1792 -0.1568
-1.1056 -0.0648
-1.136 -0.0352
-1.0928 -0.0168
-1.2144 -0.0936
-1.1392 -0.1264
-1.1744 -0.1104
-1.1088 -0.0408
-1.1344 0.0352
-1.1584 0.1128
-1.1056 0.1264
-1.0496 0.1624
-1.0992 0.296
-1.1088 0.3888
-1.168 0.4648
-1.1504 0.388
-1.1792 0.3792
-1.1936 0.3176
-1.1904 0.3032
-1.1248 0.208
-1.1328 0.1224
-1.1904 0.0016
-1.1248 -0.0328
-1.1376 -0.0416
-1.1264 -0.0816
-1.0448 -0.0192
-1.128 -0.0512
-1.1008 0.0816
-1.04 0.1304
-1.1856 0.0688
-1.0592 0.0264
-1.0624 -0.0376
-1.048 -0.0488
-1.1024 0.0224
-1.072 0.1008
-1.1664 0.1288
-1.0576 0.02
-1.0976 0.0056
-1.1024 0.012
-1.1184 0.0776
-1.136 0.036
-1.1408 -0.0504
-1.1344 -0.0224
-1.0608 -0.0072
-1.0752 0.0048
-1.096 0.02
-1.128 0.1064
-1.1184 0.0792
-1.0912 0.0352
-1.1248 0.0288
-1.1568 0.1
-1.1776 0.2136
-1.1104 0.2616
-1.1312 0.2832
-1.112 0.2032
-1.1056 0.3192
-1.1216 0.3472
-1.168 0.3952
-1.0976 0.3112
-1.1104 0.2872
-1.0464 0.16
-1.0752 0.2184
-1.136 0.2048
-1.1696 0.2048
-1.168 0.1888
-1.2144 0.156
-1.1456 0.1072
-1.1136 0.068
-1.1584 0.0208
-1.1712 0.0552
-1.0656 0.0712
-1.16 0.1664
-1.1216 0.2416
-1.0864 0.1144
-1.1472 0.2216
-1.0992 0.2136
-1.176 0.2592
-1.1376 0.284
-1.168 0.1776
-1.128 0.2
-1.1712 0.2448
-1.2144 0.2992
-1.1808 0.3168
-1.1824 0.2912
-1.104 0.1984
-1.0848 0.264
-1.2288 0.2096
-1.1248 0.2064
-1.144 0.1784
-1.1536 0.2752
-1.144 0.2304
-1.08 0.16
-1.1312 0.1248
-1.1152 0.1392
-1.1296 0.0352
-1.1392 0.0576
-1.0944 0.1624
-1.1568 0.0944
-1.1696 0.0928
-1.2224 0.1168
-1.16 0.0032
-1.1056 -0.0752
-1.1232 -0.0144
-1.0816 -0.052
-1.1168 -0.0168
-1.0944 -0.0648
-1.0624 -0.0584
-1.1264 -0.1288
-1.0496 -0.1464
-1.1328 -0.0824
-1.1104 -0.0856
-1.1408 -0.02
-1.1328 0.0056
-1.0912 0.0008
-1.1184 -0.0288
-1.1312 -0.0848
-1.1584 -0.1136
-1.168 -0.12
-1.1696 -0.1384
-1.1744 -0.152
-1.1696 -0.048
-1.1328 -0.0896
-1.1184 -0.1424
-1.1088 -0.14
-1.1872 -0.0968
-1.256 -0.1712
-1.12 -0.1392
-1.0928 -0.1016
-1.12 -0.0816
-1.0928 -0.0504
-1.0944 -0.032
-1.0768 -0.1504
-1.1808 -0.1384
-1.1392 -0.1512
-1.1744 -0.0368
-1.0896 -0.1024
-1.1296 -0.0896
-1.1584 0.0376
-1.0752 -0.068
-1.0752 0.0104
-1.0368 0.0424
-1.1664 -0.0112
-1.072 0.0016
-1.0928 -0.064
-1.048 -0.0296
-1.1664 -0.112
-1.1408 -0.196
-1.1328 -0.2288
-1.1584 -0.2712
-1.1424 -0.2784
-1.1392 -0.2848
-1.1792 -0.268
-1.1984 -0.2032
-1.1648 -0.1912
-1.1504 -0.216
-1.168 -0.144
-1.1552 -0.1208
-1.0992 -0.076
-1.1472 -0.0176
-1.248 -0.0672
