-1.46222 -0.764444
-1.54667 -0.813333
-1.55111 -0.8
-1.59556 -0.826667
-1.50667 -0.82
-1.60444 -0.84
-1.52444 -0.791111
-1.59556 -0.782222
-1.6 -0.831111
-1.53778 -0.717778
-1.47556 -0.677778
-1.48889 -0.737778
-1.58667 -0.764444
-1.46222 -0.66
-1.42222 -0.608889
-1.52889 -0.76
-1.59556 -0.802222
-1.62667 -0.824444
-1.65778 -0.853333
-1.48 -0.788889
-1.48889 -0.804444
-1.45333 -0.755556
-1.56444 -0.831111
-1.54667 -0.768889
-1.48444 -0.797778
-1.6 -0.846667
-1.60444 -0.84
-1.65333 -0.875556
-1.62667 -0.857778
-1.52889 -0.82
-1.64444 -0.868889
-1.78222 -0.933333
-1.57333 -0.868889
-1.62222 -0.873333
-1.63556 -0.882222
-1.56889 -0.833333
-1.65333 -0.882222
-1.68444 -0.9
-1.57333 -0.844444
-1.63556 -0.862222
-1.71111 -0.875556
-1.67556 -0.862222
-1.53333 -0.824444
-1.59556 -0.855556
-1.54667 -0.828889
-1.56444 -0.848889
-1.63556 -0.88
-1.66222 -0.873333
-1.57778 -0.795556
-1.44889 -0.713333
-1.57778 -0.768889
-1.60444 -0.777778
-1.56444 -0.78
-1.63111 -0.828889
-1.64 -0.866667
-1.56 -0.835556
-1.56 -0.828889
-1.54222 -0.826667
-1.63556 -0.846667
-1.53778 -0.824444
-1.56444 -0.835556
-1.6 -0.826667
-1.51111 -0.782222
-1.70667 -0.868889
-1.61778 -0.862222
-1.6 -0.842222
-1.58222 -0.857778
-1.72 -0.904444
-1.70667 -0.911111
-1.59556 -0.822222
-1.56889 -0.826667
-1.55111 -0.835556
-1.62222 -0.853333
-1.48889 -0.811111
-1.44889 -0.76
-1.48444 -0.782222
-1.60444 -0.831111
-1.60444 -0.811111
-1.57333 -0.764444
-1.43556 -0.746667
-1.48444 -0.775556
-1.44 -0.722222
-1.53333 -0.786667
-1.48889 -0.795556
-1.64 -0.868889
-1.54222 -0.817778
-1.37333 -0.76
-1.63111 -0.842222
-1.60444 -0.864444
-1.70667 -0.88
-1.59111 -0.853333
-1.69778 -0.877778
-1.57778 -0.853333
-1.62222 -0.842222
-1.61778 -0.855556
-1.65333 -0.884444
-1.55556 -0.822222
-1.57333 -0.828889
-1.56444 -0.855556
-1.64444 -0.884444
-1.56889 -0.833333
-1.49778 -0.786667
-1.52 -0.782222
-1.49778 -0.802222
-1.61778 -0.866667
-1.6 -0.86
-1.69778 -0.897778
-1.66222 -0.9
-1.63556 -0.877778
-1.54222 -0.831111
-1.61778 -0.835556
-1.53333 -0.82
-1.51556 -0.804444
-1.58222 -0.771111
-1.42222 -0.768889
-1.56 -0.831111
-1.47556 -0.755556
-1.55111 -0.717778
-1.61333 -0.782222
-1.51111 -0.773333
-1.57333 -0.817778
-1.56 -0.817778
-1.69778 -0.88
-1.50222 -0.786667
-1.48 -0.746667
-1.57333 -0.808889
-1.57778 -0.813333
-1.48444 -0.777778
-1.60444 -0.762222
-1.46222 -0.673333
-1.40444 -0.673333
-1.61778 -0.764444
-1.53333 -0.777778
-1.56444 -0.78
-1.51556 -0.764444
-1.54667 -0.771111
-1.50667 -0.791111
-1.60444 -0.862222
-1.67111 -0.882222
-1.62222 -0.862222
-1.61333 -0.835556
-1.71556 -0.871111
-1.59556 -0.817778
-1.60889 -0.848889
-1.56444 -0.84
-1.56 -0.808889
-1.72 -0.875556
-1.73333 -0.9
-1.63111 -0.86
-1.66667 -0.875556
-1.62667 -0.86
-1.63111 -0.873333
-1.51556 -0.791111
-1.60444 -0.842222
-1.56444 -0.846667
-1.69333 -0.895556
-1.64 -0.875556
-1.62667 -0.862222
-1.6 -0.851111
-1.62667 -0.868889
-1.66222 -0.846667
-1.64444 -0.882222
-1.64889 -0.884444
-1.55111 -0.797778
-1.55556 -0.811111
-1.59556 -0.8
-1.47556 -0.748889
-1.44889 -0.715556
-1.43556 -0.628889
-1.4 -0.566667
-1.34222 -0.377778
-1.36 -0.311111
-1.29333 -0.32
-1.40889 -0.437778
-1.35111 -0.406667
-1.30222 -0.362222
-1.34222 -0.284444
-1.30667 -0.377778
-1.32444 -0.44
-1.43111 -0.568889
-1.44 -0.584444
-1.36444 -0.557778
-1.39556 -0.631111
-1.32 -0.544444
-1.31556 -0.437778
-1.26667 -0.502222
-1.39111 -0.473333
-1.52444 -0.615556
-1.42667 -0.528889
-1.42667 -0.475556
-1.41778 -0.488889
-1.4 -0.473333
-1.43111 -0.502222
-1.47111 -0.531111
-1.46222 -0.524444
-1.21778 -0.342222
-1.30667 -0.315556
-1.44889 -0.315556
-1.34667 -0.395556
-1.35111 -0.344444
-1.32 -0.475556
-1.44889 -0.535556
-1.46667 -0.493333
-1.52 -0.526667
-1.43556 -0.544444
-1.46222 -0.544444
-1.35556 -0.473333
-1.32444 -0.428889
-1.36 -0.408889
-1.44 -0.391111
-1.42222 -0.422222
-1.35556 -0.34
-1.41778 -0.286667
-1.36889 -0.437778
-1.41778 -0.326667
-1.39556 -0.368889
-1.36444 -0.386667
-1.36444 -0.288889
-1.40444 -0.328889
-1.42667 -0.348889
-1.50222 -0.415556
-1.47111 -0.491111
-1.32 -0.366667
-1.23111 -0.413333
-1.38667 -0.451111
-1.34667 -0.364444
-1.52889 -0.382222
-1.45778 -0.371111
-1.53333 -0.517778
-1.38667 -0.537778
-1.52889 -0.6
-1.43556 -0.568889
-1.43556 -0.564444
-1.35556 -0.568889
-1.32889 -0.642222
-1.55556 -0.786667
-1.61778 -0.817778
-1.76889 -0.9
-1.54222 -0.811111
-1.54667 -0.808889
-1.56 -0.813333
-1.48444 -0.766667
-1.52444 -0.782222
-1.45333 -0.757778
-1.55111 -0.82
-1.62222 -0.873333
-1.68 -0.826667
-1.69333 -0.84
-1.51556 -0.766667
-1.64889 -0.828889
-1.54222 -0.795556
-1.53333 -0.804444
-1.59556 -0.835556
-1.63556 -0.871111
-1.58222 -0.851111
-1.52889 -0.824444
-1.59111 -0.811111
-1.53333 -0.813333
-1.40889 -0.751111
-1.68444 -0.86
-1.54667 -0.828889
-1.53333 -0.8
-1.51556 -0.817778
-1.67111 -0.888889
-1.56889 -0.855556
-1.6 -0.848889
-1.66222 -0.86
-1.57778 -0.833333
-1.64 -0.871111
-1.57333 -0.862222
-1.62667 -0.873333
-1.72444 -0.906667
-1.68 -0.884444
-1.65778 -0.895556
-1.57778 -0.855556
-1.49778 -0.804444
-1.49778 -0.766667
-1.47111 -0.76
-1.53333 -0.764444
-1.58667 -0.784444
-1.49333 -0.773333
-1.60889 -0.837778
-1.52444 -0.797778
-1.56 -0.842222
-1.48444 -0.786667
-1.67556 -0.864444
-1.63556 -0.871111
-1.61333 -0.851111
-1.61778 -0.871111
-1.58222 -0.857778
-1.61333 -0.808889
-1.53333 -0.817778
-1.56444 -0.82
-1.75111 -0.915556
-1.60889 -0.868889
-1.60889 -0.833333
-1.60444 -0.835556
-1.58667 -0.842222
-1.61778 -0.846667
-1.52 -0.771111
-1.57778 -0.851111
-1.69333 -0.906667
-1.58667 -0.846667
-1.52 -0.791111
-1.57778 -0.831111
-1.51111 -0.802222
-1.51556 -0.744444
-1.50222 -0.786667
-1.61778 -0.86
-1.66667 -0.895556
-1.69333 -0.882222
-1.51556 -0.804444
-1.55556 -0.762222
-1.64889 -0.86
-1.74222 -0.913333
-1.6 -0.857778
-1.63556 -0.884444
-1.70667 -0.913333
-1.70222 -0.906667
-1.63556 -0.877778
-1.60889 -0.86
-1.51111 -0.791111
-1.56 -0.835556
-1.63111 -0.833333
-1.53778 -0.762222
-1.56889 -0.797778
-1.48444 -0.755556
-1.47556 -0.771111
-1.69333 -0.888889
-1.54667 -0.795556
-1.54222 -0.811111
-1.58667 -0.862222
-1.48444 -0.791111
-1.60444 -0.844444
-1.67556 -0.9
-1.58667 -0.846667
-1.62667 -0.862222
-1.52 -0.808889
-1.65333 -0.824444
-1.54222 -0.8
-1.63111 -0.831111
-1.68444 -0.895556
-1.67111 -0.888889
-1.67111 -0.871111
-1.57333 -0.842222
-1.55111 -0.828889
-1.53778 -0.835556
-1.62222 -0.877778
-1.65333 -0.884444
-1.43111 -0.797778
-1.59556 -0.853333
-1.63111 -0.877778
-1.70222 -0.904444
-1.66667 -0.882222
-1.65778 -0.844444
-1.61778 -0.851111
-1.43111 -0.762222
-1.44889 -0.771111
-1.60889 -0.855556
-1.58667 -0.853333
-1.62222 -0.86
-1.46222 -0.78
-1.57333 -0.844444
-1.52 -0.835556
-1.62667 -0.842222
-1.59111 -0.808889
-1.60889 -0.848889
-1.43111 -0.737778
-1.58222 -0.828889
-1.55111 -0.817778
-1.58667 -0.864444
-1.54222 -0.824444
-1.66222 -0.864444
-1.47556 -0.751111
-1.51556 -0.771111
-1.59111 -0.831111
-1.48 -0.775556
-1.68889 -0.88
-1.72 -0.911111
-1.75556 -0.913333
-1.67556 -0.897778
-1.57778 -0.844444
-1.55111 -0.817778
-1.58222 -0.837778
-1.69778 -0.884444
-1.52444 -0.813333
-1.68444 -0.86
-1.49333 -0.706667
-1.50222 -0.717778
-1.60444 -0.8
-1.43556 -0.733333
-1.52 -0.766667
-1.57778 -0.795556
-1.44 -0.713333
-1.48 -0.711111
-1.45333 -0.673333
-1.52444 -0.735556
-1.51111 -0.753333
-1.52444 -0.755556
-1.43556 -0.691111
-1.52889 -0.7
-1.43111 -0.611111
-1.51556 -0.677778
-1.52 -0.684444
-1.49778 -0.726667
-1.46667 -0.76
-1.51556 -0.771111
-1.55556 -0.8
-1.54222 -0.753333
-1.50667 -0.706667
-1.51556 -0.713333
-1.52889 -0.755556
-1.48 -0.704444
-1.42222 -0.677778
-1.39111 -0.704444
-1.58222 -0.766667
-1.50667 -0.8
-1.51556 -0.793333
-1.52 -0.791111
-1.59111 -0.831111
-1.67556 -0.875556
-1.56444 -0.837778
-1.57778 -0.857778
-1.63111 -0.833333
-1.55556 -0.824444
-1.59111 -0.833333
-1.56 -0.846667
-1.53778 -0.824444
-1.6 -0.84
-1.65778 -0.873333
-1.61778 -0.853333
-1.61778 -0.868889
-1.64444 -0.88
-1.63556 -0.868889
-1.57333 -0.831111
-1.66222 -0.888889
-1.68444 -0.906667
-1.66222 -0.886667
-1.60889 -0.871111
-1.62222 -0.877778
-1.47556 -0.797778
-1.52444 -0.733333
-1.52 -0.74
-1.50667 -0.76
-1.48444 -0.726667
-1.62222 -0.793333
-1.50222 -0.775556
-1.51556 -0.806667
-1.66667 -0.891111
-1.70667 -0.906667
-1.63556 -0.866667
-1.67556 -0.9
-1.60444 -0.84
-1.50667 -0.791111
-1.57333 -0.84
-1.67111 -0.884444
-1.61333 -0.888889
-1.52889 -0.817778
-1.53333 -0.817778
-1.65333 -0.855556
-1.54667 -0.831111
-1.61778 -0.844444
-1.61778 -0.853333
-1.49778 -0.786667
-1.54667 -0.831111
-1.64 -0.868889
-1.56444 -0.833333
-1.55111 -0.842222
-1.56444 -0.833333
-1.44444 -0.735556
-1.50667 -0.757778
-1.54222 -0.786667
-1.44889 -0.728889
-1.56 -0.824444
-1.6 -0.846667
-1.76889 -0.935556
-1.69333 -0.891111
-1.68444 -0.888889
-1.64444 -0.88
-1.59111 -0.848889
-1.61778 -0.862222
-1.66222 -0.882222
-1.63556 -0.888889
-1.56889 -0.837778
-1.73333 -0.922222
-1.56 -0.837778
-1.52 -0.797778
-1.53333 -0.831111
-1.61333 -0.84
-1.65333 -0.862222
-1.57778 -0.851111
-1.54222 -0.788889
-1.61778 -0.817778
-1.65333 -0.817778
-1.63111 -0.808889
-1.52889 -0.713333
-1.43111 -0.72
-1.44889 -0.793333
-1.53333 -0.728889
-1.54222 -0.76
-1.48444 -0.777778
-1.57778 -0.78
-1.59556 -0.815556
-1.48444 -0.775556
-1.48444 -0.788889
-1.68889 -0.9
-1.69333 -0.908889
-1.69778 -0.906667
-1.67111 -0.886667
-1.53778 -0.828889
-1.51556 -0.806667
-1.51111 -0.78
-1.55111 -0.8
-1.61333 -0.842222
-1.59556 -0.822222
-1.42667 -0.751111
-1.48889 -0.751111
-1.49778 -0.735556
-1.56444 -0.791111
-1.57333 -0.82
-1.47111 -0.788889
-1.57333 -0.833333
-1.64889 -0.891111
-1.51556 -0.802222
-1.59111 -0.848889
-1.68889 -0.873333
-1.50667 -0.784444
-1.59556 -0.846667
-1.61333 -0.86
-1.59556 -0.831111
-1.63111 -0.866667
-1.64 -0.862222
-1.61333 -0.857778
-1.60444 -0.822222
-1.68889 -0.857778
-1.56444 -0.795556
-1.52889 -0.757778
-1.43111 -0.746667
-1.63556 -0.848889
-1.63556 -0.791111
-1.67111 -0.868889
-1.62222 -0.877778
-1.52 -0.833333
-1.48444 -0.768889
-1.49333 -0.786667
-1.58667 -0.857778
-1.56 -0.822222
-1.72444 -0.9
-1.69778 -0.902222
-1.55111 -0.811111
-1.62667 -0.855556
-1.54667 -0.831111
-1.73778 -0.922222
-1.59111 -0.842222
-1.71556 -0.906667
-1.6 -0.864444
-1.48444 -0.817778
-1.64889 -0.886667
-1.63111 -0.866667
-1.57778 -0.791111
-1.56889 -0.817778
-1.60889 -0.817778
-1.49778 -0.808889
-1.49333 -0.815556
-1.50222 -0.802222
-1.61778 -0.833333
-1.65333 -0.857778
-1.63556 -0.844444
-1.41333 -0.715556
-1.47111 -0.762222
-1.52889 -0.817778
-1.6 -0.846667
-1.59556 -0.826667
-1.56444 -0.788889
-1.68889 -0.877778
-1.49778 -0.777778
-1.56889 -0.773333
-1.53333 -0.768889
-1.45333 -0.711111
-1.62667 -0.8
-1.52 -0.793333
-1.62222 -0.82
-1.57778 -0.837778
-1.65333 -0.862222
-1.69778 -0.88
-1.51556 -0.837778
-1.62222 -0.868889
-1.56889 -0.831111
-1.52444 -0.804444
-1.57778 -0.806667
-1.51111 -0.78
-1.47556 -0.74
-1.43111 -0.648889
-1.57778 -0.791111
-1.60444 -0.857778
-1.62667 -0.86
-1.66667 -0.86
-1.60444 -0.866667
-1.71111 -0.882222
-1.59111 -0.846667
-1.46222 -0.771111
-1.52889 -0.793333
-1.49333 -0.76
-1.58222 -0.766667
-1.53333 -0.784444
-1.50222 -0.793333
-1.50222 -0.771111
-1.50667 -0.791111
-1.51556 -0.768889
-1.58222 -0.726667
-1.50222 -0.64
-1.45333 -0.586667
-1.36444 -0.577778
-1.48 -0.668889
-1.44889 -0.602222
-1.48889 -0.628889
-1.64 -0.648889
-1.43111 -0.6
-1.45333 -0.591111
-1.49778 -0.615556
-1.50222 -0.542222
-1.45778 -0.468889
-1.52444 -0.515556
-1.37778 -0.48
-1.42667 -0.606667
-1.48889 -0.664444
-1.52444 -0.644444
-1.41778 -0.6
-1.52 -0.613333
-1.55111 -0.68
-1.56444 -0.717778
-1.44889 -0.62
-1.52889 -0.622222
-1.45778 -0.633333
-1.50667 -0.646667
-1.53778 -0.6
-1.46667 -0.533333
-1.42222 -0.484444
-1.4 -0.4
-1.36 -0.28
-1.36 -0.311111
-1.35111 -0.268889
-1.28444 -0.251111
-1.33778 -0.286667
-1.39111 -0.24
-1.30667 -0.28
-1.37333 -0.233333
-1.36 -0.177778
-1.32 -0.111111
-1.32 -0.262222
-1.31556 -0.382222
-1.38222 -0.364444
-1.36 -0.415556
-1.28889 -0.24
-1.34667 -0.197778
-1.32444 -0.197778
-1.26667 -0.222222
-1.38222 -0.322222
-1.34667 -0.3
-1.46222 -0.32
-1.48 -0.333333
-1.43556 -0.282222
-1.47111 -0.188889
-1.45778 -0.151111
-1.34222 -0.164444
-1.33778 -0.1
-1.48889 -0.155556
-1.42667 -0.0777778
-1.35556 -0.0155556
-1.43556 -0.0555556
-1.33333 -0.0266667
-1.39111 -0.0711111
-1.26667 -0.0333333
-1.36444 -0.0577778
-1.36889 -0.0288889
-1.37778 0.0333333
-1.44 -0.0377778
-1.46667 -0.0977778
-1.49333 -0.0555556
-1.4 -0.0644444
-1.46222 -0.157778
-1.40444 -0.364444
-1.40444 -0.404444
-1.39111 -0.428889
-1.36 -0.366667
-1.29778 -0.368889
-1.44889 -0.404444
-1.45778 -0.46
-1.45333 -0.513333
-1.45778 -0.522222
-1.41333 -0.526667
-1.52444 -0.664444
-1.43556 -0.548889
-1.39556 -0.508889
-1.48 -0.542222
-1.44889 -0.511111
-1.35111 -0.435556
-1.39111 -0.411111
-1.21778 -0.393333
-1.33778 -0.471111
-1.36444 -0.528889
-1.41333 -0.591111
-1.43111 -0.713333
-1.55556 -0.771111
-1.42667 -0.72
-1.43556 -0.764444
-1.73778 -0.92
-1.58222 -0.842222
-1.57778 -0.808889
-1.61333 -0.831111
-1.57333 -0.822222
-1.56444 -0.842222
-1.68444 -0.895556
-1.71111 -0.88
-1.64889 -0.853333
-1.51111 -0.831111
-1.64 -0.866667
-1.55556 -0.851111
-1.63111 -0.891111
-1.55556 -0.846667
-1.51556 -0.808889
-1.56444 -0.837778
-1.50667 -0.78
-1.65333 -0.868889
-1.49778 -0.764444
-1.62667 -0.82
-1.55556 -0.793333
-1.55556 -0.813333
-1.60444 -0.817778
-1.60444 -0.844444
-1.61778 -0.862222
-1.59556 -0.86
-1.61333 -0.875556
-1.68889 -0.891111
-1.60889 -0.868889
-1.51556 -0.797778
-1.66222 -0.873333
-1.72 -0.92
-1.53333 -0.822222
-1.67111 -0.862222
-1.48 -0.731111
-1.54667 -0.768889
-1.57333 -0.757778
-1.47111 -0.682222
-1.47556 -0.651111
-1.55111 -0.755556
-1.50222 -0.766667
-1.53333 -0.813333
-1.53778 -0.737778
-1.55111 -0.762222
-1.47111 -0.722222
-1.53778 -0.751111
-1.47111 -0.717778
-1.59111 -0.777778
-1.49333 -0.711111
-1.43111 -0.657778
-1.54222 -0.786667
-1.60444 -0.824444
-1.53778 -0.797778
-1.52444 -0.764444
-1.56889 -0.748889
-1.56444 -0.791111
-1.45778 -0.757778
-1.52444 -0.74
-1.52 -0.775556
-1.47556 -0.773333
-1.38667 -0.737778
-1.54222 -0.786667
-1.52 -0.788889
-1.59111 -0.848889
-1.64889 -0.877778
-1.60444 -0.842222
-1.55556 -0.8
-1.67111 -0.86
-1.71556 -0.906667
-1.71556 -0.908889
-1.59556 -0.837778
-1.66667 -0.875556
-1.65333 -0.895556
-1.55111 -0.817778
-1.53778 -0.795556
-1.72 -0.913333
-1.65333 -0.868889
-1.57333 -0.846667
-1.60444 -0.826667
-1.58667 -0.837778
-1.69778 -0.875556
-1.58667 -0.837778
-1.53778 -0.833333
-1.55111 -0.804444
-1.54222 -0.784444
-1.76444 -0.933333
-1.54667 -0.828889
-1.6 -0.84
-1.57333 -0.795556
-1.58667 -0.837778
-1.54222 -0.808889
-1.55111 -0.793333
-1.51111 -0.78
-1.52 -0.804444
-1.46222 -0.762222
-1.62222 -0.848889
-1.71111 -0.882222
-1.61333 -0.853333
-1.59556 -0.866667
-1.48889 -0.773333
-1.51556 -0.768889
-1.49778 -0.775556
-1.43111 -0.742222
-1.52 -0.8
-1.47556 -0.782222
-1.61778 -0.857778
-1.53778 -0.793333
-1.59111 -0.806667
-1.50222 -0.76
-1.55111 -0.811111
-1.59556 -0.84
-1.52889 -0.773333
-1.51556 -0.795556
-1.59111 -0.853333
-1.54222 -0.842222
-1.52444 -0.768889
-1.52444 -0.791111
-1.55111 -0.771111
-1.54222 -0.811111
-1.59556 -0.848889
-1.64444 -0.871111
-1.60444 -0.855556
-1.60889 -0.851111
-1.76444 -0.935556
-1.74667 -0.92
-1.56444 -0.831111
-1.68444 -0.882222
-1.61333 -0.831111
-1.56 -0.828889
-1.48889 -0.762222
-1.43111 -0.764444
-1.37778 -0.677778
-1.53778 -0.795556
-1.52 -0.786667
-1.52 -0.793333
-1.56444 -0.837778
-1.58667 -0.855556
-1.49333 -0.804444
-1.50667 -0.804444
-1.69333 -0.884444
-1.51556 -0.835556
-1.61333 -0.84
-1.57778 -0.831111
-1.58667 -0.86
-1.56 -0.791111
-1.50222 -0.771111
-1.55556 -0.822222
-1.62667 -0.837778
-1.57778 -0.84
-1.66667 -0.851111
-1.59556 -0.855556
-1.65333 -0.84
-1.60444 -0.875556
-1.61333 -0.868889
-1.61778 -0.853333
-1.54222 -0.797778
-1.50222 -0.784444
-1.52444 -0.764444
-1.60889 -0.857778
-1.72444 -0.908889
-1.58222 -0.835556
-1.61333 -0.853333
-1.64889 -0.868889
-1.69778 -0.904444
-1.61333 -0.86
-1.56889 -0.811111
-1.55556 -0.806667
-1.58667 -0.824444
-1.66667 -0.842222
-1.55556 -0.811111
-1.60444 -0.855556
-1.65778 -0.868889
-1.38222 -0.764444
-1.56889 -0.817778
-1.53778 -0.824444
-1.51556 -0.791111
-1.65778 -0.851111
-1.56 -0.828889
-1.66667 -0.88
-1.64889 -0.875556
-1.64 -0.866667
-1.63111 -0.86
-1.43556 -0.76
-1.43556 -0.684444
-1.4 -0.655556
-1.36444 -0.644444
-1.57333 -0.795556
-1.44889 -0.711111
-1.43556 -0.691111
-1.42667 -0.673333
-1.49333 -0.591111
-1.54222 -0.575556
-1.46667 -0.515556
-1.41333 -0.426667
-1.24444 -0.408889
-1.44 -0.464444
-1.40444 -0.528889
-1.44889 -0.546667
-1.42667 -0.531111
-1.38667 -0.484444
-1.26222 -0.393333
-1.36889 -0.44
-1.29778 -0.371111
-1.28889 -0.477778
-1.52889 -0.448889
-1.40889 -0.433333
-1.39111 -0.428889
-1.33333 -0.491111
-1.32889 -0.54
-1.38222 -0.451111
-1.45778 -0.557778
-1.47111 -0.56
-1.37333 -0.504444
-1.32889 -0.517778
-1.43111 -0.535556
-1.35556 -0.504444
-1.36444 -0.544444
-1.23556 -0.491111
-1.37333 -0.511111
-1.37333 -0.571111
-1.34222 -0.486667
-1.29333 -0.464444
-1.38667 -0.531111
-1.31556 -0.488889
-1.46667 -0.668889
-1.48889 -0.764444
-1.48 -0.782222
-1.45333 -0.697778
-1.49778 -0.773333
-1.48444 -0.748889
-1.51111 -0.726667
-1.52444 -0.675556
-1.48444 -0.657778
-1.43111 -0.677778
-1.46667 -0.68
-1.52444 -0.715556
-1.50222 -0.755556
-1.62222 -0.806667
-1.51556 -0.76
-1.57778 -0.844444
-1.49333 -0.748889
-1.55556 -0.828889
-1.62222 -0.866667
-1.49333 -0.782222
-1.53333 -0.766667
-1.52444 -0.782222
-1.49778 -0.755556
-1.38667 -0.682222
-1.4 -0.675556
-1.53778 -0.711111
-1.58222 -0.753333
-1.66222 -0.817778
-1.54222 -0.735556
-1.47111 -0.662222
-1.41778 -0.702222
-1.51556 -0.688889
-1.53333 -0.653333
-1.48 -0.66
-1.44 -0.735556
-1.50667 -0.746667
-1.50667 -0.728889
-1.50222 -0.697778
-1.53778 -0.74
-1.53333 -0.733333
-1.60444 -0.826667
-1.45333 -0.757778
-1.46222 -0.764444
-1.49333 -0.78
-1.48444 -0.815556
-1.72 -0.9
-1.63111 -0.837778
-1.57333 -0.795556
-1.62667 -0.808889
-1.57778 -0.782222
-1.55111 -0.733333
-1.48889 -0.768889
-1.56 -0.757778
-1.60444 -0.762222
-1.57778 -0.766667
-1.46222 -0.731111
-1.51111 -0.688889
-1.55111 -0.651111
-1.52444 -0.711111
-1.54222 -0.804444
-1.48 -0.693333
-1.4 -0.717778
-1.53333 -0.733333
-1.43556 -0.682222
-1.46222 -0.722222
-1.54222 -0.746667
-1.37778 -0.715556
-1.50222 -0.78
-1.51556 -0.822222
-1.52444 -0.824444
