-1.38 0.625
-1.3625 0.6725
-1.345 0.6575
-1.3575 0.65375
-1.435 0.70875
-1.3725 0.64
-1.4125 0.68375
-1.4825 0.7275
-1.44 0.70125
-1.45 0.72625
-1.4525 0.72375
-1.4075 0.67125
-1.3625 0.565
-1.3675 0.6175
-1.3925 0.695
-1.3775 0.61375
-1.3525 0.61625
-1.4075 0.63875
-1.41 0.57875
-1.355 0.615
-1.38 0.58625
-1.4625 0.6825
-1.4325 0.58875
-1.4 0.5775
-1.38 0.52625
-1.3125 0.51625
-1.375 0.5375
-1.3275 0.48375
-1.2825 0.505
-1.3675 0.48375
-1.4975 0.58
-1.445 0.54875
-1.345 0.5025
-1.3825 0.5975
-1.4175 0.60875
-1.3375 0.53625
-1.445 0.515
-1.325 0.49625
-1.32 0.43625
-1.3575 0.44375
-1.3925 0.36625
-1.27 0.455
-1.3375 0.4275
-1.3775 0.50375
-1.3575 0.575
-1.3225 0.4975
-1.44 0.6025
-1.5075 0.6975
-1.4325 0.65875
-1.345 0.66625
-1.405 0.6975
-1.4775 0.68
-1.37 0.60875
-1.4575 0.66875
-1.4325 0.71
-1.3275 0.68375
-1.45 0.72875
-1.4475 0.75625
-1.5075 0.7675
-1.5475 0.7925
-1.455 0.655
-1.4225 0.6425
-1.41 0.70125
-1.4275 0.695
-1.35 0.67625
-1.45 0.755
-1.5275 0.79875
-1.455 0.76375
-1.3875 0.6425
-1.3575 0.69375
-1.5325 0.78875
-1.535 0.82125
-1.5625 0.81875
-1.4975 0.80875
-1.4075 0.71875
-1.29 0.61125
-1.3925 0.7
-1.39 0.71625
-1.37 0.68
-1.3575 0.63375
-1.36 0.64
-1.2775 0.5825
-1.345 0.54125
-1.3525 0.54
-1.475 0.70125
-1.4075 0.6825
-1.4625 0.68875
-1.415 0.67875
-1.455 0.73
-1.31 0.64
-1.4125 0.71625
-1.5 0.77625
-1.435 0.7125
-1.425 0.705
-1.36 0.63375
-1.3975 0.7075
-1.405 0.67125
-1.4 0.67125
-1.47 0.74
-1.4425 0.75
-1.415 0.7025
-1.4 0.70625
-1.3775 0.655
-1.3675 0.65125
-1.385 0.675
-1.3725 0.665
-1.4225 0.76125
-1.3725 0.64125
-1.39 0.71875
-1.395 0.73625
-1.53 0.845
-1.4625 0.77
-1.4875 0.80375
-1.5175 0.68625
-1.2975 0.62
-1.4225 0.59625
-1.4125 0.62375
-1.475 0.63625
-1.3825 0.65875
-1.345 0.67125
-1.4975 0.715
-1.4125 0.66375
-1.42 0.6475
-1.355 0.55875
-1.4425 0.625
-1.43 0.58625
-1.4025 0.58375
-1.365 0.515
-1.405 0.63875
-1.4875 0.63875
-1.49 0.65875
-1.5 0.65875
-1.4075 0.64
-1.4175 0.6175
-1.375 0.65125
-1.4625 0.7475
-1.465 0.745
-1.4425 0.75125
-1.5675 0.82
-1.55 0.8175
-1.4575 0.74125
-1.54 0.79125
-1.4925 0.75375
-1.4975 0.77875
-1.425 0.7475
-1.3925 0.73
-1.5 0.775
-1.37 0.695
-1.27 0.5625
-1.2725 0.44
-1.4075 0.5675
-1.4375 0.67375
-1.4425 0.64875
-1.3375 0.49375
-1.2725 0.435
-1.32 0.43125
-1.36 0.48375
-1.39 0.5625
-1.4325 0.555
-1.4575 0.62125
-1.44 0.56875
-1.2975 0.4275
-1.39 0.475
-1.4525 0.53125
-1.365 0.50875
-1.37 0.52
-1.33 0.505
-1.37 0.46875
-1.2525 0.525
-1.3075 0.4375
-1.3975 0.4675
-1.395 0.485
-1.365 0.43
-1.3825 0.45375
-1.355 0.4375
-1.46 0.44875
-1.34 0.46625
-1.39 0.5875
-1.33 0.61625
-1.4425 0.635
-1.375 0.60625
-1.44 0.66125
-1.385 0.53125
-1.375 0.5425
-1.2925 0.50375
-1.385 0.55
-1.4225 0.65125
-1.365 0.5325
-1.2975 0.55375
-1.3425 0.67875
-1.47 0.68
-1.375 0.6825
-1.5425 0.7325
-1.4875 0.695
-1.41 0.71625
-1.4325 0.695
-1.535 0.8
-1.465 0.71875
-1.415 0.7025
-1.495 0.76875
-1.55 0.77875
-1.4975 0.73875
-1.455 0.68625
-1.51 0.73875
-1.375 0.7325
-1.4475 0.7275
-1.39 0.72625
-1.3525 0.67875
-1.4 0.7425
-1.4075 0.74375
-1.46 0.76375
-1.38 0.70875
-1.39 0.69125
-1.39 0.68625
-1.525 0.785
-1.4625 0.7475
-1.5775 0.82375
-1.475 0.7175
-1.455 0.71625
-1.3925 0.73125
-1.5725 0.83125
-1.445 0.7725
-1.32 0.635
-1.42 0.6425
-1.255 0.55375
-1.4075 0.62625
-1.38 0.68125
-1.41 0.7275
-1.4775 0.70125
-1.52 0.76625
-1.445 0.735
-1.505 0.7575
-1.355 0.71375
-1.48 0.79625
-1.585 0.83625
-1.5375 0.8175
-1.39 0.73
-1.405 0.71875
-1.475 0.76625
-1.4325 0.68125
-1.34 0.575
-1.355 0.635
-1.4825 0.68625
-1.435 0.70125
-1.395 0.6775
-1.305 0.62125
-1.4025 0.74875
-1.4925 0.71625
-1.475 0.75625
-1.48 0.7675
-1.4975 0.76625
-1.4925 0.7375
-1.4025 0.6925
-1.35 0.64125
-1.475 0.69625
-1.5175 0.79125
-1.5325 0.76625
-1.525 0.7475
-1.5 0.7225
-1.4525 0.7275
-1.46 0.75
-1.5825 0.835
-1.5775 0.84875
-1.5775 0.8475
-1.4975 0.7625
-1.3425 0.69125
-1.475 0.74
-1.36 0.63625
-1.485 0.69375
-1.39 0.70125
-1.4725 0.7575
-1.4875 0.71875
-1.3025 0.6425
-1.36 0.66875
-1.3975 0.62625
-1.39 0.59625
-1.4675 0.72
-1.385 0.665
-1.4125 0.68375
-1.4575 0.7275
-1.4525 0.7375
-1.555 0.7925
-1.515 0.80875
-1.575 0.83
-1.5675 0.805
-1.4325 0.71
-1.3975 0.74
-1.545 0.73
-1.485 0.67375
-1.3625 0.62875
-1.315 0.5575
-1.395 0.5825
-1.34 0.5775
-1.44 0.55625
-1.2825 0.4075
-1.305 0.3625
-1.3375 0.355
-1.39 0.42125
-1.2175 0.275
-1.3025 0.26
-1.3425 0.2925
-1.41 0.32
-1.3325 0.31375
-1.305 0.24625
-1.3825 0.4
-1.3075 0.325
-1.345 0.47125
-1.39 0.535
-1.3925 0.62875
-1.45 0.7125
-1.4325 0.7175
-1.4475 0.745
-1.2775 0.64375
-1.4325 0.7175
-1.4325 0.7475
-1.5675 0.80375
-1.4525 0.77875
-1.5525 0.79625
-1.4325 0.7275
-1.4075 0.7475
-1.56 0.7925
-1.5575 0.80875
-1.4725 0.7675
-1.4525 0.7125
-1.5 0.72625
-1.3875 0.695
-1.43 0.71
-1.3825 0.70625
-1.425 0.7475
-1.5475 0.80125
-1.51 0.795
-1.43 0.73
-1.38 0.70625
-1.365 0.71375
-1.465 0.72125
-1.415 0.71875
-1.4675 0.74375
-1.48 0.74625
-1.49 0.7375
-1.4675 0.74875
-1.44 0.705
-1.44 0.6725
-1.41 0.69875
-1.425 0.75125
-1.49 0.765
-1.49 0.7775
-1.455 0.74
-1.4425 0.76625
-1.4225 0.75
-1.3725 0.70375
-1.245 0.6225
-1.435 0.69625
-1.3025 0.62875
-1.48 0.66375
-1.3875 0.65875
-1.4275 0.63375
-1.355 0.5875
-1.415 0.56625
-1.3975 0.5625
-1.3825 0.54
-1.2575 0.40125
-1.2775 0.46
-1.335 0.49
-1.3 0.46625
-1.3525 0.525
-1.4525 0.54625
-1.4575 0.61375
-1.5375 0.705
-1.4675 0.58875
-1.4025 0.575
-1.4125 0.59625
-1.43 0.62
-1.39 0.5825
-1.315 0.60625
-1.4275 0.73625
-1.4175 0.72875
-1.3925 0.6625
-1.4075 0.63625
-1.4 0.59375
-1.3175 0.53875
-1.285 0.55625
-1.3975 0.69875
-1.5 0.8
-1.4875 0.78625
-1.48 0.6875
-1.355 0.61
-1.3775 0.60625
-1.39 0.6375
-1.4075 0.67125
-1.3075 0.63875
-1.3325 0.62625
-1.45 0.78
-1.5275 0.77375
-1.4475 0.715
-1.3275 0.62625
-1.3775 0.6175
-1.315 0.53125
-1.4275 0.665
-1.45 0.65
-1.435 0.73875
-1.485 0.7675
-1.445 0.75125
-1.46 0.725
-1.505 0.71875
-1.4325 0.73
-1.5175 0.75875
-1.465 0.7
-1.4175 0.58
-1.3875 0.59625
-1.39 0.63625
-1.2475 0.5525
-1.2525 0.565
-1.3725 0.58625
-1.3675 0.5375
-1.405 0.5325
-1.405 0.52375
-1.415 0.4975
-1.44 0.525
-1.41 0.55125
-1.4475 0.64125
-1.375 0.5575
-1.3575 0.5425
-1.425 0.5725
-1.35 0.4325
-1.35 0.4725
-1.3275 0.49625
-1.3775 0.52
-1.3275 0.51125
-1.3425 0.48125
-1.3725 0.48625
-1.3725 0.46875
-1.31 0.3525
-1.2475 0.2875
-1.345 0.225
-1.2825 0.2325
-1.295 0.26875
-1.2925 0.19625
-1.1825 0.195
-1.2525 0.21875
-1.3 0.37125
-1.335 0.36375
-1.4125 0.34625
-1.34 0.32625
-1.2725 0.3425
-1.325 0.3775
-1.37 0.34375
-1.3925 0.355
-1.39 0.325
-1.4 0.27
-1.3825 0.2025
-1.265 0.12875
-1.31 0.0475
-1.4 0.21875
-1.2475 0.11875
-1.33 0.20125
-1.31 0.3
-1.3875 0.33625
-1.4025 0.365
-1.43 0.3775
-1.4075 0.3975
-1.3625 0.455
-1.3325 0.44625
-1.4425 0.51
-1.355 0.45625
-1.28 0.5225
-1.3525 0.56125
-1.3375 0.52375
-1.3525 0.4825
-1.3325 0.46
-1.3225 0.35625
-1.3525 0.375
-1.3875 0.365
-1.375 0.37625
-1.3675 0.31
-1.1825 0.2725
-1.315 0.2625
-1.2875 0.33875
-1.325 0.31
-1.3425 0.42625
-1.4275 0.4775
-1.39 0.51
-1.415 0.61
-1.39 0.5025
-1.29 0.4325
-1.345 0.4675
-1.36 0.35625
-1.255 0.3675
-1.3275 0.28125
-1.2925 0.33625
-1.36 0.35375
-1.235 0.3675
-1.2525 0.35
-1.3125 0.3075
-1.445 0.37
-1.29 0.3725
-1.3375 0.41875
-1.315 0.445
-1.3825 0.48
-1.405 0.49875
-1.5075 0.6325
-1.425 0.60125
-1.27 0.4475
-1.345 0.5225
-1.3325 0.555
-1.445 0.62625
-1.4725 0.62625
-1.495 0.67125
-1.4275 0.555
-1.45 0.53
-1.29 0.495
-1.3625 0.55125
-1.3125 0.52875
-1.3575 0.51
-1.425 0.58125
-1.36 0.6
-1.3125 0.53625
-1.3675 0.5275
-1.3475 0.565
-1.22 0.495
-1.2975 0.49125
-1.395 0.535
-1.4625 0.62125
-1.4825 0.67875
-1.46 0.65125
-1.345 0.6625
-1.4075 0.7025
-1.45 0.7375
-1.47 0.68875
-1.4525 0.6775
-1.3675 0.665
-1.355 0.6525
-1.375 0.66375
-1.395 0.63875
-1.4825 0.72125
-1.45 0.71625
-1.49 0.7375
-1.375 0.68125
-1.3575 0.635
-1.425 0.72
-1.42 0.7
-1.3825 0.64125
-1.235 0.5125
-1.28 0.4425
-1.3075 0.47125
-1.34 0.495
-1.255 0.5025
-1.3675 0.45625
-1.335 0.48
-1.3775 0.4775
-1.3375 0.495
-1.3375 0.44
-1.3325 0.535
-1.3825 0.52
-1.3625 0.53125
-1.33 0.575
-1.39 0.5375
-1.37 0.4625
-1.26 0.45125
-1.35 0.60625
-1.3125 0.58375
-1.3825 0.65625
-1.35 0.59125
-1.3175 0.49
-1.3625 0.59375
-1.3775 0.51
-1.3575 0.5175
-1.3975 0.55
-1.385 0.58875
-1.345 0.49125
-1.3475 0.41875
-1.355 0.425
-1.325 0.47875
-1.27 0.5
-1.3125 0.5775
-1.385 0.59625
-1.4775 0.585
-1.3075 0.49375
-1.335 0.53625
-1.365 0.50875
-1.4125 0.56125
-1.3875 0.51375
-1.42 0.4175
-1.3475 0.38375
-1.3075 0.4475
-1.4075 0.57375
-1.4375 0.60125
-1.3775 0.5375
-1.3775 0.51875
-1.43 0.56875
-1.41 0.57375
-1.29 0.57
-1.29 0.51375
-1.4125 0.5825
-1.445 0.68
-1.44 0.635
-1.4825 0.67375
-1.46 0.70875
-1.3475 0.605
-1.4325 0.625
-1.36 0.6
-1.29 0.525
-1.355 0.53875
-1.46 0.555
-1.2775 0.485
-1.4125 0.4775
-1.395 0.51625
-1.4625 0.70125
-1.54 0.81125
-1.515 0.815
-1.4325 0.78625
-1.4 0.67125
-1.415 0.6725
-1.48 0.73375
-1.38 0.60375
-1.45 0.67875
-1.3875 0.63
-1.3625 0.59375
-1.38 0.55375
-1.4425 0.67625
-1.41 0.6
-1.435 0.6775
-1.4425 0.64625
-1.39 0.61625
-1.4125 0.5975
-1.3125 0.57
-1.4025 0.69875
-1.4 0.6775
-1.44 0.7225
-1.5 0.7875
-1.445 0.75125
-1.3575 0.6575
-1.405 0.7375
-1.4575 0.7925
-1.535 0.82375
-1.4425 0.7775
-1.525 0.78375
-1.4175 0.70375
-1.48 0.74625
-1.4175 0.7575
-1.4775 0.75375
-1.46 0.7425
-1.4325 0.73625
-1.5125 0.7725
-1.42 0.78375
-1.4675 0.7775
-1.57 0.83
-1.59 0.80875
-1.505 0.77125
-1.495 0.75625
-1.435 0.6975
-1.425 0.765
-1.475 0.725
-1.515 0.78125
-1.4175 0.705
-1.49 0.75125
-1.49 0.8025
-1.505 0.7775
-1.58 0.83
-1.48 0.78375
-1.535 0.76125
-1.4 0.73625
-1.45 0.76125
-1.3775 0.71125
-1.4425 0.73125
-1.4325 0.7775
-1.505 0.7925
-1.4825 0.7625
-1.375 0.6975
-1.3975 0.68125
-1.39 0.60375
-1.4575 0.6675
-1.455 0.7525
-1.4975 0.77875
-1.495 0.75375
-1.6025 0.8375
-1.53 0.77375
-1.43 0.74375
-1.47 0.7725
-1.4875 0.79125
-1.5425 0.81
-1.3725 0.71125
-1.4375 0.725
-1.44 0.76125
-1.4725 0.78125
-1.51 0.76875
-1.565 0.82125
-1.4 0.77
-1.4125 0.72
-1.5 0.7675
-1.3975 0.7025
-1.52 0.75125
-1.4175 0.7475
-1.505 0.81625
-1.44 0.735
-1.4675 0.7375
-1.465 0.7525
-1.4925 0.7675
-1.42 0.6925
-1.47 0.71375
-1.4075 0.68875
-1.4625 0.67125
-1.3275 0.595
-1.335 0.5775
-1.355 0.64625
-1.3575 0.68375
-1.45 0.74125
-1.56 0.8025
-1.4075 0.67375
-1.41 0.70375
-1.5025 0.69375
-1.4 0.7025
-1.475 0.7325
-1.485 0.78125
-1.39 0.7025
-1.5 0.80625
-1.6225 0.8475
-1.495 0.775
-1.4675 0.78125
-1.5125 0.80625
-1.43 0.7775
-1.4975 0.785
-1.5275 0.7575
-1.405 0.65875
-1.4225 0.74875
-1.4825 0.78125
-1.4925 0.78
-1.5575 0.835
-1.5375 0.81125
-1.5225 0.785
-1.505 0.7875
-1.43 0.735
-1.4325 0.73375
-1.385 0.60375
-1.3375 0.485
-1.345 0.555
-1.3025 0.4675
-1.27 0.39125
-1.185 0.3975
-1.315 0.40125
-1.2975 0.50875
-1.3425 0.48125
-1.3375 0.44875
-1.215 0.3975
-1.315 0.52625
-1.3125 0.44375
-1.31 0.38625
-1.35 0.345
-1.365 0.35625
-1.3325 0.43625
-1.34 0.39875
-1.355 0.4225
-1.435 0.495
-1.38 0.53
-1.3625 0.47375
-1.325 0.48
-1.445 0.5625
-1.38 0.525
-1.4 0.56625
-1.3425 0.38875
-1.2975 0.32875
-1.215 0.37
-1.325 0.39875
-1.355 0.4225
-1.3675 0.47875
-1.3675 0.51375
-1.255 0.46625
-1.3825 0.4725
-1.39 0.5125
-1.425 0.62625
-1.4975 0.61125
-1.4275 0.59125
-1.5075 0.63125
-1.3875 0.62375
-1.4175 0.61375
-1.4475 0.63125
-1.4025 0.54375
-1.3325 0.505
-1.315 0.51875
-1.39 0.585
-1.42 0.69375
-1.4275 0.6775
-1.45 0.67
-1.4775 0.7225
-1.365 0.66875
-1.425 0.7475
-1.5525 0.83625
-1.5 0.78875
-1.4525 0.77875
-1.4925 0.745
-1.49 0.7625
-1.3 0.59125
-1.36 0.64625
-1.3775 0.6475
-1.415 0.67625
-1.485 0.73125
-1.5025 0.68625
-1.31 0.56125
-1.2575 0.47
-1.355 0.53625
-1.245 0.48375
-1.365 0.54875
-1.33 0.5375
-1.3525 0.63125
-1.47 0.68125
-1.3675 0.645
-1.2975 0.51875
-1.4375 0.67375
-1.39 0.69375
-1.535 0.755
-1.4025 0.68375
-1.4075 0.66625
-1.4025 0.74375
-1.54 0.82375
-1.4975 0.7525
-1.465 0.79
-1.5 0.77375
-1.45 0.74125
-1.485 0.71875
-1.4225 0.67
-1.315 0.60875
-1.285 0.58625
-1.5525 0.7675
-1.4525 0.70625
-1.43 0.69125
-1.375 0.70125
-1.485 0.76875
-1.4525 0.78
-1.525 0.75625
-1.5375 0.79
-1.545 0.7925
-1.4275 0.70375
-1.3925 0.6425
-1.44 0.72875
-1.5675 0.78625
-1.4725 0.76375
-1.4875 0.76125
-1.4975 0.72125
-1.4025 0.6675
-1.4125 0.73125
-1.515 0.78
-1.4675 0.7175
-1.44 0.7
-1.3275 0.66625
-1.3925 0.6625
-1.365 0.715
-1.4475 0.75125
-1.4525 0.78375
-1.5025 0.7725
-1.48 0.75125
-1.315 0.65625
-1.4475 0.695
-1.345 0.6475
-1.445 0.63875
-1.2325 0.55375
-1.39 0.6525
-1.44 0.7375
-1.4375 0.7225
-1.4675 0.74875
-1.4975 0.79375
-1.505 0.785
-1.3775 0.6975
-1.58 0.81125
-1.475 0.7975
-1.5775 0.8325
-1.505 0.78625
-1.4575 0.7975
-1.49 0.7425
-1.445 0.70875
-1.3875 0.58125
-1.45 0.7775
-1.41 0.73375
-1.3525 0.7
-1.535 0.81
-1.475 0.76625
-1.53 0.76875
-1.5 0.7875
-1.47 0.73875
-1.3975 0.7325
-1.4725 0.74
-1.4075 0.65125
-1.3875 0.53375
-1.2975 0.535
-1.43 0.62375
-1.41 0.61625
-1.32 0.575
-1.2725 0.56
-1.3575 0.60375
-1.355 0.62375
-1.455 0.68875
-1.4275 0.7325
-1.5025 0.76875
-1.42 0.7575
-1.57 0.80125
-1.525 0.8125
-1.405 0.715
-1.41 0.73125
-1.395 0.65125
-1.41 0.66375
-1.2975 0.5825
-1.4675 0.635
-1.37 0.58625
-1.4075 0.67875
-1.3875 0.6375
-1.31 0.535
-1.24 0.37
-1.32 0.47
-1.3 0.4925
-1.315 0.4925
-1.3525 0.55
-1.2625 0.4775
-1.3125 0.535
-1.3225 0.53
-1.3225 0.525
-1.33 0.545
-1.275 0.435
-1.27 0.39875
-1.2725 0.43
-1.3725 0.46125
-1.3675 0.425
-1.2975 0.33625
-1.355 0.4125
-1.3475 0.40875
-1.2175 0.335
-1.2825 0.335
-1.2425 0.3525
-1.2525 0.455
-1.445 0.63375
-1.385 0.60125
-1.37 0.61625
-1.425 0.6625
-1.4225 0.61375
-1.4225 0.58375
-1.2975 0.52875
-1.3525 0.535
-1.37 0.575
-1.4625 0.61625
-1.4125 0.62125
-1.44 0.65
-1.365 0.58125
-1.3975 0.685
-1.46 0.7175
-1.3675 0.71125
-1.5125 0.795
-1.4725 0.7575
-1.3875 0.6825
-1.5275 0.8075
-1.42 0.74375
-1.5075 0.82
-1.54 0.83375
-1.4725 0.7725
-1.4725 0.775
-1.465 0.77125
-1.4175 0.71125
-1.5125 0.71
-1.485 0.75625
-1.46 0.7825
-1.5125 0.74125
-1.435 0.71125
-1.4 0.71625
-1.3125 0.60125
-1.39 0.7
-1.455 0.715
-1.455 0.70375
-1.5 0.77125
-1.5875 0.84625
-1.48 0.77875
-1.38 0.685
-1.3375 0.62875
-1.3875 0.70625
-1.4625 0.74625
-1.41 0.74375
-1.4825 0.74875
-1.495 0.74375
-1.2775 0.6325
-1.3325 0.5575
-1.3325 0.605
-1.3475 0.61125
-1.38 0.57875
-1.31 0.57375
-1.345 0.56125
-1.33 0.56375
-1.4225 0.66375
-1.3625 0.59125
-1.3925 0.60875
-1.36 0.65375
-1.4025 0.48375
-1.33 0.48
-1.385 0.58875
-1.4475 0.7125
-1.4475 0.7575
-1.2975 0.605
-1.415 0.7175
-1.4975 0.77875
-1.5 0.76375
-1.3975 0.6775
-1.4625 0.73625
-1.425 0.70375
-1.505 0.755
-1.425 0.77375
-1.4625 0.725
-1.335 0.67
-1.47 0.72
-1.4425 0.6225
-1.42 0.6625
-1.4675 0.67125
-1.4 0.5925
-1.4375 0.61875
-1.3925 0.57375
-1.345 0.5975
-1.2875 0.63
-1.415 0.69125
-1.495 0.73375
-1.4675 0.715
-1.3025 0.6525
-1.5225 0.7575
-1.56 0.77875
-1.46 0.70375
-1.4775 0.72625
-1.48 0.77
-1.4725 0.78625
-1.5575 0.8225
-1.4925 0.75375
-1.54 0.81125
-1.4975 0.79125
-1.4375 0.7625
-1.5675 0.785
-1.49 0.73
-1.54 0.77
-1.4425 0.75875
-1.5475 0.8
-1.4425 0.71875
-1.5225 0.7575
-1.49 0.7025
-1.44 0.6775
-1.44 0.735
-1.43 0.69625
-1.3825 0.6625
-1.425 0.615
-1.4825 0.6275
-1.4275 0.61625
-1.3925 0.625
-1.42 0.6275
-1.32 0.55125
-1.355 0.6375
-1.275 0.51625
-1.2175 0.50375
-1.3425 0.525
-1.325 0.605
-1.295 0.60125
-1.425 0.7
-1.5025 0.75
-1.3725 0.72125
-1.495 0.7875
-1.42 0.7625
-1.4375 0.76625
-1.4575 0.77375
-1.52 0.77125
-1.4775 0.77125
-1.4575 0.71625
-1.475 0.72625
-1.465 0.68
-1.435 0.69875
-1.34 0.595
-1.4075 0.67625
-1.4725 0.70375
-1.54 0.79375
-1.455 0.75125
-1.43 0.7425
-1.3825 0.6825
-1.4825 0.76125
-1.3825 0.67625
-1.4225 0.6625
-1.36 0.51625
-1.3375 0.425
-1.3875 0.54125
-1.3325 0.61375
-1.5025 0.76
-1.5575 0.83375
-1.56 0.82125
-1.4975 0.72875
-1.45 0.6525
-1.45 0.69375
-1.395 0.73875
-1.5125 0.79375
-1.4425 0.76125
-1.5075 0.77375
-1.5125 0.80375
-1.5225 0.785
-1.465 0.7525
-1.46 0.76875
-1.46 0.775
-1.4375 0.735
-1.44 0.72375
-1.555 0.74625
-1.4075 0.71875
-1.57 0.79625
-1.5125 0.7525
-1.515 0.7725
-1.4675 0.7775
-1.415 0.7525
-1.4225 0.7425
-1.42 0.715
-1.41 0.735
-1.415 0.71625
-1.3975 0.685
-1.395 0.6875
-1.335 0.62
-1.31 0.66625
-1.385 0.635
-1.365 0.67125
-1.4225 0.6675
-1.405 0.7025
-1.515 0.71875
-1.52 0.695
-1.395 0.58
-1.29 0.535
-1.37 0.5675
-1.3625 0.5125
-1.315 0.515
-1.3075 0.5275
-1.37 0.6125
-1.3475 0.57125
-1.445 0.62875
-1.4575 0.6325
-1.295 0.6425
-1.4575 0.74375
-1.5125 0.78375
-1.48 0.78625
-1.4625 0.73125
-1.5125 0.74125
-1.4025 0.68
-1.5225 0.79625
-1.4375 0.73375
-1.295 0.61625
-1.445 0.73375
-1.495 0.77625
-1.3825 0.72
-1.575 0.8275
-1.48 0.73375
-1.35 0.64
-1.395 0.6975
-1.4375 0.70875
-1.42 0.7025
-1.4175 0.7175
-1.435 0.6725
-1.4325 0.655
-1.32 0.60375
-1.4725 0.69
-1.39 0.6575
-1.3425 0.64625
-1.375 0.66125
-1.42 0.71375
-1.4025 0.64875
-1.34 0.65625
-1.375 0.5875
-1.385 0.57
-1.275 0.5225
-1.3775 0.585
-1.3725 0.575
-1.3225 0.595
-1.1925 0.48875
-1.2675 0.465
-1.2675 0.47125
-1.3075 0.49625
-1.425 0.645
-1.4725 0.68375
-1.4725 0.7325
-1.49 0.7375
-1.3775 0.60875
-1.33 0.53
-1.4025 0.62375
-1.4475 0.68125
-1.41 0.62125
-1.5025 0.67875
-1.49 0.685
-1.335 0.695
-1.395 0.67875
-1.4925 0.7375
-1.4675 0.78
-1.5575 0.8375
-1.5675 0.83625
-1.465 0.78
-1.4875 0.7525
-1.4975 0.74375
-1.425 0.65375
-1.4225 0.7525
-1.5425 0.79375
-1.5175 0.82125
-1.465 0.74875
-1.49 0.76375
-1.48 0.75125
-1.4225 0.695
-1.35 0.68625
-1.455 0.74375
-1.535 0.79
-1.465 0.715
-1.4225 0.705
-1.3425 0.635
-1.3825 0.6875
-1.345 0.63625
-1.4575 0.70125
-1.3425 0.64
-1.3725 0.65375
-1.375 0.59875
-1.3975 0.62
-1.355 0.57875
-1.355 0.5375
-1.4325 0.63375
-1.2975 0.6025
-1.4125 0.745
-1.5 0.7775
-1.475 0.7525
-1.5525 0.82875
-1.385 0.69875
-1.36 0.65375
-1.47 0.685
-1.3775 0.63625
-1.405 0.62125
-1.4425 0.6525
-1.3425 0.57625
-1.3175 0.545
-1.31 0.56
-1.375 0.66
-1.3875 0.67
-1.3525 0.5825
-1.3875 0.62625
-1.4625 0.68
-1.405 0.675
-1.275 0.6275
-1.4725 0.76125
-1.4025 0.73625
-1.385 0.75625
-1.45 0.69875
-1.31 0.6125
-1.445 0.66
-1.3925 0.675
-1.4325 0.6525
-1.4325 0.66875
-1.365 0.6225
-1.4075 0.61625
-1.385 0.605
-1.36 0.6675
-1.515 0.76875
-1.5225 0.78375
-1.3975 0.72875
-1.5625 0.79
-1.4525 0.7275
-1.5075 0.7525
-1.4 0.6975
-1.4175 0.665
-1.5025 0.7425
-1.4175 0.70875
-1.415 0.74375
-1.4525 0.73875
-1.4125 0.75
-1.43 0.74125
-1.4125 0.75625
-1.5675 0.81125
-1.51 0.8
-1.5575 0.78875
-1.5 0.77875
-1.395 0.685
-1.3975 0.7375
-1.4925 0.72375
-1.505 0.72875
-1.4625 0.7025
-1.5075 0.71125
-1.5125 0.77
-1.49 0.79
-1.355 0.705
-1.4275 0.70375
-1.42 0.6875
-1.53 0.785
-1.39 0.68875
-1.445 0.735
-1.465 0.76
-1.5875 0.8375
-1.3825 0.705
-1.39 0.70125
-1.425 0.7
-1.345 0.655
-1.39 0.7325
-1.515 0.81375
-1.6075 0.83625
-1.485 0.8075
-1.5925 0.835
-1.525 0.7975
-1.4675 0.76375
-1.4325 0.76375
-1.5425 0.77375
-1.41 0.73625
-1.5875 0.79125
-1.52 0.8275
-1.535 0.8275
-1.4775 0.77625
-1.585 0.81125
-1.4625 0.78625
-1.455 0.78125
-1.5175 0.765
-1.5125 0.7525
-1.365 0.64125
-1.355 0.5925
-1.3375 0.65875
-1.45 0.72
-1.3775 0.71
-1.535 0.81625
-1.52 0.7875
-1.485 0.78875
-1.505 0.79375
-1.5325 0.83125
-1.4775 0.7825
-1.495 0.80125
-1.4775 0.75875
-1.56 0.8375
-1.3975 0.7425
-1.575 0.84
-1.465 0.7675
-1.445 0.76875
-1.5425 0.7925
-1.6075 0.83375
-1.5025 0.78375
-1.4725 0.78125
-1.505 0.78125
-1.385 0.71625
-1.32 0.685
-1.4425 0.68625
-1.325 0.5975
-1.395 0.615
-1.4625 0.635
-1.34 0.605
-1.355 0.5475
-1.4325 0.5375
-1.345 0.44125
-1.31 0.4875
-1.395 0.5075
-1.4075 0.5475
-1.42 0.62
-1.4125 0.54
-1.41 0.565
-1.445 0.575
-1.3125 0.51875
-1.245 0.41
-1.3075 0.46125
-1.265 0.38875
-1.3725 0.43625
-1.2725 0.2825
-1.355 0.275
-1.415 0.30125
-1.3225 0.26625
-1.2875 0.2
-1.35 0.27375
-1.315 0.30875
-1.34 0.3275
-1.2625 0.4375
-1.285 0.46125
-1.285 0.53
-1.3225 0.55875
-1.3875 0.57875
-1.335 0.6025
-1.35 0.52
-1.295 0.395
-1.2875 0.36375
-1.335 0.4675
-1.335 0.33
-1.3125 0.3
-1.2875 0.26375
-1.235 0.31
-1.2225 0.23375
-1.2825 0.26
-1.38 0.34875
-1.265 0.2325
-1.2825 0.22625
-1.32 0.1875
-1.2575 0.1575
-1.1 0.11875
-1.295 0.27875
-1.3125 0.27125
-1.3675 0.30125
-1.43 0.42
-1.4375 0.39375
-1.4425 0.35
-1.33 0.34375
-1.3875 0.35625
-1.2575 0.3675
-1.2525 0.255
-1.265 0.3475
-1.305 0.33875
-1.2725 0.2875
-1.3825 0.44
-1.385 0.52375
-1.4775 0.5575
-1.47 0.5625
-1.3975 0.535
-1.3825 0.56
-1.3875 0.57125
-1.4175 0.54625
-1.3775 0.57625
-1.3375 0.50875
-1.3475 0.55125
-1.425 0.635
-1.255 0.52875
-1.335 0.56125
-1.4375 0.65
-1.3175 0.54125
-1.3325 0.50875
-1.375 0.44875
-1.34 0.35375
-1.38 0.33125
-1.325 0.3775
-1.27 0.40375
-1.4325 0.43625
-1.38 0.445
-1.34 0.52125
-1.37 0.5625
-1.4325 0.52625
-1.3875 0.605
-1.265 0.5475
-1.3525 0.55625
-1.3875 0.585
-1.3025 0.5325
-1.43 0.65375
-1.48 0.67125
-1.39 0.6325
-1.2725 0.54875
-1.3875 0.49
-1.3275 0.4375
-1.2925 0.36125
-1.3175 0.405
-1.395 0.47375
-1.3675 0.54375
-1.325 0.51125
-1.325 0.575
-1.4575 0.62125
-1.46 0.62625
-1.4525 0.61875
-1.46 0.70375
-1.465 0.6425
-1.33 0.55125
-1.4425 0.56875
-1.32 0.605
-1.365 0.48875
-1.275 0.33
-1.285 0.405
-1.4675 0.51625
-1.3375 0.545
-1.4 0.5775
-1.4 0.62125
-1.3075 0.58875
-1.3925 0.56625
-1.37 0.49
-1.3725 0.43875
-1.36 0.57125
-1.36 0.615
-1.38 0.62125
-1.5075 0.66875
-1.3775 0.59375
-1.4325 0.5425
-1.335 0.5425
-1.4225 0.66375
-1.495 0.71
-1.4475 0.7075
-1.44 0.73125
-1.465 0.73125
-1.4275 0.69
-1.4025 0.6625
-1.41 0.71625
-1.4775 0.7875
-1.4025 0.70125
-1.44 0.7225
-1.4225 0.72125
-1.465 0.7775
-1.395 0.73375
-1.3925 0.73375
-1.415 0.705
-1.5075 0.7925
-1.475 0.8
-1.4475 0.76375
-1.4275 0.7625
-1.4325 0.76125
-1.47 0.7775
-1.38 0.675
-1.43 0.745
-1.5025 0.78
-1.4325 0.75625
-1.4625 0.7575
-1.55 0.81375
-1.5225 0.78
-1.4325 0.70875
-1.465 0.76
-1.595 0.84125
-1.4275 0.73625
-1.4575 0.76375
-1.5625 0.78
-1.4825 0.75625
-1.395 0.66125
-1.36 0.6325
-1.3825 0.6825
-1.345 0.715
-1.43 0.72
-1.3175 0.51625
-1.355 0.59
-1.265 0.50625
-1.24 0.5375
-1.325 0.525
-1.31 0.6525
-1.3975 0.73375
-1.4475 0.76
-1.4175 0.72
-1.5 0.77375
-1.495 0.7825
-1.43 0.7625
-1.5075 0.79
-1.41 0.71375
-1.36 0.62125
-1.4975 0.62875
-1.43 0.675
-1.4275 0.7075
-1.4525 0.71125
-1.385 0.65625
-1.3825 0.68375
-1.53 0.725
-1.455 0.69375
-1.4725 0.705
-1.37 0.62625
-1.435 0.59375
-1.48 0.57375
-1.405 0.5425
-1.43 0.52875
-1.3675 0.4825
-1.3375 0.55625
-1.35 0.60125
-1.4275 0.6125
-1.495 0.73125
-1.3825 0.70375
-1.3625 0.63625
-1.4425 0.66875
-1.35 0.67125
-1.515 0.735
-1.4325 0.73875
-1.4825 0.7375
-1.4325 0.7375
-1.4875 0.79375
-1.445 0.765
-1.455 0.735
-1.4375 0.7625
-1.4575 0.70625
-1.5025 0.7325
-1.47 0.70375
-1.3375 0.67125
-1.515 0.7875
-1.435 0.72375
-1.39 0.68875
-1.4525 0.76
-1.4575 0.77
-1.4725 0.7625
-1.4225 0.71625
-1.405 0.6175
-1.4625 0.73375
-1.49 0.775
-1.365 0.695
-1.4825 0.7275
-1.5 0.72
-1.445 0.72375
-1.32 0.57375
-1.39 0.71625
-1.34 0.68875
-1.385 0.7575
-1.58 0.845
-1.5025 0.7975
-1.5 0.735
-1.465 0.72125
-1.4325 0.65875
-1.375 0.6675
-1.4925 0.71
-1.3775 0.69625
-1.4175 0.70375
-1.5175 0.76125
-1.425 0.72375
-1.4525 0.7425
-1.475 0.7425
-1.495 0.77125
-1.485 0.7525
-1.525 0.79
-1.42 0.71625
-1.4175 0.72625
-1.4725 0.74375
-1.41 0.6825
-1.4375 0.69875
-1.415 0.72625
-1.405 0.6875
-1.455 0.71125
-1.3875 0.7325
-1.37 0.6475
-1.33 0.58625
-1.2675 0.43625
-1.3025 0.39625
-1.3375 0.42375
-1.2875 0.3775
-1.36 0.22375
-1.35 0.2225
-1.3975 0.1475
-1.28 0.16125
-1.2475 0.2775
-1.255 0.415
-1.375 0.40875
-1.3875 0.50375
-1.335 0.505
-1.3075 0.50125
-1.3475 0.47
-1.345 0.4825
-1.42 0.6
-1.37 0.5375
-1.33 0.52
-1.315 0.50875
-1.3925 0.54375
-1.3675 0.495
-1.2725 0.43625
-1.265 0.415
-1.365 0.34625
-1.3725 0.34875
-1.335 0.355
-1.3125 0.32
-1.35 0.525
-1.4225 0.5425
-1.32 0.48375
-1.305 0.4525
-1.325 0.50875
-1.2875 0.4675
-1.3675 0.5825
-1.34 0.53875
-1.4275 0.63375
-1.475 0.64125
-1.5075 0.63125
-1.33 0.58875
-1.365 0.57375
-1.3425 0.56875
-1.36 0.625
-1.4375 0.66625
-1.4775 0.69375
-1.3825 0.665
-1.4075 0.64375
-1.42 0.60625
-1.4225 0.55625
-1.44 0.60375
-1.43 0.59625
-1.41 0.67
-1.455 0.65375
-1.2425 0.57625
-1.4075 0.63125
-1.41 0.63625
-1.3525 0.6
-1.36 0.54625
-1.395 0.68
-1.37 0.6
-1.3475 0.6275
-1.36 0.60375
-1.4075 0.65125
-1.4 0.6425
-1.325 0.63125
-1.42 0.62875
-1.3575 0.63375
-1.21 0.57
-1.2675 0.555
-1.425 0.48
-1.3925 0.555
-1.4275 0.535
-1.41 0.50625
-1.32 0.4825
-1.3925 0.60375
-1.4225 0.58375
-1.435 0.62125
-1.45 0.66375
-1.5275 0.63875
-1.5875 0.645
-1.4825 0.62625
-1.4275 0.5825
-1.4 0.58375
-1.39 0.6025
-1.31 0.4475
-1.36 0.5125
-1.385 0.48625
-1.32 0.44875
-1.3375 0.43375
-1.375 0.36
-1.31 0.39875
-1.4 0.37
-1.3475 0.37375
-1.265 0.45625
-1.29 0.39625
-1.3025 0.4075
-1.345 0.5375
-1.3275 0.61375
-1.28 0.43125
-1.2275 0.4275
-1.225 0.41625
-1.25 0.46875
-1.4425 0.56
-1.4075 0.55125
-1.3475 0.5175
-1.2875 0.515
-1.31 0.56
-1.3125 0.56
-1.32 0.55
-1.3875 0.51625
-1.3125 0.31
-1.445 0.45375
-1.295 0.435
-1.37 0.45375
-1.3225 0.40375
-1.325 0.43125
-1.29 0.44
-1.355 0.5
-1.365 0.5425
-1.425 0.64
-1.375 0.57125
-1.3925 0.5625
-1.425 0.55125
-1.3675 0.50125
-1.365 0.41
-1.3075 0.29125
-1.2525 0.25625
-1.2875 0.29
-1.2975 0.30125
-1.3625 0.29875
-1.3225 0.4925
-1.315 0.50875
-1.1975 0.47
-1.4175 0.515
-1.405 0.43375
-1.2775 0.40625
-1.2525 0.38
-1.4025 0.42875
-1.185 0.27625
-1.3725 0.43375
-1.335 0.515
-1.3925 0.52
-1.2475 0.4525
-1.3925 0.45
-1.3275 0.38375
-1.275 0.43875
-1.29 0.35625
-1.26 0.33625
-1.37 0.415
-1.41 0.4575
-1.4075 0.53
-1.445 0.5825
-1.4275 0.62875
-1.3325 0.5825
-1.3725 0.605
-1.5175 0.63625
-1.385 0.64375
-1.4625 0.69125
-1.425 0.63
-1.26 0.5775
-1.325 0.61625
-1.4375 0.67
-1.455 0.69125
-1.4725 0.69125
-1.4575 0.70375
-1.3825 0.67625
-1.4525 0.70125
-1.3425 0.61375
-1.3425 0.59375
-1.33 0.7
-1.3775 0.60125
-1.335 0.485
-1.3425 0.5325
-1.375 0.5225
-1.3875 0.5425
-1.3425 0.5125
-1.35 0.55375
-1.4075 0.60875
-1.3925 0.61875
-1.4575 0.6625
-1.415 0.6975
-1.3 0.65875
-1.3675 0.67375
-1.43 0.66
-1.3475 0.57625
-1.4175 0.53625
-1.4025 0.60875
-1.31 0.605
-1.3925 0.6425
-1.3625 0.60625
-1.3775 0.6575
-1.395 0.66875
-1.4175 0.74625
-1.4025 0.61375
-1.35 0.62625
-1.495 0.7675
-1.5675 0.83
-1.495 0.76
-1.4275 0.7525
-1.58 0.8275
-1.51 0.76375
-1.3975 0.725
-1.4575 0.74
-1.4725 0.74125
-1.46 0.72375
-1.3625 0.705
-1.3675 0.70375
-1.35 0.665
-1.42 0.655
-1.41 0.625
-1.34 0.6525
-1.3275 0.59875
-1.3725 0.6025
-1.43 0.6375
-1.45 0.62
-1.45 0.665
-1.4925 0.65
-1.41 0.54
-1.33 0.5325
-1.375 0.56875
-1.39 0.445
-1.375 0.495
-1.2975 0.4975
-1.315 0.3525
-1.35 0.2975
-1.305 0.3825
-1.2625 0.25625
-1.2525 0.21875
-1.32 0.16625
-1.4025 0.24
-1.3 0.22125
-1.395 0.26
-1.3925 0.2375
-1.31 0.3325
-1.43 0.37375
-1.3375 0.3625
-1.37 0.40375
-1.3475 0.425
-1.2575 0.38625
-1.2625 0.405
-1.265 0.47125
-1.3925 0.545
-1.4325 0.605
-1.3625 0.59125
-1.2975 0.44875
-1.2275 0.40375
-1.315 0.56375
-1.33 0.55
-1.3725 0.4875
-1.3675 0.545
-1.47 0.57875
-1.3475 0.53
-1.3475 0.55
-1.3625 0.5875
-1.3975 0.7325
-1.39 0.7275
-1.3975 0.675
-1.4675 0.685
-1.335 0.6525
-1.3925 0.70625
-1.405 0.69875
-1.3575 0.6875
-1.4525 0.71625
-1.4475 0.7275
-1.55 0.82
-1.53 0.81
-1.5 0.77375
-1.355 0.64625
-1.32 0.6325
-1.54 0.68625
-1.39 0.68625
-1.485 0.70625
-1.3775 0.67125
-1.3325 0.5875
-1.39 0.5125
-1.4025 0.56625
-1.38 0.58625
-1.405 0.54875
-1.29 0.535
-1.285 0.5125
-1.2975 0.52125
-1.4425 0.59125
-1.41 0.6475
-1.3475 0.67375
-1.515 0.72875
-1.5325 0.7775
-1.4225 0.69625
-1.535 0.77875
-1.365 0.69375
-1.34 0.57875
-1.305 0.5975
-1.3475 0.64375
-1.3775 0.6475
-1.3575 0.6925
-1.3625 0.64125
-1.3725 0.68
-1.44 0.755
-1.5225 0.7525
-1.4975 0.775
-1.48 0.79375
-1.3675 0.68125
-1.485 0.73875
-1.44 0.68375
-1.4325 0.6625
-1.4225 0.72
-1.3225 0.65125
-1.515 0.74625
-1.405 0.68125
-1.4575 0.7
-1.435 0.69625
-1.385 0.565
-1.215 0.5175
-1.3025 0.6475
-1.38 0.64125
-1.5 0.735
-1.4625 0.73125
-1.445 0.72875
-1.5 0.79
-1.53 0.76375
-1.4675 0.635
-1.515 0.68375
-1.3525 0.60125
-1.46 0.6375
-1.5175 0.7325
-1.465 0.74375
-1.4425 0.7375
-1.3925 0.67375
-1.4425 0.705
-1.4575 0.735
-1.3775 0.6825
-1.455 0.735
-1.385 0.65
-1.4525 0.7
-1.345 0.63375
-1.4375 0.67625
-1.4475 0.75875
-1.5825 0.80625
-1.54 0.77625
-1.4425 0.70625
-1.52 0.76625
-1.4175 0.705
-1.43 0.7525
-1.5 0.78125
-1.5375 0.80875
-1.4225 0.7475
-1.365 0.67125
-1.4425 0.73625
-1.3625 0.62625
-1.3725 0.6325
-1.315 0.53
-1.335 0.615
-1.425 0.64
-1.4875 0.69375
-1.3725 0.5025
-1.3875 0.5475
-1.325 0.565
-1.355 0.5425
-1.37 0.52875
-1.5425 0.63375
-1.41 0.5675
-1.32 0.55375
-1.445 0.71
-1.3925 0.68125
-1.545 0.78875
-1.485 0.8025
-1.535 0.81375
-1.455 0.78
-1.415 0.71
-1.39 0.68875
-1.465 0.78125
-1.435 0.70875
-1.445 0.77
-1.51 0.7625
-1.585 0.7775
-1.5 0.7125
-1.505 0.7325
-1.5175 0.77125
-1.465 0.7325
-1.5125 0.75625
-1.4875 0.79125
-1.4425 0.7325
-1.485 0.76625
-1.4325 0.75125
-1.44 0.725
-1.4625 0.75625
-1.4525 0.76875
-1.445 0.75
-1.61 0.8
-1.3325 0.58
-1.3725 0.635
-1.3225 0.57125
-1.21 0.4525
-1.4075 0.58875
-1.3575 0.49625
-1.3225 0.42875
-1.29 0.47
-1.32 0.36625
-1.3475 0.3625
-1.3675 0.37875
-1.305 0.34375
-1.3375 0.39375
-1.2875 0.43375
-1.2575 0.45875
-1.385 0.59875
-1.4625 0.65125
-1.4125 0.70625
