-1.59 0.85125
-1.71 0.90375
-1.6025 0.85
-1.57 0.8125
-1.6475 0.8525
-1.6225 0.79
-1.6325 0.86
-1.605 0.855
-1.6175 0.855
-1.6525 0.86375
-1.6025 0.84125
-1.6225 0.82375
-1.5775 0.79625
-1.64 0.8675
-1.62 0.8675
-1.57 0.84375
-1.6525 0.88
-1.67 0.86875
-1.67 0.8875
-1.645 0.89125
-1.6125 0.84875
-1.6425 0.87
-1.665 0.89375
-1.68 0.895
-1.6325 0.86125
-1.605 0.8575
-1.595 0.8525
-1.62 0.85875
-1.52 0.79875
-1.54 0.7775
-1.615 0.83
-1.5825 0.81
-1.65 0.84
-1.595 0.78875
-1.565 0.785
-1.5925 0.825
-1.645 0.8675
-1.6475 0.87125
-1.5775 0.815
-1.5675 0.79625
-1.62 0.8375
-1.6025 0.8325
-1.7275 0.91625
-1.635 0.8625
-1.63 0.8825
-1.6175 0.86125
-1.6625 0.87625
-1.6925 0.88125
-1.64 0.8725
-1.55 0.83
-1.6175 0.84
-1.6875 0.85625
-1.66 0.8725
-1.7025 0.9
-1.6375 0.84125
-1.585 0.8475
-1.715 0.9075
-1.67 0.89
-1.71 0.9
-1.7025 0.9075
-1.64 0.855
-1.61 0.84625
-1.6125 0.86
-1.6225 0.86125
-1.59 0.82375
-1.5925 0.835
-1.6975 0.88125
-1.65 0.85875
-1.62 0.8125
-1.5375 0.80875
-1.635 0.8625
-1.645 0.87875
-1.6575 0.85875
-1.6925 0.89125
-1.675 0.88125
-1.5225 0.79375
-1.585 0.815
-1.5125 0.7975
-1.54 0.82375
-1.575 0.80125
-1.5925 0.8225
-1.5075 0.8
-1.61 0.83
-1.6425 0.845
-1.72 0.89625
-1.68 0.89625
-1.645 0.85625
-1.5925 0.81125
-1.6925 0.87375
-1.5775 0.845
-1.55 0.83
-1.6475 0.875
-1.6075 0.8375
-1.65 0.85125
-1.5175 0.78375
-1.615 0.8625
-1.6575 0.87625
-1.5775 0.825
-1.65 0.8525
-1.5725 0.84125
-1.575 0.8425
-1.645 0.85625
-1.6675 0.88125
-1.6825 0.88875
-1.67 0.89375
-1.6875 0.88625
-1.685 0.8875
-1.585 0.8275
-1.5625 0.79375
-1.6025 0.845
-1.74 0.9025
-1.59 0.8375
-1.5975 0.83
-1.635 0.8625
-1.6 0.85
-1.64 0.87125
-1.6625 0.86875
-1.69 0.88125
-1.5925 0.85875
-1.6375 0.8675
-1.67 0.83125
-1.63 0.83875
-1.6125 0.8425
-1.665 0.855
-1.7425 0.915
-1.6375 0.82375
-1.615 0.83
-1.67 0.885
-1.6975 0.89625
-1.625 0.8675
-1.665 0.8875
-1.73 0.8975
-1.6775 0.87875
-1.715 0.9075
-1.585 0.8275
-1.6875 0.90125
-1.68 0.89375
-1.605 0.83125
-1.6125 0.84125
-1.6 0.80125
-1.5775 0.78
-1.635 0.8475
-1.6075 0.82375
-1.6375 0.875
-1.65 0.86875
-1.665 0.8925
-1.6675 0.8875
-1.6275 0.8625
-1.54 0.81375
-1.5525 0.82875
-1.6375 0.8625
-1.6825 0.89
-1.66 0.86875
-1.605 0.84375
-1.525 0.8125
-1.6425 0.8725
-1.665 0.87875
-1.73 0.90875
-1.68 0.87125
-1.69 0.87625
-1.675 0.8875
-1.58 0.86
-1.63 0.81625
-1.6025 0.78625
-1.53 0.78
-1.5775 0.81
-1.535 0.81875
-1.5825 0.8025
-1.45 0.78
-1.615 0.85
-1.6575 0.88
-1.6975 0.905
-1.665 0.89125
-1.675 0.89125
-1.6925 0.895
-1.655 0.86125
-1.6425 0.85375
-1.735 0.9175
-1.6 0.85875
-1.6375 0.875
-1.555 0.8375
-1.705 0.9125
-1.6525 0.87
-1.6075 0.8
-1.6175 0.85375
-1.635 0.84375
-1.6175 0.855
-1.615 0.855
-1.6225 0.8575
-1.5575 0.82125
-1.6625 0.88125
-1.6075 0.86125
-1.71 0.895
-1.6875 0.86625
-1.6025 0.8475
-1.67 0.8875
-1.755 0.92
-1.705 0.90125
-1.57 0.81875
-1.6825 0.9
-1.71 0.88375
-1.6575 0.87875
-1.615 0.87
-1.5975 0.83875
-1.55 0.8375
-1.615 0.8275
-1.565 0.8275
-1.595 0.83875
-1.6075 0.8775
-1.605 0.84875
-1.5825 0.83
-1.5775 0.835
-1.6 0.8275
-1.625 0.84375
-1.6225 0.845
-1.605 0.84625
-1.69 0.89375
-1.6575 0.86625
-1.57 0.8075
-1.66 0.8775
-1.75 0.91375
-1.5975 0.84
-1.5475 0.79125
-1.645 0.85625
-1.6625 0.8625
-1.5375 0.77375
-1.595 0.81375
-1.5725 0.82375
-1.5825 0.80875
-1.6625 0.785
-1.595 0.77875
-1.5925 0.7575
-1.56 0.75625
-1.58 0.7875
-1.6975 0.84875
-1.6425 0.815
-1.59 0.82
-1.6525 0.88
-1.605 0.84125
-1.545 0.78875
-1.625 0.835
-1.645 0.8825
-1.6775 0.88875
-1.66 0.86625
-1.645 0.8725
-1.585 0.84125
-1.6525 0.87625
-1.7125 0.88875
-1.65 0.8575
-1.6075 0.83375
-1.65 0.8775
-1.7325 0.9225
-1.605 0.815
-1.5525 0.785
-1.6325 0.80375
-1.6575 0.79
-1.7 0.8475
-1.685 0.84875
-1.63 0.83875
-1.6075 0.845
-1.64 0.87875
-1.72 0.89875
-1.7125 0.895
-1.635 0.87375
-1.635 0.8525
-1.5225 0.8
-1.6525 0.8775
-1.5875 0.79125
-1.6125 0.825
-1.555 0.8125
-1.6625 0.88125
-1.69 0.88125
-1.5675 0.835
-1.5925 0.8525
-1.7625 0.92125
-1.675 0.88875
-1.71 0.895
-1.6525 0.87125
-1.58 0.82875
-1.5575 0.82625
-1.685 0.89125
-1.7575 0.92
-1.665 0.8925
-1.695 0.86625
-1.6825 0.88
-1.6 0.84375
-1.615 0.85375
-1.67 0.86875
-1.6 0.85125
-1.5775 0.825
-1.605 0.84625
-1.68 0.88
-1.67 0.90375
-1.8025 0.93875
-1.6375 0.8425
-1.6625 0.88375
-1.755 0.92125
-1.6175 0.8275
-1.545 0.8175
-1.615 0.85125
-1.6875 0.8775
-1.7175 0.9125
-1.665 0.8825
-1.6225 0.855
-1.655 0.8825
-1.61 0.86625
-1.5925 0.845
-1.6725 0.8925
-1.685 0.89625
-1.61 0.87375
-1.6225 0.87125
-1.7125 0.9
-1.5325 0.8175
-1.65 0.8575
-1.5925 0.82875
-1.68 0.8625
-1.5525 0.82375
-1.625 0.8275
-1.545 0.76875
-1.5375 0.79
-1.675 0.85
-1.6525 0.86375
-1.6825 0.88125
-1.605 0.8575
-1.75 0.89875
-1.55 0.805
-1.61 0.8275
-1.59 0.85875
-1.6025 0.855
-1.6625 0.885
-1.745 0.9125
-1.585 0.82875
-1.6275 0.88
-1.63 0.86125
-1.6875 0.8925
-1.5975 0.85125
-1.6825 0.8375
-1.6625 0.875
-1.7175 0.89625
-1.6775 0.895
-1.64 0.87125
-1.6425 0.86
-1.635 0.87625
-1.6475 0.87
-1.705 0.88625
-1.6575 0.88375
-1.69 0.89875
-1.67 0.8925
-1.5775 0.8275
-1.61 0.86375
-1.52 0.80875
-1.5475 0.805
-1.625 0.87125
-1.6925 0.89
-1.5975 0.84875
-1.645 0.88625
-1.6375 0.86875
-1.675 0.88375
-1.6525 0.8775
-1.71 0.90125
-1.5325 0.8025
-1.6425 0.85875
-1.6825 0.875
-1.64 0.86125
-1.73 0.92
-1.7275 0.90375
-1.69 0.90625
-1.7325 0.90375
-1.76 0.91875
-1.66 0.85875
-1.5975 0.85
-1.64 0.88625
-1.6325 0.86125
-1.5375 0.81625
-1.6225 0.8425
-1.645 0.84625
-1.5275 0.77375
-1.5575 0.79125
-1.605 0.82625
-1.5775 0.8325
-1.67 0.87375
-1.6425 0.8575
-1.7125 0.905
-1.7075 0.89125
-1.745 0.91
-1.645 0.885
-1.695 0.8575
-1.62 0.83375
-1.5925 0.84375
-1.585 0.81
-1.525 0.8075
-1.635 0.86375
-1.64 0.8575
-1.6225 0.83625
-1.5125 0.79875
-1.5125 0.77
-1.62 0.865
-1.695 0.9
-1.6225 0.87875
-1.6875 0.8925
-1.64 0.87
-1.6775 0.8825
-1.7375 0.905
-1.685 0.8875
-1.6325 0.87
-1.705 0.89375
-1.6275 0.875
-1.67 0.875
-1.6625 0.84
-1.6525 0.85625
-1.5625 0.81875
-1.5925 0.8575
-1.6425 0.87
-1.6825 0.895
-1.59 0.82375
-1.68 0.885
-1.62 0.8325
-1.68 0.8775
-1.6575 0.87625
-1.6125 0.87375
-1.65 0.86125
-1.605 0.84875
-1.6625 0.87375
-1.605 0.85125
-1.5875 0.845
-1.59 0.83625
-1.65 0.85875
-1.585 0.83625
-1.5925 0.7975
-1.605 0.78
-1.5975 0.82625
-1.625 0.83
-1.61 0.8625
-1.7125 0.8675
-1.6625 0.86875
-1.69 0.9
-1.6 0.83375
-1.535 0.82875
-1.6 0.8275
-1.6775 0.88375
-1.685 0.88875
-1.6775 0.89125
-1.7125 0.905
-1.6325 0.87875
-1.575 0.8325
-1.6375 0.83625
-1.6575 0.86
-1.665 0.865
-1.605 0.8575
-1.72 0.90875
-1.565 0.79875
-1.6475 0.87375
-1.6825 0.87375
-1.585 0.81
-1.5725 0.8275
-1.625 0.88125
-1.71 0.91125
-1.655 0.89125
-1.6175 0.865
-1.6875 0.88375
-1.605 0.845
-1.6325 0.8275
-1.7525 0.91875
-1.645 0.8775
-1.5875 0.8525
-1.635 0.87375
-1.605 0.82625
-1.675 0.8825
-1.615 0.8725
-1.6575 0.82875
-1.6625 0.83375
-1.6075 0.83375
-1.55 0.82
-1.6625 0.8625
-1.67 0.89
-1.685 0.8925
-1.6075 0.84625
-1.63 0.8625
-1.635 0.86
-1.7075 0.885
-1.7025 0.90125
-1.7325 0.92125
-1.6525 0.8775
-1.6825 0.89125
-1.6175 0.8725
-1.59 0.82875
-1.495 0.7875
-1.64 0.85375
-1.62 0.8375
-1.6275 0.82125
-1.62 0.8675
-1.5875 0.84625
-1.725 0.905
-1.685 0.8825
-1.5775 0.82125
-1.6475 0.88125
-1.6275 0.845
-1.685 0.875
-1.685 0.87625
-1.705 0.88
-1.71 0.87625
-1.615 0.8225
-1.6725 0.88
-1.5775 0.8275
-1.6575 0.865
-1.6625 0.83875
-1.7425 0.8925
-1.66 0.8875
-1.655 0.86625
-1.6125 0.8425
-1.67 0.885
-1.6075 0.86625
-1.5875 0.825
-1.6175 0.8175
-1.6125 0.83125
-1.54 0.785
-1.6175 0.84375
-1.59 0.8525
-1.535 0.80875
-1.5625 0.79875
-1.6075 0.83
-1.535 0.80375
-1.7275 0.8975
-1.7 0.8975
-1.62 0.86125
-1.58 0.8275
-1.66 0.88375
-1.6625 0.885
-1.6425 0.865
-1.6525 0.8775
-1.63 0.86625
-1.685 0.86875
-1.57 0.80375
-1.625 0.81875
-1.5775 0.8325
-1.5925 0.84125
-1.5475 0.83125
-1.565 0.80375
-1.6175 0.84
-1.6075 0.8225
-1.59 0.84
-1.5075 0.775
-1.545 0.80375
-1.575 0.84
-1.68 0.88375
-1.5725 0.85125
-1.6225 0.8175
-1.5475 0.71125
-1.59 0.775
-1.53 0.77875
-1.5175 0.7475
-1.5875 0.81375
-1.56 0.7625
-1.66 0.87375
-1.6325 0.87125
-1.6975 0.89875
-1.715 0.9125
-1.59 0.85125
-1.65 0.885
-1.655 0.88625
-1.6275 0.85
-1.6025 0.84375
-1.62 0.83625
-1.62 0.865
-1.6175 0.8525
-1.595 0.81625
-1.615 0.84125
-1.6075 0.82125
-1.6325 0.86375
-1.6325 0.875
-1.7025 0.90125
-1.7 0.89625
-1.63 0.84
-1.635 0.82875
-1.595 0.8125
-1.6975 0.86875
-1.595 0.84
-1.585 0.83125
-1.745 0.91125
-1.6925 0.89625
-1.685 0.88875
-1.625 0.85625
-1.5575 0.82625
-1.58 0.8325
-1.705 0.8825
-1.655 0.87125
-1.57 0.8075
-1.5575 0.775
-1.665 0.86125
-1.675 0.865
-1.6125 0.855
-1.6475 0.86875
-1.6675 0.875
-1.655 0.87375
-1.64 0.82625
-1.7075 0.8975
-1.61 0.85375
-1.6175 0.8325
-1.51 0.69125
-1.565 0.67375
-1.59 0.715
-1.535 0.7075
-1.5825 0.73625
-1.55 0.71
-1.55 0.7475
-1.705 0.86
-1.635 0.8625
-1.7 0.8875
-1.6725 0.88
-1.5475 0.82
-1.5025 0.7725
-1.625 0.80125
-1.5625 0.7675
-1.5525 0.7125
-1.5525 0.785
-1.585 0.785
-1.6525 0.84
-1.5825 0.81625
-1.6625 0.8575
-1.6725 0.86875
-1.6575 0.855
-1.6175 0.8125
-1.5325 0.77375
-1.645 0.8125
-1.5875 0.81625
-1.615 0.81375
-1.6025 0.82375
-1.6125 0.81125
-1.6175 0.8225
-1.6125 0.855
-1.62 0.8425
-1.665 0.8725
-1.675 0.89125
-1.6725 0.8675
-1.63 0.87375
-1.7325 0.89875
-1.6225 0.87
-1.6725 0.8625
-1.56 0.83375
-1.65 0.83375
-1.6025 0.8275
-1.675 0.8775
-1.73 0.90625
-1.6075 0.8725
-1.6 0.855
-1.68 0.88625
-1.6975 0.8825
-1.7025 0.89875
-1.6425 0.87375
-1.715 0.89875
-1.6025 0.85875
-1.705 0.86
-1.6475 0.8275
-1.5325 0.75375
-1.52 0.75125
-1.585 0.775
-1.5975 0.82875
-1.6475 0.86625
-1.6325 0.87375
-1.6625 0.86
-1.5875 0.845
-1.645 0.88
-1.6275 0.86625
-1.665 0.87375
-1.6375 0.88375
-1.655 0.87375
-1.6275 0.84625
-1.5975 0.8575
-1.64 0.87
-1.57 0.81625
-1.6675 0.8575
-1.645 0.8575
-1.685 0.88625
-1.67 0.875
-1.82 0.95
-1.73 0.89625
-1.56 0.8375
-1.6325 0.86
-1.645 0.8475
-1.6925 0.89
-1.5875 0.85125
-1.6425 0.83125
-1.565 0.785
-1.6325 0.86125
-1.685 0.895
-1.735 0.905
-1.5525 0.83875
-1.62 0.8225
-1.58 0.815
-1.5475 0.795
-1.6425 0.83125
-1.5825 0.80375
-1.6525 0.83125
-1.6 0.8425
-1.6325 0.86375
-1.625 0.86375
-1.6775 0.895
-1.5575 0.81875
-1.6175 0.81125
-1.6025 0.82375
-1.6175 0.77875
-1.575 0.81
-1.5975 0.76625
-1.5925 0.8025
-1.65 0.885
-1.67 0.88125
-1.71 0.9075
-1.6575 0.88125
-1.62 0.8675
-1.69 0.87375
-1.705 0.91125
-1.6525 0.88
-1.585 0.835
-1.665 0.86375
-1.6225 0.85
-1.715 0.90625
-1.595 0.845
-1.65 0.8825
-1.685 0.89375
-1.64 0.8625
-1.6275 0.855
-1.61 0.825
-1.615 0.83125
-1.63 0.8475
-1.615 0.8525
-1.565 0.79
-1.6975 0.88125
-1.6775 0.89625
-1.7 0.88875
-1.6375 0.85625
-1.635 0.87
-1.67 0.885
-1.67 0.885
-1.6125 0.8525
-1.565 0.84875
-1.5875 0.83375
-1.61 0.8575
-1.565 0.83
-1.665 0.87
-1.6325 0.87625
-1.6275 0.85
-1.4925 0.7725
-1.47 0.73625
-1.5475 0.79
-1.57 0.83375
-1.7425 0.9175
-1.67 0.87625
-1.6325 0.87
-1.71 0.8925
-1.615 0.8575
-1.6425 0.8825
-1.6875 0.8725
-1.6475 0.86625
-1.665 0.88625
-1.67 0.89125
-1.73 0.91875
-1.6575 0.86875
-1.6475 0.8425
-1.61 0.82125
-1.625 0.84375
-1.51 0.785
-1.595 0.84875
-1.605 0.83375
-1.5975 0.7925
-1.5725 0.81375
-1.4975 0.79625
-1.6325 0.8275
-1.58 0.72875
-1.545 0.745
-1.6875 0.8075
-1.585 0.76
-1.6125 0.7775
-1.61 0.8
-1.5875 0.80125
-1.62 0.845
-1.6875 0.89875
-1.6025 0.8625
-1.5825 0.8325
-1.69 0.8975
-1.7075 0.8975
-1.63 0.86125
-1.63 0.84125
-1.68 0.89
-1.5 0.80625
-1.63 0.855
-1.6425 0.81125
-1.5925 0.8325
-1.6025 0.84625
-1.6625 0.8475
-1.7125 0.91125
-1.615 0.86375
-1.6525 0.8825
-1.6225 0.86125
-1.63 0.86375
-1.68 0.89625
-1.74 0.9
-1.59 0.84125
-1.6525 0.86375
-1.71 0.88625
-1.6475 0.87125
-1.6975 0.88875
-1.62 0.86625
-1.74 0.92375
-1.7 0.895
-1.6775 0.875
-1.5725 0.8175
-1.6525 0.82625
-1.6125 0.81625
-1.6975 0.89
-1.58 0.84875
-1.6 0.83875
-1.52 0.82625
-1.675 0.87875
-1.6475 0.8525
-1.5975 0.8325
-1.66 0.83375
-1.5925 0.835
-1.665 0.875
-1.6825 0.855
-1.615 0.85875
-1.6125 0.82875
-1.765 0.91125
-1.72 0.89625
-1.6675 0.8675
-1.6025 0.845
-1.645 0.825
-1.5525 0.83
-1.635 0.85125
-1.6675 0.88
-1.705 0.87625
-1.5225 0.785
-1.515 0.76625
-1.5925 0.8
-1.6825 0.85
-1.6175 0.85625
-1.62 0.855
-1.74 0.9075
-1.6875 0.895
-1.6725 0.88125
-1.67 0.885
-1.65 0.8775
-1.5875 0.84125
-1.57 0.83375
-1.62 0.85875
-1.575 0.83375
-1.645 0.8475
-1.5725 0.82625
-1.7 0.89625
-1.6625 0.8675
-1.535 0.79625
-1.635 0.7925
-1.5025 0.73375
-1.6825 0.8575
-1.535 0.79125
-1.59 0.82125
-1.6675 0.8825
-1.6725 0.89375
-1.66 0.865
-1.67 0.8975
-1.6275 0.865
-1.5725 0.8425
-1.7225 0.9025
-1.675 0.895
-1.67 0.8825
-1.62 0.83375
-1.6375 0.865
-1.52 0.82125
-1.565 0.8125
-1.5925 0.80125
-1.5475 0.7025
-1.475 0.65125
-1.465 0.67375
-1.55 0.725
-1.59 0.80875
-1.6625 0.8775
-1.67 0.88125
-1.6725 0.875
-1.575 0.815
-1.59 0.80125
-1.565 0.75875
-1.5325 0.72375
-1.4425 0.73
-1.62 0.81375
-1.7225 0.88375
-1.6325 0.86125
-1.5975 0.87
-1.71 0.9075
-1.625 0.87125
-1.71 0.89
-1.6775 0.89625
-1.7125 0.9025
-1.635 0.87625
-1.695 0.895
-1.605 0.8425
-1.52 0.82
-1.6225 0.85875
-1.6525 0.86
-1.6675 0.89125
-1.6225 0.85625
-1.7625 0.9275
-1.645 0.8825
-1.705 0.885
-1.64 0.8675
-1.635 0.84375
-1.5875 0.7975
-1.55 0.8075
-1.6375 0.8625
-1.6625 0.86375
-1.615 0.86625
-1.595 0.83875
-1.6725 0.86375
-1.6625 0.88125
-1.605 0.845
-1.5725 0.83
-1.6125 0.8475
-1.5475 0.7675
-1.575 0.8125
-1.6075 0.83625
-1.6375 0.8625
-1.6075 0.86125
-1.7275 0.89875
-1.6675 0.875
-1.69 0.89125
-1.645 0.85375
-1.66 0.86125
-1.5825 0.8425
-1.715 0.895
-1.6575 0.8825
-1.72 0.8975
-1.665 0.87125
-1.6475 0.87
-1.7275 0.905
-1.625 0.8725
-1.6175 0.85625
-1.61 0.83625
-1.67 0.84125
-1.5825 0.75125
-1.5625 0.695
-1.535 0.705
-1.585 0.77875
-1.67 0.82125
-1.5075 0.73
-1.6425 0.845
-1.66 0.8325
-1.59 0.835
-1.655 0.87125
-1.635 0.87375
-1.6725 0.8975
-1.6825 0.895
-1.6175 0.84375
-1.5925 0.815
-1.71 0.905
-1.625 0.825
-1.7125 0.87
-1.625 0.8325
-1.6475 0.87375
-1.6875 0.85625
-1.61 0.82625
-1.6125 0.84125
-1.5225 0.76125
-1.5725 0.79125
-1.675 0.855
-1.6275 0.8325
-1.635 0.8425
-1.7225 0.89125
-1.64 0.865
-1.6075 0.825
-1.575 0.82375
-1.64 0.86625
-1.62 0.865
-1.53 0.795
-1.71 0.90875
-1.735 0.91125
-1.5375 0.785
-1.595 0.815
-1.5925 0.8525
-1.55 0.80375
-1.5925 0.78375
-1.5175 0.775
-1.6275 0.82375
-1.6025 0.84
-1.5625 0.81625
-1.7025 0.8925
-1.6375 0.87
-1.67 0.88
-1.615 0.86
-1.6625 0.87375
-1.6425 0.855
-1.6625 0.88375
-1.665 0.88125
-1.6175 0.8575
-1.66 0.875
-1.6775 0.875
-1.645 0.84625
-1.585 0.82875
-1.6375 0.8625
-1.62 0.87
-1.5775 0.79375
-1.6325 0.8175
-1.5925 0.815
-1.5675 0.83
-1.68 0.84375
-1.6875 0.88125
-1.6675 0.8825
-1.68 0.9
-1.7075 0.9025
-1.6775 0.88375
-1.725 0.91125
-1.62 0.85125
-1.5475 0.8275
-1.58 0.84375
-1.67 0.87125
-1.7375 0.91625
-1.55 0.82875
-1.735 0.9075
-1.71 0.90625
-1.6425 0.8525
-1.675 0.87875
-1.6275 0.86125
-1.68 0.87875
-1.705 0.8925
-1.67 0.87625
-1.6625 0.88125
-1.6225 0.8475
-1.57 0.83625
-1.67 0.875
-1.62 0.8525
-1.67 0.8375
-1.58 0.84125
-1.645 0.83125
-1.5 0.73
-1.6075 0.81
-1.63 0.77125
-1.5475 0.785
-1.5925 0.80125
-1.535 0.74375
-1.6025 0.7825
-1.5325 0.76375
-1.645 0.8525
-1.635 0.8575
-1.6775 0.86875
-1.685 0.8525
-1.585 0.81625
-1.6225 0.86375
-1.5975 0.86
-1.4925 0.8
-1.6275 0.855
-1.6475 0.86375
-1.5425 0.8075
-1.655 0.87125
-1.735 0.90375
-1.5025 0.78
-1.5875 0.81375
-1.6325 0.8275
-1.6725 0.8675
-1.585 0.8175
-1.66 0.8675
-1.63 0.84
-1.605 0.835
-1.635 0.87125
-1.625 0.85
-1.67 0.8825
-1.64 0.85875
-1.6625 0.87625
-1.6975 0.89375
-1.6625 0.8725
-1.55 0.80875
-1.58 0.83375
-1.53 0.80875
-1.66 0.87125
-1.5875 0.84125
-1.6975 0.88875
-1.575 0.795
-1.6 0.785
-1.565 0.77625
-1.4975 0.78375
-1.635 0.865
-1.7025 0.89125
-1.63 0.865
-1.6775 0.8875
-1.71 0.905
-1.675 0.89625
-1.6475 0.88625
-1.745 0.91625
-1.64 0.855
-1.6 0.83875
-1.6525 0.87375
-1.675 0.875
-1.6075 0.81875
-1.5875 0.8025
-1.5475 0.75125
-1.5575 0.78125
-1.52 0.73
-1.6325 0.76375
-1.54 0.72
-1.6375 0.7325
-1.555 0.695
-1.615 0.7925
-1.56 0.76375
-1.4875 0.71
-1.5825 0.81
-1.5625 0.78875
-1.6575 0.88
-1.6675 0.87
-1.6475 0.87
-1.585 0.7975
-1.5475 0.7475
-1.545 0.76375
-1.6125 0.81
-1.63 0.8475
-1.64 0.8675
-1.65 0.88
-1.69 0.89
-1.6925 0.875
-1.6225 0.84125
-1.565 0.80875
-1.5675 0.77875
-1.6925 0.86375
-1.6625 0.865
-1.625 0.84375
-1.6125 0.84875
-1.5425 0.8
-1.72 0.9125
-1.7375 0.90875
-1.5775 0.85
-1.7025 0.895
-1.6925 0.90375
-1.6725 0.8775
-1.5975 0.80375
-1.69 0.8825
-1.62 0.8275
-1.6925 0.8925
-1.5925 0.85125
-1.5775 0.8575
-1.65 0.85625
-1.58 0.81875
-1.6 0.8525
-1.6975 0.8975
-1.6475 0.8575
-1.565 0.84
-1.61 0.79875
-1.6475 0.82125
-1.6325 0.8375
-1.6 0.79875
-1.65 0.83
-1.66 0.835
-1.6125 0.8475
-1.67 0.8875
-1.6525 0.88
-1.685 0.895
-1.6625 0.88125
-1.69 0.8775
-1.575 0.82
-1.59 0.83
-1.615 0.85375
-1.6025 0.8075
-1.4975 0.77
-1.6125 0.81
-1.5275 0.7725
-1.495 0.7575
-1.5175 0.76875
-1.56 0.79
-1.635 0.8725
-1.6475 0.8675
-1.645 0.88375
-1.69 0.88625
-1.67 0.8775
-1.6675 0.88
-1.6625 0.8725
-1.625 0.8425
-1.705 0.905
-1.76 0.92875
-1.645 0.85625
-1.6675 0.88625
-1.665 0.8425
-1.5125 0.79875
-1.62 0.795
-1.585 0.81375
-1.68 0.88
-1.675 0.8775
-1.7125 0.905
-1.6675 0.88375
-1.76 0.925
-1.68 0.89
-1.55 0.77375
-1.61 0.82875
-1.6275 0.85875
-1.5925 0.82125
-1.645 0.86
-1.655 0.85875
-1.6025 0.84375
-1.6075 0.79875
-1.525 0.81625
-1.7275 0.915
-1.7125 0.89125
-1.6775 0.88875
-1.59 0.8175
-1.56 0.815
-1.6575 0.8875
-1.5775 0.87125
-1.665 0.885
-1.565 0.825
-1.6625 0.86
-1.595 0.85375
-1.6675 0.88
-1.5425 0.8275
-1.62 0.81625
-1.6875 0.87
-1.5275 0.805
-1.67 0.865
-1.6725 0.8725
-1.6425 0.8325
-1.6075 0.825
-1.4975 0.7425
-1.535 0.75375
-1.6475 0.81
-1.575 0.77375
-1.58 0.80375
-1.7075 0.87125
-1.6925 0.8975
-1.62 0.845
-1.58 0.82875
-1.6225 0.86
-1.6675 0.88625
-1.6025 0.86375
-1.6225 0.84625
-1.655 0.86625
-1.715 0.90625
-1.595 0.84375
-1.735 0.9075
-1.61 0.8725
-1.62 0.87875
-1.7125 0.9
-1.515 0.80625
-1.6375 0.865
-1.5875 0.8475
-1.6675 0.885
-1.6375 0.8275
-1.6475 0.84625
-1.655 0.885
-1.67 0.8875
-1.625 0.8625
-1.6525 0.87
-1.6275 0.86375
-1.595 0.86
-1.6525 0.83375
-1.5675 0.7825
-1.5575 0.7375
-1.51 0.7175
-1.545 0.71125
-1.5625 0.7475
-1.5025 0.76125
-1.55 0.8125
-1.6375 0.84375
-1.49 0.705
-1.585 0.80375
-1.575 0.8275
-1.7125 0.8975
-1.6075 0.86375
-1.6725 0.88625
-1.69 0.895
-1.63 0.86
-1.605 0.86
-1.6425 0.8675
-1.67 0.89875
-1.6925 0.8725
-1.73 0.885
-1.7 0.8925
-1.6775 0.88125
-1.59 0.8275
-1.6275 0.84875
-1.6475 0.86125
-1.655 0.86
-1.6075 0.83125
-1.5725 0.79125
-1.5625 0.75625
-1.6625 0.83
-1.6325 0.8475
-1.6575 0.85625
-1.68 0.86
-1.5425 0.81375
-1.6275 0.85625
-1.6075 0.81125
-1.7125 0.89125
-1.685 0.9
-1.7575 0.91625
-1.635 0.8575
-1.6675 0.88375
-1.6425 0.875
-1.675 0.86125
-1.61 0.8475
-1.7325 0.91
-1.64 0.8625
-1.645 0.86125
-1.595 0.8375
-1.7075 0.89375
-1.685 0.90625
-1.62 0.87875
-1.6875 0.9
-1.6775 0.865
-1.5825 0.785
-1.58 0.79875
-1.575 0.81625
-1.6225 0.8225
-1.5675 0.82
-1.6275 0.85375
-1.71 0.8775
-1.6025 0.83
-1.645 0.8775
-1.67 0.89
-1.6225 0.8575
-1.7425 0.92125
-1.62 0.86625
-1.6825 0.90375
-1.625 0.85125
-1.645 0.8625
-1.5525 0.78125
-1.5775 0.7925
-1.635 0.80375
-1.635 0.8225
-1.5675 0.81125
-1.6 0.84875
-1.5825 0.82
-1.5675 0.82125
-1.5925 0.84875
-1.5975 0.82875
-1.58 0.7775
-1.6075 0.79625
-1.655 0.8425
-1.575 0.84625
-1.6775 0.885
-1.675 0.88375
-1.61 0.83375
-1.61 0.83125
-1.6525 0.83
-1.6575 0.8325
-1.635 0.87125
-1.58 0.85
-1.6025 0.865
-1.645 0.8625
-1.5125 0.805
-1.5375 0.8175
-1.65 0.85375
-1.5925 0.84625
-1.735 0.92
-1.5875 0.81625
-1.6875 0.86125
-1.695 0.85625
-1.5925 0.84875
-1.6425 0.82625
-1.625 0.8225
-1.625 0.86125
-1.6625 0.86625
-1.6325 0.8625
-1.6075 0.84875
-1.57 0.79625
-1.65 0.8525
-1.6275 0.85375
-1.6325 0.84875
-1.5275 0.79
-1.595 0.8525
-1.585 0.85
-1.585 0.83875
-1.575 0.81875
-1.56 0.79375
-1.515 0.78125
-1.6325 0.85375
-1.5675 0.84625
-1.6525 0.87625
-1.6725 0.88875
-1.655 0.86625
-1.615 0.8475
-1.71 0.90875
-1.6375 0.8875
-1.5825 0.83125
-1.6925 0.87625
-1.6975 0.90125
-1.6525 0.87625
-1.7025 0.89625
-1.67 0.885
-1.68 0.87375
-1.645 0.855
-1.7025 0.8975
-1.565 0.815
-1.5 0.78625
-1.6975 0.89
-1.62 0.85375
-1.545 0.8225
-1.62 0.8725
-1.5925 0.8525
-1.7125 0.885
-1.7175 0.88625
-1.7025 0.895
-1.67 0.87375
-1.665 0.87125
-1.6 0.84125
-1.63 0.8575
-1.59 0.8225
-1.59 0.83
-1.665 0.88625
-1.6 0.855
-1.6525 0.8725
-1.65 0.87375
-1.5925 0.84125
-1.705 0.90125
-1.695 0.88125
-1.7 0.89875
-1.71 0.87
-1.64 0.8225
-1.53 0.745
-1.6475 0.80875
-1.705 0.8475
-1.5825 0.81625
-1.5325 0.79375
-1.665 0.87875
-1.635 0.87375
-1.5 0.7825
-1.5725 0.84
-1.6575 0.87375
-1.58 0.84125
-1.6575 0.865
-1.735 0.905
-1.69 0.8975
-1.575 0.8525
-1.6775 0.8875
-1.6425 0.87625
-1.6275 0.86375
-1.625 0.875
-1.73 0.88
-1.6075 0.86625
-1.6225 0.82625
-1.5475 0.775
-1.66 0.83625
-1.62 0.83375
-1.6275 0.8425
-1.6725 0.8725
-1.665 0.84625
-1.595 0.855
-1.64 0.83375
-1.5875 0.855
-1.635 0.86375
-1.57 0.82875
-1.585 0.8275
-1.65 0.86
-1.61 0.82875
-1.59 0.7725
-1.5875 0.79625
-1.5925 0.81875
-1.675 0.8875
-1.725 0.9075
-1.64 0.87375
-1.65 0.86
-1.6425 0.87375
-1.63 0.81375
-1.645 0.8575
-1.59 0.84875
-1.7025 0.8775
-1.65 0.8725
-1.72 0.8975
-1.6625 0.88625
-1.6875 0.88625
-1.58 0.83625
-1.655 0.8775
-1.7125 0.89
-1.6825 0.89875
-1.625 0.8575
-1.6225 0.82375
-1.5525 0.78
-1.5725 0.7825
-1.5275 0.79
-1.64 0.8525
-1.5575 0.8
-1.4825 0.74
-1.57 0.7825
-1.6325 0.8325
-1.5925 0.8375
-1.55 0.8125
-1.635 0.87
-1.665 0.88125
-1.6425 0.84625
-1.5875 0.8475
-1.595 0.85375
-1.6625 0.89
-1.66 0.8725
-1.61 0.8225
-1.62 0.81625
-1.6875 0.875
-1.64 0.8775
-1.635 0.8675
-1.6975 0.9025
-1.56 0.81625
-1.5875 0.825
-1.7275 0.905
-1.6625 0.8725
-1.595 0.82625
-1.6375 0.84
-1.5925 0.82375
-1.5475 0.835
-1.695 0.87875
-1.565 0.80875
-1.5625 0.78875
-1.515 0.75875
-1.4575 0.735
-1.5425 0.77125
-1.575 0.825
-1.6325 0.84625
-1.585 0.79875
-1.5975 0.80125
-1.57 0.815
-1.6 0.82625
-1.6075 0.865
-1.6275 0.8475
-1.6375 0.86375
-1.545 0.8225
-1.665 0.85875
-1.5825 0.81875
-1.6375 0.875
-1.64 0.86625
-1.6975 0.8875
-1.5375 0.79625
-1.7075 0.85
-1.59 0.81625
-1.655 0.86125
-1.6675 0.88375
-1.6525 0.875
-1.645 0.87
-1.6525 0.83375
-1.6625 0.88375
-1.7075 0.905
-1.6575 0.89375
-1.6725 0.8825
-1.6425 0.8725
-1.7425 0.925
-1.6225 0.86625
-1.605 0.8475
-1.645 0.86375
-1.6125 0.8475
-1.6875 0.84125
-1.56 0.80125
-1.545 0.81
-1.58 0.82875
-1.63 0.86625
-1.545 0.80125
-1.5575 0.78875
-1.5825 0.85
-1.6925 0.90125
-1.73 0.89625
-1.6125 0.82625
-1.5075 0.73125
-1.5525 0.7425
-1.555 0.7525
-1.5275 0.70125
-1.58 0.80125
-1.6275 0.83375
-1.705 0.895
-1.5975 0.8525
-1.6325 0.8575
-1.75 0.90125
-1.66 0.89
-1.6675 0.87
-1.6525 0.885
-1.645 0.85375
-1.6425 0.8525
-1.5725 0.825
-1.5575 0.76875
-1.53 0.79625
-1.585 0.81375
-1.7075 0.89375
-1.7 0.8925
-1.62 0.8575
-1.6425 0.86125
-1.5725 0.77875
-1.595 0.8225
-1.715 0.90125
-1.6025 0.82625
-1.6075 0.86125
-1.6675 0.8825
-1.67 0.8825
-1.66 0.88125
-1.66 0.86625
-1.6825 0.85375
-1.655 0.80625
-1.6025 0.85875
-1.615 0.83125
-1.5975 0.8575
-1.61 0.84125
-1.5625 0.795
-1.525 0.73625
-1.5775 0.80875
-1.6 0.805
-1.64 0.845
-1.56 0.81875
-1.6 0.825
-1.6225 0.8475
-1.545 0.80125
-1.5575 0.79875
-1.71 0.905
-1.6325 0.86125
-1.6175 0.84625
-1.695 0.885
-1.67 0.87875
-1.675 0.88375
-1.51 0.8025
-1.565 0.815
-1.7025 0.8975
-1.7075 0.90375
-1.5675 0.8075
-1.605 0.84625
-1.6475 0.84
-1.625 0.84375
-1.66 0.8575
-1.6025 0.84625
-1.6425 0.88125
-1.6175 0.8675
-1.7175 0.9025
-1.71 0.9025
-1.6075 0.85
-1.625 0.84
-1.605 0.825
-1.675 0.86125
-1.6575 0.84
-1.645 0.87125
-1.56 0.82125
-1.5625 0.71875
-1.565 0.72875
-1.5425 0.705
-1.61 0.7725
-1.64 0.8275
-1.5775 0.795
-1.66 0.86875
-1.595 0.8425
-1.6675 0.88375
-1.7425 0.9175
-1.605 0.8625
-1.7275 0.9125
-1.6075 0.86
-1.58 0.85375
-1.6725 0.88875
-1.64 0.8525
-1.5725 0.8125
-1.6425 0.855
-1.6975 0.885
-1.635 0.84875
-1.6925 0.89875
-1.715 0.88
-1.6675 0.8975
-1.62 0.85375
-1.5275 0.7975
-1.745 0.9075
-1.63 0.87125
-1.625 0.8525
-1.6625 0.88
-1.685 0.89875
-1.5975 0.8575
-1.6825 0.8875
-1.6125 0.85875
-1.615 0.84125
-1.63 0.83625
-1.6125 0.85
-1.64 0.8725
-1.66 0.88875
-1.5525 0.82875
-1.565 0.82
-1.69 0.87625
-1.6525 0.8625
-1.6175 0.83
-1.6675 0.85
-1.64 0.8525
-1.66 0.88375
-1.7475 0.92125
-1.7025 0.9
-1.705 0.8975
-1.695 0.88
-1.735 0.91875
-1.6625 0.87375
-1.67 0.8975
-1.6 0.84875
-1.6475 0.87375
-1.6175 0.85875
-1.64 0.85125
-1.6775 0.8625
-1.5775 0.81375
-1.5825 0.77125
-1.615 0.7825
-1.5525 0.7625
-1.6625 0.84125
-1.5825 0.73625
-1.4725 0.74
-1.5875 0.78625
-1.6425 0.85625
-1.6275 0.8275
-1.545 0.81875
-1.585 0.85
-1.5775 0.8225
-1.67 0.86125
-1.7175 0.86
-1.65 0.86
-1.69 0.88375
-1.6725 0.89
-1.6675 0.87375
-1.56 0.83
-1.63 0.85125
-1.5975 0.83875
-1.67 0.87625
-1.565 0.83625
-1.715 0.8925
-1.6675 0.8825
-1.675 0.89
-1.58 0.8425
-1.6525 0.8675
-1.6175 0.84375
-1.63 0.85375
-1.685 0.88625
-1.7 0.8825
-1.6 0.8575
-1.7025 0.89875
-1.6025 0.84125
-1.635 0.86125
-1.6125 0.84375
-1.615 0.8325
-1.615 0.85875
-1.6225 0.83
-1.5375 0.775
-1.6275 0.85625
-1.62 0.85125
-1.5875 0.85625
-1.5375 0.78875
-1.6075 0.82375
-1.69 0.8925
-1.6425 0.86
-1.6275 0.8675
-1.6825 0.8625
-1.59 0.83125
-1.6175 0.835
-1.7025 0.89875
-1.72 0.91625
-1.635 0.83875
-1.6225 0.81
-1.5225 0.74625
-1.5225 0.805
-1.605 0.83
-1.5525 0.8275
-1.715 0.90625
-1.745 0.9175
-1.6675 0.88125
-1.685 0.89125
-1.6225 0.845
-1.5775 0.83875
-1.66 0.87375
-1.7025 0.8975
-1.5775 0.81375
-1.6175 0.8375
-1.665 0.89375
-1.625 0.86625
-1.54 0.83125
-1.6825 0.8725
-1.635 0.85875
-1.6125 0.83
-1.61 0.80875
-1.59 0.815
-1.6025 0.8325
-1.6025 0.865
-1.695 0.88125
-1.565 0.83125
-1.615 0.865
-1.66 0.875
-1.6575 0.85375
-1.65 0.88125
-1.62 0.83625
-1.6425 0.8625
-1.675 0.8775
-1.7175 0.905
-1.6475 0.8575
-1.7025 0.89375
-1.605 0.86125
-1.65 0.87375
-1.675 0.87875
-1.67 0.8825
-1.605 0.84875
-1.66 0.85625
-1.6125 0.8575
-1.625 0.88
-1.67 0.87
-1.5975 0.80875
-1.5525 0.82125
-1.5775 0.81375
-1.6325 0.88125
-1.575 0.85875
-1.6175 0.84375
-1.72 0.89375
-1.7125 0.90625
-1.7025 0.90125
-1.56 0.84
-1.705 0.89125
-1.6775 0.87
-1.57 0.845
-1.66 0.86875
-1.675 0.87875
-1.625 0.85
-1.56 0.845
-1.5875 0.855
-1.5875 0.82625
-1.645 0.85875
-1.65 0.86375
-1.6 0.84
-1.56 0.78375
-1.6925 0.88
-1.6725 0.8825
-1.6775 0.8625
-1.6425 0.87875
-1.725 0.89
-1.595 0.80625
-1.525 0.79375
-1.6425 0.87375
-1.59 0.83375
-1.625 0.84125
-1.58 0.81375
-1.55 0.79875
-1.6575 0.86125
-1.5725 0.7775
-1.5275 0.7675
-1.6175 0.85625
-1.6125 0.82625
-1.7475 0.91625
-1.58 0.8425
-1.69 0.88625
-1.585 0.815
-1.5875 0.7875
-1.66 0.78125
-1.6475 0.8075
-1.6075 0.8075
-1.6125 0.81125
-1.51 0.73125
-1.575 0.76
-1.54 0.7375
-1.665 0.84875
-1.5925 0.8
-1.63 0.82125
-1.4625 0.68
-1.5775 0.75375
-1.5675 0.75375
-1.53 0.67625
-1.5475 0.775
-1.6675 0.84375
-1.755 0.8775
-1.62 0.83125
-1.595 0.8175
-1.65 0.8775
-1.615 0.865
-1.605 0.83875
-1.585 0.8125
-1.62 0.84125
-1.495 0.8225
-1.645 0.86375
-1.645 0.87375
-1.575 0.84625
-1.625 0.86
-1.5775 0.8
-1.7475 0.89875
-1.6525 0.87375
-1.6275 0.87125
-1.6275 0.8475
-1.585 0.81875
-1.69 0.88
-1.6325 0.87125
-1.7175 0.90125
-1.645 0.8875
-1.5825 0.8275
-1.5725 0.82
-1.6025 0.8275
-1.6375 0.85375
-1.68 0.865
-1.5875 0.84875
-1.605 0.87375
-1.6325 0.865
-1.6975 0.88
-1.6725 0.9
-1.6275 0.86375
-1.7925 0.935
-1.64 0.84875
-1.6625 0.8675
-1.7 0.88
-1.63 0.87
-1.6325 0.8575
-1.655 0.8925
-1.6725 0.895
-1.65 0.87125
-1.655 0.88125
-1.62 0.83125
-1.7 0.9075
-1.6425 0.87
-1.715 0.90625
-1.6975 0.8925
-1.615 0.85875
-1.575 0.8475
-1.6325 0.86125
-1.6525 0.86625
-1.705 0.89125
-1.65 0.875
-1.6025 0.84125
-1.6575 0.8775
-1.63 0.8575
-1.71 0.91125
-1.6925 0.87625
-1.57 0.83625
-1.625 0.865
-1.595 0.845
-1.65 0.8625
-1.7 0.88875
-1.625 0.845
-1.6175 0.84125
-1.64 0.845
-1.69 0.8825
-1.6225 0.83
-1.6725 0.82375
-1.5725 0.8
-1.655 0.8125
-1.635 0.79875
-1.5725 0.77375
-1.5325 0.80125
-1.595 0.81625
-1.685 0.88875
-1.6975 0.895
-1.6175 0.85375
-1.6575 0.88625
-1.6225 0.84375
-1.725 0.8925
-1.5725 0.825
-1.535 0.77375
-1.61 0.79125
-1.67 0.845
-1.6975 0.90625
-1.65 0.85875
-1.7175 0.91
-1.62 0.865
-1.66 0.88125
-1.585 0.81875
-1.665 0.86
-1.5775 0.81625
-1.56 0.8125
-1.685 0.88625
-1.595 0.83625
-1.68 0.86875
-1.54 0.77625
-1.55 0.8125
-1.66 0.88375
-1.5825 0.8475
-1.5775 0.82
-1.605 0.8175
-1.5575 0.825
-1.625 0.86125
-1.655 0.865
-1.7225 0.9075
-1.6825 0.8675
-1.5675 0.83125
-1.66 0.885
-1.6425 0.86375
-1.645 0.865
-1.625 0.8425
-1.625 0.825
-1.565 0.8225
-1.645 0.84125
-1.57 0.77375
-1.6125 0.84625
-1.6325 0.84125
-1.6125 0.8625
-1.65 0.8975
-1.755 0.905
-1.685 0.8725
-1.7225 0.905
-1.6925 0.8625
-1.5875 0.83
-1.7 0.88125
-1.6425 0.87
-1.58 0.81875
-1.645 0.87875
-1.6175 0.88
-1.61 0.8325
-1.66 0.86625
-1.5875 0.82625
-1.54 0.79125
-1.725 0.9025
-1.605 0.84875
-1.6125 0.86125
-1.6775 0.87125
-1.6025 0.84125
-1.6275 0.83375
-1.6225 0.84125
-1.63 0.83625
-1.585 0.79625
-1.6425 0.8575
-1.6525 0.88125
-1.675 0.88625
-1.7225 0.89
-1.66 0.8575
-1.5725 0.81875
-1.5975 0.8175
-1.5825 0.835
-1.68 0.88125
-1.63 0.88
