-1.065 0.14
-1.11 0.01375
-1.06 0.08125
-0.99 0.0575
-1.06 0.28625
-1.1075 0.13375
-1.1175 0.24375
-1.185 0.3875
-1.235 0.43875
-1.1525 0.38625
-1.155 0.365
-1.1375 0.44
-1.11 0.39125
-1.1075 0.4625
-1.0925 0.44
-1.135 0.4075
-1.1325 0.29
-1.1275 0.39
-1.1175 0.38875
-1.14 0.40125
-1.085 0.2225
-1.1075 0.29875
-1.185 0.24
-1.15 0.1025
-1.04 0.2075
-1.1425 0.26125
-1.1375 0.42125
-1.1775 0.44625
-1.16 0.36
-1.175 0.29125
-1.1875 0.33875
-1.215 0.42125
-1.1475 0.28
-1.15 0.305
-1.12 0.22875
-1.085 0.2675
-1.1 0.36375
-1.1525 0.4425
-1.17 0.55875
-1.08 0.43
-1.1825 0.41
-1.1175 0.3175
-1.1575 0.32
-1.18 0.46
-1.195 0.455
-1.1525 0.4725
-1.23 0.56125
-1.285 0.565
-1.1475 0.4375
-1.085 0.31
-1.1575 0.42125
-1.2325 0.4875
-1.18 0.31
-1.23 0.20875
-1.125 0.20375
-1.105 0.19875
-1.16 0.28375
-1.1225 0.285
-1.1125 0.28625
-1.1225 0.2025
-1.16 0.41
-1.155 0.33125
-1.185 0.31375
-1.1325 0.21625
-1.12 0.09375
-1.15 0.00875
-1.1175 0.05375
-1.065 0.14125
-1.065 0.0225
-1.0275 -0.14375
-1.12 -0.1975
-1.1075 -0.2425
-1.205 -0.1725
-1.115 -0.14625
-1.0425 -0.12625
-1.0775 -0.17125
-1.12 -0.0375
-1.04 0.07375
-1.005 0.05125
-1.105 0.10625
-1.11 0.04375
-0.935 0.06125
-1.06 0.105
-1.0825 0.1325
-1.1075 0.13
-1.0725 0.13875
-1.165 0.1225
-1.0725 -0.00375
-1.145 0.06
-1.0675 0.12375
-1.0325 0.15375
-1.14 0.26875
-1.065 0.41875
-1.1775 0.43875
-1.0175 0.24625
-1.0425 0.12375
-1.02 0.1575
-1.07 0.13375
-1.1175 0.025
-1.0625 -0.11375
-0.9925 -0.05125
-1.0275 0.08875
-1.125 -0.00625
-1.12 -0.06375
-0.985 -0.21
-1.1725 -0.2875
-1.16 -0.2775
-1.145 -0.0575
-1.1875 -0.18125
-1.115 -0.13625
-1.145 -0.14
-1.0675 -0.20875
-1.105 -0.19875
-1.1625 -0.20625
-1.0125 -0.195
-1.07 -0.2125
-1.1675 -0.13
-1.1475 -0.1775
-1.0875 0.0625
-1.0775 0.0675
-1.0575 0.07625
-1.0925 0.08
-1.15 -0.03125
-1.1 0.0275
-1.1475 -0.0875
-1.135 0.0575
-1.16 0.05125
-1.1075 -0.03375
-1.0825 -0.13
-1.1 -0.255
-1.125 -0.24375
-1.1825 -0.30625
-1.135 -0.3
-1.2225 -0.47
-1.175 -0.47875
-1.13 -0.42
-1.13 -0.39625
-1.0425 -0.3125
-1.17 -0.25375
-1.23 -0.24375
-1.14 -0.23125
-1.145 -0.23125
-1.1975 -0.12625
-1.13 -0.10125
-1.1125 -0.11375
-1.025 0.0075
-1.12 -0.01625
-1.155 -0.07
-1.085 -0.01625
-1.1325 -0.05625
-1.0825 0.14375
-1.195 0.27875
-1.1975 0.27875
-1.08 0.185
-0.965 0.0925
-1.0725 0.13375
-1.1325 0.11
-1.0775 0.035
-1.125 0.1325
-1.09 0.15875
-1.0825 0.24375
-1.1475 0.2375
-1.0925 0.32375
-1.1475 0.17
-1.09 0.25375
-1.11 0.18
-1.1075 0.12
-1.04 0.07625
-0.9475 0.12625
-1.0775 0.055
-1.1225 0.0425
-1.1125 -0.045
-1.0875 -0.09
-1.18 -0.09625
-1.205 -0.23625
-1.135 -0.01
-1.1425 -0.11125
-1.0775 -0.08125
-1.045 0.0225
-1.1525 0.055
-1.0925 0.1325
-1.1575 0.19375
-1.0875 0.35
-1.1725 0.2125
-1.075 0.22875
-1.135 0.185
-1.15 0.15125
-1.14 0.12625
-1.055 0.18
-1.1375 0.13125
-1.1425 0.1575
-1.0975 0.165
-1.23 0.2175
-1.0675 0.19125
-1.095 0.10125
-1.13 0.09375
-1.1225 0.31625
-1.1025 0.25875
-1.095 0.345
-1.145 0.365
-1.2225 0.51625
-1.175 0.49125
-1.21 0.42875
-1.0375 0.28
-1.01 0.16
-1.0975 0.02125
-1.035 0.13875
-1.135 0.315
-1.1775 0.38
-1.14 0.2025
-1.1725 0.2025
-1.0025 0.18
-1.14 0.265
-1.0225 0.20625
-1.1475 0.1775
-1.15 0.19875
-1.12 0.155
-1.185 0.29875
-1.0525 0.05625
-0.9625 0.095
-1.1075 0.02
-1.14 0.04375
-1 -0.065
-1.1 0.01125
-1.03 0.02375
-1.16 -0.045
-1.0475 0.02125
-1.105 0.06125
-1.13 0.07125
-1.1525 -0.01625
-1.1625 0.045
-1.07 -0.04875
-1.0525 0.10125
-1.1475 0.15375
-1.225 0.1275
-1.215 0.08625
-1.14 0.06375
-1.095 0.045
-1.17 0.17125
-1.0875 0.0225
-1.08 0.14625
-1.13 0.0475
-1.095 -0.0675
-1.1 -0.23
-1.1675 -0.32625
-1.1625 -0.2525
-1.0925 -0.1625
-1.1875 -0.14375
-1.1025 -0.095
-1.055 0
-1.0375 0.03375
-1.035 0.035
-1.095 0.1375
-1.105 0.27375
-1.19 0.18875
-1.1225 0.16
-1.03 0.1
-1.085 0.13625
-1.2025 0.12
-1.125 0.15625
-1.135 0.1
-1.175 -0.04375
-1.075 -0.03125
-1.0725 -0.0475
-1.09 -0.13875
-0.97 -0.115
-1.13 -0.13
-1.075 -0.02375
-1.1875 -0.07875
-1.0925 -0.06375
-1.19 -0.0575
-1.1325 0.0375
-1.04 -0.01375
-1.1175 0.105
-1.0975 -0.0425
-1.1 -0.01125
-1.1025 0.0575
-1.05 0.065
-1.1475 0.04625
-1.0425 0.085
-1.1375 0.05
-1.0875 0.0425
-1.215 0.10625
-1.235 0.16625
-1.26 0.1225
-1.1 0.08875
-1.11 0.085
-1.1025 0.1125
-1.115 0.01875
-1.0925 -0.16125
-1.0725 -0.235
-1.1525 -0.21375
-1.1525 -0.32625
-1.1475 -0.29125
-1.035 -0.07625
-1.1275 -0.12875
-1.12 -0.0425
-1.0725 -0.07625
-1 -0.1225
-1.055 -0.11625
-1.14 -0.17875
-1.09 -0.2175
-1.075 -0.1625
-1.1125 -0.21375
-1.2275 -0.22
-1.2 -0.17375
-1.2075 -0.11375
-1.19 -0.05375
-1.085 0.045
-1.11 0.17375
-1.09 0.20875
-1.095 0.15375
-1.0425 0.23125
-1.095 0.23375
-1.1075 0.19125
-1.1325 0.24375
-1.0075 0.12125
-1.005 0.05
-1.01 -0.0925
-1.025 -0.15375
-1.09 -0.14125
-1.255 -0.1925
-1.175 -0.265
-1.12 -0.175
-1.165 -0.1775
-1.1425 -0.175
-1.0425 -0.27125
-1.115 -0.33875
-1.0975 -0.32875
-1.1675 -0.34375
-1.19 -0.34
-1.065 -0.39875
-1.135 -0.4375
-0.9875 -0.245
-1.13 -0.27875
-1.1225 -0.19125
-1.1075 -0.1525
-1.0825 -0.13
-1.1475 -0.09625
-1.105 0.08125
-1.11 0.08875
-1.15 0.13875
-1.11 0.18875
-1.1175 0.14375
-1.1425 0.0925
-1.16 0.05625
-1.0625 0
-1.095 -0.11625
-1.0525 -0.15
-1.1075 -0.27125
-1.03 -0.24625
-1.0825 -0.175
-1.1125 0.0375
-1.1475 -0.02625
-1.105 -0.0325
-1.0875 -0.1675
-1.0775 -0.245
-1.1925 -0.2425
-1.0525 -0.17
-1.1775 -0.16875
-1.07 -0.1625
-1.075 -0.1175
-1.1125 -0.18625
-1.1325 -0.3125
-1.15 -0.2175
-1.12 -0.1025
-1.195 -0.16875
-1.2075 -0.08
-1.1775 0.02125
-1.1825 -0.11
-1.16 -0.185
-1.0775 -0.26625
-1.0875 -0.32625
-1.065 -0.27125
-1.005 -0.25625
-1.0675 -0.2275
-1.015 -0.1025
-1.1225 -0.16375
-1.1 -0.185
-1.105 -0.23125
-1.11 -0.10375
-1.17 -0.29
-1.155 -0.19125
-1.0875 -0.21125
-1.1375 -0.12
-1.015 -0.03625
-1.1775 0.11125
-1.1225 -0.00875
-1.1125 -0.05125
-1.0525 -0.0625
-1.1275 -0.0725
-1.14 -0.02375
-1.0825 -0.14875
-1.05 -0.22375
-1.0475 -0.10625
-1.1075 -0.085
-1.1225 -0.03375
-1.2275 0.04625
-1.0975 -0.0125
-1.05 -0.02875
-0.9875 -0.00625
-1.095 0.03875
-1.0425 0.14375
-1.1 0.19875
-1.15 0.2725
-1.1525 0.22875
-1.1475 0.24375
-1.15 0.1775
-1.0825 0.1275
-1.1075 0.14
-1.0725 0.11625
-1.03 0.08625
-1.115 0.15125
-1.0575 0.0475
-1.0425 0.09875
-1.09 -0.02125
-1.11 0.05125
-1.1325 -0.03
-1.0925 -0.14125
-1.155 -0.09875
-1.0975 -0.12125
-1.075 -0.20125
-1.3 -0.37125
-1.13 -0.3175
-1.075 -0.2175
-1.0575 -0.18375
-1.0125 -0.1575
-1.0375 -0.09125
-1.12 -0.285
-1.23 -0.29875
-1.23 -0.31875
-1.155 -0.31625
-1.07 -0.2325
-1.14 -0.1825
-1.105 -0.10875
-1.0675 -0.00875
-1.07 -0.05625
-1.105 -0.00125
-1.03 -0.17125
-1.0875 -0.13125
-1.1025 -0.0525
-1.0925 -0.0075
-1.1475 0.07375
-1.115 0.19625
-1.0675 0.2575
-1.1275 0.30125
-1.2375 0.2875
-1.16 0.28375
-1.135 0.315
-1.135 0.3475
-1.06 0.25875
-1.1325 0.325
-1.0825 0.41875
-1.12 0.31
-1.19 0.33625
-1.07 0.0875
-1.1575 0.0275
-1.1475 0.1
-1.14 0.2
-1.0575 -0.065
-1.0825 -0.11
-1.0975 0.01375
-1.11 0.18125
-1.0575 0.11125
-1.045 0.0625
-1.11 0.05875
-1.155 0.22875
-1.255 0.24375
-1.1425 0.34875
-1.2825 0.41
-1.185 0.37875
-1.2075 0.475
-1.245 0.55625
-1.2475 0.5325
-1.2 0.43375
-1.1475 0.39625
-1.1425 0.38
-1.155 0.37
-1.1225 0.29125
-1.13 0.17625
-1.19 0.16875
-1.2 -0.0175
-1.19 -0.0625
-1.145 -0.03125
-1.1425 0.0575
-1.08 0.06375
-0.9825 0.12375
-1.1475 0.225
-0.9625 0.13125
-1.055 0.0875
-1.01 0.02125
-1.025 0.00625
-1.1125 0.17375
-1.1125 0.095
-1.17 0.28875
-1.1225 0.2525
-1.135 0.32375
-1.165 0.2875
-1.1725 0.24
-1.1325 0.14625
-1.09 0.125
-1.1725 0.14
-1.14 0.0625
-1.05 -0.01625
-1.135 -0.25
-1.0625 -0.14625
-1.1075 -0.2575
-1.11 -0.14125
-1.125 -0.2
-1.09 -0.17375
-1.2025 -0.08875
-1.05 -0.1275
-1.135 -0.1875
-1.105 -0.10375
-1.0675 -0.29125
-1.0825 -0.2275
-1.16 -0.27
-1.155 -0.2575
-1.0175 -0.2025
-1.045 -0.0925
-1.135 -0.085
-1.1025 -0.01375
-1.135 -0.02625
-1.15 0.0375
-1.06 -0.1375
-1.0925 -0.0725
-1.075 -0.03375
-1.035 -0.045
-1.1225 -0.19875
-1.0725 -0.27125
-1.1575 -0.39625
-1.1825 -0.45375
-1.1 -0.31125
-1.1825 -0.295
-1.085 -0.15625
-1.2175 -0.0925
-0.9975 -0.04375
-1.1125 -0.03625
-1.1225 -0.01625
-1.0725 0.0625
-1.13 0.06
-1.0025 0.04375
-1.03 0.08125
-1.095 0.0525
-1.1 0.13625
-1.06 0.295
-1.2725 0.205
-1.185 0.2
-1.185 0.2275
-1.0825 0.1025
-1.07 0.21875
-1.0925 0.2325
-1.1075 0.26125
-1.1875 0.42375
-1.145 0.27875
-1.0775 0.21375
-1.0975 0.23125
-1.1275 0.1875
-1.065 0.21375
-1.125 0.14875
-1.195 0.14125
-1.07 0.165
-1.0575 0.0825
-1.17 0.18375
-1.1725 0.1075
-1.19 0.09625
-1.165 0.0975
-1.035 0.1025
-1.0575 0.00625
-1.13 -0.25
-1.1625 -0.2875
-1.1375 -0.285
-1.1275 -0.20625
-1.1125 -0.05
-1.1725 0.025
-1.22 -0.03
-1.09 -0.06
-1.0825 -0.06625
-1.115 -0.04625
-1.03 0.08375
-1.1325 0.0025
-1.13 0.09375
-1.13 0
-1.105 0.0575
-1.1425 0.1525
-1.125 0.17
-1.0625 0.045
-1.0625 0.16625
-1.065 0.085
-1.0925 0.11875
-1.075 0.11875
-1.0825 0.0925
-1.1575 0.11875
-1.15 0.065
-1.14 0.085
-1.175 0.15375
-1.1525 0.135
-1.0425 0.10875
-1.08 0.14375
-1.1675 0.0775
-1.0925 0.175
-1.1075 0.1425
-1.205 0.12875
-1.1475 0.1475
-1.2275 -0.00875
-1.1775 0.0375
-1.2 0.04125
-1.1975 -0.02625
-1.175 -0.17375
-1.0125 -0.115
-1.095 -0.09125
-1.075 -0.16625
-1.17 -0.0975
-1.15 -0.0425
-1.1575 -0.07625
-1.13 -0.08875
-1.1125 -0.16125
-1.2075 -0.225
-1.1975 -0.3725
-1.2 -0.41
-1.2225 -0.40875
-1.125 -0.38
-1.165 -0.45375
-1.2225 -0.3825
-1.0625 -0.2725
-1.1925 -0.27625
-1.0725 -0.17125
-1.125 -0.33625
-1.075 -0.19625
-1.1975 -0.18375
-1.085 0.015
-1.1375 0.0825
-1.075 0.165
-1.115 0.0275
-1.065 0.04
-1.135 0.025
-1.0475 0.0625
-1.145 -0.16125
-1.075 -0.2575
-1.2325 -0.195
-1.1025 -0.28625
-1.1425 -0.2325
-1.185 -0.1325
-1.02 -0.0575
-1.105 0.04625
-1.1875 0.14625
-1.1725 0.2675
-1.1575 0.295
-1.0875 0.19
-1.0775 0.07375
-1.1125 0.05875
-1.075 0.03875
-1.11 0.145
-1.025 0.16125
-1.13 0.1325
-1.14 0.11375
-1.045 0.2175
-1.305 0.32
-1.15 0.23625
-1.1925 0.2375
-1.0425 0.14
-1.105 0.08375
-0.9875 0.02
-1.1075 0.145
-1.04 0.10875
-1.13 -0.025
-1.1175 -0.015
-1.1175 -0.0775
-1.0825 -0.06625
-1.095 -0.035
-1.145 -0.08375
-1.07 -0.0475
-1.1275 -0.07875
-1.135 -0.02125
-1.1925 -0.005
-1.145 0.085
-1.065 -0.0175
-1.085 -0.10875
-1.08 -0.0725
-1.155 -0.04
-1.0825 0.025
-1.1325 -0.1275
-1.13 -0.07625
-1.025 -0.07625
-1.09 -0.00625
-1.115 0.04
-1.0125 -0.05125
-1.1075 0.095
-1.105 -0.12
-1.05 -0.15625
-1.085 -0.20625
-1.13 -0.205
-1.1725 -0.2375
-1.0725 -0.1325
-1.175 -0.0675
-1.0625 -0.045
-1.1175 -0.05625
-1.125 -0.155
-1.09 -0.14875
-1.0875 -0.13875
-1.1625 -0.27125
-1.0875 -0.23875
-1.165 -0.29
-1.1175 -0.3175
-1.0975 -0.3325
-1.175 -0.3
-1.1275 -0.23625
-1.1 -0.32125
-1.1025 -0.33625
-1.1575 -0.49125
-1.1825 -0.53875
-1.165 -0.4225
-1.1025 -0.34625
-1.14 -0.45125
-1.2475 -0.48875
-1.3175 -0.40875
-1.18 -0.40625
-1.215 -0.4025
-1.1125 -0.36
-1.185 -0.36375
-1.135 -0.26875
-1.2175 -0.195
-0.9875 -0.1275
-0.9625 0.02
-1.14 -0.00875
-1.115 -0.0775
-1.0825 -0.12625
-1.17 -0.125
-1.075 -0.11125
-1.165 -0.12375
-1.15 -0.15875
-1.0925 -0.125
-1.1225 -0.37125
-1.0575 -0.33
-1.06 -0.11375
-1.1225 -0.16875
-1.13 -0.08125
-1.0875 -0.08875
-1.025 -0.095
-1.0675 -0.05625
-1.05 0.07125
-1.085 -0.0725
-1.0475 0.05625
-1.095 0.105
-1.1275 0.0325
-1.1525 0.0825
-1.125 0.185
-1.15 0.21125
-1.2 0.23875
-1.1425 0.07375
-1.15 0.22625
-1.185 0.405
-1.105 0.31125
-1.0375 0.20875
-1.145 0.2325
-1.1225 0.2775
-1.14 0.19125
-1.065 0.175
-1.0425 0.13125
-1.075 -0.04125
-1.12 0.03125
-1.0975 -0.01875
-1.1325 -0.14625
-1.095 -0.2125
-1.085 -0.1225
-1.0875 -0.18125
-1.1675 -0.1925
-1.2275 -0.1275
-1.19 -0.12
-1.22 -0.05875
-1.1125 0.0025
-1.085 0.02125
-1.1125 0.11625
-1.15 0.1325
-1.16 0.24
-1.1275 0.2075
-1.0475 0.2025
-1.135 0.25125
-1.21 0.33625
-1.2025 0.30625
-1.1975 0.26625
-1.1625 0.285
-1.1575 0.23625
-1.0025 0.14625
-1.1225 0.10875
-1.1625 0.0525
-1.1275 -0.01
-1.11 0.1175
-1.21 0.19875
-1.095 0.28125
-1.115 0.29
-1.15 0.255
-1.0925 0.19125
-1.08 0.20625
-1.075 0.135
-1.18 0.04125
-1.1025 0.075
-1.1525 0.05875
-1.045 0.18625
-1.035 0.0825
-1.0275 0.19625
-1.1375 0.15625
-1.125 0.2175
-1.2175 0.30125
-1.1275 0.2025
-1.065 0.235
-1.155 0.33
-1.145 0.32375
-1.1525 0.375
-1.115 0.37625
-1.15 0.38125
-1.08 0.335
-1.0525 0.245
-1.1275 0.33875
-1.0725 0.31625
-1.2275 0.44125
-1.1625 0.43125
-1.1825 0.43375
-1.19 0.39375
-1.0775 0.29625
-1.08 0.4125
-1.25 0.515
-1.235 0.59625
-1.24 0.575
-1.1625 0.4475
-1.175 0.49625
-1.1375 0.46
-1.235 0.36875
-1.18 0.42625
-1.1825 0.30125
-1.1125 0.3175
-1.2125 0.39
-1.155 0.3575
-1.1725 0.33875
-1.0825 0.30125
-1.1425 0.27875
-1.1425 0.3125
-1.1925 0.16375
-1.14 0.18375
-1.1025 0.07
-1.0825 -0.1025
-1.1075 0.00375
-1.03 -0.0075
-1.1075 -0.01375
-1.0825 0.08125
-1.135 0.25875
-1.105 0.3
-1.0925 0.38375
-1.22 0.37625
-1.03 0.3
-0.995 0.29
-1.05 0.15375
-1.1775 0.28875
-1.095 0.315
-1.1725 0.365
-1.1375 0.385
-1.18 0.34125
-1.2325 0.45625
-1.105 0.305
-1.195 0.18625
-1.065 0.2425
-1.2025 0.2975
-1.215 0.325
-1.1525 0.2425
-1.23 0.2
-1.1525 0.24
-1.0825 0.1025
-1.15 0.275
-1.11 0.2075
-1.1875 0.1475
-1.1375 0.06875
-1.01 -0.045
-1.1625 0.1125
-1.155 0.06875
-1.2875 0.11125
-1.2275 0.0025
-1.1775 0.0675
-1.1425 0.15375
-1.095 0.26875
-1.12 0.165
-1.1475 0.16375
-1.075 0.1125
-1.0825 0.2425
-1.08 0.19875
-1.0425 0.1925
-1.1225 0.1825
-1.06 0.09
-1.0875 0.16125
-1.145 0.215
-1.08 0.15375
-1.105 0.16625
-1.105 0.18625
-1.135 0.04875
-1.1875 0.11375
-1.0975 0.0825
-1.0975 0.11875
-1.13 0.23125
-1.1475 0.25875
-1.165 0.21125
-1.25 0.195
-1.2325 0.0325
-1.1475 0.0975
-1.18 0.205
-1.1825 0.145
-1.105 0.17625
-1.125 0.15875
-1.11 0.0975
-1.12 0.11375
-1.17 0.09
-1.025 0.05
-1.0225 0.08375
-1.1575 0.03375
-1.0875 0.0525
-1.09 -0.0275
-1.19 0.09125
-1.0775 0
-1.0975 0.00875
-1.135 -0.10375
-1.1225 -0.26
-1.1175 -0.1775
-1.21 -0.1725
-1.0625 -0.24125
-1.135 -0.1575
-1.1325 -0.35125
-1.06 -0.2275
-1.06 -0.25875
-1.1525 -0.22125
-1.0725 -0.2375
-1.155 -0.30375
-1.1075 -0.21125
-1.0675 -0.21125
-1.245 -0.16
-1.15 -0.27125
-1.1525 -0.0925
-1.105 -0.1
-1.195 -0.11375
-1.1325 -0.085
-1.1275 -0.09375
-1.1125 -0.1475
-1.11 -0.21125
-1.21 -0.24625
-1.1225 -0.2375
-1.0425 -0.13625
-1.0775 -0.2275
-1.06 -0.1175
-1.1225 -0.14125
-1.18 -0.2275
-1.175 -0.28
-1.2075 -0.17375
-1.1475 -0.13125
-1.175 -0.03125
-1.185 0.05875
-1.1775 -0.0275
-1.25 -0.135
-1.14 -0.03875
-1.085 0.03
-1.125 0.1025
-1.095 0.00125
-1.1175 -0.00875
-1.0775 0.02
-1.0075 0.00375
-1.155 -0.10125
-1.165 0.04375
-1.1225 -0.05625
-1.1425 0.0225
-1.1925 -0.06125
-1.0775 -0.01625
-1.0675 -0.08
-1.1025 -0.1075
-0.99 -0.19
-1.0525 -0.315
-1.155 -0.32
-1.1775 -0.195
-1.045 -0.0925
-1.0375 -0.18375
-1.07 -0.25625
-1.165 -0.20375
-1.18 -0.20125
-1.18 -0.29375
-1.1025 -0.15875
-1.03 -0.035
-1.1125 0.2075
-1.105 0.17
-1.2275 0.18875
-1.155 0.2625
-1.155 0.295
-1.1475 0.30375
-1.1875 0.3175
-1.1175 0.29875
-1.1475 0.26
-1.075 0.24375
-1.0975 0.17875
-1.055 0.2725
-1.125 0.23875
-1.075 0.235
-1.105 0.21875
-1.0475 0.01875
-1.0925 0.10625
-1.1025 0.11125
-1.1825 0.21625
-1.14 0.20125
-1.1525 0.085
-0.9825 0.06625
-1.1525 0.0925
-1.0775 0.1
-1.08 0.17
-1.1075 0.14875
-1.1825 0.16375
-1.1025 0.34125
-1.225 0.33625
-1.135 0.33125
-1.1 0.12375
-1.1325 0.1
-1.0075 0.14625
-1.075 0.1275
-1.07 0.07125
-1.12 -0.02125
-1.1375 0.02375
-1.08 0.07
-1.0975 -0.07625
-1.205 -0.14
-1.1675 0.0075
-1.1875 -0.04375
-1.21 0.0175
-1.115 0.10125
-1.1725 0.2275
-1.16 0.31125
-1.27 0.35125
-1.0725 0.24125
-1.135 0.19
-1.0675 0.17
-1.135 0.18125
-1.1925 0.29875
-1.075 0.19
-1.18 0.3325
-1.0875 0.21125
-1.115 0.11875
-1.1525 0.03
-1.12 0.02375
-1.1075 -0.10875
-1.185 -0.075
-1.1325 -0.145
-1.0825 -0.15875
-1.0625 -0.23625
-1.1475 -0.21375
-1.0175 -0.22375
-1.0975 -0.0525
-1.095 -0.06125
-1.015 0.0225
-1.0725 0.14375
-1.1525 0.06125
-1.0975 0.11
-1.0875 -0.105
-1.0625 -0.1675
-1.0425 -0.155
-1.1575 -0.1775
-1.175 -0.13625
-1.075 -0.1575
-1.0725 -0.07875
-1.15 -0.07375
-1.1375 -0.0825
-1.1175 0.00375
-1.0525 0.10625
-1.105 0.17375
-1.1375 0.10125
-1.09 0.0525
-1.1425 0.1175
-1.0275 0.11875
-1.145 0.25375
-1.1275 0.16875
-1.02 0.175
-1.055 0.0825
-1.085 0.04125
-1.09 0.14625
-1.1 0.2225
-1.1575 0.17125
-1.105 -0.01375
-1.0425 0.07875
-1.065 -0.0625
-1.1575 -0.1225
-1.1375 -0.07375
-1.085 -0.04125
-1.13 -0.105
-1.1 -0.11875
-1.205 -0.175
-1.2075 -0.1275
-1.1375 -0.12375
-1.1975 -0.20875
-1.165 -0.20875
-0.97 0.04625
-0.98 0.10875
-1.145 0.20875
-1.14 0.30125
-1.18 0.34625
-1.175 0.39125
-1.115 0.29
-1.2325 0.455
-1.2625 0.43
-1.1575 0.4075
-1.115 0.40625
-1.045 0.25125
-1.155 0.32
-1.135 0.38
-1.125 0.42375
-1.08 0.22375
-1.0725 0.26375
-0.985 0.09125
-1.0675 0.0675
-1.2425 0.1675
-1.175 0.305
-1.17 0.39625
-1.215 0.3625
-1.1625 0.33
-1.135 0.235
-1.125 0.2225
-1.075 0.19
-1.1525 0.2
-1.13 0.05625
-1.1725 0.06375
-1.065 0.11
-1.09 0.11375
-1.06 -0.01
-1.25 0.06625
-1.18 0.065
-1.0225 -0.0025
-1.095 0.04875
-1.085 0.03875
-1.04 0.0375
-1.1075 -0.0625
-1.0125 -0.15125
-1.0675 -0.18
-1.125 -0.22625
-1.0975 -0.24375
-1 -0.18875
-1.1425 -0.25125
-1.0425 -0.33625
-1.115 -0.34125
-1.14 -0.25125
-1.21 -0.3075
-1.04 -0.30125
-1.085 -0.2575
-1.1775 -0.095
-1.1275 0.04
-1.125 -0.01375
-1.1725 -0.06125
-1.1775 0.0725
-1.0675 -0.035
-1.22 -0.03375
-1.105 -0.02375
-1.105 -0.11
-1.0875 -0.24875
-1.1575 -0.15875
-1.0925 -0.18625
-1.06 -0.08
-1.095 -0.1925
-1.1025 -0.1
-1.0475 -0.02125
-1.1475 -0.19625
-1.0625 -0.20625
-1.0925 -0.2075
-1.05 -0.1425
-1.1175 -0.2975
-1.1125 -0.29875
-1.1675 -0.20125
-1.175 -0.05875
-1.14 -0.04375
-1.12 -0.07375
-1.195 -0.1525
-1.1125 -0.15375
-1.0925 -0.255
-1.105 -0.33875
-1.1775 -0.3225
-1.1025 -0.30875
-1.285 -0.4825
-1.1325 -0.465
-1.1275 -0.42125
-1.1175 -0.5175
-1.2075 -0.47125
-1.17 -0.43875
-1.18 -0.44375
-1.1775 -0.40125
-1.1075 -0.35375
-1.2575 -0.36125
-1.1275 -0.36
-1.125 -0.23375
-1.08 -0.24
-1.175 -0.34875
-1.2625 -0.405
-1.1625 -0.36875
-1.1975 -0.3075
-1.2 -0.32125
-1.225 -0.29125
-1.125 -0.2125
-1.145 -0.2025
-1.1725 -0.1675
-1.125 -0.19625
-1.125 -0.17375
-1.0725 -0.02625
-1.01 -0.15625
-0.96 -0.17125
-1.115 -0.0625
-1.0775 -0.0225
-1.11 -0.14375
-1.09 -0.1775
-1.0975 -0.08875
-1.0025 0.06125
-1.0325 0.16875
-1.08 0.03375
-1.0725 -0.1125
-1.1 -0.06
-1.1775 0.03125
-1.1025 -0.0375
-1.1275 -0.045
-1.0925 0.1575
-1.0875 0.10875
-1.2025 0.18125
-1.075 0.14875
-1.1425 0.24625
-1.1975 0.19
-1.135 0.125
-1 0.01375
-1.075 -0.0375
-1.0825 -0.09125
-1.1075 -0.11
-1.0675 -0.25875
-1.215 -0.28625
-1.155 -0.35375
-1.115 -0.36875
-1.085 -0.38125
-1.1425 -0.37375
-1.06 -0.28
-1.0875 -0.21625
-1.02 -0.185
-1.0775 -0.0275
-1.13 0.01375
-1.0775 -0.00875
-1.11 0.01875
-1.0175 0.12875
-1.0675 0.115
-1.0575 0.13
-1.0775 0.21375
-1.095 0.23375
-1.1275 0.18625
-1.095 0.08875
-1.11 0.1275
-1.135 0.1025
-1.205 0.125
-1.125 0.13
-1.0875 -0.00875
-1.07 0.02375
-1.15 -0.09
-1.12 -0.06625
-1.105 0.0625
-1.135 0.095
-1.08 -0.015
-1.125 -0.0925
-1.15 -0.1
-1.29 -0.1825
-1.26 -0.1475
-1.325 -0.2525
-1.0675 -0.1125
-1.085 -0.04625
-1.1125 -0.06875
-1.0575 -0.16125
-1.185 -0.23625
-1.2275 -0.145
-1.18 0.04625
-1.175 0.02375
-1.1175 0.04125
-1.08 0.01
-1.1525 -0.01875
-1.19 0.01
-1.0725 0.0125
-1.0575 -0.135
-1.0825 -0.1525
-1.0725 -0.21875
-1.1425 -0.2725
-1.1325 -0.1925
-1.0425 -0.235
-1.0875 -0.23
-1.075 -0.21125
-0.995 -0.0625
-1.0575 0.00625
-1.1375 0.07625
-1.1 0.1175
-1.24 0.0825
-1.1775 0.13125
-1.14 0.06125
-1.1025 0.08125
-1.1675 0.20875
-1.0625 0.305
-1.22 0.33375
-1.0975 0.34375
-1.1725 0.28375
-1.075 0.12625
-1.1475 0.07375
-1.0725 0.15
-1.1425 0.0825
-1.1525 0.08125
-1.1325 -0.005
-1.1275 -0.1675
-1.1875 -0.26
-1.185 -0.31625
-1.1275 -0.25375
-1.1425 -0.23875
-1.15 -0.1325
-1.1425 -0.16625
-0.9875 -0.07125
-1.1475 -0.12125
-1.185 -0.215
-1.2075 -0.1625
-1.225 -0.1325
-1.1725 -0.24875
-1.1425 -0.2575
-1.03 -0.1925
-1.2175 -0.2125
-1.14 -0.065
-1.105 -0.115
-1.225 -0.09875
-1.13 -0.035
-1.075 0.01625
-1.04 -0.01125
-1.1475 0.0975
-1.0525 0.12
-1.03 0.095
-1.0525 0.18
-1.0625 0.08875
-1.07 0.01375
-1.075 0.11625
-1.0825 0.2625
-1.1575 0.245
-1.0975 0.32875
-1.1325 0.28625
-1.1575 0.3925
-1.175 0.425
-1.21 0.4375
-1.155 0.4625
-1.15 0.44375
-1.075 0.33625
-1.075 0.2475
-1.0525 0.26875
-1.0925 0.2075
-1.0925 0.10625
-1.1625 0.32625
-1.22 0.3525
-1.165 0.31375
-1.15 0.3925
-1.19 0.43125
-1.18 0.50875
-1.175 0.415
-1.2225 0.43375
-1.1975 0.505
-1.1875 0.46625
-1.135 0.43375
-1.175 0.395
-1.14 0.27875
-1.065 0.24625
-1.1225 0.25375
-1.1475 0.1825
-1.1675 0.09
-1.0775 -0.0125
-1.1025 -0.0425
-1.1575 0.225
-1.165 0.22
-1.1325 0.14625
-1.0725 0.19625
-1.19 0.21875
-1.0975 0.15
-1.17 0.25125
-1.22 0.27125
-1.1 0.15625
-1.12 0.1175
-1.1125 0.18375
-1.2275 0.2025
-1.0325 0.17375
-1.075 0.0575
-1.0525 0.09875
-1.0825 0.04
-1.1175 0.08125
-1.1925 0.02125
-1.2175 -0.04375
-1.025 -0.07125
-1.135 -0.05125
-1.1125 0.01375
-1.0775 0.135
-1.09 0.185
-1.0225 0.20375
-0.92 0.235
-1.0425 0.23375
-1.1975 0.34625
-1.19 0.31625
-1.165 0.39625
-1.1975 0.4225
-1.17 0.37125
-1.1075 0.34625
-1.1175 0.21625
-1.1425 0.20125
-1.1125 0.3075
-1.1025 0.235
-1.0075 0.17375
-1.115 0.35625
-1.19 0.3325
-1.0325 0.23
-0.9875 0.11
-1.06 -0.0375
-1.0775 -0.10375
-1.1 -0.1625
-1.105 -0.20875
-1.105 -0.1
-1.145 -0.24
-1.1575 -0.15875
-1.2175 -0.06875
-1.1475 -0.09
-0.9925 0.04125
-1.0675 -0.20625
-1.115 -0.04125
-1.0375 -0.0675
-0.9925 -0.07875
-1.115 -0.1
-1.085 -0.07
-1.145 0.00125
-1.135 -0.025
-1.025 0.08
-1.015 0.0025
-1.1375 0.0925
-1.0625 0.05125
-1.2025 0.015
-1.1875 0.0275
-1.145 0.02375
-1.0725 -0.0275
-1.1275 -0.0075
-1.1175 0.005
-1.2075 -0.02125
-1.135 0.06
-1.0775 0.025
-1.08 -0.02875
-1.125 0.0675
-1.105 0.125
-1.2125 0.0875
-1.045 0.1
-1.075 0.1975
-1.0925 0.175
-1.0675 0.12625
-1.2425 0.04
-1.125 0.15
-1.085 0.01
-1.15 0.1275
-1.1625 -0.09
-1.1125 -0.04
-1.1175 0.18875
-1.01 0.185
-1.09 0.23
-1.105 0.3325
-1.1725 0.51
-1.1925 0.5175
-1.1625 0.5575
-1.235 0.5775
-1.24 0.39875
-1.2625 0.50625
-1.2075 0.46875
-1.2525 0.465
-1.2425 0.4375
-1.1925 0.44375
-1.095 0.38875
-1.225 0.45375
-1.1775 0.41625
-1.1925 0.36875
-1.0275 0.235
-1.11 0.1675
-1.065 0.1525
-1.04 0.10625
-1.005 0.12875
-1.065 0.21875
-1.0975 0.115
-1.105 0.0625
-1.1425 0.0075
-1.155 -0.13125
-1.0975 0.0825
-1.1225 0.2025
-1.155 0.32
-1.1475 0.19375
-1.125 0.215
-1.15 0.265
-1.08 0.1275
-1.1 0.05
-1.1175 0.015
-1.085 -0.03625
-1.0475 0.07125
-1.16 -0.09625
-1.1625 -0.175
-1.12 -0.20875
-1.06 -0.2775
-1.2 -0.30875
-1.18 -0.37625
-1.0675 -0.2675
-1.12 -0.26625
-1.1575 -0.2175
-0.9925 -0.155
-1.2075 -0.0925
-1.21 -0.07875
-1.135 -0.1625
-1.0825 -0.25625
-1.0925 -0.17375
-1.07 -0.04125
-1.1275 0.015
-1.165 -0.02375
-1.1 0.00125
-1.08 -0.0625
-1.1525 -0.07375
-1.1075 -0.07
-1.1225 0.0875
-1.2325 0.2
-1.145 0.26375
-1.095 0.0475
-1.1875 0.0775
-1.0975 0.18625
-1.02 0.1025
-1.105 0.14125
-1.165 0.1175
-1.1375 0.11125
-1.165 0.055
-1.0975 -0.06875
-1.185 -0.0225
-1.0925 0.0775
-1.1275 0.02625
-1.0825 -0.015
-1.185 -0.01
-1.185 0.2275
-1.0875 0.265
-1.055 0.275
-1.02 0.0925
-0.995 0.08375
-1.0875 0
-1.1375 -0.07875
-1.1075 -0.1825
-1.125 -0.1325
-1.1275 -0.0925
-1.0925 0.02
-1.0875 0.1825
-1.01 0.19375
-1.11 0.285
-1.0925 0.4075
-1.0825 0.28875
-1.1375 0.35
-1.1425 0.3825
-1.075 0.19375
-1.1425 0.07375
-1.11 -0.00375
-1.05 -0.01
-1.0625 0.00875
-1.0925 0.21875
-1.0625 0.1725
-1.16 0.29
-1.19 0.265
-1.17 0.2375
-1.125 0.07125
-1.175 0.1375
-1.145 0.23125
-1.19 0.2575
-1.015 0.1175
-1.145 0.0675
-1.2175 0.075
-1.2025 0.03625
-1.1325 0.075
-1.105 0.12875
-1.0675 0.08125
-1.09 0.12875
-1.1925 0.23125
-1.1625 0.17
-1.08 0.0925
-1.1075 0.105
-1.0725 -0.07375
-1.025 -0.13125
-1.0725 -0.1525
-1.06 -0.24875
-1.05 -0.33875
-1.1325 -0.40125
-1.05 -0.29375
-0.99 -0.1325
-1.045 0.09125
-1.04 -0.05125
-1.18 -0.11375
-1.19 -0.1775
-1.1425 -0.22625
-1.115 -0.05125
-1.125 -0.22
-1.1325 -0.02375
-1.135 -0.06125
-1.13 0.00625
-1.1075 0.00875
-1.0375 0.12
-0.93 0.0725
-1 0.08125
-1.085 0.10125
-1.0125 0.0125
-1.175 -0.09625
-1.11 -0.08875
-1.0925 0.02375
-1.1325 -0.1275
-1.18 -0.1825
-1.1825 -0.16125
-1.1175 -0.105
-1.0475 -0.095
-1.0125 -0.115
-1.03 -0.01625
-1.13 0.02625
-1.1125 0.01
-1.1375 0.165
-1.105 -0.05125
-1.165 -0.14875
-1.1475 -0.0825
-1.01 0.06375
-1.0875 -0.0775
-1.1275 0.03375
-1.1725 0.0275
-1.1675 0.04
-1.0775 -0.025
-1.125 -0.1075
-1.1525 -0.15625
-1.1575 -0.20125
-1.19 -0.34375
-1.0775 -0.18125
-1.1025 -0.0975
-1.1325 -0.1175
-1.1275 -0.27375
-1.0975 -0.3575
-1.1825 -0.395
-1.14 -0.3725
-1.07 -0.42125
-1.1425 -0.37625
-1.0975 -0.13375
-1.09 -0.2475
-1.17 -0.1075
-1.0275 0.01125
-1.115 -0.0075
-1.0475 -0.02625
-0.97 -0.085
-1.125 0.0725
-1.115 -0.07125
-1.0125 -0.03875
-1.0775 0.07
-1.1775 -0.0275
-1.1525 -0.01875
-1.1575 -0.02875
-1.18 -0.095
-1.1125 -0.0825
-1.085 -0.1275
-0.9975 -0.0125
-0.9975 0.1125
-1.0575 0.03875
-1.1575 0.1825
-1.1475 0.13875
-1.0625 0.1225
-1.0775 0.06375
-1.1 0.17375
-1.0525 0.14875
-1.0375 0.22375
-1.1725 0.0775
-1.0575 0
-1.1975 -0.02625
-1.1325 0.09875
-1.1075 -0.0475
-1.05 -0.0975
-1.195 -0.03875
-1.115 0.0825
-1.1025 0.0675
-1.1525 -0.03
-1.04 -0.1
-1.1125 -0.1225
-1.085 -0.03875
-1.165 -0.0275
-1.07 -0.14125
-1.185 -0.10875
-1.1825 -0.08375
-1.2075 -0.09125
-1.065 -0.035
-1.0525 0
-1.1475 -0.0825
-1.17 -0.06
-1.255 -0.0675
-1.18 -0.08375
-1.0625 -0.00375
-1.1075 0.03
-1.1725 0.04375
-1.175 0.12
-1.1825 -0.04375
-1.2125 -0.16625
-1.1625 -0.095
-1.1375 -0.14
-1.0875 -0.2775
-1.165 -0.2425
-1.065 -0.26125
-1.095 -0.14875
-1.0975 -0.03
-1.0925 0.075
-1.0425 0
-1.105 0.0525
-1.0675 0.1475
-1.0775 0.15625
-1.1025 0.09875
-1.0275 0.04875
-1.1075 0.1475
-1.1875 0.00875
-1.2425 0.04125
-1.17 -0.03875
-1.1 0.12
-1.13 0.15
-1.1525 -0.02125
-1.15 -0.1175
-1.055 -0.1375
-1.1575 -0.07625
-1.1875 0.06625
-1.085 0.01375
-1.0925 -0.0525
-1.1275 -0.02625
-1.2225 -0.03125
-1.1325 -0.125
-1.0425 -0.015
-1.1275 -0.03875
-1.0625 -0.01375
-1.06 0.07
-1.1425 0.04
-1.0925 0.0225
-1.11 -0.07625
-1.175 -0.09375
-1.09 0.0225
-1.0725 0.19375
-1.165 0.21625
-1.2025 0.10125
-0.985 0.0775
-1.015 0.1025
-1.215 0.01625
-1.1425 0.02
-1.1425 -0.04125
-1.14 0.0175
-1.1125 -0.11625
-1.0425 -0.16
-1.1075 -0.1675
-1.0825 -0.13
-1.12 -0.24375
-1.0125 -0.14375
-1.0875 -0.24375
-1.105 -0.1925
-1.1775 -0.11625
-1.215 0.02375
-1.0925 -0.01125
-1.26 0.03625
-1.1375 -0.04875
-1.095 0.0325
-1.115 -0.02375
-1.025 0.0175
-1.115 -0.0225
-1.1075 -0.1625
-1.1225 -0.20625
-1.0725 -0.045
-1.1 -0.00375
-1.19 -0.24875
-1.27 -0.2225
-1.1525 -0.26625
-1.175 -0.20625
-1.16 -0.18875
-1.085 -0.2475
-1.2425 -0.2725
-1.1325 -0.20375
-1.1375 -0.0575
-1.1275 -0.16625
-1.1475 0.01375
-1.1975 -0.14375
-1.1425 -0.14875
-1.0725 -0.19625
-1.1075 -0.12125
-1.1725 0.06375
-1.095 0.13875
-1.085 0.13375
-1.05 0.22625
-1.1225 0.3875
-1.12 0.3
-1.1675 0.37
-1.1675 0.38
-1.2275 0.39
-1.165 0.40875
-1.15 0.4625
-1.135 0.4175
-1.0875 0.39125
-1.0225 0.37375
-1.125 0.44
-1.0825 0.37375
-1.07 0.3125
-1.0625 0.24875
-1.1025 0.24375
-1.27 0.25125
-1.205 0.39375
-1.1625 0.13625
-1.14 0.14
-1.0875 0.01
-1.02 -0.00625
-1.06 -0.06875
-1.1225 -0.13125
-1.0425 -0.0575
-1.025 -0.0975
-1.0825 -0.1375
-1.105 -0.25
-1.24 -0.31125
-1.2125 -0.44375
-1.1475 -0.37125
-1.0825 -0.38875
-1.2375 -0.35875
-1.1925 -0.3575
-1.1375 -0.3675
-1.1625 -0.395
-1.245 -0.30625
-1.1525 -0.26625
-1.1075 -0.14
-1.0725 -0.1025
-1.0975 -0.165
-1.145 -0.13125
-1.115 -0.16
-1.0475 -0.2475
-1.0875 -0.3675
-1.1225 -0.33125
-1.025 -0.22125
-1.0475 -0.22
-1.0825 -0.26875
-1.1425 -0.2825
-1.045 -0.14875
-1.17 -0.03
-1.145 0.07875
-1.1075 0.11
-1.1725 0.0625
-1.1925 -0.04125
-1.135 0.10875
-1.1 0.08
-1.11 -0.05625
-1.0375 -0.09875
-1.1075 -0.05375
-1.065 -0.00375
-1.1775 0.06375
-1.015 0.08625
-1.07 -0.0275
-1.1275 -0.0575
-1.0825 -0.04
-1.065 -0.07625
-1.0875 -0.055
-1.12 -0.065
-1.1725 -0.09875
-1.1425 -0.0775
-1.0425 -0.135
-1.0175 -0.17125
-0.9975 -0.24375
-1.0775 -0.12625
-1.025 0.0475
-1.08 -0.095
-1.0725 0.08375
-1.2125 0.1425
-1.1425 -0.03875
-1.0675 -0.0125
-1.065 -0.1175
-1.05 -0.2275
-1.0625 -0.02375
-1.0525 -0.06125
-1.12 -0.11625
-1.085 -0.0775
-1.11 -0.16625
-1.2225 -0.185
-1.16 -0.15125
-1.0475 -0.21875
-1.0375 -0.13875
-1.04 -0.19
-1.1075 -0.175
-1.1075 -0.155
-1.095 -0.19625
-1.1975 -0.27125
-1.105 -0.27375
-1.0675 -0.29125
-1.0575 -0.26875
-1.0975 -0.1425
-1.0275 -0.1075
-1.095 -0.15125
-1.1125 -0.13875
-1.115 0.00625
-1.1575 0.1075
-1.1175 0.17125
-1.16 0.26875
-1.15 0.17875
-1.1275 0.1275
-1.1625 0.0875
-1.1425 0.045
-1.0875 -0.1225
-1.045 -0.12
-1.1375 -0.1725
-1.12 -0.13375
-1.2275 -0.1875
-1.1375 -0.20125
-1.0625 -0.1875
-1.1225 -0.225
-1.1525 -0.1675
-1.0675 -0.11625
-1.085 -0.07125
-1.1025 -0.01375
-0.9975 -0.12375
-1.1 -0.15125
-1.1275 -0.18375
-1.1625 -0.12375
-1.1975 -0.13625
-0.995 -0.015
-0.9975 -0.1075
-1.0225 -0.1325
-1.07 -0.1675
-1.1275 -0.25375
-1.145 -0.27875
-1.045 -0.01875
-1.0825 0.06
-1.0825 0.07
-1.115 0.08625
-1.25 0.0475
-0.9975 0.09375
-1.11 0.0475
-1.0875 -0.08875
-1.14 0.0775
-1.055 0.10875
-1.0475 0.16125
-1.2 -0.0175
-1.1 -0.2
-1.05 -0.22125
-1.1775 -0.175
-1.0725 -0.27625
-1.19 -0.32125
-1.03 -0.24875
-1.15 -0.3875
-1.24 -0.365
-1.295 -0.405
-1.2925 -0.405
-1.14 -0.35
-1.2525 -0.385
-1.1475 -0.33375
-1.135 -0.275
-1.1725 -0.255
-1.2125 -0.21125
-1.105 -0.09625
-1.03 -0.1
-1.1325 -0.19
-1.125 -0.15
-1.0975 -0.01625
-1.125 -0.12125
-1.195 -0.27
-1.1625 -0.1075
-1.115 -0.06375
-1.12 -0.08875
-1.265 0.0325
-1.085 0.0325
-1.18 0.0375
-1.1075 0.04875
-1.18 0.14375
-1.195 0.13
-1.1175 0.20875
-1.1 0.14875
-1.0625 0.10875
-1.1125 0.05625
-1.1875 0.06625
-1.1125 0.015
-1.185 -0.0175
-1.0625 0.085
-1.0075 0.06375
-1.11 0.015
-1.0775 0.19625
-1.07 0.17875
-1.0475 0.11125
-1.1025 0.1025
-1.11 0.07125
-1.155 0.12875
-1.07 0.12375
-1.0425 0.13375
-1.1875 0.245
-1.0225 0.0925
-1.05 0.05125
-1.025 0.12
-1.05 0.13125
-1.04 0.15125
-1.0825 0.12875
-1.155 0.19625
-1.135 0.29
-1.1475 0.3
-1.02 0.2275
-1.1525 0.07375
-1.115 0.22125
-1.0775 0.2525
-1.1725 0.2425
-1.1525 0.18125
-1.125 0.06875
-1.0775 0.06875
-1.085 0.15625
-1.0875 0.15125
-1.0925 0.1
-1.1425 0.02
-1.18 0.03875
-1.13 0.0825
-1.0925 0.14125
-1.115 0.12375
-1.1225 0.07125
-1.0775 0.0425
