-1.51 -0.76875
-1.385 -0.70625
-1.4875 -0.71875
-1.4125 -0.71
-1.4825 -0.71
-1.4275 -0.6475
-1.5225 -0.76625
-1.5525 -0.8025
-1.515 -0.7625
-1.5625 -0.75875
-1.505 -0.76625
-1.4775 -0.775
-1.48 -0.76875
-1.475 -0.79125
-1.5225 -0.8125
-1.52 -0.81875
-1.5125 -0.78375
-1.525 -0.7975
-1.51 -0.8075
-1.5225 -0.82125
-1.535 -0.80875
-1.5975 -0.85625
-1.625 -0.85875
-1.565 -0.815
-1.53 -0.81
-1.4775 -0.775
-1.47 -0.7425
-1.4875 -0.78125
-1.415 -0.685
-1.465 -0.7675
-1.555 -0.80625
-1.53 -0.79875
-1.5425 -0.82375
-1.58 -0.78125
-1.5725 -0.835
-1.4075 -0.71375
-1.5 -0.7275
-1.4125 -0.7175
-1.475 -0.7375
-1.4925 -0.76875
-1.5475 -0.795
-1.44 -0.7325
-1.525 -0.78125
-1.53 -0.81375
-1.505 -0.82
-1.515 -0.8125
-1.615 -0.85875
-1.61 -0.84
-1.53 -0.80125
-1.4525 -0.735
-1.5075 -0.745
-1.605 -0.79625
-1.535 -0.75
-1.565 -0.74625
-1.51 -0.705
-1.3825 -0.62375
-1.4775 -0.63
-1.4325 -0.58
-1.495 -0.62625
-1.465 -0.59625
-1.4075 -0.56125
-1.3575 -0.475
-1.4925 -0.5275
-1.4525 -0.55
-1.4125 -0.5625
-1.4425 -0.62125
-1.57 -0.7025
-1.47 -0.66875
-1.5075 -0.7575
-1.4875 -0.78375
-1.57 -0.82875
-1.55 -0.8225
-1.495 -0.77375
-1.6075 -0.87375
-1.56 -0.835
-1.4225 -0.725
-1.4325 -0.715
-1.385 -0.71625
-1.5 -0.8025
-1.5325 -0.8025
-1.49 -0.72
-1.3575 -0.6825
-1.4425 -0.6775
-1.515 -0.80125
-1.6125 -0.8625
-1.5725 -0.825
-1.5925 -0.835
-1.5225 -0.8
-1.575 -0.8325
-1.49 -0.80125
-1.4525 -0.76875
-1.5525 -0.8325
-1.5975 -0.8575
-1.59 -0.835
-1.475 -0.73875
-1.5325 -0.82875
-1.47 -0.75875
-1.4875 -0.785
-1.6225 -0.86875
-1.5625 -0.85
-1.505 -0.80125
-1.49 -0.72
-1.4275 -0.69125
-1.4875 -0.72125
-1.4475 -0.76875
-1.5375 -0.7775
-1.5125 -0.7675
-1.4825 -0.76375
-1.5775 -0.83125
-1.5475 -0.83375
-1.5475 -0.8325
-1.5075 -0.78
-1.575 -0.83375
-1.5225 -0.76
-1.345 -0.62125
-1.47 -0.6675
-1.4825 -0.69875
-1.525 -0.73875
-1.3675 -0.6475
-1.3575 -0.66875
-1.4625 -0.69125
-1.4475 -0.69375
-1.4275 -0.6975
-1.475 -0.725
-1.57 -0.82625
-1.4975 -0.7275
-1.545 -0.7875
-1.5175 -0.7525
-1.53 -0.795
-1.54 -0.815
-1.605 -0.85375
-1.645 -0.8575
-1.6025 -0.85375
-1.6325 -0.8525
-1.48 -0.7425
-1.5575 -0.84625
-1.57 -0.8475
-1.54 -0.8175
-1.63 -0.8575
-1.575 -0.81125
-1.48 -0.745
-1.62 -0.84125
-1.5525 -0.80375
-1.525 -0.7875
-1.465 -0.7425
-1.52 -0.79
-1.49 -0.7025
-1.4325 -0.71125
-1.3925 -0.65625
-1.4125 -0.655
-1.44 -0.65875
-1.4925 -0.72625
-1.5275 -0.79125
-1.4875 -0.72625
-1.3625 -0.66875
-1.455 -0.62125
-1.4125 -0.5975
-1.475 -0.6925
-1.4475 -0.67875
-1.5525 -0.7525
-1.54 -0.76125
-1.4 -0.6975
-1.4775 -0.695
-1.5225 -0.74625
-1.43 -0.7225
-1.4175 -0.6725
-1.3775 -0.67125
-1.4475 -0.69
-1.4125 -0.74625
-1.4175 -0.68125
-1.525 -0.80375
-1.5175 -0.79375
-1.5375 -0.82375
-1.535 -0.83125
-1.59 -0.83375
-1.605 -0.83125
-1.565 -0.81875
-1.5825 -0.8475
-1.46 -0.7925
-1.55 -0.82375
-1.4025 -0.7375
-1.64 -0.8675
-1.4975 -0.73
-1.47 -0.7125
-1.465 -0.76125
-1.5625 -0.78
-1.5275 -0.7525
-1.46 -0.71875
-1.435 -0.67375
-1.4375 -0.6725
-1.48 -0.635
-1.3925 -0.6325
-1.575 -0.77125
-1.535 -0.75
-1.4975 -0.77625
-1.5175 -0.75375
-1.575 -0.7875
-1.5325 -0.78125
-1.44 -0.7
-1.53 -0.78125
-1.5675 -0.7775
-1.6075 -0.8425
-1.545 -0.8425
-1.575 -0.8375
-1.4675 -0.8
-1.5425 -0.80375
-1.4375 -0.72375
-1.44 -0.71
-1.3975 -0.6825
-1.4375 -0.75625
-1.49 -0.77125
-1.4325 -0.73
-1.3875 -0.655
-1.485 -0.7825
-1.5575 -0.81375
-1.49 -0.715
-1.5725 -0.7525
-1.52 -0.7275
-1.51 -0.73125
-1.525 -0.79625
-1.675 -0.86375
-1.475 -0.76625
-1.3775 -0.625
-1.4425 -0.615
-1.3725 -0.6225
-1.39 -0.6425
-1.455 -0.6825
-1.465 -0.70375
-1.55 -0.7825
-1.56 -0.7925
-1.505 -0.7625
-1.5775 -0.83625
-1.49 -0.7825
-1.5125 -0.79625
-1.6125 -0.83625
-1.595 -0.82125
-1.4575 -0.7275
-1.47 -0.76625
-1.505 -0.79625
-1.4925 -0.7625
-1.535 -0.81125
-1.575 -0.8525
-1.5675 -0.84125
-1.54 -0.78875
-1.5125 -0.79
-1.47 -0.755
-1.4875 -0.77875
-1.5725 -0.80625
-1.54 -0.815
-1.5 -0.80125
-1.485 -0.74875
-1.5275 -0.795
-1.525 -0.7925
-1.48 -0.735
-1.5625 -0.74875
-1.555 -0.7975
-1.6425 -0.8525
-1.5925 -0.8175
-1.5175 -0.75375
-1.505 -0.765
-1.5225 -0.745
-1.5725 -0.76375
-1.5025 -0.75
-1.54 -0.8225
-1.58 -0.8375
-1.415 -0.695
-1.555 -0.815
-1.45 -0.72625
-1.5575 -0.82125
-1.47 -0.77375
-1.595 -0.8525
-1.55 -0.7825
-1.4525 -0.74375
-1.5525 -0.83125
-1.5975 -0.83375
-1.5625 -0.82375
-1.595 -0.83
-1.4675 -0.76875
-1.4825 -0.765
-1.535 -0.7925
-1.5875 -0.83125
-1.6575 -0.85125
-1.58 -0.82875
-1.5675 -0.75875
-1.565 -0.805
-1.4175 -0.71125
-1.39 -0.6925
-1.505 -0.6125
-1.4075 -0.53875
-1.4225 -0.56125
-1.355 -0.625
-1.555 -0.7475
-1.5225 -0.7525
-1.65 -0.7725
-1.465 -0.63875
-1.39 -0.65375
-1.5225 -0.76625
-1.47 -0.67625
-1.3825 -0.605
-1.435 -0.605
-1.495 -0.6525
-1.5375 -0.6725
-1.4475 -0.61875
-1.4725 -0.6375
-1.505 -0.685
-1.395 -0.64875
-1.42 -0.6375
-1.4925 -0.61
-1.455 -0.555
-1.4225 -0.56625
-1.3925 -0.49
-1.4425 -0.42375
-1.2925 -0.4
-1.355 -0.43875
-1.3375 -0.39625
-1.53 -0.47
-1.3825 -0.41125
-1.4475 -0.345
-1.3175 -0.22875
-1.375 -0.20375
-1.4 -0.14
-1.3125 -0.0625
-1.31 -0.16625
-1.235 -0.0325
-1.2925 -0.08375
-1.2525 -0.0125
-1.3175 0.01625
-1.2525 -0.14625
-1.31 0.01625
-1.375 -0.08875
-1.395 -0.06875
-1.33 0.03625
-1.2825 -0.08625
-1.385 -0.0725
-1.4125 -0.11375
-1.3125 -0.1525
-1.3975 -0.1975
-1.3875 -0.235
-1.41 -0.27875
-1.4 -0.29625
-1.285 -0.21625
-1.3375 -0.1825
-1.335 -0.25375
-1.395 -0.2875
-1.43 -0.225
-1.395 -0.21
-1.3975 -0.205
-1.3775 -0.21
-1.315 -0.17625
-1.385 -0.195
-1.265 -0.03875
-1.265 -0.04125
-1.27 -0.09375
-1.3175 -0.04625
-1.2625 0.00625
-1.2425 0.0425
-1.29 0.09125
-1.27 0.115
-1.325 0.27875
-1.335 0.27625
-1.2625 0.29
-1.3675 0.44
-1.42 0.38125
-1.3575 0.36625
-1.45 0.36625
-1.4775 0.36375
-1.3675 0.29375
-1.4725 0.28375
-1.4775 0.25625
-1.385 0.33125
-1.345 0.145
-1.3425 0.21625
-1.355 0.315
-1.3 0.24875
-1.3275 0.22375
-1.3225 0.23625
-1.3025 0.14
-1.2925 0.15375
-1.2275 0.17375
-1.28 0.235
-1.3625 0.22625
-1.3675 0.26375
-1.39 0.4225
-1.4275 0.4425
-1.5 0.42875
-1.355 0.43625
-1.395 0.34375
-1.4025 0.35
-1.46 0.355
-1.35 0.21125
-1.28 0.22
-1.365 0.21125
-1.3825 0.1475
-1.45 0.20625
-1.3075 0.10875
-1.315 0.07625
-1.3325 0.0575
-1.33 0.145
-1.325 0.1125
-1.3275 0.14
-1.345 0.09875
-1.295 0.13625
-1.275 0.1575
-1.29 0.1325
-1.3425 0.2625
-1.4 0.255
-1.305 0.28625
-1.4075 0.3775
-1.4075 0.34125
-1.3975 0.2675
-1.3725 0.31375
-1.3275 0.39625
-1.385 0.4125
-1.385 0.435
-1.3875 0.55375
-1.4425 0.62125
-1.435 0.5725
-1.465 0.59125
-1.4375 0.5625
-1.47 0.645
-1.465 0.6275
-1.46 0.6
-1.5325 0.615
-1.39 0.57125
-1.4625 0.62
-1.4725 0.7025
-1.4825 0.68875
-1.3825 0.66
-1.41 0.665
-1.4225 0.605
-1.475 0.66125
-1.4775 0.665
-1.4025 0.64125
-1.56 0.69375
-1.56 0.74
-1.5875 0.7925
-1.53 0.80625
-1.3775 0.745
-1.5175 0.785
-1.475 0.7525
-1.5375 0.77875
-1.5025 0.775
-1.465 0.72375
-1.4275 0.70375
-1.44 0.695
-1.5325 0.79375
-1.505 0.73875
-1.4625 0.6925
-1.445 0.70375
-1.3875 0.59
-1.3275 0.61125
-1.35 0.57875
-1.3825 0.595
-1.42 0.67625
-1.415 0.59875
-1.4975 0.705
-1.565 0.75625
-1.5375 0.77
-1.505 0.7575
-1.47 0.76
-1.46 0.6925
-1.5175 0.75375
-1.59 0.815
-1.4725 0.7125
-1.455 0.75625
-1.4975 0.78625
-1.465 0.73
-1.4525 0.725
-1.4425 0.71625
-1.5125 0.66875
-1.49 0.70375
-1.455 0.7025
-1.5125 0.72625
-1.49 0.7025
-1.4325 0.7325
-1.4675 0.72625
-1.4875 0.69375
-1.47 0.7275
-1.5775 0.84
-1.6125 0.87125
-1.5825 0.83625
-1.62 0.86625
-1.5725 0.825
-1.5275 0.7975
-1.555 0.84875
-1.5075 0.76
-1.4225 0.75125
-1.6 0.85375
-1.5075 0.78375
-1.505 0.77875
-1.46 0.75875
-1.425 0.7775
-1.56 0.7725
-1.5575 0.8075
-1.52 0.7875
-1.4925 0.81125
-1.5575 0.83375
-1.565 0.81625
-1.5925 0.81
-1.5275 0.735
-1.545 0.7975
-1.5225 0.7375
-1.4925 0.73875
-1.4525 0.72625
-1.5225 0.7575
-1.5125 0.7625
-1.605 0.835
-1.5125 0.74625
-1.485 0.69375
-1.465 0.73125
-1.5325 0.7925
-1.5275 0.78125
-1.4625 0.72
-1.4675 0.69125
-1.47 0.7475
-1.4225 0.7525
-1.5225 0.79125
-1.505 0.8225
-1.4025 0.71125
-1.425 0.7275
-1.5275 0.81875
-1.5 0.75625
-1.62 0.84375
-1.605 0.8575
-1.4825 0.79
-1.4675 0.75625
-1.57 0.84125
-1.565 0.80875
-1.56 0.8325
-1.495 0.77
-1.475 0.745
-1.4125 0.62625
-1.4 0.615
-1.475 0.71875
-1.475 0.72125
-1.51 0.7575
-1.4325 0.76125
-1.545 0.795
-1.5975 0.8475
-1.5525 0.82875
-1.49 0.7875
-1.365 0.6325
-1.425 0.71875
-1.52 0.76625
-1.555 0.80625
-1.45 0.75625
-1.5525 0.7925
-1.585 0.79375
-1.5375 0.78625
-1.415 0.74625
-1.3775 0.67375
-1.4125 0.6625
-1.425 0.6625
-1.4625 0.7325
-1.47 0.77125
-1.555 0.83375
-1.5125 0.75375
-1.39 0.70625
-1.525 0.7825
-1.4725 0.77125
-1.535 0.75625
-1.4175 0.70125
-1.4875 0.74625
-1.46 0.725
-1.515 0.745
-1.4225 0.71375
-1.52 0.77375
-1.545 0.795
-1.4925 0.79375
-1.5075 0.8025
-1.5525 0.81125
-1.635 0.875
-1.525 0.8
-1.555 0.8325
-1.56 0.79875
-1.5925 0.81125
-1.465 0.79
-1.5175 0.75625
-1.63 0.85625
-1.595 0.85375
-1.575 0.82625
-1.555 0.8125
-1.5325 0.81875
-1.555 0.84625
-1.605 0.8275
-1.5225 0.775
-1.405 0.725
-1.4075 0.69625
-1.5325 0.7975
-1.5625 0.78875
-1.4875 0.7775
-1.4625 0.73125
-1.48 0.76625
-1.5075 0.7625
-1.5 0.72375
-1.5525 0.79375
-1.54 0.81
-1.4175 0.72375
-1.475 0.70625
-1.5 0.8
-1.46 0.75
-1.4425 0.735
-1.5675 0.77375
-1.5175 0.76875
-1.5825 0.84625
-1.6225 0.84625
-1.6 0.83125
-1.615 0.84625
-1.5475 0.8225
-1.4225 0.7725
-1.3675 0.67625
-1.4725 0.75875
-1.485 0.735
-1.4825 0.72625
-1.5425 0.77375
-1.51 0.7875
-1.52 0.80375
-1.525 0.7925
-1.5975 0.82625
-1.5375 0.79625
-1.5675 0.80875
-1.575 0.835
-1.5375 0.81125
-1.61 0.8175
-1.4825 0.73875
-1.42 0.695
-1.475 0.76
-1.49 0.75625
-1.55 0.78375
-1.465 0.69875
-1.365 0.61875
-1.515 0.75125
-1.5375 0.78125
-1.575 0.80375
-1.4375 0.7275
-1.4725 0.62875
-1.36 0.57875
-1.5075 0.705
-1.485 0.74375
-1.5525 0.74625
-1.505 0.7075
-1.5025 0.685
-1.5 0.6775
-1.375 0.66
-1.4425 0.73125
-1.5525 0.77625
-1.6275 0.82625
-1.545 0.78625
-1.5225 0.765
-1.5075 0.7425
-1.435 0.72
-1.5425 0.76875
-1.5275 0.66875
-1.3675 0.54875
-1.3675 0.5375
-1.3725 0.61125
-1.415 0.61125
-1.4625 0.625
-1.4075 0.62
-1.41 0.64375
-1.3675 0.65
-1.515 0.80875
-1.4125 0.71375
-1.4725 0.655
-1.4625 0.6775
-1.475 0.6775
-1.4825 0.6475
-1.44 0.71625
-1.455 0.715
-1.3975 0.66625
-1.3825 0.61125
-1.4875 0.72875
-1.4925 0.7275
-1.55 0.78625
-1.6675 0.88
-1.645 0.85625
-1.4775 0.805
-1.555 0.835
-1.5425 0.81125
-1.565 0.815
-1.45 0.73125
-1.4775 0.72
-1.43 0.6775
-1.425 0.6325
-1.5 0.7225
-1.5675 0.77
-1.4 0.69875
-1.475 0.69875
-1.465 0.78375
-1.445 0.75375
-1.54 0.765
-1.445 0.73875
-1.54 0.80875
-1.535 0.7725
-1.605 0.83875
-1.5425 0.82
-1.5225 0.81
-1.5075 0.785
-1.5275 0.78875
-1.5075 0.80875
-1.6075 0.84125
-1.495 0.76
-1.4775 0.70375
-1.495 0.7325
-1.45 0.74375
-1.55 0.795
-1.605 0.8125
-1.5075 0.79875
-1.4175 0.6925
-1.58 0.785
-1.555 0.83375
-1.595 0.83125
-1.51 0.7975
-1.51 0.785
-1.5575 0.835
-1.635 0.83875
-1.4675 0.7575
-1.51 0.8125
-1.5575 0.83
-1.4975 0.80625
-1.57 0.83875
-1.61 0.8675
-1.515 0.815
-1.5875 0.845
-1.53 0.82625
-1.555 0.7675
-1.6025 0.83375
-1.5425 0.7525
-1.585 0.78875
-1.5175 0.7275
-1.47 0.68625
-1.485 0.685
-1.45 0.6225
-1.4025 0.52875
-1.3625 0.6125
-1.43 0.60125
-1.405 0.665
-1.46 0.71
-1.61 0.81375
-1.515 0.8125
-1.5325 0.79875
-1.49 0.79
-1.4325 0.725
-1.445 0.73875
-1.4375 0.67625
-1.53 0.7825
-1.58 0.84125
-1.5975 0.835
-1.6 0.835
-1.5 0.78875
-1.4975 0.77375
-1.56 0.795
-1.5475 0.815
-1.6425 0.865
-1.5825 0.8575
-1.59 0.855
-1.5425 0.81
-1.4625 0.75375
-1.445 0.65125
-1.38 0.65375
-1.385 0.6975
-1.3925 0.7175
-1.5375 0.76625
-1.4925 0.72875
-1.4375 0.68125
-1.335 0.6125
-1.4875 0.69625
-1.4975 0.69625
-1.5575 0.82
-1.725 0.89375
-1.5925 0.85
-1.62 0.84125
-1.6275 0.8775
-1.53 0.8025
-1.57 0.79375
-1.4725 0.76
-1.4025 0.66125
-1.4125 0.68125
-1.49 0.74125
-1.5275 0.69875
-1.515 0.76375
-1.4875 0.73
-1.5675 0.72375
-1.3675 0.69
-1.4725 0.7175
-1.555 0.69125
-1.46 0.69375
-1.425 0.66375
-1.5025 0.69125
-1.57 0.75375
-1.435 0.67
-1.4775 0.71375
-1.495 0.77375
-1.4975 0.67625
-1.56 0.66875
-1.47 0.565
-1.35 0.52875
-1.35 0.51625
-1.4025 0.635
-1.47 0.76125
-1.5075 0.71875
-1.465 0.71875
-1.51 0.7825
-1.5575 0.79125
-1.49 0.71625
-1.4125 0.74
-1.5825 0.8075
-1.49 0.7875
-1.61 0.8275
-1.5275 0.79875
-1.4925 0.73875
-1.3925 0.7275
-1.515 0.805
-1.5375 0.79125
-1.45 0.74375
-1.5425 0.80625
-1.515 0.79
-1.4825 0.74375
-1.4625 0.7175
-1.4425 0.7075
-1.48 0.75125
-1.585 0.78125
-1.5925 0.75875
-1.5375 0.77875
-1.55 0.835
-1.5825 0.8225
-1.5025 0.80875
-1.5775 0.80875
-1.57 0.83375
-1.6375 0.87125
-1.525 0.80625
-1.455 0.7525
-1.555 0.79625
-1.5825 0.78625
-1.5325 0.815
-1.53 0.815
-1.5925 0.8
-1.5475 0.8325
-1.57 0.82125
-1.6075 0.85875
-1.515 0.7775
-1.4875 0.7375
-1.3675 0.68625
-1.4625 0.72625
-1.4225 0.735
-1.51 0.7575
-1.505 0.80125
-1.5375 0.76125
-1.5025 0.76875
-1.44 0.72875
-1.4875 0.74875
-1.405 0.7175
-1.555 0.78875
-1.3575 0.72
-1.55 0.79875
-1.5125 0.81125
-1.515 0.8025
-1.5525 0.74875
-1.5025 0.72875
-1.485 0.75
-1.43 0.69
-1.5975 0.7925
-1.53 0.8075
-1.585 0.81875
-1.5025 0.8025
-1.5225 0.8075
-1.5025 0.7875
-1.5 0.78625
-1.5925 0.77625
-1.55 0.77875
-1.4575 0.6875
-1.415 0.63875
-1.5125 0.67125
-1.4 0.6175
-1.55 0.75625
-1.5275 0.75625
-1.59 0.83125
-1.4775 0.75875
-1.51 0.7675
-1.4075 0.645
-1.4375 0.68125
-1.3775 0.7175
-1.5175 0.75375
-1.505 0.745
-1.3675 0.695
-1.34 0.65375
-1.4525 0.77625
-1.49 0.7925
-1.525 0.7125
-1.5025 0.69
-1.5325 0.72
-1.375 0.64875
-1.4575 0.5875
-1.3875 0.54125
-1.3125 0.53875
-1.3925 0.53
-1.315 0.46
-1.34 0.40875
-1.3 0.3975
-1.36 0.4525
-1.355 0.4175
-1.3975 0.45
-1.3375 0.305
-1.2625 0.09375
-1.2775 0.14875
-1.255 0.0975
-1.285 0.07
-1.32 0.01625
-1.31 0
-1.2725 -0.045
-1.2975 -0.03375
-1.29 0.015
-1.26 -0.09875
-1.2525 -0.17
-1.24 -0.2725
-1.285 -0.0925
-1.2925 -0.00125
-1.3925 0.08
-1.355 0.065
-1.3275 0.13125
-1.3875 0.14625
-1.4575 0.18625
-1.4625 0.16
-1.4125 0.17
-1.4675 0.2475
-1.3675 0.22
-1.4325 0.18875
-1.425 0.28
-1.4525 0.275
-1.4325 0.25875
-1.4075 0.35125
-1.5225 0.325
-1.445 0.47875
-1.38 0.3825
-1.42 0.475
-1.5475 0.61375
-1.505 0.6425
-1.5325 0.7275
-1.5225 0.8025
-1.6 0.8325
-1.5575 0.77375
-1.4075 0.71125
-1.525 0.76625
-1.545 0.7825
-1.4575 0.705
-1.57 0.795
-1.49 0.7475
-1.5125 0.75125
-1.4975 0.73125
-1.4475 0.6975
-1.43 0.68375
-1.505 0.73125
-1.445 0.6725
-1.5025 0.69625
-1.4675 0.74125
-1.5275 0.81375
-1.53 0.79375
-1.535 0.755
-1.46 0.745
-1.45 0.72875
-1.48 0.74625
-1.5075 0.80625
-1.51 0.77625
-1.645 0.8725
-1.6975 0.895
-1.545 0.79875
-1.485 0.72875
-1.37 0.64625
-1.525 0.74375
-1.5525 0.7825
-1.4375 0.74375
-1.525 0.7575
-1.595 0.8
-1.365 0.665
-1.355 0.59875
-1.4025 0.67625
-1.445 0.57625
-1.4075 0.55125
-1.3675 0.54875
-1.4225 0.54125
-1.3975 0.49375
-1.405 0.505
-1.405 0.46875
-1.4375 0.42875
-1.36 0.45625
-1.4525 0.49625
-1.3675 0.48625
-1.4175 0.56625
-1.4975 0.6975
-1.4725 0.58
-1.325 0.50625
-1.4225 0.52375
-1.41 0.58875
-1.4625 0.57375
-1.365 0.43
-1.4125 0.39375
-1.3975 0.4475
-1.35 0.395
-1.4275 0.4775
-1.435 0.51375
-1.43 0.59
-1.4575 0.5575
-1.405 0.555
-1.4075 0.64875
-1.4675 0.625
-1.475 0.60125
-1.4925 0.5625
-1.495 0.5025
-1.4325 0.45
-1.39 0.485
-1.415 0.51375
-1.3825 0.40625
-1.435 0.3725
-1.2875 0.31375
-1.3975 0.42125
-1.3975 0.47375
-1.3775 0.4275
-1.43 0.40125
-1.33 0.37
-1.45 0.425
-1.505 0.4875
-1.405 0.48
-1.37 0.40875
-1.4125 0.4225
-1.315 0.43625
-1.4925 0.53125
-1.5775 0.68
-1.565 0.60875
-1.3775 0.53875
-1.47 0.58125
-1.325 0.41625
-1.3675 0.41875
-1.4225 0.4975
-1.44 0.5175
-1.4575 0.5375
-1.39 0.525
-1.415 0.4875
-1.445 0.43875
-1.4875 0.47125
-1.38 0.45
-1.4275 0.51125
-1.485 0.46375
-1.375 0.35125
-1.38 0.31
-1.325 0.365
-1.28 0.39
-1.3175 0.45625
-1.38 0.41125
-1.335 0.395
-1.41 0.45375
-1.4525 0.48375
-1.3275 0.44375
-1.4425 0.55125
-1.435 0.57
-1.44 0.6275
-1.4375 0.71125
-1.52 0.72625
-1.515 0.75625
-1.5025 0.76125
-1.5225 0.77125
-1.47 0.72375
-1.5825 0.81625
-1.475 0.775
-1.5175 0.78875
-1.5475 0.73375
-1.53 0.755
-1.455 0.695
-1.475 0.755
-1.5025 0.8025
-1.57 0.83375
-1.4525 0.76125
-1.6325 0.85125
-1.43 0.735
-1.6375 0.86
-1.5575 0.8275
-1.4775 0.77625
-1.5625 0.8275
-1.6125 0.8525
-1.54 0.81875
-1.5325 0.7625
-1.5925 0.82
-1.575 0.8425
-1.515 0.8325
-1.64 0.86625
-1.515 0.80125
-1.515 0.795
-1.555 0.82375
-1.555 0.815
-1.4675 0.74375
-1.525 0.79125
-1.53 0.82
-1.5425 0.7925
-1.485 0.76625
-1.6525 0.8425
-1.475 0.78625
-1.6125 0.83375
-1.515 0.78625
-1.5475 0.78625
-1.4975 0.785
-1.425 0.74375
-1.43 0.7425
-1.44 0.6375
-1.57 0.78375
-1.4725 0.65625
-1.4125 0.565
-1.39 0.60625
-1.485 0.58625
-1.3875 0.565
-1.485 0.58125
-1.41 0.6025
-1.4625 0.61
-1.485 0.5875
-1.485 0.68375
-1.4725 0.6625
-1.4225 0.63625
-1.3625 0.57375
-1.4375 0.56375
-1.4525 0.68
-1.4925 0.78125
-1.5175 0.7625
-1.4925 0.7625
-1.385 0.72875
-1.6125 0.85125
-1.705 0.89
-1.505 0.77375
-1.475 0.7075
-1.4675 0.73375
-1.4875 0.735
-1.4875 0.72875
-1.5375 0.77375
-1.4775 0.6875
-1.46 0.6725
-1.4 0.58625
-1.3375 0.64625
-1.49 0.7125
-1.47 0.76625
-1.4275 0.70875
-1.495 0.73625
-1.4 0.6625
-1.39 0.63125
-1.3825 0.64375
-1.535 0.7175
-1.3725 0.66875
-1.485 0.71625
-1.5175 0.73875
-1.535 0.7275
-1.5075 0.79125
-1.545 0.8025
-1.5075 0.7525
-1.4925 0.70875
-1.415 0.69125
-1.49 0.71
-1.4375 0.70375
-1.465 0.7625
-1.45 0.74625
-1.5075 0.73875
-1.3375 0.61
-1.4525 0.61625
-1.41 0.62125
-1.2925 0.5875
-1.2875 0.57125
-1.28 0.57625
-1.395 0.69
-1.455 0.715
-1.54 0.77
-1.56 0.80125
-1.545 0.79875
-1.585 0.8375
-1.455 0.7525
-1.43 0.6775
-1.49 0.68875
-1.4575 0.6825
-1.39 0.63
-1.555 0.74125
-1.4775 0.58125
-1.33 0.5825
-1.435 0.55625
-1.4825 0.62
-1.465 0.675
-1.56 0.6375
-1.5275 0.675
-1.5 0.72375
-1.5725 0.80375
-1.5775 0.83
-1.4925 0.75125
-1.4675 0.7625
-1.5525 0.80125
-1.565 0.82625
-1.53 0.7675
-1.53 0.79375
-1.515 0.79375
-1.505 0.705
-1.3975 0.73
-1.5675 0.80375
-1.625 0.845
-1.55 0.79
-1.4475 0.75875
-1.43 0.7525
-1.5125 0.7875
-1.3475 0.66375
-1.4875 0.705
-1.49 0.685
-1.51 0.73375
-1.47 0.72125
-1.4625 0.7025
-1.395 0.68375
-1.4775 0.71375
-1.55 0.7025
-1.3975 0.665
-1.445 0.6725
-1.525 0.685
-1.4725 0.67125
-1.5775 0.69875
-1.4025 0.555
-1.345 0.53875
-1.4125 0.525
-1.385 0.4575
-1.4225 0.41875
-1.4025 0.5425
-1.44 0.62375
-1.445 0.6075
-1.4025 0.63375
-1.455 0.60375
-1.4575 0.60625
-1.46 0.61
-1.42 0.6075
-1.475 0.68875
-1.5075 0.72875
-1.39 0.6875
-1.5375 0.68125
-1.465 0.60625
-1.3525 0.62625
-1.455 0.66875
-1.3675 0.64875
-1.4275 0.68
-1.4 0.68875
-1.52 0.77875
-1.505 0.7975
-1.51 0.78625
-1.62 0.84125
-1.5125 0.78625
-1.5 0.76
-1.5325 0.79875
-1.5275 0.78375
-1.4375 0.7575
-1.5625 0.78625
-1.565 0.81875
-1.565 0.82
-1.465 0.75375
-1.5175 0.80125
-1.5175 0.7875
-1.4875 0.77
-1.495 0.7575
-1.5025 0.75875
-1.365 0.6975
-1.405 0.63
-1.4825 0.685
-1.5475 0.7625
-1.4775 0.73875
-1.535 0.78625
-1.4825 0.76875
-1.4725 0.76125
-1.48 0.77625
-1.475 0.7525
-1.5825 0.85125
-1.535 0.7925
-1.625 0.83375
-1.61 0.82875
-1.6125 0.82125
-1.45 0.71125
-1.4825 0.71625
-1.4925 0.74125
-1.54 0.80125
-1.4875 0.78125
-1.5 0.7675
-1.5325 0.80625
-1.62 0.83
-1.425 0.74
-1.48 0.74875
-1.605 0.81
-1.38 0.69
-1.4525 0.73375
-1.48 0.725
-1.595 0.73875
-1.42 0.635
-1.53 0.675
-1.48 0.615
-1.4675 0.63
-1.435 0.64375
-1.535 0.64375
-1.4175 0.5325
-1.4525 0.59125
-1.4775 0.6875
-1.475 0.66
-1.4725 0.70625
-1.5125 0.74
-1.4475 0.6875
-1.4725 0.745
-1.59 0.8125
-1.535 0.77625
-1.38 0.615
-1.39 0.63375
-1.32 0.525
-1.4025 0.5575
-1.37 0.515
-1.47 0.5125
-1.42 0.56
-1.4225 0.5525
-1.48 0.64375
-1.45 0.58125
-1.4175 0.6
-1.555 0.6725
-1.455 0.6425
-1.53 0.67125
-1.4375 0.67875
-1.5975 0.7925
-1.4375 0.7275
-1.4275 0.66125
-1.455 0.64875
-1.455 0.61
-1.43 0.62875
-1.4325 0.60625
-1.5625 0.68125
-1.435 0.67
-1.4 0.7025
-1.5375 0.8125
-1.4375 0.74125
-1.54 0.80875
-1.5875 0.825
-1.46 0.77875
-1.555 0.82125
-1.555 0.79875
-1.505 0.765
-1.4725 0.72625
-1.47 0.7075
-1.5475 0.82625
-1.5275 0.80875
-1.4425 0.75
-1.4575 0.72875
-1.4975 0.7625
-1.455 0.77125
-1.4325 0.76375
-1.5375 0.77375
-1.48 0.7875
-1.565 0.81875
-1.4775 0.76375
-1.5475 0.7625
-1.635 0.84125
-1.4625 0.71
-1.4625 0.69875
-1.4775 0.69125
-1.4875 0.76875
-1.555 0.78125
-1.5025 0.7
-1.4575 0.70875
-1.3875 0.625
-1.4675 0.67625
-1.4325 0.70875
-1.4525 0.71875
-1.47 0.7225
-1.4525 0.76875
-1.4575 0.78125
-1.5 0.7725
-1.48 0.7625
-1.45 0.725
-1.4775 0.75
-1.515 0.7625
-1.495 0.81125
-1.6025 0.86
-1.595 0.85375
-1.57 0.83
-1.5425 0.78
-1.5575 0.82625
-1.49 0.77125
-1.4325 0.7475
-1.5825 0.8175
-1.5575 0.805
-1.5725 0.8375
-1.61 0.8525
-1.565 0.79875
-1.6225 0.86875
-1.525 0.78625
-1.5525 0.8
-1.465 0.76875
-1.39 0.6925
-1.465 0.7275
-1.4175 0.72375
-1.4575 0.7325
-1.54 0.75875
-1.48 0.74375
-1.6125 0.8425
-1.6575 0.86375
-1.5375 0.79875
-1.45 0.71625
-1.5225 0.73875
-1.51 0.7775
-1.4975 0.785
-1.4325 0.71125
-1.44 0.71
-1.575 0.77
-1.4675 0.73
-1.5175 0.74625
-1.52 0.77
-1.4175 0.72375
-1.505 0.715
-1.5325 0.695
-1.49 0.68375
-1.5575 0.70375
-1.4525 0.645
-1.4025 0.63375
-1.5325 0.74875
-1.5525 0.74625
-1.5725 0.8625
-1.485 0.80125
-1.5425 0.7475
-1.4825 0.72625
-1.34 0.665
-1.375 0.66
-1.4575 0.73125
-1.5025 0.74875
-1.5575 0.76625
-1.5575 0.7725
-1.5275 0.79375
-1.35 0.685
-1.4525 0.72375
-1.5675 0.85125
-1.5175 0.7925
-1.505 0.7725
-1.57 0.81875
-1.495 0.80625
-1.485 0.78625
-1.575 0.8225
-1.6 0.78625
-1.51 0.74
-1.5175 0.7525
-1.53 0.71
-1.5275 0.71875
-1.3775 0.57125
-1.4225 0.60625
-1.4175 0.67
-1.5 0.7225
-1.4525 0.78375
-1.5175 0.76375
-1.54 0.79625
-1.515 0.8125
-1.545 0.80875
-1.5175 0.78
-1.4875 0.80375
-1.5675 0.8075
-1.48 0.74875
-1.4525 0.7275
-1.46 0.7475
-1.5075 0.7775
-1.4875 0.775
-1.5675 0.81
-1.4225 0.72625
-1.5375 0.68
-1.4725 0.7025
-1.5875 0.8025
-1.5225 0.8025
-1.6075 0.84375
-1.53 0.79625
-1.5875 0.84
-1.545 0.79875
-1.5525 0.80625
-1.495 0.76875
-1.4775 0.72
-1.4625 0.66875
-1.51 0.70625
-1.445 0.69
-1.465 0.75375
-1.3625 0.64125
-1.3525 0.59625
-1.37 0.6
-1.4525 0.6925
-1.435 0.72125
-1.385 0.72375
-1.46 0.72875
-1.4775 0.66625
-1.3625 0.60125
-1.3525 0.51375
-1.435 0.55125
-1.395 0.6375
-1.4125 0.59625
-1.45 0.635
-1.5 0.685
-1.455 0.675
-1.3725 0.62125
-1.4725 0.69625
-1.525 0.7625
-1.4775 0.78625
-1.4925 0.81
-1.64 0.85
-1.5725 0.835
-1.51 0.78375
-1.4775 0.7625
-1.4425 0.74125
-1.44 0.7975
-1.565 0.81625
-1.3625 0.595
-1.345 0.51375
-1.2275 0.42125
-1.26 0.46625
-1.3175 0.40125
-1.3625 0.40875
-1.4025 0.475
-1.4175 0.37375
-1.345 0.3725
-1.2775 0.505
-1.37 0.46875
-1.3625 0.54375
-1.4275 0.56
-1.3975 0.60875
-1.3825 0.6625
-1.545 0.7375
-1.4725 0.70125
-1.43 0.68
-1.44 0.65375
-1.505 0.765
-1.41 0.70875
-1.6125 0.845
-1.54 0.83125
-1.5325 0.80375
-1.4975 0.78625
-1.54 0.7925
-1.5775 0.82875
-1.5425 0.805
-1.575 0.81125
-1.605 0.84375
-1.5325 0.82125
-1.55 0.8025
-1.5775 0.81875
-1.6325 0.87375
-1.52 0.81125
-1.4925 0.7775
-1.565 0.82625
-1.505 0.8025
-1.6175 0.83
-1.5 0.7825
-1.47 0.7225
-1.405 0.7075
-1.4325 0.7
-1.515 0.78875
-1.5175 0.76875
-1.49 0.79
-1.59 0.82625
-1.59 0.8175
-1.5775 0.835
-1.48 0.77875
-1.515 0.785
-1.5175 0.79
-1.445 0.75375
-1.51 0.81
-1.555 0.7975
-1.5075 0.7725
-1.45 0.7325
-1.4625 0.71625
-1.6325 0.8525
-1.5925 0.8575
-1.5075 0.7875
-1.51 0.755
-1.455 0.72
-1.5 0.77875
-1.4075 0.75
-1.4775 0.78625
-1.395 0.725
-1.4325 0.74
-1.57 0.805
-1.51 0.7875
-1.49 0.68375
-1.5275 0.70875
-1.4375 0.605
-1.4675 0.7025
-1.5625 0.8175
-1.4775 0.75125
-1.4675 0.75875
-1.6 0.83875
-1.505 0.75625
-1.5125 0.7825
-1.51 0.745
-1.58 0.82
-1.57 0.72625
-1.565 0.80875
-1.48 0.73125
-1.4525 0.7375
-1.5225 0.72375
-1.375 0.60875
-1.4375 0.62625
-1.435 0.565
-1.475 0.57625
-1.4625 0.64375
-1.4325 0.69
-1.4125 0.64125
-1.465 0.69125
-1.42 0.65875
-1.4275 0.665
-1.5325 0.7375
-1.4725 0.71
-1.5025 0.7275
-1.545 0.7325
-1.515 0.74
-1.5475 0.7925
-1.3975 0.71375
-1.3275 0.58
-1.475 0.63375
-1.4125 0.5375
-1.44 0.53375
-1.39 0.54
-1.4525 0.55625
-1.4725 0.55125
-1.5575 0.62375
-1.475 0.6075
-1.415 0.62
-1.4025 0.64375
-1.5375 0.60125
-1.44 0.62125
-1.395 0.62
-1.3775 0.57125
-1.3675 0.6025
-1.5425 0.715
-1.585 0.78
-1.51 0.7475
-1.45 0.69625
-1.53 0.64125
-1.465 0.61875
-1.3875 0.61125
-1.4475 0.60625
-1.4225 0.59
-1.44 0.6325
-1.51 0.67375
-1.455 0.715
-1.4925 0.7475
-1.5675 0.81375
-1.4575 0.78125
-1.5425 0.815
-1.465 0.7925
-1.485 0.75875
-1.4975 0.73375
-1.535 0.715
-1.33 0.5875
-1.37 0.6075
-1.4575 0.655
-1.3625 0.545
-1.51 0.6875
-1.4825 0.71125
-1.475 0.71375
-1.4675 0.65875
-1.2775 0.63125
-1.5 0.72125
-1.495 0.74
-1.3875 0.625
-1.4725 0.655
-1.505 0.7075
-1.3975 0.6275
-1.48 0.75375
-1.445 0.71875
-1.445 0.60875
-1.385 0.5225
-1.37 0.58375
-1.5325 0.72375
-1.46 0.70375
-1.4175 0.66
-1.41 0.73
-1.57 0.75
-1.5175 0.745
-1.5125 0.755
-1.4875 0.75375
-1.4375 0.685
-1.4525 0.71125
-1.55 0.77875
-1.5825 0.84625
-1.6275 0.8675
-1.62 0.84875
-1.695 0.895
-1.5425 0.8225
-1.5575 0.82125
-1.4675 0.7625
-1.5 0.8025
-1.525 0.815
-1.6025 0.8225
-1.595 0.82875
-1.4675 0.765
-1.485 0.7725
-1.5375 0.805
-1.48 0.7475
-1.57 0.80625
-1.495 0.76
-1.45 0.74125
-1.4925 0.71
-1.425 0.65125
-1.43 0.70125
-1.44 0.6875
-1.4375 0.70875
-1.3675 0.67
-1.435 0.67125
-1.4925 0.7325
-1.565 0.7725
-1.5 0.70625
-1.46 0.67125
-1.4275 0.6675
-1.46 0.73625
-1.48 0.7
-1.3975 0.6325
-1.54 0.75625
-1.385 0.715
-1.615 0.83875
-1.525 0.8125
-1.595 0.85375
-1.5325 0.79375
-1.49 0.78125
-1.47 0.7325
-1.4725 0.7425
-1.5475 0.80375
-1.5775 0.815
-1.505 0.7875
-1.4975 0.78125
-1.545 0.82875
-1.565 0.805
-1.5425 0.8
-1.5 0.735
-1.5425 0.825
-1.5925 0.84125
-1.4775 0.72875
-1.43 0.75875
-1.5075 0.79
-1.48 0.75125
-1.2925 0.6175
-1.4475 0.7225
-1.5475 0.78
-1.4425 0.66125
-1.41 0.6375
-1.46 0.67375
-1.305 0.545
-1.4675 0.67875
-1.5025 0.77875
-1.5925 0.845
-1.6 0.83625
-1.655 0.86375
-1.515 0.7725
-1.44 0.745
-1.5075 0.7925
-1.4575 0.7575
-1.54 0.80875
-1.5825 0.84375
-1.56 0.7725
-1.4925 0.77
-1.515 0.74125
-1.4525 0.7175
-1.4775 0.74875
-1.5625 0.78125
-1.495 0.6975
-1.5375 0.765
-1.5325 0.76125
-1.4025 0.735
-1.435 0.715
-1.5375 0.765
-1.5175 0.77875
-1.48 0.73625
-1.4725 0.74
-1.4625 0.775
-1.5425 0.82125
-1.485 0.805
-1.5775 0.805
-1.4125 0.745
-1.47 0.75625
-1.5225 0.79
-1.5175 0.775
-1.585 0.82375
-1.485 0.75625
-1.4775 0.73375
-1.505 0.77125
-1.595 0.84625
-1.5125 0.76
-1.5575 0.8
-1.5075 0.7775
-1.4525 0.78
-1.56 0.82125
-1.5475 0.81125
-1.4975 0.7775
-1.57 0.82125
-1.5375 0.82875
-1.5025 0.81625
-1.575 0.825
-1.4475 0.70125
-1.5425 0.81625
-1.4875 0.77
-1.435 0.77125
-1.4375 0.7275
-1.53 0.79625
-1.5925 0.845
-1.62 0.8425
-1.5825 0.82
-1.455 0.755
-1.6075 0.85
-1.5425 0.8025
-1.46 0.7925
-1.5875 0.82875
-1.545 0.8025
-1.54 0.81
-1.46 0.78375
-1.4525 0.76125
-1.4025 0.69625
-1.42 0.6825
-1.565 0.77625
-1.5525 0.8
-1.475 0.74875
-1.55 0.77375
-1.5675 0.79875
-1.5775 0.835
-1.5875 0.85625
-1.645 0.8325
-1.5425 0.78125
-1.465 0.765
-1.4425 0.70375
-1.46 0.75625
-1.5225 0.78875
-1.405 0.755
-1.4625 0.765
-1.5725 0.8
-1.44 0.755
-1.405 0.7475
-1.4825 0.77625
-1.51 0.75125
-1.5175 0.76625
-1.5225 0.79375
-1.5925 0.79875
-1.54 0.79375
-1.4525 0.72625
-1.52 0.74625
-1.4675 0.7575
-1.4725 0.72875
-1.4725 0.74
-1.4675 0.74375
-1.525 0.8025
-1.5275 0.79625
-1.595 0.8475
-1.625 0.86625
-1.5575 0.83625
-1.41 0.69375
-1.505 0.74125
-1.4875 0.75125
-1.475 0.7075
-1.4975 0.7475
-1.55 0.835
-1.65 0.85625
-1.5275 0.77375
-1.595 0.8225
-1.4625 0.76125
-1.5075 0.80375
-1.455 0.7475
-1.42 0.695
-1.475 0.71375
-1.3175 0.6825
-1.5775 0.8375
-1.5525 0.83375
-1.525 0.83
-1.4925 0.7825
-1.44 0.73375
-1.6575 0.84
-1.555 0.815
-1.49 0.765
-1.4525 0.70625
-1.4225 0.7125
-1.5875 0.80125
-1.5025 0.79
-1.5475 0.825
-1.45 0.76625
-1.4875 0.785
-1.505 0.7375
-1.5575 0.80125
-1.565 0.8225
-1.5875 0.84875
-1.495 0.76875
-1.4375 0.7475
-1.4325 0.7175
-1.555 0.79125
-1.505 0.795
-1.52 0.8
-1.65 0.84625
-1.5475 0.775
-1.4975 0.77625
-1.5775 0.8275
-1.4875 0.78
-1.46 0.72875
-1.4325 0.7175
-1.4925 0.7925
-1.45 0.75625
-1.45 0.76875
-1.3975 0.69125
-1.51 0.75875
-1.535 0.8075
-1.545 0.79125
-1.55 0.8125
-1.5325 0.825
-1.4925 0.7925
-1.4925 0.75
-1.49 0.745
-1.5 0.72125
-1.47 0.7725
-1.3875 0.69625
-1.5275 0.77
-1.4575 0.71
-1.5825 0.82625
-1.6025 0.83625
-1.5075 0.7925
-1.4225 0.76125
-1.5275 0.81875
-1.5275 0.7475
-1.525 0.74125
-1.485 0.72375
-1.505 0.76125
-1.555 0.80125
-1.6075 0.85125
-1.5525 0.8
-1.6075 0.82
-1.4525 0.72625
-1.465 0.68625
-1.55 0.79375
-1.545 0.8025
-1.5 0.77625
-1.5 0.77125
-1.58 0.81375
-1.545 0.805
-1.46 0.71375
-1.53 0.7875
-1.4725 0.72375
-1.5475 0.80375
-1.46 0.7375
-1.4725 0.71
-1.5175 0.74125
-1.5975 0.81
-1.5925 0.78375
-1.52 0.7375
-1.63 0.875
-1.525 0.80875
-1.5725 0.85125
-1.5725 0.8275
-1.565 0.795
-1.4125 0.7175
-1.4225 0.7225
-1.53 0.82125
-1.43 0.75
-1.5175 0.8075
-1.43 0.725
-1.46 0.73
-1.5425 0.795
-1.5025 0.795
-1.53 0.77625
-1.55 0.78625
-1.4525 0.7775
-1.54 0.80625
-1.445 0.72625
-1.5975 0.8275
-1.5475 0.7725
-1.4425 0.72625
-1.535 0.77875
-1.53 0.8025
-1.5825 0.83
-1.565 0.8325
-1.5675 0.8075
-1.4825 0.7825
-1.4925 0.75875
-1.4825 0.77625
-1.505 0.795
-1.545 0.8025
-1.5225 0.8
-1.6125 0.88
-1.6875 0.875
-1.5925 0.83625
-1.605 0.85
-1.5675 0.81375
-1.5175 0.7725
-1.6275 0.865
-1.5375 0.82
-1.5075 0.7775
-1.52 0.80375
-1.4525 0.78
-1.51 0.775
-1.5825 0.79875
-1.4725 0.75875
-1.455 0.74125
-1.595 0.78125
-1.455 0.71125
-1.475 0.76625
-1.47 0.75875
-1.46 0.735
-1.5475 0.80625
-1.4675 0.74375
-1.485 0.7875
-1.47 0.75875
-1.5325 0.74
-1.4675 0.71375
-1.5225 0.7225
-1.515 0.74125
-1.5275 0.7525
-1.445 0.73375
-1.5675 0.80625
-1.525 0.81625
-1.57 0.81375
-1.5675 0.8325
