-1.525 0.75875
-1.5875 0.785
-1.54 0.7125
-1.4975 0.63625
-1.5425 0.7175
-1.5475 0.6825
-1.53 0.7075
-1.5625 0.7775
-1.55 0.76625
-1.5975 0.8225
-1.6175 0.845
-1.6425 0.8525
-1.605 0.8325
-1.655 0.8825
-1.6225 0.86625
-1.5475 0.83625
-1.6325 0.85625
-1.5975 0.83125
-1.6575 0.8775
-1.6275 0.88625
-1.6125 0.8525
-1.645 0.87125
-1.635 0.8825
-1.6725 0.8725
-1.6175 0.8575
-1.5675 0.8425
-1.5925 0.85125
-1.6025 0.8525
-1.5025 0.7975
-1.55 0.785
-1.595 0.7925
-1.565 0.7975
-1.5875 0.77875
-1.5825 0.745
-1.5575 0.73375
-1.5325 0.815
-1.6475 0.85375
-1.5775 0.81375
-1.565 0.81
-1.5475 0.7875
-1.595 0.8225
-1.62 0.84375
-1.685 0.89625
-1.5975 0.84875
-1.6075 0.87
-1.63 0.8675
-1.6475 0.87
-1.675 0.875
-1.6175 0.8625
-1.5525 0.84125
-1.6175 0.8325
-1.7125 0.8725
-1.625 0.8475
-1.655 0.865
-1.615 0.84125
-1.545 0.835
-1.6625 0.875
-1.645 0.86
-1.655 0.8575
-1.69 0.88875
-1.62 0.8475
-1.6075 0.845
-1.6 0.855
-1.5725 0.83
-1.5625 0.79375
-1.555 0.8
-1.6575 0.85
-1.65 0.8675
-1.6275 0.825
-1.53 0.8
-1.6325 0.87125
-1.61 0.84625
-1.66 0.86625
-1.69 0.89375
-1.6425 0.87125
-1.5125 0.7875
-1.56 0.80625
-1.4425 0.72375
-1.485 0.7725
-1.56 0.80375
-1.5625 0.80125
-1.4725 0.79375
-1.605 0.82625
-1.625 0.83875
-1.705 0.8925
-1.6425 0.86875
-1.6475 0.85375
-1.5725 0.81
-1.6725 0.8675
-1.56 0.83625
-1.5625 0.8325
-1.6375 0.8675
-1.595 0.8275
-1.6 0.815
-1.475 0.7125
-1.5625 0.825
-1.605 0.84625
-1.56 0.81375
-1.6375 0.84625
-1.5525 0.835
-1.5725 0.83875
-1.6175 0.84125
-1.62 0.86
-1.6875 0.8925
-1.6075 0.86375
-1.645 0.85125
-1.66 0.875
-1.5675 0.82125
-1.585 0.82
-1.6425 0.8625
-1.715 0.90625
-1.6025 0.84125
-1.59 0.81125
-1.635 0.85875
-1.5725 0.82875
-1.63 0.86
-1.7075 0.9
-1.66 0.86875
-1.575 0.8525
-1.61 0.85
-1.6425 0.82125
-1.5925 0.79875
-1.6225 0.855
-1.595 0.83125
-1.6925 0.89
-1.6175 0.80875
-1.6425 0.86125
-1.67 0.8775
-1.6725 0.8875
-1.625 0.8675
-1.6525 0.88
-1.695 0.88125
-1.61 0.85125
-1.665 0.8675
-1.54 0.78125
-1.6175 0.85625
-1.67 0.89125
-1.5825 0.825
-1.5975 0.83375
-1.59 0.795
-1.5875 0.79
-1.6625 0.87625
-1.6175 0.84875
-1.635 0.88
-1.64 0.86875
-1.635 0.88125
-1.65 0.87625
-1.61 0.86
-1.51 0.7675
-1.4825 0.775
-1.6125 0.85
-1.6525 0.88125
-1.65 0.87
-1.64 0.8575
-1.5175 0.80375
-1.6075 0.84125
-1.59 0.82125
-1.6625 0.87125
-1.665 0.8625
-1.66 0.8725
-1.69 0.905
-1.5525 0.8425
-1.6375 0.845
-1.615 0.79
-1.5125 0.78
-1.5675 0.8075
-1.4925 0.7925
-1.5475 0.7875
-1.4725 0.81125
-1.675 0.8925
-1.665 0.88625
-1.68 0.89875
-1.655 0.885
-1.6325 0.875
-1.655 0.86
-1.6475 0.85875
-1.64 0.8675
-1.685 0.8975
-1.5575 0.8275
-1.5775 0.84625
-1.515 0.82125
-1.6175 0.8425
-1.6025 0.81375
-1.5575 0.7725
-1.605 0.8375
-1.5875 0.8075
-1.59 0.81375
-1.57 0.79875
-1.5175 0.74875
-1.5225 0.77625
-1.6325 0.82375
-1.5 0.74375
-1.675 0.82875
-1.6075 0.7625
-1.5125 0.76875
-1.5575 0.74875
-1.6375 0.7975
-1.6275 0.79125
-1.5375 0.7
-1.59 0.78
-1.615 0.78
-1.5625 0.7325
-1.4875 0.7025
-1.5375 0.75375
-1.4775 0.73625
-1.5675 0.73125
-1.495 0.69
-1.5425 0.725
-1.4875 0.68625
-1.4975 0.74375
-1.5025 0.71375
-1.495 0.725
-1.535 0.74125
-1.5475 0.78625
-1.58 0.825
-1.58 0.82125
-1.615 0.8325
-1.6325 0.82
-1.5625 0.81125
-1.65 0.875
-1.7775 0.93125
-1.58 0.8375
-1.53 0.78875
-1.6375 0.83875
-1.5825 0.81375
-1.57 0.7925
-1.565 0.80875
-1.58 0.84375
-1.5875 0.83125
-1.6475 0.81875
-1.57 0.74125
-1.57 0.77
-1.545 0.74125
-1.49 0.71875
-1.6525 0.8225
-1.625 0.81
-1.555 0.74625
-1.5875 0.79375
-1.54 0.765
-1.52 0.7425
-1.6125 0.85
-1.635 0.87625
-1.675 0.8875
-1.6225 0.84875
-1.6275 0.86625
-1.5475 0.825
-1.6175 0.82625
-1.68 0.84
-1.56 0.81625
-1.5875 0.81125
-1.6075 0.855
-1.715 0.915
-1.585 0.815
-1.53 0.74375
-1.6075 0.77
-1.65 0.83875
-1.7125 0.87625
-1.715 0.905
-1.65 0.8575
-1.5975 0.81875
-1.585 0.8225
-1.7175 0.89625
-1.695 0.88375
-1.595 0.85375
-1.6075 0.84625
-1.5175 0.79125
-1.6475 0.875
-1.5675 0.7875
-1.605 0.84125
-1.545 0.82
-1.66 0.88375
-1.6375 0.8375
-1.5425 0.80625
-1.5975 0.84875
-1.725 0.9025
-1.65 0.87875
-1.68 0.89
-1.6075 0.85375
-1.58 0.8325
-1.58 0.84625
-1.66 0.88
-1.7525 0.91625
-1.66 0.8925
-1.685 0.86375
-1.67 0.87375
-1.54 0.79
-1.585 0.84
-1.63 0.83125
-1.5775 0.8225
-1.54 0.75
-1.53 0.7675
-1.61 0.80375
-1.58 0.85125
-1.755 0.92
-1.645 0.8575
-1.6125 0.85
-1.745 0.91875
-1.6075 0.825
-1.54 0.83125
-1.615 0.87875
-1.675 0.87125
-1.685 0.9
-1.635 0.87125
-1.6125 0.84875
-1.6325 0.87125
-1.5825 0.85625
-1.5725 0.84
-1.66 0.885
-1.645 0.8825
-1.5775 0.84625
-1.615 0.87125
-1.6875 0.88875
-1.48 0.78625
-1.6425 0.8525
-1.5525 0.815
-1.6675 0.86125
-1.5775 0.85125
-1.6425 0.86
-1.54 0.81625
-1.55 0.825
-1.695 0.9
-1.67 0.88625
-1.6825 0.8875
-1.5825 0.85
-1.72 0.885
-1.5175 0.76125
-1.525 0.755
-1.565 0.82125
-1.5725 0.84125
-1.6725 0.88875
-1.715 0.89625
-1.5725 0.82625
-1.5825 0.865
-1.6 0.835
-1.6775 0.89
-1.585 0.8475
-1.64 0.855
-1.66 0.875
-1.7125 0.89125
-1.6675 0.8925
-1.605 0.855
-1.6075 0.85625
-1.585 0.8375
-1.57 0.785
-1.61 0.7925
-1.56 0.775
-1.6175 0.86625
-1.605 0.86125
-1.56 0.8175
-1.5725 0.84125
-1.52 0.80375
-1.5725 0.845
-1.6175 0.8775
-1.6675 0.88125
-1.5775 0.84375
-1.64 0.88375
-1.5825 0.83375
-1.66 0.87875
-1.6225 0.86375
-1.7 0.89875
-1.53 0.8025
-1.6275 0.8475
-1.665 0.8675
-1.645 0.86
-1.7175 0.9125
-1.715 0.89875
-1.685 0.905
-1.73 0.9
-1.7425 0.91375
-1.655 0.8575
-1.6025 0.85
-1.61 0.87375
-1.61 0.8475
-1.53 0.8075
-1.6025 0.84125
-1.615 0.81375
-1.52 0.76125
-1.5425 0.81
-1.555 0.805
-1.575 0.8325
-1.6175 0.87
-1.655 0.8675
-1.7 0.89375
-1.6875 0.8775
-1.715 0.8875
-1.6075 0.87
-1.6975 0.85375
-1.59 0.82625
-1.6225 0.86625
-1.58 0.85
-1.565 0.815
-1.6025 0.82
-1.6225 0.84125
-1.585 0.81375
-1.5025 0.79375
-1.5025 0.7575
-1.5925 0.80625
-1.625 0.79125
-1.54 0.8125
-1.6375 0.82
-1.5975 0.82875
-1.6075 0.83375
-1.705 0.8925
-1.6375 0.855
-1.6025 0.8525
-1.665 0.8725
-1.5775 0.83375
-1.6225 0.83125
-1.645 0.82375
-1.6025 0.79375
-1.4725 0.75625
-1.5325 0.79375
-1.575 0.8125
-1.6325 0.87
-1.565 0.8075
-1.6225 0.8475
-1.6175 0.8375
-1.6775 0.88125
-1.6575 0.87625
-1.5875 0.8625
-1.6375 0.85625
-1.6025 0.8475
-1.6625 0.87375
-1.6 0.84875
-1.55 0.82625
-1.595 0.8475
-1.6125 0.8525
-1.5275 0.79375
-1.515 0.7475
-1.6025 0.775
-1.5525 0.8
-1.595 0.83
-1.6 0.86
-1.7 0.8625
-1.65 0.8625
-1.7025 0.91
-1.6275 0.855
-1.4875 0.805
-1.5575 0.79375
-1.6375 0.85
-1.675 0.88625
-1.6675 0.8875
-1.6825 0.89125
-1.6 0.85625
-1.5775 0.83625
-1.6475 0.8475
-1.66 0.87
-1.635 0.85125
-1.5875 0.84875
-1.715 0.905
-1.56 0.7875
-1.6375 0.84625
-1.645 0.8525
-1.5875 0.81
-1.595 0.85125
-1.625 0.88125
-1.71 0.91125
-1.6175 0.86875
-1.6075 0.85875
-1.675 0.8825
-1.6125 0.855
-1.6225 0.83
-1.695 0.8825
-1.62 0.86
-1.5625 0.84
-1.6075 0.8425
-1.5775 0.79625
-1.56 0.81375
-1.57 0.84625
-1.645 0.805
-1.6 0.81125
-1.585 0.82125
-1.565 0.78
-1.6225 0.83375
-1.6325 0.87625
-1.66 0.8775
-1.615 0.85375
-1.615 0.8625
-1.6475 0.86375
-1.6825 0.8775
-1.705 0.90375
-1.7225 0.9175
-1.65 0.8725
-1.6225 0.86625
-1.5925 0.86125
-1.595 0.83375
-1.485 0.7725
-1.6225 0.83875
-1.5975 0.825
-1.6225 0.82625
-1.5475 0.8275
-1.55 0.83375
-1.7025 0.8925
-1.68 0.88125
-1.5825 0.81875
-1.6075 0.85875
-1.6175 0.84125
-1.66 0.8675
-1.6775 0.87375
-1.68 0.86875
-1.6525 0.845
-1.6325 0.8175
-1.6125 0.8575
-1.54 0.815
-1.63 0.85375
-1.6225 0.825
-1.765 0.92875
-1.6625 0.89125
-1.66 0.88375
-1.6275 0.8475
-1.64 0.86125
-1.575 0.82375
-1.5675 0.81125
-1.6 0.80375
-1.5625 0.81125
-1.54 0.82375
-1.6425 0.8775
-1.61 0.86875
-1.525 0.80375
-1.54 0.785
-1.5725 0.79375
-1.5275 0.74125
-1.645 0.81375
-1.62 0.78625
-1.5525 0.75875
-1.5425 0.78125
-1.6375 0.88
-1.635 0.87375
-1.6 0.85375
-1.6325 0.87
-1.62 0.86125
-1.66 0.86125
-1.5675 0.8
-1.63 0.82
-1.5575 0.83375
-1.59 0.8325
-1.52 0.815
-1.555 0.80375
-1.68 0.89125
-1.645 0.8625
-1.53 0.795
-1.4525 0.695
-1.4725 0.7775
-1.6125 0.84625
-1.6575 0.8725
-1.535 0.835
-1.6075 0.8325
-1.5625 0.72375
-1.5525 0.7225
-1.505 0.76375
-1.48 0.73125
-1.545 0.79875
-1.5825 0.8325
-1.6725 0.88375
-1.6175 0.86625
-1.6425 0.8625
-1.655 0.865
-1.5675 0.83875
-1.6325 0.87375
-1.62 0.8675
-1.6 0.835
-1.58 0.8375
-1.6075 0.83125
-1.61 0.8625
-1.595 0.83625
-1.5875 0.8125
-1.6225 0.835
-1.6325 0.85125
-1.655 0.87375
-1.5825 0.855
-1.6675 0.89
-1.6825 0.89
-1.6075 0.82875
-1.6375 0.82375
-1.6225 0.83875
-1.7275 0.8725
-1.5325 0.7925
-1.545 0.7825
-1.6875 0.8775
-1.6375 0.8275
-1.64 0.85125
-1.5875 0.82625
-1.5475 0.825
-1.61 0.8575
-1.68 0.87
-1.6125 0.8175
-1.56 0.81125
-1.5275 0.7525
-1.635 0.77625
-1.585 0.8125
-1.5575 0.82125
-1.6 0.84375
-1.635 0.8675
-1.6525 0.8775
-1.635 0.825
-1.695 0.89125
-1.6075 0.855
-1.575 0.815
-1.5275 0.6975
-1.525 0.6675
-1.555 0.70125
-1.5075 0.70125
-1.585 0.785
-1.56 0.79
-1.6525 0.87625
-1.7375 0.90375
-1.6525 0.88
-1.7225 0.89625
-1.6375 0.86625
-1.5075 0.80375
-1.4775 0.7675
-1.605 0.81375
-1.555 0.7875
-1.565 0.78375
-1.5725 0.80875
-1.565 0.7875
-1.655 0.8775
-1.6175 0.86
-1.67 0.87625
-1.66 0.8625
-1.6575 0.875
-1.66 0.87625
-1.5725 0.82
-1.665 0.82875
-1.6125 0.795
-1.565 0.76625
-1.6025 0.85125
-1.625 0.85625
-1.655 0.865
-1.5875 0.82625
-1.6 0.83625
-1.615 0.8
-1.5875 0.82125
-1.62 0.82
-1.505 0.775
-1.625 0.79375
-1.4925 0.7575
-1.61 0.785
-1.5925 0.82875
-1.6625 0.825
-1.565 0.82875
-1.6 0.82375
-1.67 0.83375
-1.56 0.83375
-1.575 0.845
-1.665 0.8825
-1.7 0.8825
-1.6475 0.86875
-1.6175 0.87125
-1.6425 0.8
-1.565 0.83875
-1.685 0.855
-1.63 0.8075
-1.47 0.71625
-1.5075 0.7025
-1.5425 0.70125
-1.5175 0.7225
-1.59 0.78875
-1.6 0.85625
-1.65 0.87125
-1.5575 0.82875
-1.6325 0.88125
-1.6 0.85
-1.6175 0.8475
-1.6 0.8675
-1.64 0.87
-1.615 0.83375
-1.545 0.81125
-1.5825 0.835
-1.4725 0.71
-1.555 0.78125
-1.6425 0.86875
-1.64 0.86
-1.645 0.86125
-1.795 0.94125
-1.7175 0.8875
-1.5375 0.81875
-1.5825 0.815
-1.5975 0.83125
-1.6775 0.88125
-1.545 0.825
-1.625 0.82
-1.5625 0.79375
-1.585 0.8225
-1.6425 0.8675
-1.7275 0.89125
-1.5425 0.83625
-1.6 0.815
-1.535 0.77875
-1.45 0.6975
-1.555 0.7875
-1.59 0.83375
-1.6625 0.87875
-1.6075 0.85375
-1.6425 0.87
-1.5975 0.85375
-1.6575 0.88375
-1.5325 0.80625
-1.5725 0.79375
-1.56 0.80625
-1.6 0.76375
-1.535 0.7475
-1.5275 0.71375
-1.5575 0.71625
-1.5225 0.72625
-1.6275 0.79375
-1.645 0.8125
-1.59 0.80375
-1.5125 0.7625
-1.6125 0.79875
-1.61 0.85625
-1.6125 0.83625
-1.5475 0.8175
-1.67 0.8775
-1.6 0.845
-1.6975 0.8925
-1.585 0.84125
-1.6025 0.86625
-1.685 0.89375
-1.6225 0.85375
-1.6125 0.85625
-1.6025 0.84125
-1.585 0.83625
-1.6275 0.855
-1.65 0.8825
-1.6525 0.86375
-1.6975 0.88625
-1.685 0.9
-1.6675 0.865
-1.6025 0.82375
-1.57 0.82
-1.6125 0.85375
-1.6275 0.84625
-1.5575 0.8075
-1.4925 0.80125
-1.565 0.82
-1.58 0.83625
-1.57 0.8225
-1.62 0.84375
-1.5925 0.8575
-1.6075 0.8425
-1.53 0.8125
-1.4825 0.755
-1.5025 0.7675
-1.5325 0.7375
-1.6425 0.84125
-1.61 0.845
-1.605 0.84875
-1.7075 0.89125
-1.58 0.84
-1.6125 0.845
-1.6325 0.8475
-1.6175 0.84375
-1.6525 0.88375
-1.675 0.8925
-1.735 0.92125
-1.64 0.8625
-1.57 0.78625
-1.575 0.78125
-1.58 0.75625
-1.4225 0.60625
-1.49 0.66625
-1.475 0.7
-1.525 0.67125
-1.5 0.685
-1.425 0.5775
-1.56 0.64625
-1.5225 0.64375
-1.55 0.63375
-1.68 0.7025
-1.4925 0.6425
-1.585 0.675
-1.58 0.71
-1.5275 0.71375
-1.5475 0.7475
-1.63 0.80125
-1.5925 0.79625
-1.5375 0.77875
-1.6225 0.84
-1.685 0.88125
-1.665 0.86875
-1.62 0.84875
-1.64 0.82
-1.45 0.71875
-1.5475 0.75375
-1.5575 0.71875
-1.53 0.76
-1.52 0.74375
-1.6025 0.75875
-1.605 0.8125
-1.58 0.80375
-1.565 0.755
-1.555 0.73375
-1.51 0.6875
-1.56 0.7875
-1.715 0.89
-1.565 0.8325
-1.5475 0.8
-1.725 0.9
-1.62 0.84125
-1.6225 0.8325
-1.5725 0.8275
-1.7 0.90625
-1.6975 0.89375
-1.6575 0.86125
-1.5725 0.84125
-1.66 0.85375
-1.585 0.815
-1.6475 0.8575
-1.5425 0.83
-1.605 0.84375
-1.505 0.81625
-1.6175 0.83875
-1.615 0.80625
-1.535 0.78625
-1.6375 0.84125
-1.615 0.85625
-1.685 0.88875
-1.65 0.84125
-1.5775 0.8375
-1.5975 0.83875
-1.7475 0.89875
-1.6625 0.8725
-1.6475 0.86
-1.595 0.855
-1.675 0.855
-1.59 0.8475
-1.635 0.85125
-1.66 0.87375
-1.67 0.86125
-1.5225 0.79125
-1.485 0.735
-1.5425 0.7675
-1.63 0.7375
-1.535 0.72625
-1.5275 0.71625
-1.6025 0.73625
-1.62 0.85
-1.6525 0.86625
-1.67 0.885
-1.65 0.88
-1.565 0.8075
-1.5375 0.8075
-1.555 0.79
-1.5025 0.79625
-1.6125 0.8175
-1.5575 0.84375
-1.675 0.88125
-1.6425 0.86125
-1.5125 0.78375
-1.635 0.80625
-1.485 0.755
-1.6225 0.8275
-1.49 0.7725
-1.5375 0.77875
-1.61 0.84
-1.605 0.82375
-1.605 0.81125
-1.595 0.81375
-1.5225 0.7575
-1.5475 0.80875
-1.6725 0.8775
-1.63 0.86
-1.6525 0.8775
-1.6225 0.83
-1.6225 0.86875
-1.5425 0.82875
-1.5375 0.8
-1.5775 0.795
-1.5825 0.74
-1.4875 0.72375
-1.525 0.69625
-1.575 0.7075
-1.525 0.74875
-1.6475 0.8475
-1.6625 0.86875
-1.6575 0.85875
-1.57 0.8325
-1.6025 0.81125
-1.5375 0.76
-1.53 0.74375
-1.4775 0.76875
-1.6275 0.8275
-1.65 0.8725
-1.6025 0.85875
-1.5725 0.85625
-1.6325 0.86625
-1.6225 0.8675
-1.6725 0.8775
-1.675 0.90125
-1.6725 0.89375
-1.61 0.865
-1.6875 0.89125
-1.575 0.82125
-1.4725 0.7875
-1.635 0.8675
-1.605 0.8325
-1.6175 0.87375
-1.55 0.805
-1.705 0.89375
-1.6375 0.87375
-1.6575 0.85625
-1.5875 0.8225
-1.5425 0.79125
-1.5375 0.77
-1.53 0.8075
-1.615 0.8525
-1.655 0.8575
-1.6075 0.865
-1.585 0.82125
-1.615 0.83125
-1.63 0.85875
-1.5575 0.78125
-1.535 0.8
-1.545 0.795
-1.49 0.72375
-1.5825 0.815
-1.6025 0.85125
-1.6675 0.8825
-1.59 0.8575
-1.6825 0.88
-1.6575 0.8725
-1.61 0.82125
-1.6075 0.81875
-1.65 0.865
-1.5375 0.8225
-1.67 0.86
-1.6375 0.87625
-1.685 0.8775
-1.6425 0.86
-1.595 0.83125
-1.715 0.89125
-1.6025 0.87
-1.58 0.84625
-1.585 0.835
-1.68 0.8625
-1.61 0.81375
-1.5325 0.7075
-1.5075 0.75125
-1.5775 0.8125
-1.695 0.88375
-1.5675 0.825
-1.68 0.89375
-1.63 0.865
-1.605 0.845
-1.6525 0.88875
-1.5925 0.86125
-1.645 0.8875
-1.655 0.8825
-1.5725 0.8225
-1.575 0.81375
-1.6775 0.88375
-1.61 0.81125
-1.665 0.8575
-1.65 0.87125
-1.635 0.86625
-1.655 0.8525
-1.6 0.82625
-1.58 0.82
-1.475 0.70875
-1.515 0.7575
-1.6475 0.86125
-1.6325 0.8675
-1.6875 0.89125
-1.76 0.915
-1.6125 0.84625
-1.565 0.80875
-1.555 0.81
-1.6275 0.8675
-1.61 0.8625
-1.5 0.77875
-1.67 0.88625
-1.72 0.9025
-1.5225 0.77625
-1.57 0.7975
-1.565 0.84125
-1.525 0.78125
-1.565 0.75375
-1.4975 0.73875
-1.5825 0.7675
-1.56 0.7875
-1.53 0.80125
-1.675 0.88125
-1.62 0.85625
-1.6325 0.8575
-1.555 0.82
-1.595 0.81875
-1.635 0.8675
-1.665 0.88875
-1.65 0.87375
-1.5775 0.83875
-1.595 0.82125
-1.6025 0.8425
-1.6025 0.8225
-1.5275 0.76125
-1.5675 0.78125
-1.5575 0.835
-1.535 0.78625
-1.6225 0.8475
-1.5925 0.81625
-1.4975 0.77875
-1.665 0.83625
-1.6675 0.86
-1.65 0.86875
-1.6725 0.89375
-1.6775 0.87
-1.6475 0.87125
-1.7225 0.9125
-1.58 0.835
-1.4925 0.765
-1.59 0.85375
-1.675 0.8775
-1.69 0.89125
-1.495 0.80375
-1.7125 0.87625
-1.7025 0.9075
-1.6225 0.84625
-1.6825 0.88625
-1.62 0.84875
-1.6325 0.86625
-1.675 0.88125
-1.6325 0.8575
-1.6425 0.87
-1.61 0.84375
-1.5325 0.825
-1.6525 0.86
-1.6175 0.85375
-1.6825 0.875
-1.5825 0.83625
-1.6625 0.8675
-1.57 0.82625
-1.6325 0.8475
-1.6925 0.88125
-1.55 0.8125
-1.59 0.825
-1.595 0.84625
-1.6475 0.86375
-1.5825 0.81
-1.6225 0.8275
-1.55 0.78125
-1.6125 0.805
-1.67 0.83875
-1.56 0.79125
-1.535 0.75375
-1.5625 0.80875
-1.445 0.7625
-1.585 0.84
-1.595 0.8125
-1.525 0.79125
-1.65 0.87875
-1.6925 0.89
-1.4925 0.77875
-1.5725 0.805
-1.5925 0.81625
-1.6575 0.8575
-1.5825 0.82875
-1.635 0.84625
-1.6075 0.83875
-1.59 0.83125
-1.6325 0.86
-1.5875 0.8375
-1.6525 0.8775
-1.595 0.85125
-1.63 0.8525
-1.645 0.8225
-1.6075 0.795
-1.525 0.7525
-1.51 0.7725
-1.525 0.7725
-1.615 0.8475
-1.5325 0.82125
-1.71 0.8925
-1.535 0.78125
-1.5725 0.7725
-1.535 0.76875
-1.495 0.7575
-1.6 0.855
-1.67 0.8725
-1.6 0.84875
-1.655 0.8675
-1.6925 0.9
-1.64 0.8875
-1.6025 0.87
-1.7075 0.89875
-1.6275 0.84625
-1.58 0.825
-1.61 0.83875
-1.6575 0.8625
-1.5975 0.80875
-1.6025 0.855
-1.55 0.76875
-1.5475 0.8
-1.5225 0.7925
-1.715 0.89875
-1.6225 0.85625
-1.68 0.89125
-1.585 0.8125
-1.6275 0.8425
-1.5725 0.85
-1.545 0.8125
-1.5875 0.8375
-1.5525 0.76125
-1.6225 0.8625
-1.6525 0.86625
-1.595 0.82
-1.6075 0.85
-1.5825 0.79875
-1.555 0.81
-1.6125 0.8325
-1.6625 0.8825
-1.6475 0.87375
-1.63 0.87375
-1.6625 0.88125
-1.6875 0.87375
-1.595 0.83
-1.5625 0.8175
-1.5925 0.81875
-1.6725 0.8625
-1.635 0.85125
-1.615 0.83875
-1.6175 0.87
-1.5175 0.79625
-1.68 0.8825
-1.7475 0.9125
-1.575 0.8475
-1.6675 0.88125
-1.6775 0.9025
-1.6475 0.85625
-1.595 0.8
-1.6775 0.86
-1.6025 0.83625
-1.66 0.87875
-1.5925 0.8575
-1.565 0.8425
-1.63 0.84125
-1.5525 0.81
-1.55 0.82375
-1.665 0.88375
-1.635 0.84375
-1.5325 0.795
-1.62 0.82375
-1.6775 0.85375
-1.6275 0.86
-1.5975 0.83875
-1.685 0.89
-1.6875 0.895
-1.635 0.8625
-1.65 0.87875
-1.645 0.87625
-1.685 0.89
-1.625 0.86875
-1.635 0.84
-1.5575 0.81625
-1.56 0.8175
-1.64 0.8725
-1.645 0.8575
-1.5375 0.83625
-1.6125 0.86875
-1.5675 0.825
-1.52 0.80875
-1.49 0.8025
-1.5975 0.83875
-1.615 0.8675
-1.6475 0.86875
-1.63 0.86875
-1.6575 0.875
-1.6475 0.86875
-1.6325 0.85
-1.6475 0.865
-1.585 0.8225
-1.6525 0.8675
-1.71 0.905
-1.5575 0.80875
-1.695 0.90375
-1.6575 0.84375
-1.52 0.8125
-1.625 0.82
-1.6 0.82875
-1.63 0.865
-1.6525 0.85125
-1.665 0.8725
-1.64 0.87125
-1.735 0.915
-1.65 0.8825
-1.5475 0.78375
-1.5825 0.82
-1.605 0.83875
-1.6025 0.84875
-1.66 0.88625
-1.675 0.87125
-1.6 0.83375
-1.57 0.78375
-1.49 0.79625
-1.6775 0.8975
-1.685 0.8825
-1.6525 0.8775
-1.6125 0.83125
-1.565 0.8325
-1.6375 0.88625
-1.525 0.83875
-1.64 0.87125
-1.5225 0.7925
-1.64 0.86375
-1.595 0.8175
-1.63 0.82
-1.5175 0.795
-1.585 0.76375
-1.635 0.83625
-1.505 0.80125
-1.5975 0.845
-1.6775 0.88
-1.5625 0.78625
-1.57 0.805
-1.48 0.735
-1.485 0.7125
-1.605 0.78
-1.5375 0.74875
-1.5725 0.8025
-1.68 0.8675
-1.6575 0.8775
-1.605 0.84875
-1.575 0.8325
-1.6225 0.86375
-1.6375 0.87375
-1.625 0.88
-1.635 0.85875
-1.665 0.8825
-1.6975 0.90375
-1.5925 0.8425
-1.7175 0.905
-1.595 0.865
-1.5475 0.835
-1.68 0.885
-1.5175 0.80375
-1.6275 0.84875
-1.5525 0.83625
-1.6475 0.8775
-1.6025 0.81875
-1.625 0.8325
-1.6225 0.86375
-1.645 0.87875
-1.6 0.8275
-1.6025 0.85625
-1.5975 0.83
-1.58 0.85375
-1.6575 0.83125
-1.58 0.795
-1.5525 0.7525
-1.485 0.74
-1.535 0.715
-1.505 0.6425
-1.4625 0.68875
-1.485 0.73125
-1.5425 0.7625
-1.44 0.71125
-1.4875 0.76875
-1.5675 0.84625
-1.6975 0.8925
-1.5975 0.85125
-1.6375 0.8675
-1.645 0.8675
-1.6175 0.86
-1.575 0.8475
-1.64 0.87
-1.655 0.895
-1.6575 0.86
-1.7225 0.87625
-1.67 0.86625
-1.6475 0.86375
-1.5425 0.80375
-1.5875 0.80875
-1.6525 0.8675
-1.68 0.88875
-1.5725 0.83625
-1.5375 0.78125
-1.535 0.78
-1.64 0.84
-1.535 0.7675
-1.5525 0.77
-1.635 0.84125
-1.5 0.7925
-1.5775 0.82875
-1.5775 0.81375
-1.7125 0.88
-1.625 0.8625
-1.72 0.8875
-1.6 0.8625
-1.6475 0.86875
-1.635 0.87875
-1.6425 0.84375
-1.5825 0.83625
-1.72 0.9025
-1.635 0.86125
-1.6025 0.83375
-1.5675 0.84
-1.685 0.885
-1.6525 0.8975
-1.605 0.87375
-1.6875 0.9
-1.6525 0.84875
-1.565 0.77125
-1.575 0.7775
-1.55 0.7825
-1.525 0.7575
-1.535 0.78875
-1.63 0.83375
-1.655 0.84875
-1.6025 0.83375
-1.6 0.83375
-1.615 0.86625
-1.61 0.8525
-1.735 0.91875
-1.61 0.86375
-1.65 0.8925
-1.6225 0.84875
-1.625 0.85125
-1.5475 0.8125
-1.5625 0.80625
-1.5825 0.76375
-1.6 0.79875
-1.4925 0.7575
-1.52 0.76125
-1.58 0.8125
-1.53 0.79625
-1.525 0.8125
-1.5975 0.8425
-1.555 0.72125
-1.575 0.7375
-1.6025 0.78
-1.545 0.82
-1.6925 0.8975
-1.63 0.86375
-1.5875 0.81375
-1.6275 0.82625
-1.6525 0.84125
-1.645 0.8525
-1.64 0.88125
-1.585 0.8525
-1.5825 0.8575
-1.6025 0.83125
-1.525 0.81
-1.525 0.8125
-1.605 0.835
-1.5825 0.83875
-1.7075 0.905
-1.575 0.80875
-1.655 0.835
-1.685 0.8525
-1.5475 0.81875
-1.625 0.83375
-1.6325 0.83625
-1.5975 0.82625
-1.645 0.86125
-1.58 0.7975
-1.545 0.78625
-1.5175 0.7525
-1.595 0.81375
-1.58 0.81875
-1.585 0.8075
-1.4725 0.70625
-1.5175 0.78375
-1.5025 0.78375
-1.575 0.8375
-1.57 0.82625
-1.5325 0.785
-1.505 0.79125
-1.625 0.8475
-1.5775 0.8575
-1.6675 0.88625
-1.6575 0.8825
-1.635 0.84375
-1.6 0.82625
-1.7075 0.91
-1.595 0.8675
-1.5925 0.84875
-1.6875 0.8675
-1.6625 0.885
-1.66 0.88
-1.6825 0.88875
-1.66 0.8725
-1.6675 0.85875
-1.625 0.84625
-1.67 0.88625
-1.5575 0.8025
-1.4775 0.74375
-1.6275 0.8175
-1.5675 0.80125
-1.4625 0.73875
-1.5375 0.77375
-1.5475 0.79625
-1.63 0.80375
-1.6825 0.86875
-1.69 0.89
-1.6725 0.8775
-1.6625 0.8675
-1.6 0.84125
-1.5925 0.84125
-1.57 0.82125
-1.5725 0.8125
-1.5775 0.8225
-1.5175 0.745
-1.5975 0.835
-1.65 0.875
-1.58 0.84375
-1.65 0.87875
-1.6725 0.86375
-1.6375 0.86375
-1.705 0.85625
-1.625 0.83125
-1.5275 0.785
-1.6425 0.85375
-1.695 0.87375
-1.615 0.83625
-1.505 0.7975
-1.6375 0.86375
-1.6375 0.87
-1.4925 0.7725
-1.56 0.835
-1.6225 0.865
-1.58 0.8325
-1.6075 0.83
-1.71 0.8875
-1.6125 0.8475
-1.525 0.82125
-1.63 0.85
-1.6425 0.87875
-1.615 0.85875
-1.61 0.85875
-1.6975 0.8675
-1.5925 0.85625
-1.575 0.8075
-1.575 0.82
-1.67 0.85875
-1.6125 0.82
-1.645 0.85125
-1.6375 0.85875
-1.64 0.82
-1.53 0.805
-1.6125 0.825
-1.57 0.8125
-1.6025 0.83625
-1.565 0.8275
-1.5725 0.81875
-1.6125 0.84375
-1.5975 0.8275
-1.585 0.80875
-1.5575 0.79125
-1.54 0.81125
-1.63 0.84875
-1.68 0.875
-1.6175 0.87
-1.6175 0.85375
-1.6375 0.88
-1.6425 0.83875
-1.65 0.8575
-1.5625 0.84625
-1.665 0.85875
-1.635 0.8725
-1.7125 0.895
-1.6275 0.8675
-1.69 0.88875
-1.5825 0.8425
-1.655 0.8775
-1.68 0.87625
-1.685 0.895
-1.6025 0.84375
-1.6 0.8125
-1.57 0.78625
-1.5625 0.7925
-1.545 0.81375
-1.5775 0.8125
-1.5175 0.7775
-1.435 0.7175
-1.575 0.78125
-1.6125 0.81625
-1.5775 0.8275
-1.5575 0.8175
-1.5875 0.79875
-1.5825 0.8275
-1.5225 0.74875
-1.49 0.7125
-1.49 0.70625
-1.4975 0.64375
-1.49 0.60625
-1.4775 0.66375
-1.55 0.76375
-1.63 0.82125
-1.55 0.79
-1.5875 0.81625
-1.6525 0.8475
-1.5625 0.8175
-1.5425 0.79375
-1.6975 0.89125
-1.63 0.86125
-1.6225 0.82625
-1.6375 0.84375
-1.5875 0.83375
-1.5025 0.81125
-1.6925 0.89
-1.535 0.7775
-1.5225 0.74375
-1.465 0.77125
-1.46 0.7525
-1.54 0.77625
-1.615 0.8525
-1.6175 0.8525
-1.5675 0.78
-1.5925 0.8
-1.5675 0.81625
-1.6175 0.8525
-1.5975 0.86875
-1.62 0.84
-1.6225 0.85875
-1.5425 0.815
-1.6475 0.84625
-1.6375 0.86375
-1.62 0.8675
-1.6125 0.845
-1.6575 0.8575
-1.4975 0.76875
-1.6675 0.815
-1.5525 0.7825
-1.62 0.8175
-1.6425 0.855
-1.6425 0.87
-1.625 0.86125
-1.625 0.81875
-1.6075 0.8325
-1.6725 0.89125
-1.605 0.86375
-1.6425 0.865
-1.6375 0.8675
-1.74 0.92375
-1.59 0.85
-1.59 0.83875
-1.64 0.86
-1.6075 0.85625
-1.6375 0.79125
-1.515 0.78125
-1.525 0.74875
-1.5375 0.80625
-1.6175 0.86875
-1.5875 0.85
-1.575 0.7925
-1.6 0.8675
-1.675 0.89
-1.6925 0.88875
-1.61 0.8425
-1.5375 0.80875
-1.5725 0.81375
-1.58 0.81
-1.54 0.7775
-1.605 0.8675
-1.6825 0.89375
-1.665 0.88
-1.5475 0.7825
-1.535 0.78125
-1.7125 0.88625
-1.6625 0.885
-1.6525 0.8675
-1.625 0.86625
-1.6325 0.84625
-1.6275 0.85625
-1.535 0.7825
-1.5125 0.7725
-1.505 0.75375
-1.57 0.775
-1.6675 0.845
-1.6275 0.85125
-1.6325 0.86875
-1.675 0.8725
-1.595 0.79375
-1.5575 0.78875
-1.75 0.90875
-1.5825 0.83625
-1.6 0.86125
-1.66 0.87875
-1.66 0.88
-1.64 0.87625
-1.65 0.8575
-1.6925 0.87625
-1.6625 0.8425
-1.63 0.87875
-1.5975 0.8225
-1.575 0.84
-1.595 0.8375
-1.5575 0.79125
-1.54 0.7675
-1.545 0.77625
-1.6075 0.835
-1.6375 0.85875
-1.5575 0.83625
-1.5825 0.835
-1.625 0.87125
-1.5825 0.85375
-1.595 0.85875
-1.71 0.90625
-1.59 0.845
-1.62 0.85125
-1.685 0.8825
-1.6625 0.87625
-1.64 0.87375
-1.5 0.79875
-1.53 0.8025
-1.6825 0.8825
-1.6675 0.895
-1.585 0.8375
-1.5975 0.8625
-1.6575 0.86875
-1.64 0.86125
-1.625 0.81
-1.5225 0.79
-1.55 0.815
-1.6125 0.86875
-1.7125 0.9025
-1.67 0.87625
-1.5775 0.835
-1.605 0.795
-1.6075 0.83625
-1.68 0.885
-1.685 0.89
-1.685 0.89875
-1.5975 0.85875
-1.5925 0.83375
-1.585 0.78875
-1.505 0.79625
-1.61 0.81875
-1.675 0.83625
-1.555 0.81
-1.625 0.835
-1.585 0.83625
-1.635 0.84125
-1.66 0.88
-1.5875 0.84625
-1.6825 0.89
-1.53 0.8075
-1.5425 0.82375
-1.6725 0.89
-1.6275 0.8325
-1.5225 0.75625
-1.595 0.845
-1.6675 0.8725
-1.605 0.82875
-1.6875 0.8975
-1.72 0.8875
-1.645 0.8925
-1.62 0.8525
-1.4975 0.78
-1.7275 0.895
-1.57 0.82625
-1.545 0.79125
-1.6 0.845
-1.6375 0.8775
-1.56 0.83625
-1.6175 0.8375
-1.5225 0.81125
-1.585 0.8375
-1.5825 0.81
-1.5475 0.8
-1.655 0.86875
-1.6325 0.87
-1.5325 0.80875
-1.5475 0.8275
-1.7 0.89375
-1.6425 0.8625
-1.61 0.82625
-1.6575 0.8475
-1.635 0.8425
-1.635 0.865
-1.67 0.8725
-1.68 0.8925
-1.715 0.90125
-1.6625 0.84875
-1.705 0.88625
-1.655 0.86
-1.6425 0.86625
-1.5625 0.80625
-1.57 0.80625
-1.5325 0.78
-1.6075 0.82
-1.6875 0.8875
-1.5925 0.84
-1.5775 0.81125
-1.61 0.84125
-1.59 0.85375
-1.685 0.89
-1.5575 0.80125
-1.515 0.79875
-1.6525 0.85
-1.6675 0.89625
-1.64 0.8675
-1.56 0.84375
-1.6 0.8525
-1.56 0.8125
-1.6625 0.8525
-1.6625 0.83375
-1.565 0.795
-1.61 0.79625
-1.5825 0.7975
-1.6425 0.83375
-1.53 0.77875
-1.53 0.76625
-1.575 0.80375
-1.635 0.85125
-1.5475 0.80625
-1.68 0.86625
-1.6475 0.845
-1.6225 0.8575
-1.5775 0.82875
-1.5775 0.81875
-1.59 0.82875
-1.6125 0.82125
-1.62 0.84875
-1.665 0.85125
-1.56 0.8225
-1.6325 0.86625
-1.62 0.855
-1.64 0.8725
-1.6275 0.8675
-1.635 0.85
-1.625 0.87125
-1.6325 0.86125
-1.5525 0.8
-1.5825 0.825
-1.625 0.87625
-1.59 0.8575
-1.54 0.7975
-1.6075 0.8275
-1.6775 0.88125
-1.6275 0.8525
-1.59 0.8425
-1.6525 0.8325
-1.55 0.81375
-1.6225 0.825
-1.6575 0.865
-1.6575 0.8825
-1.6075 0.82125
-1.6275 0.8175
-1.525 0.78
-1.5275 0.81625
-1.6175 0.84
-1.51 0.8075
-1.69 0.89625
-1.7275 0.9125
-1.665 0.88
-1.6575 0.88375
-1.605 0.8375
-1.53 0.815
-1.5425 0.78
-1.675 0.8475
-1.515 0.75625
-1.5525 0.7775
-1.63 0.83125
-1.575 0.81
-1.4925 0.79375
-1.6575 0.86375
-1.62 0.85
-1.625 0.84875
-1.59 0.80875
-1.545 0.79125
-1.595 0.8425
-1.5825 0.83375
-1.6425 0.82875
-1.52 0.79
-1.57 0.785
-1.565 0.79125
-1.57 0.7775
-1.5775 0.8
-1.5675 0.80875
-1.66 0.8825
-1.655 0.87375
-1.6975 0.89875
-1.61 0.84375
-1.6675 0.86625
-1.57 0.82875
-1.6025 0.85
-1.64 0.8625
-1.665 0.8825
-1.6025 0.84875
-1.645 0.84875
-1.6175 0.86375
-1.6075 0.8725
-1.6475 0.86125
-1.5475 0.7775
-1.5375 0.81625
-1.55 0.79
-1.575 0.82625
-1.5575 0.84
-1.625 0.84625
-1.7075 0.885
-1.645 0.86125
-1.66 0.87625
-1.5525 0.84
-1.7 0.8875
-1.6125 0.85
-1.5325 0.83125
-1.6575 0.8675
-1.645 0.86625
-1.6325 0.85375
-1.5325 0.82125
-1.595 0.86375
-1.565 0.81625
-1.6275 0.85375
-1.6425 0.86125
-1.5875 0.83625
-1.5475 0.785
-1.6725 0.86
-1.695 0.88375
-1.6625 0.85125
-1.66 0.8875
-1.725 0.8925
-1.5925 0.80875
-1.4875 0.78375
-1.625 0.8575
-1.6125 0.855
-1.66 0.86
-1.615 0.86625
-1.5475 0.8225
-1.68 0.8875
-1.5925 0.83375
-1.5525 0.81125
-1.61 0.8625
-1.62 0.83625
-1.69 0.8875
-1.5875 0.86
-1.67 0.86875
-1.6025 0.8125
-1.565 0.79125
-1.6525 0.82
-1.6525 0.85875
-1.6525 0.87375
-1.64 0.8775
-1.5375 0.79625
-1.645 0.8575
-1.66 0.86
-1.6725 0.8825
-1.6275 0.8625
-1.615 0.85
-1.4175 0.725
-1.53 0.7575
-1.6225 0.8525
-1.555 0.775
-1.5925 0.82125
-1.585 0.81375
-1.755 0.895
-1.605 0.82625
-1.63 0.83
-1.5975 0.84375
-1.5825 0.84375
-1.5875 0.83125
-1.5575 0.805
-1.585 0.8375
-1.4575 0.79625
-1.6225 0.83125
-1.5875 0.83125
-1.555 0.84125
-1.5675 0.815
-1.495 0.74375
-1.735 0.89375
-1.645 0.87125
-1.62 0.87125
-1.6175 0.8525
-1.5825 0.815
-1.6975 0.8675
-1.635 0.88
-1.6625 0.87125
-1.5775 0.85625
-1.56 0.79625
-1.5075 0.75875
-1.5675 0.8075
-1.6025 0.83375
-1.6725 0.8675
-1.5625 0.83375
-1.5725 0.84875
-1.59 0.8425
-1.69 0.8775
-1.66 0.89
-1.625 0.86375
-1.77 0.92625
-1.64 0.85
-1.65 0.8625
-1.6925 0.885
-1.615 0.86625
-1.5975 0.83125
-1.6225 0.88125
-1.6475 0.885
-1.64 0.8675
-1.61 0.865
-1.5525 0.8075
-1.6775 0.89875
-1.6225 0.86375
-1.715 0.90625
-1.675 0.8825
-1.6125 0.86125
-1.5775 0.84875
-1.6125 0.84625
-1.63 0.85625
-1.655 0.85625
-1.6275 0.8575
-1.5525 0.80125
-1.585 0.7875
-1.6 0.835
-1.705 0.90625
-1.685 0.87625
-1.535 0.8025
-1.535 0.8175
-1.58 0.83625
-1.5925 0.78625
-1.6175 0.78
-1.4725 0.6875
-1.5375 0.69625
-1.55 0.72875
-1.6375 0.81875
-1.57 0.75125
-1.63 0.7975
-1.5175 0.73625
-1.5825 0.735
-1.5875 0.74375
-1.5 0.73875
-1.515 0.76
-1.565 0.77375
-1.6375 0.8025
-1.64 0.80875
-1.5525 0.8025
-1.66 0.88125
-1.635 0.8475
-1.6925 0.88125
-1.5225 0.805
-1.5275 0.74875
-1.6325 0.8325
-1.6675 0.8425
-1.6725 0.8875
-1.6475 0.86125
-1.725 0.9125
-1.585 0.84625
-1.6275 0.87125
-1.5925 0.82875
-1.6325 0.8325
-1.5475 0.78375
-1.54 0.80625
-1.675 0.88375
-1.56 0.82375
-1.6775 0.875
-1.535 0.79375
-1.5325 0.79875
-1.6475 0.8825
-1.59 0.85375
-1.575 0.8175
-1.61 0.82625
-1.53 0.82
-1.575 0.83875
-1.5825 0.80625
-1.67 0.86
-1.65 0.84
-1.5025 0.78875
-1.6525 0.88125
-1.6375 0.87125
-1.6225 0.85125
-1.58 0.84125
-1.595 0.82
-1.545 0.835
-1.64 0.85
-1.5775 0.8175
-1.64 0.8625
-1.6125 0.83375
-1.5675 0.83375
-1.615 0.88125
-1.7125 0.88
-1.6675 0.8675
-1.6825 0.89375
-1.655 0.8625
-1.6 0.83375
-1.6975 0.88625
-1.6275 0.865
-1.5475 0.80125
-1.625 0.8675
-1.5925 0.8675
-1.595 0.82625
-1.65 0.865
-1.575 0.82375
-1.5375 0.78
-1.6975 0.8875
-1.575 0.825
-1.595 0.8325
-1.6475 0.87
-1.555 0.76125
-1.595 0.7875
-1.555 0.77875
-1.59 0.7925
-1.53 0.8
-1.62 0.85
-1.6425 0.86375
-1.655 0.8775
-1.685 0.87
-1.6275 0.8425
-1.565 0.82125
-1.5825 0.80875
-1.58 0.82
-1.66 0.87125
-1.6425 0.88875
