-1.465 0.6925
-1.445 0.6825
-1.435 0.6325
-1.4325 0.6425
-1.4575 0.6
-1.43 0.6275
-1.5 0.66
-1.525 0.71
-1.41 0.6025
-1.5025 0.72125
-1.495 0.7775
-1.595 0.84625
-1.5875 0.8325
-1.5925 0.85625
-1.6025 0.85125
-1.5375 0.83125
-1.5525 0.79
-1.5125 0.7925
-1.57 0.83375
-1.5575 0.8475
-1.5875 0.845
-1.67 0.8875
-1.645 0.885
-1.6225 0.85375
-1.61 0.85375
-1.56 0.85
-1.6075 0.86
-1.58 0.84125
-1.4625 0.73625
-1.4675 0.72
-1.5525 0.77625
-1.54 0.775
-1.6075 0.85125
-1.6125 0.8275
-1.6225 0.8675
-1.52 0.79625
-1.5675 0.80875
-1.4775 0.77
-1.52 0.79375
-1.505 0.76125
-1.5275 0.74
-1.5375 0.75625
-1.63 0.82
-1.5675 0.81625
-1.5425 0.785
-1.5325 0.7875
-1.655 0.87875
-1.6725 0.86875
-1.585 0.82375
-1.5125 0.7975
-1.5225 0.75375
-1.6275 0.79375
-1.5675 0.80375
-1.59 0.8375
-1.635 0.86875
-1.51 0.80375
-1.6425 0.85875
-1.585 0.8325
-1.6575 0.845
-1.665 0.8675
-1.6075 0.83625
-1.5175 0.805
-1.615 0.845
-1.5775 0.81875
-1.505 0.7575
-1.525 0.80125
-1.64 0.845
-1.6175 0.86625
-1.625 0.8375
-1.48 0.78625
-1.5725 0.8225
-1.585 0.84625
-1.625 0.8575
-1.665 0.89125
-1.6325 0.86875
-1.5025 0.77625
-1.52 0.795
-1.465 0.77875
-1.5075 0.79375
-1.575 0.81375
-1.57 0.805
-1.48 0.75875
-1.5275 0.75
-1.57 0.80625
-1.585 0.85375
-1.565 0.815
-1.6075 0.84125
-1.5675 0.8275
-1.6975 0.9025
-1.545 0.835
-1.4975 0.79625
-1.58 0.83875
-1.59 0.84625
-1.5775 0.81375
-1.455 0.71
-1.545 0.81875
-1.5375 0.80625
-1.505 0.7925
-1.57 0.78375
-1.49 0.77125
-1.5225 0.80875
-1.535 0.77125
-1.54 0.77625
-1.5775 0.81
-1.5375 0.7825
-1.6075 0.81375
-1.585 0.7775
-1.51 0.7825
-1.5525 0.77875
-1.56 0.815
-1.64 0.8625
-1.5275 0.79875
-1.5475 0.78875
-1.5525 0.805
-1.54 0.81
-1.6125 0.86
-1.6375 0.87
-1.65 0.86625
-1.5475 0.835
-1.58 0.8375
-1.6075 0.8125
-1.52 0.79125
-1.51 0.78125
-1.5 0.77875
-1.625 0.84625
-1.5675 0.7875
-1.5875 0.81125
-1.5675 0.80375
-1.6225 0.86875
-1.5825 0.84
-1.6125 0.85875
-1.645 0.865
-1.595 0.8475
-1.6225 0.84375
-1.5225 0.77625
-1.565 0.815
-1.6025 0.825
-1.555 0.80375
-1.6025 0.84
-1.5975 0.80625
-1.5575 0.77125
-1.5975 0.77
-1.5725 0.80875
-1.5625 0.81625
-1.57 0.825
-1.62 0.86625
-1.585 0.82875
-1.5125 0.7675
-1.3875 0.70375
-1.4725 0.7875
-1.61 0.85375
-1.63 0.87625
-1.6175 0.8575
-1.5525 0.76
-1.435 0.66375
-1.43 0.615
-1.4175 0.6775
-1.4925 0.7125
-1.56 0.72625
-1.545 0.73375
-1.6075 0.84375
-1.5225 0.82125
-1.595 0.80625
-1.565 0.77
-1.4975 0.79375
-1.545 0.80875
-1.4675 0.76125
-1.5225 0.77125
-1.4625 0.7725
-1.6025 0.85125
-1.6425 0.8775
-1.6325 0.86625
-1.6225 0.87625
-1.615 0.86125
-1.6025 0.83375
-1.6225 0.83875
-1.56 0.80625
-1.59 0.8525
-1.5175 0.805
-1.615 0.8725
-1.46 0.7975
-1.6 0.83
-1.5625 0.77875
-1.5325 0.77625
-1.565 0.82125
-1.555 0.75625
-1.5525 0.80375
-1.565 0.825
-1.5475 0.82625
-1.5175 0.8025
-1.5875 0.81875
-1.4875 0.76875
-1.6625 0.86125
-1.62 0.83375
-1.5325 0.82125
-1.57 0.8075
-1.69 0.89625
-1.6425 0.8775
-1.5175 0.78125
-1.605 0.84
-1.58 0.8
-1.635 0.87125
-1.5875 0.86125
-1.6275 0.86
-1.4925 0.81375
-1.545 0.78375
-1.495 0.7375
-1.52 0.77625
-1.4775 0.81625
-1.535 0.82875
-1.57 0.82625
-1.505 0.7875
-1.545 0.7775
-1.57 0.82125
-1.58 0.8225
-1.555 0.79125
-1.6175 0.835
-1.5575 0.78125
-1.5425 0.80125
-1.61 0.85375
-1.7525 0.92625
-1.5275 0.80875
-1.505 0.79
-1.5975 0.84375
-1.53 0.81625
-1.5075 0.78125
-1.595 0.84625
-1.5125 0.80375
-1.545 0.80375
-1.595 0.7775
-1.5425 0.75625
-1.605 0.79
-1.6 0.85125
-1.5675 0.8225
-1.6475 0.8725
-1.625 0.85625
-1.575 0.8325
-1.615 0.87375
-1.5925 0.84
-1.5375 0.79125
-1.62 0.8525
-1.6 0.86375
-1.6375 0.87375
-1.57 0.82125
-1.5875 0.8375
-1.4975 0.78125
-1.5125 0.7475
-1.5725 0.75375
-1.49 0.74
-1.5325 0.7875
-1.5575 0.78
-1.6675 0.88375
-1.5925 0.825
-1.5425 0.7525
-1.5575 0.75125
-1.605 0.8175
-1.675 0.86625
-1.685 0.8925
-1.615 0.84375
-1.5575 0.7775
-1.5575 0.79625
-1.6375 0.86
-1.6675 0.875
-1.57 0.8425
-1.5625 0.81875
-1.46 0.7575
-1.5825 0.815
-1.5075 0.76
-1.5325 0.775
-1.4925 0.7775
-1.6275 0.855
-1.5525 0.7975
-1.4975 0.7725
-1.505 0.77375
-1.6525 0.8225
-1.58 0.77625
-1.6225 0.825
-1.5175 0.79875
-1.5425 0.81875
-1.58 0.84
-1.6425 0.87125
-1.73 0.905
-1.645 0.88625
-1.655 0.85125
-1.68 0.88875
-1.5025 0.77125
-1.495 0.80125
-1.635 0.835
-1.5375 0.805
-1.5525 0.815
-1.425 0.73125
-1.5125 0.7125
-1.485 0.7325
-1.595 0.76
-1.4675 0.66
-1.4525 0.62625
-1.5525 0.6975
-1.4975 0.63875
-1.405 0.63625
-1.485 0.7225
-1.545 0.72
-1.56 0.76625
-1.5275 0.77375
-1.5525 0.81625
-1.6175 0.8675
-1.54 0.83625
-1.55 0.82125
-1.63 0.86375
-1.6325 0.86875
-1.5375 0.83
-1.515 0.80625
-1.6125 0.86125
-1.4225 0.74125
-1.5625 0.8225
-1.5275 0.795
-1.6625 0.8625
-1.5475 0.835
-1.64 0.8575
-1.47 0.75375
-1.475 0.7925
-1.6575 0.885
-1.635 0.87125
-1.635 0.86625
-1.5525 0.835
-1.61 0.79875
-1.4775 0.6675
-1.4575 0.66375
-1.4075 0.67
-1.5075 0.7025
-1.555 0.68
-1.5975 0.69375
-1.4025 0.605
-1.4 0.65875
-1.5225 0.66125
-1.5525 0.7275
-1.495 0.7175
-1.5475 0.675
-1.5525 0.71875
-1.565 0.72875
-1.53 0.75
-1.465 0.7225
-1.505 0.75125
-1.4875 0.75
-1.5675 0.8275
-1.6425 0.865
-1.585 0.835
-1.635 0.88125
-1.6025 0.8625
-1.54 0.81375
-1.535 0.83
-1.4475 0.75125
-1.5125 0.7925
-1.5475 0.8325
-1.6125 0.835
-1.5575 0.83875
-1.6325 0.88375
-1.54 0.80875
-1.6 0.835
-1.625 0.87375
-1.6325 0.8475
-1.465 0.72875
-1.605 0.8325
-1.6275 0.8575
-1.5225 0.79375
-1.675 0.8825
-1.6925 0.8875
-1.645 0.8825
-1.7125 0.8925
-1.7025 0.8925
-1.6225 0.84625
-1.575 0.83375
-1.58 0.86
-1.565 0.82
-1.46 0.76
-1.5575 0.82375
-1.5125 0.7525
-1.495 0.7675
-1.5125 0.78875
-1.5225 0.79125
-1.505 0.81
-1.605 0.8525
-1.6325 0.87625
-1.6725 0.88625
-1.6425 0.87125
-1.6775 0.875
-1.585 0.845
-1.6775 0.8525
-1.565 0.795
-1.585 0.85375
-1.5375 0.8325
-1.575 0.7975
-1.635 0.85875
-1.59 0.82375
-1.5325 0.75625
-1.4025 0.6975
-1.4425 0.63125
-1.53 0.71
-1.5275 0.75375
-1.505 0.79
-1.5975 0.84125
-1.5775 0.83125
-1.5825 0.83125
-1.615 0.81875
-1.5775 0.79625
-1.525 0.8225
-1.6525 0.86375
-1.5475 0.8375
-1.585 0.805
-1.6175 0.8325
-1.6225 0.84875
-1.4625 0.76625
-1.4875 0.7975
-1.585 0.83125
-1.5975 0.8275
-1.515 0.7775
-1.6275 0.8675
-1.5875 0.82125
-1.6175 0.835
-1.6125 0.8625
-1.58 0.85875
-1.61 0.84625
-1.5875 0.84375
-1.64 0.86125
-1.5925 0.8325
-1.525 0.79
-1.545 0.77125
-1.5425 0.77875
-1.425 0.72875
-1.4925 0.7125
-1.5425 0.72
-1.5475 0.7875
-1.5975 0.845
-1.56 0.8425
-1.7 0.88125
-1.6475 0.86375
-1.6875 0.90375
-1.5525 0.825
-1.435 0.7725
-1.4925 0.7625
-1.57 0.80375
-1.61 0.85
-1.5775 0.835
-1.6425 0.87625
-1.585 0.8375
-1.5325 0.7825
-1.5725 0.74375
-1.585 0.79875
-1.5925 0.79625
-1.545 0.81875
-1.6875 0.8825
-1.52 0.76125
-1.605 0.8375
-1.6175 0.84625
-1.575 0.82
-1.5575 0.79875
-1.5425 0.76875
-1.6325 0.84125
-1.5275 0.79875
-1.5675 0.825
-1.595 0.84625
-1.575 0.825
-1.65 0.8525
-1.6675 0.87375
-1.585 0.8475
-1.525 0.82
-1.525 0.79875
-1.495 0.765
-1.4725 0.77
-1.4575 0.7625
-1.4975 0.7525
-1.595 0.8275
-1.5375 0.80125
-1.5375 0.80125
-1.62 0.85375
-1.6025 0.87
-1.6225 0.86125
-1.6075 0.85125
-1.58 0.84375
-1.6175 0.85375
-1.6575 0.88125
-1.6775 0.8825
-1.6875 0.89625
-1.63 0.87125
-1.595 0.84625
-1.5975 0.8675
-1.5675 0.81
-1.45 0.75625
-1.595 0.83875
-1.57 0.8175
-1.555 0.79125
-1.475 0.75875
-1.4925 0.80125
-1.625 0.84625
-1.5725 0.82125
-1.5925 0.84375
-1.545 0.83
-1.5625 0.8175
-1.6375 0.8575
-1.6625 0.8725
-1.655 0.85
-1.5825 0.81375
-1.585 0.7775
-1.615 0.82875
-1.465 0.69625
-1.555 0.73875
-1.5125 0.72375
-1.6425 0.8225
-1.585 0.825
-1.5725 0.78875
-1.555 0.79
-1.5675 0.81375
-1.52 0.80125
-1.51 0.7775
-1.5425 0.73875
-1.5175 0.775
-1.465 0.7325
-1.59 0.84875
-1.5775 0.85375
-1.525 0.80875
-1.4825 0.74125
-1.5725 0.80125
-1.5 0.72
-1.555 0.69375
-1.5525 0.72875
-1.475 0.72875
-1.495 0.7525
-1.575 0.83125
-1.605 0.85625
-1.5775 0.84
-1.565 0.82625
-1.5475 0.79875
-1.565 0.80125
-1.495 0.73
-1.5725 0.77875
-1.55 0.80875
-1.5525 0.79
-1.4175 0.75125
-1.52 0.77375
-1.6325 0.85
-1.5875 0.8325
-1.525 0.7975
-1.4225 0.71375
-1.465 0.76
-1.545 0.7975
-1.5825 0.84
-1.4875 0.79625
-1.5525 0.785
-1.545 0.72375
-1.5725 0.77625
-1.5 0.785
-1.485 0.75625
-1.52 0.76375
-1.5675 0.82125
-1.5925 0.845
-1.575 0.8325
-1.5925 0.8475
-1.595 0.8325
-1.5075 0.785
-1.605 0.86375
-1.57 0.84
-1.575 0.82125
-1.5725 0.8375
-1.5675 0.82375
-1.5975 0.85625
-1.585 0.81
-1.5475 0.8175
-1.5975 0.85125
-1.6325 0.8525
-1.5975 0.85375
-1.5525 0.82875
-1.655 0.8875
-1.635 0.87
-1.57 0.8
-1.59 0.8225
-1.59 0.8125
-1.6625 0.8275
-1.4675 0.695
-1.465 0.7275
-1.655 0.85
-1.6025 0.85125
-1.6 0.8525
-1.555 0.81375
-1.5325 0.815
-1.5925 0.845
-1.6125 0.8175
-1.5625 0.80125
-1.52 0.75
-1.4 0.6975
-1.505 0.72875
-1.5775 0.77375
-1.49 0.77875
-1.515 0.79375
-1.64 0.8775
-1.65 0.87375
-1.62 0.8225
-1.66 0.86375
-1.5525 0.82625
-1.53 0.80125
-1.485 0.68
-1.5025 0.63375
-1.4675 0.69375
-1.505 0.71
-1.555 0.755
-1.5125 0.73875
-1.58 0.77125
-1.625 0.7775
-1.515 0.7375
-1.51 0.71
-1.5075 0.7475
-1.41 0.71
-1.3975 0.72875
-1.57 0.82125
-1.5925 0.8425
-1.5525 0.77875
-1.5475 0.78125
-1.505 0.75625
-1.595 0.84125
-1.59 0.85625
-1.67 0.8825
-1.635 0.8575
-1.6525 0.865
-1.6425 0.87
-1.575 0.82625
-1.63 0.8225
-1.51 0.74875
-1.4925 0.735
-1.5525 0.8325
-1.615 0.8575
-1.6 0.84375
-1.58 0.84375
-1.575 0.8125
-1.58 0.82625
-1.6225 0.87125
-1.6375 0.85125
-1.5375 0.82875
-1.6575 0.855
-1.5 0.8225
-1.6375 0.85375
-1.56 0.82625
-1.615 0.82875
-1.55 0.8075
-1.5375 0.8075
-1.6625 0.86875
-1.53 0.82875
-1.55 0.825
-1.655 0.88125
-1.6625 0.8575
-1.5825 0.845
-1.61 0.87125
-1.595 0.77625
-1.5475 0.82625
-1.62 0.84875
-1.6025 0.8175
-1.4675 0.745
-1.5225 0.7825
-1.5675 0.81875
-1.525 0.78625
-1.655 0.87875
-1.6025 0.8575
-1.62 0.845
-1.5225 0.8075
-1.585 0.85375
-1.5325 0.82375
-1.5425 0.79375
-1.5525 0.8475
-1.6025 0.855
-1.585 0.82125
-1.5475 0.825
-1.5625 0.81125
-1.45 0.7025
-1.4425 0.65375
-1.4975 0.73375
-1.5375 0.755
-1.575 0.74625
-1.6575 0.725
-1.63 0.78125
-1.4925 0.7575
-1.5175 0.7325
-1.5575 0.76625
-1.565 0.73875
-1.4475 0.6625
-1.495 0.67375
-1.4325 0.66
-1.52 0.71875
-1.575 0.72
-1.5675 0.7325
-1.4625 0.70875
-1.4625 0.73
-1.47 0.755
-1.445 0.77125
-1.61 0.80125
-1.56 0.83625
-1.635 0.88375
-1.5725 0.79375
-1.615 0.8125
-1.5325 0.77625
-1.5675 0.7925
-1.515 0.7725
-1.5525 0.79
-1.5225 0.77875
-1.5825 0.8075
-1.535 0.8125
-1.5525 0.7925
-1.59 0.80875
-1.5025 0.7625
-1.615 0.85
-1.6375 0.8625
-1.58 0.83
-1.49 0.78875
-1.6325 0.82875
-1.5625 0.8275
-1.6125 0.85
-1.5225 0.81875
-1.6 0.83625
-1.545 0.81
-1.6625 0.85875
-1.5375 0.80375
-1.605 0.86625
-1.59 0.8325
-1.58 0.8375
-1.595 0.845
-1.62 0.86125
-1.5775 0.84875
-1.61 0.84625
-1.58 0.845
-1.61 0.8325
-1.64 0.8375
-1.615 0.84125
-1.5975 0.83
-1.57 0.80375
-1.56 0.8175
-1.6175 0.865
-1.575 0.83875
-1.565 0.82125
-1.4875 0.8
-1.505 0.76875
-1.54 0.82125
-1.5325 0.785
-1.6325 0.85875
-1.5625 0.845
-1.56 0.815
-1.51 0.78875
-1.4575 0.7175
-1.4625 0.7175
-1.465 0.695
-1.59 0.80625
-1.6425 0.8725
-1.605 0.84625
-1.65 0.85625
-1.555 0.83625
-1.575 0.81125
-1.6225 0.84125
-1.605 0.8375
-1.64 0.88125
-1.64 0.88125
-1.6975 0.90625
-1.615 0.85375
-1.53 0.7975
-1.5325 0.72875
-1.53 0.74
-1.395 0.67875
-1.47 0.7675
-1.5325 0.81
-1.6 0.8175
-1.4475 0.7
-1.415 0.7025
-1.55 0.6825
-1.4175 0.6
-1.515 0.72125
-1.6825 0.8575
-1.605 0.83875
-1.635 0.8575
-1.5925 0.84
-1.5025 0.72
-1.555 0.7775
-1.565 0.78625
-1.505 0.7625
-1.4525 0.77
-1.585 0.81875
-1.6425 0.81625
-1.625 0.8425
-1.595 0.83625
-1.63 0.82125
-1.4475 0.72375
-1.5275 0.72875
-1.5 0.64625
-1.445 0.68625
-1.395 0.65125
-1.52 0.7125
-1.625 0.78375
-1.5075 0.72875
-1.56 0.77
-1.515 0.74125
-1.525 0.78375
-1.625 0.87375
-1.645 0.855
-1.555 0.81
-1.515 0.79375
-1.605 0.79
-1.52 0.7275
-1.5075 0.62125
-1.4925 0.74
-1.5975 0.81375
-1.58 0.8125
-1.5825 0.82125
-1.505 0.7925
-1.63 0.84375
-1.5625 0.8075
-1.585 0.7975
-1.515 0.80375
-1.555 0.79625
-1.48 0.81
-1.61 0.84375
-1.5925 0.8425
-1.5325 0.78875
-1.6025 0.82125
-1.57 0.84375
-1.605 0.8575
-1.605 0.82375
-1.515 0.7875
-1.5775 0.83125
-1.6625 0.84625
-1.6525 0.875
-1.6525 0.87
-1.5625 0.83875
-1.6325 0.84375
-1.57 0.8375
-1.595 0.8375
-1.64 0.8725
-1.69 0.8925
-1.5925 0.8425
-1.505 0.785
-1.5525 0.78375
-1.62 0.82125
-1.615 0.87125
-1.59 0.85
-1.6925 0.86375
-1.6275 0.8675
-1.6 0.85
-1.6475 0.88125
-1.5525 0.8
-1.5525 0.81375
-1.5375 0.79875
-1.59 0.83625
-1.505 0.80625
-1.5925 0.81875
-1.52 0.80875
-1.5625 0.7725
-1.6075 0.8075
-1.4725 0.7625
-1.5525 0.81375
-1.47 0.775
-1.6325 0.83625
-1.495 0.80375
-1.5875 0.83125
-1.625 0.85125
-1.5925 0.84125
-1.595 0.8225
-1.6025 0.83875
-1.5725 0.83875
-1.54 0.795
-1.6425 0.85625
-1.6 0.865
-1.6475 0.87375
-1.5925 0.81625
-1.595 0.84625
-1.55 0.81375
-1.5325 0.795
-1.525 0.71375
-1.49 0.66375
-1.4575 0.6725
-1.4725 0.68
-1.57 0.7325
-1.5675 0.78625
-1.6725 0.8525
-1.6125 0.8325
-1.6175 0.81875
-1.5175 0.77625
-1.5675 0.8225
-1.4525 0.735
-1.5075 0.7725
-1.4275 0.74625
-1.575 0.79125
-1.565 0.775
-1.505 0.77
-1.505 0.80125
-1.5875 0.82625
-1.5475 0.81
-1.5725 0.80125
-1.58 0.85125
-1.61 0.83625
-1.565 0.83625
-1.6125 0.84375
-1.5475 0.79875
-1.475 0.78625
-1.5925 0.8425
-1.5375 0.80125
-1.6 0.85875
-1.515 0.7875
-1.6475 0.8725
-1.62 0.8675
-1.63 0.82375
-1.535 0.79875
-1.5025 0.76
-1.53 0.78375
-1.54 0.8025
-1.5575 0.815
-1.64 0.855
-1.555 0.8275
-1.5275 0.78
-1.5375 0.8075
-1.575 0.82375
-1.5275 0.755
-1.465 0.73
-1.5075 0.7475
-1.465 0.6775
-1.5 0.7925
-1.585 0.8275
-1.61 0.82125
-1.5175 0.79875
-1.6025 0.845
-1.63 0.8625
-1.5925 0.81875
-1.57 0.8125
-1.6375 0.86125
-1.575 0.85625
-1.5925 0.815
-1.5775 0.815
-1.615 0.805
-1.6225 0.8225
-1.5375 0.74375
-1.6175 0.8125
-1.5525 0.8175
-1.54 0.7975
-1.5 0.77
-1.675 0.855
-1.61 0.8375
-1.5525 0.7425
-1.485 0.73125
-1.5625 0.7775
-1.6525 0.855
-1.4925 0.77
-1.66 0.86625
-1.5875 0.82125
-1.5175 0.79875
-1.6375 0.88125
-1.535 0.8325
-1.625 0.8775
-1.6025 0.845
-1.5375 0.79375
-1.525 0.7625
-1.615 0.845
-1.565 0.8175
-1.665 0.85125
-1.61 0.85
-1.5775 0.8375
-1.5775 0.81
-1.585 0.75625
-1.505 0.74625
-1.4525 0.695
-1.4675 0.71625
-1.605 0.8075
-1.595 0.825
-1.655 0.86625
-1.7075 0.895
-1.57 0.8275
-1.55 0.78875
-1.48 0.76125
-1.5675 0.7625
-1.5675 0.76
-1.39 0.65
-1.56 0.76125
-1.6275 0.81625
-1.425 0.7275
-1.48 0.75375
-1.5775 0.85
-1.51 0.76875
-1.5725 0.82625
-1.5275 0.7875
-1.575 0.8125
-1.565 0.8325
-1.515 0.8075
-1.615 0.85
-1.575 0.80125
-1.595 0.84125
-1.56 0.82625
-1.6325 0.865
-1.5875 0.815
-1.6075 0.865
-1.6225 0.86375
-1.5075 0.785
-1.585 0.8325
-1.575 0.82
-1.615 0.83625
-1.4825 0.73125
-1.55 0.755
-1.5325 0.78875
-1.4925 0.715
-1.5525 0.79125
-1.56 0.7525
-1.46 0.7125
-1.505 0.64
-1.5275 0.68625
-1.4725 0.65625
-1.5575 0.76375
-1.6175 0.8
-1.6025 0.815
-1.6425 0.8625
-1.5375 0.8175
-1.4825 0.745
-1.52 0.7575
-1.5125 0.675
-1.5975 0.79625
-1.4475 0.73875
-1.5775 0.7775
-1.645 0.865
-1.5625 0.81625
-1.645 0.8475
-1.565 0.82375
-1.5975 0.85125
-1.655 0.875
-1.6125 0.83875
-1.6225 0.86875
-1.6075 0.8425
-1.525 0.81875
-1.6425 0.85125
-1.61 0.83875
-1.645 0.82875
-1.535 0.79
-1.635 0.855
-1.5175 0.795
-1.605 0.84
-1.665 0.87625
-1.5875 0.8325
-1.515 0.815
-1.5625 0.84875
-1.595 0.8425
-1.5675 0.7975
-1.595 0.8125
-1.5075 0.75125
-1.5625 0.79625
-1.6875 0.87125
-1.5725 0.82875
-1.5575 0.815
-1.49 0.805
-1.42 0.73875
-1.515 0.7775
-1.5475 0.76375
-1.4525 0.7375
-1.5325 0.815
-1.6225 0.85375
-1.46 0.73625
-1.585 0.83
-1.5775 0.84
-1.6125 0.8675
-1.5925 0.86
-1.6325 0.85875
-1.6325 0.86375
-1.58 0.8175
-1.605 0.86
-1.575 0.825
-1.66 0.875
-1.5675 0.85
-1.625 0.85125
-1.6175 0.84
-1.6075 0.84125
-1.52 0.81375
-1.54 0.8
-1.51 0.78125
-1.58 0.7825
-1.44 0.715
-1.625 0.7975
-1.515 0.69625
-1.58 0.7225
-1.5225 0.735
-1.4875 0.77375
-1.605 0.835
-1.62 0.85
-1.5725 0.82875
-1.62 0.84875
-1.63 0.855
-1.6 0.8575
-1.55 0.84375
-1.6775 0.885
-1.6 0.83
-1.525 0.785
-1.555 0.81125
-1.65 0.86125
-1.61 0.8325
-1.6325 0.875
-1.61 0.87
-1.6125 0.8675
-1.61 0.8475
-1.72 0.90375
-1.58 0.83875
-1.6625 0.87625
-1.57 0.81375
-1.63 0.85625
-1.5625 0.8475
-1.5075 0.79
-1.54 0.8075
-1.505 0.75375
-1.5875 0.8575
-1.56 0.83
-1.57 0.79625
-1.555 0.8275
-1.57 0.8175
-1.5175 0.7925
-1.5125 0.74125
-1.475 0.72875
-1.5825 0.82375
-1.5425 0.81125
-1.6125 0.83
-1.6175 0.805
-1.5 0.695
-1.4275 0.5825
-1.4725 0.6175
-1.4775 0.6275
-1.48 0.6675
-1.4625 0.61375
-1.4425 0.6325
-1.285 0.5425
-1.49 0.67375
-1.545 0.655
-1.4275 0.70125
-1.495 0.755
-1.5725 0.79625
-1.48 0.6775
-1.47 0.69375
-1.535 0.76125
-1.575 0.81625
-1.5625 0.76625
-1.535 0.835
-1.515 0.795
-1.58 0.7975
-1.5275 0.80625
-1.51 0.8125
-1.645 0.8725
-1.6325 0.85125
-1.5 0.80625
-1.61 0.84
-1.615 0.83875
-1.5575 0.80875
-1.55 0.80375
-1.6075 0.83
-1.6525 0.87875
-1.62 0.86625
-1.6175 0.86
-1.6175 0.87125
-1.635 0.875
-1.5725 0.8425
-1.58 0.81875
-1.5375 0.80375
-1.5275 0.81375
-1.56 0.82125
-1.5975 0.84
-1.41 0.75375
-1.5225 0.77625
-1.48 0.74375
-1.465 0.74
-1.3775 0.67375
-1.4775 0.74
-1.5275 0.78875
-1.4925 0.74625
-1.5625 0.80875
-1.6025 0.82
-1.6 0.84875
-1.6175 0.8675
-1.5725 0.82875
-1.505 0.76875
-1.5575 0.785
-1.5825 0.79
-1.5125 0.7475
-1.63 0.8475
-1.5675 0.77875
-1.47 0.75125
-1.56 0.8075
-1.62 0.83625
-1.565 0.7625
-1.5825 0.73625
-1.5225 0.69625
-1.4925 0.66875
-1.615 0.7775
-1.55 0.74875
-1.4825 0.70625
-1.545 0.78
-1.515 0.75125
-1.4875 0.73375
-1.5325 0.8
-1.57 0.8
-1.555 0.815
-1.55 0.755
-1.4525 0.74375
-1.6125 0.8125
-1.61 0.79
-1.565 0.80125
-1.575 0.8125
-1.535 0.8075
-1.6275 0.88625
-1.49 0.8175
-1.6375 0.8725
-1.51 0.78625
-1.5875 0.83125
-1.58 0.845
-1.6075 0.84625
-1.5175 0.825
-1.605 0.82
-1.605 0.82
-1.415 0.74
-1.5275 0.81125
-1.6375 0.86875
-1.58 0.81875
-1.6425 0.87625
-1.4725 0.7375
-1.4775 0.7225
-1.5325 0.69
-1.48 0.7475
-1.53 0.7575
-1.645 0.72875
-1.595 0.8025
-1.5075 0.74875
-1.4775 0.72625
-1.5325 0.72375
-1.56 0.75
-1.525 0.7525
-1.5025 0.75125
-1.59 0.83
-1.5675 0.825
-1.5275 0.79875
-1.645 0.84875
-1.4925 0.74875
-1.45 0.745
-1.625 0.83375
-1.4675 0.77
-1.5825 0.8225
-1.49 0.8075
-1.6625 0.8925
-1.585 0.8475
-1.575 0.8025
-1.6225 0.8525
-1.61 0.85125
-1.56 0.80875
-1.5425 0.77
-1.5075 0.68125
-1.425 0.64125
-1.55 0.715
-1.57 0.7875
-1.615 0.85625
-1.5475 0.82375
-1.53 0.76625
-1.525 0.75125
-1.4875 0.765
-1.5475 0.82375
-1.5675 0.81875
-1.45 0.75375
-1.43 0.7325
-1.5325 0.82625
-1.675 0.87625
-1.5875 0.83875
-1.6025 0.855
-1.57 0.815
-1.5475 0.79625
-1.525 0.7825
-1.5225 0.79
-1.5875 0.86125
-1.6275 0.8525
-1.6875 0.86875
-1.635 0.845
-1.64 0.8675
-1.515 0.79375
-1.5525 0.805
-1.605 0.8375
-1.665 0.88
-1.5975 0.8475
-1.4925 0.76375
-1.5575 0.805
-1.6775 0.87375
-1.545 0.7975
-1.5275 0.78375
-1.6 0.7975
-1.385 0.7475
-1.475 0.70125
-1.46 0.6575
-1.565 0.7125
-1.46 0.67625
-1.6125 0.7425
-1.545 0.76
-1.535 0.73
-1.5375 0.74875
-1.63 0.82375
-1.5525 0.7925
-1.6375 0.85375
-1.62 0.87
-1.6075 0.87125
-1.6125 0.8575
-1.68 0.87
-1.5825 0.8725
-1.55 0.84375
-1.68 0.8975
-1.62 0.845
-1.5125 0.73125
-1.4975 0.74375
-1.475 0.75625
-1.585 0.7925
-1.41 0.7425
-1.575 0.83
-1.6425 0.85375
-1.6 0.84125
-1.6025 0.85875
-1.5925 0.85875
-1.575 0.8275
-1.6925 0.90625
-1.585 0.85625
-1.63 0.8775
-1.5875 0.8325
-1.6425 0.87625
-1.5075 0.78375
-1.5025 0.77625
-1.5225 0.75625
-1.5675 0.8
-1.48 0.77875
-1.5175 0.765
-1.58 0.82625
-1.525 0.80375
-1.505 0.795
-1.52 0.75
-1.4825 0.64
-1.5125 0.6875
-1.5175 0.7225
-1.5275 0.79875
-1.6075 0.8475
-1.59 0.83875
-1.5875 0.81375
-1.56 0.79125
-1.645 0.8275
-1.6325 0.83375
-1.5675 0.805
-1.4875 0.74125
-1.5225 0.78
-1.5225 0.7775
-1.465 0.75
-1.49 0.8
-1.6 0.82
-1.545 0.8275
-1.6675 0.88125
-1.52 0.7875
-1.6175 0.8125
-1.64 0.8275
-1.5225 0.78
-1.555 0.7725
-1.5275 0.71125
-1.5725 0.805
-1.675 0.885
-1.5825 0.8225
-1.54 0.8175
-1.5075 0.74125
-1.58 0.7875
-1.5525 0.7825
-1.5275 0.775
-1.5225 0.7575
-1.5275 0.7725
-1.485 0.76375
-1.535 0.7925
-1.53 0.7875
-1.5325 0.7775
-1.525 0.795
-1.6275 0.8375
-1.56 0.85125
-1.635 0.8725
-1.655 0.87875
-1.6325 0.8725
-1.58 0.8275
-1.635 0.87
-1.5725 0.83875
-1.5475 0.82625
-1.6425 0.84125
-1.6425 0.875
-1.6275 0.87
-1.68 0.88875
-1.655 0.8825
-1.6725 0.8825
-1.6125 0.84625
-1.6325 0.87
-1.525 0.7775
-1.43 0.7475
-1.645 0.85375
-1.54 0.79875
-1.5025 0.81
-1.595 0.86
-1.565 0.83375
-1.6725 0.86875
-1.6875 0.8775
-1.605 0.85125
-1.6 0.83375
-1.635 0.855
-1.57 0.8325
-1.5575 0.83125
-1.58 0.83875
-1.5825 0.83125
-1.6275 0.865
-1.545 0.82
-1.6025 0.84875
-1.62 0.86875
-1.5125 0.8
-1.5675 0.82625
-1.655 0.85625
-1.6325 0.86125
-1.6925 0.86875
-1.5825 0.7825
-1.48 0.6975
-1.565 0.7625
-1.62 0.7925
-1.58 0.85625
-1.5225 0.81875
-1.5625 0.7875
-1.575 0.81875
-1.41 0.70625
-1.4675 0.7525
-1.56 0.795
-1.5275 0.8
-1.555 0.81625
-1.635 0.83
-1.61 0.81875
-1.4625 0.705
-1.5375 0.74625
-1.59 0.8075
-1.5725 0.8375
-1.5825 0.84
-1.6525 0.84625
-1.5725 0.85
-1.5575 0.81875
-1.585 0.84125
-1.6425 0.83625
-1.5675 0.8025
-1.565 0.80375
-1.59 0.81875
-1.605 0.79
-1.4525 0.7375
-1.5575 0.7375
-1.52 0.73375
-1.5675 0.74
-1.4575 0.69625
-1.5125 0.6925
-1.58 0.70125
-1.505 0.705
-1.5325 0.69125
-1.52 0.73625
-1.4775 0.72875
-1.55 0.73625
-1.55 0.7875
-1.475 0.71875
-1.545 0.78
-1.5275 0.745
-1.525 0.73
-1.4975 0.71875
-1.4475 0.7475
-1.595 0.82
-1.5525 0.78625
-1.6525 0.85625
-1.5675 0.84
-1.67 0.88125
-1.56 0.81125
-1.645 0.87375
-1.6225 0.84375
-1.6675 0.88875
-1.5725 0.8375
-1.5525 0.79625
-1.49 0.74375
-1.54 0.78
-1.53 0.81625
-1.5425 0.80375
-1.5075 0.76125
-1.4425 0.72625
-1.5175 0.72875
-1.5525 0.80125
-1.6225 0.85875
-1.54 0.805
-1.585 0.8225
-1.5525 0.82375
-1.5025 0.79
-1.4625 0.75625
-1.475 0.75875
-1.555 0.825
-1.57 0.825
-1.55 0.81625
-1.635 0.86625
-1.62 0.85
-1.5175 0.77
-1.5525 0.81375
-1.6025 0.85625
-1.4825 0.76
-1.4875 0.79125
-1.68 0.88125
-1.6125 0.85
-1.5525 0.77625
-1.585 0.79875
-1.4975 0.76625
-1.3875 0.71
-1.5425 0.76625
-1.44 0.68875
-1.4775 0.68875
-1.365 0.66
-1.3875 0.70375
-1.5125 0.73875
-1.57 0.82
-1.5625 0.815
-1.5175 0.77625
-1.5175 0.8025
-1.585 0.8425
-1.6275 0.8675
-1.555 0.8475
-1.6 0.83375
-1.58 0.83875
-1.515 0.77
-1.58 0.7925
-1.57 0.84375
-1.5675 0.84125
-1.58 0.82125
-1.5875 0.83125
-1.5 0.78375
-1.7075 0.87875
-1.575 0.84375
-1.6225 0.8575
-1.5575 0.81375
-1.62 0.86
-1.5925 0.84875
-1.59 0.80125
-1.555 0.79875
-1.63 0.85
-1.515 0.8025
-1.59 0.8325
-1.5875 0.81375
-1.6725 0.88
-1.5575 0.835
-1.555 0.80875
-1.5975 0.84125
-1.59 0.8475
-1.6525 0.85125
-1.55 0.80625
-1.5 0.7125
-1.455 0.755
-1.58 0.8275
-1.55 0.83
-1.5825 0.7875
-1.525 0.80875
-1.6475 0.8775
-1.655 0.8675
-1.6125 0.85625
-1.5225 0.8025
-1.5275 0.7825
-1.5 0.76375
-1.42 0.71
-1.525 0.79125
-1.64 0.8575
-1.5875 0.8525
-1.4975 0.77625
-1.5 0.7275
-1.6425 0.85375
-1.6375 0.8725
-1.5375 0.7975
-1.6 0.84875
-1.5575 0.79875
-1.5625 0.83
-1.5325 0.81375
-1.5425 0.83125
-1.52 0.79875
-1.52 0.7875
-1.605 0.835
-1.65 0.8775
-1.6 0.84125
-1.6275 0.8425
-1.525 0.785
-1.5625 0.80625
-1.6875 0.88375
-1.58 0.8375
-1.585 0.85375
-1.655 0.88
-1.605 0.855
-1.61 0.86625
-1.615 0.8625
-1.6675 0.86875
-1.6525 0.84625
-1.6225 0.88125
-1.595 0.8325
-1.6 0.85375
-1.585 0.83375
-1.54 0.77875
-1.555 0.78625
-1.58 0.8125
-1.62 0.8425
-1.615 0.8525
-1.5425 0.83125
-1.5325 0.805
-1.575 0.855
-1.5475 0.83
-1.55 0.82375
-1.695 0.90125
-1.545 0.8275
-1.6275 0.85375
-1.6575 0.8725
-1.645 0.87125
-1.58 0.835
-1.4925 0.795
-1.445 0.7325
-1.5775 0.81375
-1.615 0.8325
-1.5125 0.75625
-1.525 0.82875
-1.6325 0.85625
-1.6125 0.84875
-1.635 0.82625
-1.5 0.79125
-1.55 0.82
-1.525 0.825
-1.6675 0.885
-1.63 0.86
-1.55 0.815
-1.525 0.7575
-1.5925 0.775
-1.6175 0.79375
-1.6025 0.795
-1.5775 0.82375
-1.5375 0.78125
-1.6025 0.81125
-1.5625 0.80625
-1.44 0.755
-1.5425 0.77375
-1.61 0.81875
-1.56 0.8225
-1.6125 0.84375
-1.58 0.82875
-1.6025 0.84375
-1.6475 0.87625
-1.5325 0.8125
-1.6325 0.86625
-1.5 0.80125
-1.5225 0.81375
-1.5975 0.835
-1.58 0.8
-1.51 0.755
-1.5675 0.83375
-1.6425 0.88625
-1.6 0.82375
-1.6575 0.89125
-1.6425 0.8525
-1.585 0.865
-1.6 0.84875
-1.4075 0.7625
-1.695 0.87875
-1.5725 0.82625
-1.4775 0.76875
-1.5875 0.835
-1.6 0.85
-1.545 0.82125
-1.59 0.82875
-1.51 0.79
-1.5475 0.8075
-1.5475 0.7725
-1.5 0.78625
-1.6575 0.88875
-1.6025 0.87125
-1.5325 0.82875
-1.5175 0.825
-1.6475 0.87375
-1.61 0.8375
-1.52 0.7725
-1.575 0.7975
-1.5875 0.82
-1.5375 0.805
-1.6225 0.8375
-1.655 0.87125
-1.67 0.88875
-1.6325 0.845
-1.66 0.86375
-1.58 0.825
-1.5925 0.8325
-1.4825 0.76375
-1.5175 0.785
-1.52 0.7875
-1.5875 0.79625
-1.6325 0.8525
-1.5275 0.80375
-1.565 0.81125
-1.6 0.835
-1.52 0.7925
-1.6275 0.8575
-1.535 0.77875
-1.4825 0.77375
-1.6375 0.8625
-1.62 0.88
-1.61 0.85875
-1.545 0.8425
-1.5725 0.84375
-1.5075 0.77
-1.5725 0.81625
-1.6075 0.79
-1.5775 0.74375
-1.5425 0.67
-1.54 0.72875
-1.5175 0.7275
-1.475 0.76875
-1.54 0.79625
-1.5325 0.79625
-1.6075 0.84625
-1.5375 0.81625
-1.6525 0.84625
-1.555 0.79625
-1.5875 0.83625
-1.5525 0.82125
-1.59 0.8425
-1.555 0.8
-1.5475 0.8
-1.63 0.86125
-1.635 0.8425
-1.54 0.8125
-1.595 0.83375
-1.63 0.86625
-1.575 0.835
-1.5975 0.84625
-1.54 0.7875
-1.5875 0.8375
-1.5525 0.79875
-1.54 0.78125
-1.525 0.7975
-1.55 0.83
-1.5975 0.8375
-1.4675 0.75125
-1.555 0.8025
-1.615 0.84125
-1.54 0.8025
-1.515 0.7925
-1.6075 0.83375
-1.4775 0.76625
-1.6 0.78375
-1.5775 0.79375
-1.615 0.8575
-1.5925 0.835
-1.6725 0.865
-1.51 0.79125
-1.49 0.78875
-1.56 0.8025
-1.47 0.74375
-1.5975 0.84375
-1.685 0.895
-1.6275 0.85625
-1.63 0.87625
-1.5925 0.82875
-1.535 0.8175
-1.495 0.76125
-1.565 0.8075
-1.47 0.74125
-1.5275 0.775
-1.6025 0.82375
-1.5 0.7625
-1.495 0.79375
-1.615 0.81875
-1.5475 0.7875
-1.5475 0.78625
-1.565 0.83125
-1.5725 0.84
-1.585 0.85
-1.5625 0.82625
-1.5975 0.84125
-1.5025 0.79
-1.5075 0.78375
-1.58 0.82625
-1.605 0.83
-1.65 0.88125
-1.555 0.8025
-1.6475 0.88
-1.62 0.85375
-1.6525 0.8825
-1.58 0.815
-1.605 0.83875
-1.5375 0.8125
-1.4825 0.7825
-1.5975 0.8225
-1.565 0.8
-1.505 0.7825
-1.605 0.8425
-1.555 0.83875
-1.54 0.83
-1.6275 0.85
-1.505 0.7625
-1.585 0.84375
-1.495 0.7775
-1.5225 0.815
-1.5625 0.83875
-1.5925 0.82875
-1.67 0.87
-1.6325 0.85
-1.595 0.84625
-1.4775 0.79125
-1.7 0.89875
-1.5925 0.83375
-1.4675 0.7925
-1.63 0.85875
-1.6325 0.8575
-1.5675 0.82625
-1.5025 0.81375
-1.5225 0.80625
-1.53 0.81375
-1.565 0.8175
-1.5825 0.83
-1.5475 0.83875
-1.56 0.825
-1.57 0.7975
-1.5625 0.79
-1.59 0.835
-1.605 0.86375
-1.6375 0.8475
-1.565 0.7675
-1.4225 0.7125
-1.5225 0.74
-1.4975 0.7475
-1.545 0.77625
-1.4025 0.7225
-1.52 0.80625
-1.6625 0.87875
-1.53 0.8025
-1.5325 0.8025
-1.52 0.79
-1.52 0.7425
-1.5375 0.76375
-1.5 0.80875
-1.635 0.8525
-1.5425 0.7775
-1.515 0.78375
-1.62 0.81
-1.61 0.86
-1.59 0.835
-1.605 0.85375
-1.4975 0.77875
-1.6 0.845
-1.6325 0.8425
-1.6425 0.8725
-1.635 0.86375
-1.5775 0.84
-1.415 0.71375
-1.5325 0.76125
-1.57 0.81
-1.5225 0.7275
-1.5375 0.76125
-1.56 0.79375
-1.6425 0.8325
-1.625 0.8525
-1.5775 0.8025
-1.505 0.79375
-1.54 0.81
-1.545 0.8175
-1.555 0.82
-1.5325 0.82
-1.3925 0.7475
-1.625 0.86625
-1.6075 0.85875
-1.555 0.8425
-1.56 0.80625
-1.4925 0.76375
-1.65 0.83625
-1.5425 0.80625
-1.5925 0.85
-1.5825 0.82
-1.5225 0.80875
-1.62 0.80625
-1.565 0.835
-1.5975 0.84
-1.52 0.8175
-1.6 0.8475
-1.555 0.79
-1.5525 0.81
-1.5875 0.8075
-1.5525 0.795
-1.49 0.7775
-1.525 0.805
-1.4575 0.73625
-1.6375 0.85375
-1.6325 0.86875
-1.5775 0.84125
-1.7325 0.90875
-1.6475 0.8575
-1.565 0.81625
-1.665 0.87625
-1.605 0.85875
-1.5625 0.77125
-1.56 0.84375
-1.6225 0.87875
-1.6075 0.8275
-1.575 0.8475
-1.4925 0.7725
-1.6625 0.8925
-1.615 0.86125
-1.6325 0.86375
-1.6425 0.87125
-1.5925 0.84875
-1.575 0.8425
-1.5575 0.81375
-1.55 0.79
-1.5425 0.7625
-1.4575 0.6875
-1.4425 0.7475
-1.65 0.87875
-1.6 0.82125
-1.6425 0.8775
-1.64 0.855
-1.5175 0.79625
-1.4875 0.79
-1.55 0.84
-1.625 0.84875
-1.68 0.8775
-1.525 0.77875
-1.5475 0.7775
-1.62 0.8225
-1.6675 0.84625
-1.6025 0.8275
-1.6675 0.88125
-1.5275 0.81875
-1.615 0.80875
-1.5975 0.80625
-1.555 0.8125
-1.5525 0.8125
-1.5725 0.8325
-1.6175 0.85125
-1.6225 0.8475
-1.595 0.86125
-1.635 0.875
-1.59 0.8275
-1.6575 0.865
-1.485 0.7625
-1.49 0.77125
-1.5875 0.835
-1.7025 0.87375
-1.635 0.87375
-1.62 0.83875
-1.7 0.89875
-1.5575 0.8325
-1.5775 0.8525
-1.5875 0.835
-1.5975 0.82375
-1.54 0.82875
-1.575 0.84625
-1.62 0.8625
-1.5725 0.83125
-1.6225 0.8625
-1.5025 0.7725
-1.455 0.7575
-1.5725 0.81375
-1.5225 0.7675
-1.5625 0.825
-1.59 0.8075
-1.495 0.78375
-1.6075 0.87
-1.5375 0.8225
-1.715 0.9075
-1.6475 0.87
-1.565 0.83625
-1.6425 0.87375
-1.6125 0.85125
-1.5875 0.82625
-1.585 0.81875
-1.5775 0.795
-1.455 0.755
-1.475 0.7375
-1.5425 0.81375
-1.6025 0.85375
-1.6425 0.86125
-1.57 0.8275
-1.605 0.875
-1.685 0.86375
-1.6675 0.87875
-1.6875 0.9025
-1.6225 0.85375
-1.585 0.82375
-1.7025 0.9025
-1.625 0.87375
-1.5525 0.8125
-1.57 0.83
-1.4875 0.8025
-1.5125 0.76875
-1.5725 0.79
-1.54 0.79625
-1.4875 0.72125
-1.6175 0.78625
-1.5175 0.71125
-1.5325 0.74125
-1.5675 0.74
-1.5025 0.70125
-1.505 0.6575
-1.4625 0.6725
-1.455 0.68875
-1.4225 0.645
-1.435 0.6575
-1.465 0.70125
-1.53 0.75625
-1.605 0.83625
-1.585 0.81125
-1.54 0.81125
-1.59 0.81375
-1.57 0.81875
-1.635 0.86
-1.6175 0.8775
