-1.3375 0.63375
-1.375 0.66
-1.3775 0.66375
-1.38 0.62875
-1.4375 0.75625
-1.365 0.65875
-1.3975 0.695
-1.4775 0.72125
-1.45 0.75125
-1.4825 0.785
-1.475 0.74125
-1.445 0.69375
-1.3575 0.6325
-1.4425 0.745
-1.42 0.7625
-1.37 0.71625
-1.375 0.62375
-1.3775 0.63625
-1.29 0.5725
-1.315 0.665
-1.3975 0.69
-1.4275 0.72625
-1.465 0.745
-1.4075 0.63875
-1.3775 0.6875
-1.325 0.6
-1.365 0.67
-1.3525 0.6475
-1.37 0.685
-1.4275 0.6975
-1.545 0.76125
-1.4775 0.68875
-1.4575 0.73
-1.48 0.75125
-1.4675 0.72375
-1.385 0.71375
-1.46 0.70375
-1.435 0.7525
-1.375 0.665
-1.455 0.6975
-1.3925 0.67
-1.44 0.705
-1.465 0.68875
-1.48 0.7325
-1.415 0.76625
-1.5225 0.81875
-1.545 0.8225
-1.565 0.8275
-1.405 0.73375
-1.3225 0.63625
-1.3875 0.61125
-1.415 0.62125
-1.2775 0.50125
-1.3625 0.60625
-1.3975 0.64375
-1.35 0.6875
-1.43 0.6525
-1.3875 0.61375
-1.4225 0.6575
-1.41 0.72
-1.41 0.595
-1.3725 0.595
-1.4425 0.70625
-1.3275 0.65875
-1.3925 0.69875
-1.495 0.81375
-1.57 0.83125
-1.4875 0.805
-1.38 0.67
-1.3875 0.7225
-1.53 0.80625
-1.4575 0.75625
-1.505 0.76375
-1.4625 0.7675
-1.3425 0.655
-1.305 0.64
-1.425 0.72125
-1.3125 0.6075
-1.3375 0.60375
-1.31 0.6225
-1.3575 0.66375
-1.3275 0.6625
-1.475 0.67625
-1.4575 0.705
-1.52 0.74125
-1.43 0.7325
-1.47 0.7275
-1.39 0.665
-1.505 0.73375
-1.365 0.67625
-1.4225 0.66375
-1.4725 0.71875
-1.4275 0.7125
-1.415 0.67625
-1.35 0.56375
-1.365 0.655
-1.3675 0.58875
-1.2575 0.4925
-1.33 0.5825
-1.405 0.68625
-1.3425 0.6375
-1.345 0.6125
-1.34 0.60125
-1.3775 0.64375
-1.39 0.62375
-1.37 0.60875
-1.3675 0.66
-1.3025 0.5725
-1.2875 0.51125
-1.275 0.5575
-1.2925 0.59125
-1.23 0.4775
-1.3375 0.54875
-1.38 0.57625
-1.305 0.655
-1.4525 0.72375
-1.435 0.76125
-1.5325 0.82375
-1.465 0.7825
-1.445 0.75625
-1.5 0.7475
-1.415 0.67125
-1.415 0.66375
-1.2625 0.5325
-1.425 0.61
-1.3925 0.6425
-1.415 0.665
-1.4125 0.6625
-1.395 0.68875
-1.45 0.69
-1.4275 0.6975
-1.42 0.6675
-1.385 0.6875
-1.4875 0.75875
-1.405 0.72375
-1.4825 0.8
-1.455 0.73375
-1.42 0.725
-1.5125 0.81625
-1.505 0.7825
-1.435 0.705
-1.54 0.80625
-1.465 0.7325
-1.485 0.75
-1.38 0.6825
-1.35 0.6575
-1.3975 0.6475
-1.2925 0.58625
-1.2175 0.5075
-1.235 0.455
-1.345 0.63875
-1.455 0.635
-1.4275 0.6875
-1.3475 0.57375
-1.2675 0.46
-1.3475 0.4975
-1.335 0.47875
-1.3 0.47625
-1.3375 0.5475
-1.3525 0.57875
-1.4125 0.65125
-1.38 0.64125
-1.4625 0.66875
-1.415 0.59875
-1.2875 0.56125
-1.3375 0.63375
-1.3175 0.64375
-1.4625 0.71625
-1.305 0.6175
-1.335 0.6225
-1.37 0.645
-1.3925 0.70625
-1.445 0.73375
-1.415 0.70625
-1.47 0.74625
-1.4925 0.74875
-1.4475 0.77
-1.4875 0.79
-1.275 0.61125
-1.3675 0.66
-1.27 0.54875
-1.4125 0.61375
-1.3825 0.5525
-1.485 0.5825
-1.31 0.595
-1.45 0.60625
-1.455 0.65125
-1.3675 0.59625
-1.3425 0.5625
-1.3625 0.43125
-1.385 0.47125
-1.3175 0.485
-1.5375 0.60625
-1.39 0.52625
-1.375 0.54
-1.3925 0.42125
-1.46 0.40375
-1.365 0.4825
-1.3075 0.43125
-1.3275 0.43625
-1.4425 0.53375
-1.3775 0.48375
-1.3375 0.4675
-1.3725 0.4525
-1.255 0.43125
-1.315 0.45375
-1.24 0.455
-1.23 0.445
-1.29 0.43
-1.265 0.52625
-1.36 0.5975
-1.2225 0.37875
-1.2325 0.41125
-1.21 0.36625
-1.265 0.5
-1.2825 0.5125
-1.42 0.68625
-1.3925 0.64125
-1.375 0.65875
-1.42 0.7275
-1.5625 0.83625
-1.4625 0.775
-1.3525 0.6225
-1.4 0.52
-1.21 0.3825
-1.3025 0.45625
-1.25 0.40875
-1.24 0.39125
-1.3475 0.40375
-1.44 0.56875
-1.3375 0.58625
-1.4975 0.6325
-1.28 0.47
-1.3425 0.56125
-1.4175 0.55875
-1.4475 0.58875
-1.335 0.4375
-1.25 0.49
-1.4075 0.6125
-1.3125 0.55375
-1.2925 0.4775
-1.3125 0.56625
-1.445 0.645
-1.375 0.6075
-1.3425 0.5925
-1.2725 0.4975
-1.3475 0.5925
-1.39 0.48
-1.36 0.51
-1.3525 0.47125
-1.405 0.47625
-1.4175 0.49875
-1.3975 0.575
-1.36 0.6775
-1.46 0.73625
-1.5025 0.77875
-1.53 0.79125
-1.535 0.795
-1.535 0.79125
-1.48 0.74125
-1.43 0.7225
-1.55 0.785
-1.52 0.81125
-1.5425 0.795
-1.4425 0.6925
-1.325 0.6775
-1.49 0.72625
-1.3875 0.68875
-1.4275 0.70125
-1.365 0.7275
-1.5125 0.78
-1.4825 0.75875
-1.335 0.68
-1.3675 0.7075
-1.445 0.7175
-1.45 0.74375
-1.505 0.7225
-1.435 0.7625
-1.41 0.6625
-1.4375 0.6475
-1.45 0.63625
-1.49 0.66
-1.44 0.6725
-1.455 0.63125
-1.485 0.67625
-1.365 0.5975
-1.3625 0.67875
-1.4525 0.68125
-1.3875 0.6325
-1.3525 0.57125
-1.285 0.53625
-1.4025 0.63625
-1.38 0.63875
-1.58 0.78125
-1.3625 0.62
-1.3575 0.64625
-1.425 0.69875
-1.465 0.71875
-1.355 0.66625
-1.46 0.76125
-1.525 0.76125
-1.4975 0.77
-1.4275 0.74
-1.43 0.77
-1.5875 0.8525
-1.4375 0.7725
-1.425 0.72375
-1.47 0.73125
-1.425 0.71875
-1.3875 0.6875
-1.395 0.70375
-1.445 0.74875
-1.2625 0.60625
-1.38 0.63625
-1.305 0.62
-1.41 0.64375
-1.3475 0.595
-1.38 0.54
-1.3575 0.54625
-1.3225 0.55875
-1.4825 0.65
-1.5075 0.63875
-1.4075 0.6
-1.3325 0.5275
-1.38 0.5875
-1.3625 0.68125
-1.4125 0.71375
-1.365 0.685
-1.44 0.73125
-1.545 0.765
-1.47 0.72
-1.395 0.665
-1.38 0.64
-1.2925 0.625
-1.445 0.69625
-1.3225 0.60375
-1.39 0.6025
-1.3925 0.615
-1.42 0.68
-1.465 0.69
-1.41 0.66
-1.3525 0.60625
-1.3075 0.57375
-1.375 0.57875
-1.33 0.43
-1.2975 0.45125
-1.3175 0.5075
-1.3525 0.555
-1.2625 0.52625
-1.285 0.56125
-1.205 0.50125
-1.3925 0.51625
-1.23 0.365
-1.405 0.5525
-1.345 0.61375
-1.3675 0.6175
-1.3075 0.60875
-1.3975 0.6975
-1.42 0.68125
-1.3875 0.6775
-1.34 0.68125
-1.4575 0.7575
-1.505 0.77125
-1.42 0.72625
-1.495 0.73125
-1.485 0.735
-1.4425 0.70625
-1.54 0.7675
-1.475 0.6925
-1.4375 0.69
-1.36 0.68875
-1.32 0.6475
-1.3775 0.6975
-1.2625 0.62375
-1.4375 0.7225
-1.325 0.6075
-1.295 0.58375
-1.4025 0.735
-1.43 0.71625
-1.375 0.71125
-1.3875 0.71875
-1.43 0.68625
-1.4275 0.715
-1.4675 0.77
-1.475 0.72875
-1.41 0.72
-1.4625 0.7075
-1.475 0.67
-1.435 0.65875
-1.3 0.5675
-1.3125 0.57625
-1.435 0.66625
-1.4925 0.75125
-1.405 0.65875
-1.33 0.6175
-1.335 0.63125
-1.39 0.66625
-1.41 0.71125
-1.42 0.70625
-1.4425 0.74
-1.47 0.77125
-1.4675 0.7375
-1.4075 0.71375
-1.4675 0.73375
-1.4575 0.77375
-1.4975 0.77625
-1.4375 0.72875
-1.4075 0.65875
-1.4425 0.7275
-1.44 0.7225
-1.295 0.61125
-1.2725 0.60625
-1.43 0.68125
-1.385 0.6025
-1.3875 0.56625
-1.4075 0.68125
-1.435 0.705
-1.47 0.76
-1.445 0.76625
-1.48 0.8025
-1.4275 0.7525
-1.445 0.7075
-1.4875 0.7225
-1.4225 0.66875
-1.39 0.66875
-1.4 0.73125
-1.4525 0.7175
-1.315 0.56625
-1.38 0.56125
-1.385 0.57
-1.445 0.5825
-1.4225 0.52375
-1.245 0.4275
-1.385 0.43375
-1.3 0.37625
-1.39 0.5125
-1.335 0.51625
-1.2575 0.44375
-1.3075 0.535
-1.3375 0.57
-1.3725 0.57125
-1.42 0.62375
-1.3825 0.5525
-1.2975 0.4925
-1.3475 0.4575
-1.2925 0.41625
-1.435 0.52125
-1.4375 0.4925
-1.375 0.535
-1.3825 0.47375
-1.2675 0.30875
-1.27 0.36375
-1.345 0.54375
-1.2425 0.43875
-1.3425 0.52375
-1.305 0.51875
-1.46 0.565
-1.3475 0.56875
-1.44 0.63625
-1.4325 0.64125
-1.365 0.59375
-1.3875 0.5825
-1.4225 0.56625
-1.385 0.53125
-1.31 0.48375
-1.38 0.48125
-1.3375 0.3925
-1.41 0.50375
-1.3125 0.5325
-1.3825 0.5375
-1.4675 0.61
-1.4275 0.57875
-1.3525 0.60375
-1.405 0.58125
-1.365 0.56125
-1.2775 0.4525
-1.355 0.58875
-1.3325 0.62625
-1.4575 0.70375
-1.4825 0.745
-1.5075 0.74375
-1.49 0.745
-1.4 0.65125
-1.4175 0.7025
-1.475 0.75125
-1.335 0.6675
-1.3 0.63
-1.44 0.71375
-1.4125 0.70125
-1.505 0.80375
-1.405 0.72375
-1.4225 0.73875
-1.465 0.7275
-1.4725 0.74375
-1.4125 0.68125
-1.365 0.6075
-1.4475 0.63875
-1.4025 0.66375
-1.5025 0.705
-1.5 0.63625
-1.4225 0.6075
-1.3275 0.57
-1.455 0.635
-1.3875 0.64625
-1.415 0.6825
-1.435 0.70375
-1.485 0.765
-1.4725 0.7825
-1.5425 0.8
-1.375 0.71625
-1.49 0.73125
-1.385 0.72
-1.3875 0.7025
-1.475 0.73
-1.4425 0.72875
-1.36 0.69625
-1.465 0.73
-1.48 0.7825
-1.2125 0.52875
-1.3 0.615
-1.4125 0.7
-1.45 0.7025
-1.4825 0.7075
-1.485 0.72875
-1.335 0.69125
-1.4625 0.7575
-1.45 0.76875
-1.4525 0.71
-1.45 0.72125
-1.395 0.7125
-1.405 0.6625
-1.43 0.66625
-1.3575 0.6175
-1.4475 0.7175
-1.4575 0.73875
-1.4575 0.72625
-1.3875 0.67875
-1.4 0.62125
-1.4025 0.615
-1.3725 0.58625
-1.3575 0.56
-1.2075 0.40125
-1.2025 0.26625
-1.21 0.21375
-1.22 0.175
-1.2425 0.2025
-1.2275 0.14125
-1.3125 0.2125
-1.335 0.03125
-1.3375 -0.05875
-1.2375 -0.04625
-1.2475 -0.1125
-1.205 -0.15125
-1.265 -0.20625
-1.23 -0.34625
-1.2575 -0.335
-1.3275 -0.3475
-1.2325 -0.21
-1.3025 -0.2775
-1.2575 -0.375
-1.3 -0.31
-1.23 -0.33
-1.32 -0.33125
-1.285 -0.28875
-1.33 -0.3525
-1.3025 -0.2325
-1.3325 -0.31
-1.2925 -0.1625
-1.28 -0.21375
-1.34 -0.2575
-1.3475 -0.32625
-1.32 -0.285
-1.3525 -0.2825
-1.28 -0.27375
-1.39 -0.345
-1.4025 -0.28625
-1.245 -0.19
-1.305 -0.305
-1.4175 -0.36625
-1.3925 -0.385
-1.3675 -0.25625
-1.3525 -0.22125
-1.3325 -0.23
-1.305 -0.3025
-1.3375 -0.38625
-1.2925 -0.35875
-1.2 -0.34625
-1.195 -0.2825
-1.315 -0.34
-1.3825 -0.505
-1.3025 -0.49375
-1.255 -0.455
-1.34 -0.5075
-1.385 -0.6
-1.4425 -0.72875
-1.5225 -0.75125
-1.4475 -0.7625
-1.3925 -0.695
-1.445 -0.71125
-1.415 -0.74625
-1.3975 -0.735
-1.3725 -0.6775
-1.4625 -0.7025
-1.38 -0.71875
-1.535 -0.7675
-1.5375 -0.775
-1.575 -0.83875
-1.5575 -0.8175
-1.485 -0.7825
-1.47 -0.7975
-1.3825 -0.65625
-1.355 -0.58375
-1.3675 -0.5775
-1.37 -0.6275
-1.4725 -0.72625
-1.395 -0.6925
-1.4525 -0.785
-1.43 -0.7475
-1.535 -0.79
-1.5275 -0.78125
-1.475 -0.73875
-1.485 -0.745
-1.4125 -0.735
-1.515 -0.785
-1.3875 -0.7075
-1.425 -0.70875
-1.3975 -0.74375
-1.46 -0.72
-1.4775 -0.76
-1.395 -0.6925
-1.34 -0.6375
-1.4025 -0.59625
-1.3775 -0.5775
-1.4 -0.65625
-1.36 -0.5525
-1.44 -0.57375
-1.37 -0.57875
-1.4225 -0.64
-1.335 -0.66625
-1.4875 -0.76125
-1.4175 -0.71875
-1.4225 -0.74875
-1.4675 -0.71125
-1.3975 -0.70125
-1.4125 -0.71625
-1.5 -0.74125
-1.515 -0.745
-1.4475 -0.7325
-1.49 -0.76
-1.46 -0.70375
-1.385 -0.7425
-1.455 -0.73625
-1.4575 -0.705
-1.335 -0.59125
-1.3975 -0.63125
-1.385 -0.66
-1.3825 -0.60125
-1.47 -0.67375
-1.4525 -0.735
-1.5075 -0.7375
-1.3725 -0.69375
-1.4325 -0.7325
-1.33 -0.6825
-1.32 -0.6275
-1.415 -0.76375
-1.4575 -0.74375
-1.4675 -0.76875
-1.395 -0.72625
-1.36 -0.70375
-1.43 -0.7075
-1.3925 -0.68
-1.405 -0.63875
-1.3825 -0.64875
-1.395 -0.62125
-1.5125 -0.74375
-1.5025 -0.6925
-1.3625 -0.565
-1.37 -0.60125
-1.3625 -0.5675
-1.4025 -0.66875
-1.315 -0.6025
-1.4275 -0.56875
-1.2925 -0.5
-1.375 -0.56125
-1.35 -0.51125
-1.295 -0.50625
-1.33 -0.59375
-1.3875 -0.6225
-1.395 -0.54625
-1.29 -0.445
-1.4975 -0.52875
-1.3975 -0.5025
-1.3775 -0.57875
-1.355 -0.60375
-1.445 -0.65875
-1.445 -0.75
-1.4625 -0.715
-1.4275 -0.65
-1.4775 -0.7
-1.3575 -0.65625
-1.4275 -0.7
-1.37 -0.60125
-1.3575 -0.5825
-1.335 -0.49625
-1.305 -0.585
-1.37 -0.6425
-1.475 -0.75375
-1.3875 -0.6425
-1.35 -0.65125
-1.43 -0.695
-1.415 -0.675
-1.4725 -0.7575
-1.46 -0.75375
-1.3575 -0.65375
-1.4125 -0.63375
-1.53 -0.7
-1.3825 -0.66125
-1.4425 -0.74625
-1.48 -0.78
-1.425 -0.76875
-1.5025 -0.7975
-1.5525 -0.8375
-1.455 -0.7725
-1.4275 -0.73625
-1.4675 -0.76125
-1.4475 -0.74
-1.525 -0.80375
-1.515 -0.79125
-1.455 -0.69125
-1.4675 -0.745
-1.44 -0.73
-1.4125 -0.7
-1.4075 -0.6775
-1.315 -0.6
-1.305 -0.54875
-1.3575 -0.59125
-1.2925 -0.5725
-1.345 -0.62625
-1.4375 -0.67125
-1.3425 -0.65
-1.3825 -0.68875
-1.325 -0.66
-1.29 -0.6375
-1.3325 -0.61375
-1.405 -0.645
-1.4675 -0.67625
-1.4625 -0.71125
-1.495 -0.745
-1.475 -0.75625
-1.415 -0.6725
-1.385 -0.64375
-1.4525 -0.7275
-1.4975 -0.7925
-1.5125 -0.81125
-1.4775 -0.7975
-1.5125 -0.79875
-1.525 -0.8075
-1.455 -0.74625
-1.3575 -0.60375
-1.3175 -0.60875
-1.305 -0.57375
-1.2925 -0.525
-1.23 -0.48
-1.3525 -0.48625
-1.305 -0.5975
-1.2125 -0.5475
-1.3675 -0.61375
-1.48 -0.7025
-1.445 -0.67875
-1.5 -0.6325
-1.3425 -0.5475
-1.5175 -0.67
-1.3875 -0.6825
-1.4475 -0.665
-1.4375 -0.695
-1.415 -0.72
-1.37 -0.70875
-1.375 -0.70125
-1.4725 -0.745
-1.4125 -0.6375
-1.4375 -0.68875
-1.435 -0.61875
-1.4475 -0.67
-1.34 -0.60125
-1.4 -0.6125
-1.44 -0.6425
-1.3625 -0.60375
-1.3675 -0.68875
-1.4525 -0.69
-1.4275 -0.70125
-1.295 -0.53625
-1.3175 -0.65375
-1.48 -0.78
-1.4575 -0.765
-1.555 -0.80625
-1.5125 -0.7475
-1.3675 -0.6725
-1.3075 -0.62
-1.38 -0.66875
-1.385 -0.67
-1.4275 -0.61375
-1.4025 -0.5925
-1.3175 -0.5575
-1.49 -0.64625
-1.4125 -0.6375
-1.2525 -0.56875
-1.425 -0.63625
-1.3275 -0.60625
-1.4425 -0.72125
-1.445 -0.7675
-1.435 -0.72125
-1.38 -0.72875
-1.55 -0.8225
-1.4325 -0.7575
-1.4775 -0.8075
-1.4925 -0.77625
-1.48 -0.7725
-1.48 -0.7025
-1.405 -0.69
-1.3475 -0.63875
-1.33 -0.61
-1.575 -0.78625
-1.5225 -0.75
-1.4425 -0.71375
-1.4075 -0.7675
-1.4925 -0.805
-1.4225 -0.7775
-1.485 -0.785
-1.5625 -0.83375
-1.55 -0.8225
-1.455 -0.7675
-1.42 -0.72
-1.4625 -0.71875
-1.515 -0.745
-1.4375 -0.73125
-1.435 -0.74125
-1.475 -0.75
-1.4 -0.70125
-1.4325 -0.77125
-1.5375 -0.83
-1.47 -0.75125
-1.47 -0.75125
-1.335 -0.665
-1.345 -0.6475
-1.2975 -0.6475
-1.3375 -0.59625
-1.35 -0.725
-1.5225 -0.8
-1.435 -0.725
-1.3275 -0.6625
-1.415 -0.68625
-1.305 -0.63125
-1.3875 -0.63375
-1.2775 -0.56125
-1.3925 -0.66875
-1.4125 -0.69
-1.4125 -0.67
-1.42 -0.6525
-1.385 -0.63875
-1.415 -0.62625
-1.34 -0.56
-1.4575 -0.6325
-1.405 -0.655
-1.5075 -0.75625
-1.4475 -0.75
-1.435 -0.735
-1.4625 -0.72625
-1.4175 -0.7075
-1.3925 -0.51875
-1.3125 -0.61
-1.29 -0.5475
-1.2825 -0.62
-1.4625 -0.68375
-1.4325 -0.675
-1.47 -0.70875
-1.4725 -0.735
-1.4175 -0.70125
-1.4475 -0.75375
-1.505 -0.79125
-1.425 -0.69375
-1.3425 -0.57875
-1.2525 -0.5625
-1.465 -0.6775
-1.43 -0.70125
-1.3775 -0.60375
-1.315 -0.585
-1.325 -0.59
-1.3075 -0.5875
-1.38 -0.60625
-1.325 -0.5625
-1.425 -0.66625
-1.335 -0.60875
-1.4825 -0.71875
-1.4275 -0.69125
-1.2725 -0.5725
-1.3525 -0.5825
-1.305 -0.4825
-1.315 -0.40375
-1.2575 -0.3225
-1.3325 -0.35
-1.265 -0.3725
-1.34 -0.405
-1.31 -0.40625
-1.2375 -0.43625
-1.2875 -0.4825
-1.3525 -0.52125
-1.315 -0.43375
-1.405 -0.46625
-1.355 -0.42625
-1.275 -0.4825
-1.4525 -0.46
-1.34 -0.49
-1.3525 -0.38625
-1.315 -0.38625
-1.215 -0.325
-1.185 -0.24375
-1.1975 -0.30375
-1.34 -0.42375
-1.3475 -0.55625
-1.27 -0.57125
-1.3875 -0.555
-1.3725 -0.5625
-1.4 -0.61875
-1.365 -0.61
-1.3925 -0.62125
-1.345 -0.59
-1.455 -0.71375
-1.37 -0.675
-1.4175 -0.7025
-1.4325 -0.7175
-1.3975 -0.71125
-1.57 -0.82125
-1.465 -0.77
-1.4475 -0.77875
-1.505 -0.7975
-1.6075 -0.83
-1.455 -0.76125
-1.515 -0.75
-1.395 -0.69
-1.4725 -0.79375
-1.49 -0.74375
-1.375 -0.66875
-1.53 -0.76
-1.3975 -0.68875
-1.39 -0.685
-1.5175 -0.74
-1.4125 -0.69625
-1.4325 -0.69
-1.455 -0.6725
-1.3825 -0.65375
-1.385 -0.6675
-1.425 -0.65125
-1.3575 -0.6125
-1.4875 -0.6675
-1.435 -0.6425
-1.385 -0.7075
-1.4625 -0.7525
-1.45 -0.71125
-1.3925 -0.735
-1.3375 -0.6225
-1.44 -0.75
-1.515 -0.795
-1.4925 -0.77625
-1.57 -0.84375
-1.6025 -0.855
-1.4625 -0.7675
-1.395 -0.69875
-1.33 -0.64375
-1.3675 -0.69875
-1.445 -0.76625
-1.345 -0.69625
-1.47 -0.7325
-1.46 -0.6675
-1.25 -0.4975
-1.285 -0.415
-1.3175 -0.41375
-1.355 -0.48375
-1.3675 -0.44625
-1.2025 -0.31375
-1.2675 -0.32375
-1.36 -0.43625
-1.195 -0.34125
-1.2475 -0.14875
-1.245 -0.1625
-1.2525 -0.05375
-1.2975 0.00875
-1.245 0.08125
-1.24 0.04125
-1.265 0.09625
-1.235 0.00875
-1.14 -0.06875
-1.2175 0.07375
-1.2775 0.085
-1.3575 0.1125
-1.21 0.0675
-1.315 -0.0225
-1.1825 -0.0175
-1.315 0.14
-1.285 0.07375
-1.34 0.0325
-1.2725 0.11
-1.2975 0.04125
-1.315 0.0875
-1.36 0.1
-1.3375 0.1875
-1.3625 0.165
-1.39 0.17125
-1.335 0.11875
-1.3525 0.13375
-1.305 0.0325
-1.375 0.035
-1.33 -0.035
-1.3675 -0.07125
-1.2475 -0.05375
-1.4025 -0.15875
-1.4025 -0.1925
-1.32 -0.315
-1.4025 -0.24125
-1.385 -0.03
-1.36 0.03625
-1.395 0.0475
-1.4025 0.04875
-1.4025 0.06625
-1.3825 0.20125
-1.305 0.2175
-1.38 0.28125
-1.26 0.17625
-1.295 0.29625
-1.17 0.23375
-1.2675 0.23125
-1.21 0.10375
-1.325 -0.0175
-1.315 -0.07625
-1.3 -0.2225
-1.265 -0.2375
-1.2225 -0.2475
-1.235 -0.18375
-1.3075 -0.3
-1.405 -0.37375
-1.3 -0.3375
-1.3275 -0.285
-1.34 -0.1975
-1.2075 -0.16125
-1.265 -0.1125
-1.3025 -0.085
-1.205 -0.15125
-1.2675 -0.1125
-1.2425 -0.10625
-1.2375 -0.095
-1.28 -0.01125
-1.415 -0.13875
-1.2175 -0.07375
-1.33 -0.17
-1.2775 -0.20375
-1.215 -0.11125
-1.255 -0.1725
-1.285 -0.10625
-1.1925 -0.1325
-1.27 -0.08625
-1.255 -0.025
-1.2375 -0.09625
-1.2425 -0.185
-1.1925 -0.08
-1.1825 0.08375
-1.275 0.27875
-1.3475 0.38
-1.33 0.41
-1.27 0.39625
-1.22 0.4425
-1.3225 0.5225
-1.2925 0.5325
-1.2975 0.43
-1.255 0.3075
-1.3125 0.3275
-1.29 0.36125
-1.285 0.4325
-1.3675 0.4725
-1.3575 0.4825
-1.37 0.49375
-1.34 0.5225
-1.395 0.62
-1.4275 0.7175
-1.4175 0.7225
-1.5175 0.7925
-1.4275 0.74875
-1.4425 0.70875
-1.465 0.7525
-1.53 0.78
-1.4225 0.68375
-1.4475 0.705
-1.4275 0.745
-1.4375 0.74
-1.395 0.6025
-1.5025 0.7675
-1.3525 0.68375
-1.5425 0.77875
-1.515 0.7825
-1.51 0.76125
-1.425 0.73125
-1.325 0.64875
-1.39 0.715
-1.3275 0.62125
-1.3475 0.60625
-1.3525 0.5575
-1.3725 0.5825
-1.3325 0.4825
-1.25 0.42625
-1.2225 0.41125
-1.2725 0.335
-1.2725 0.36375
-1.2925 0.3275
-1.285 0.28
-1.31 0.30625
-1.3675 0.39
-1.2375 0.33875
-1.15 0.20875
-1.2475 0.2675
-1.2175 0.27
-1.28 0.37375
-1.325 0.47
-1.32 0.4525
-1.1575 0.2625
-1.3725 0.45375
-1.4275 0.44125
-1.3225 0.41375
-1.3325 0.37875
-1.3075 0.39375
-1.325 0.435
-1.35 0.4875
-1.3675 0.545
-1.3375 0.525
-1.4475 0.60375
-1.315 0.575
-1.2275 0.475
-1.3325 0.58625
-1.3525 0.59375
-1.2675 0.60875
-1.415 0.6925
-1.345 0.625
-1.315 0.64875
-1.415 0.705
-1.465 0.71875
-1.45 0.7425
-1.45 0.7475
-1.42 0.74625
-1.485 0.7575
-1.415 0.7025
-1.5425 0.74375
-1.355 0.67
-1.3275 0.64875
-1.37 0.65
-1.4475 0.75875
-1.415 0.6675
-1.3725 0.705
-1.365 0.7025
-1.3825 0.66875
-1.25 0.63125
-1.4375 0.675
-1.28 0.5625
-1.2425 0.51
-1.115 0.32625
-1.21 0.4
-1.2575 0.51625
-1.2775 0.435
-1.27 0.45875
-1.3875 0.575
-1.4325 0.67
-1.49 0.7
-1.3875 0.6325
-1.41 0.70875
-1.49 0.7375
-1.5 0.74125
-1.3875 0.59875
-1.4125 0.565
-1.3975 0.52375
-1.295 0.56
-1.4025 0.565
-1.34 0.56
-1.3175 0.515
-1.3525 0.58125
-1.4025 0.64875
-1.3 0.6075
-1.4 0.58
-1.375 0.53875
-1.3075 0.525
-1.3425 0.545
-1.4175 0.60625
-1.4025 0.5775
-1.31 0.5075
-1.3825 0.5425
-1.4375 0.46375
-1.2975 0.2725
-1.255 0.22375
-1.3375 0.28125
-1.3325 0.335
-1.3 0.38875
-1.2925 0.39125
-1.315 0.38625
-1.3325 0.47625
-1.33 0.50125
-1.4425 0.62625
-1.3425 0.61625
-1.3625 0.6475
-1.325 0.585
-1.345 0.615
-1.2925 0.5825
-1.36 0.6525
-1.48 0.645
-1.3325 0.61875
-1.37 0.6975
-1.465 0.74375
-1.465 0.75
-1.5275 0.82625
-1.365 0.68875
-1.385 0.68125
-1.4575 0.64625
-1.385 0.59125
-1.3125 0.525
-1.46 0.65375
-1.38 0.6
-1.38 0.5725
-1.26 0.44875
-1.3425 0.53375
-1.305 0.4775
-1.2475 0.355
-1.2375 0.25875
-1.36 0.375
-1.3125 0.34
-1.26 0.3525
-1.395 0.415
-1.305 0.5175
-1.29 0.47375
-1.25 0.4225
-1.22 0.365
-1.275 0.34
-1.2075 0.3525
-1.3 0.39625
-1.3075 0.29875
-1.3325 0.3425
-1.3425 0.31375
-1.385 0.24625
-1.3675 0.2325
-1.3875 0.24
-1.325 0.255
-1.2275 0.1725
-1.3125 0.13375
-1.2525 0.09125
-1.3175 0.2425
-1.235 0.22
-1.24 0.40875
-1.405 0.5975
-1.3675 0.5825
-1.3225 0.60375
-1.41 0.665
-1.3 0.6225
-1.31 0.6275
-1.3375 0.6375
-1.5325 0.77625
-1.445 0.72875
-1.505 0.74125
-1.455 0.68375
-1.3275 0.54875
-1.3425 0.5975
-1.42 0.60375
-1.4475 0.68875
-1.48 0.71625
-1.47 0.69875
-1.495 0.72
-1.445 0.71
-1.3175 0.6725
-1.4425 0.71
-1.4475 0.7375
-1.4425 0.73625
-1.3825 0.71625
-1.485 0.76125
-1.4425 0.75125
-1.525 0.76875
-1.365 0.6675
-1.3875 0.69125
-1.455 0.67625
-1.3775 0.71
-1.3575 0.675
-1.4875 0.74
-1.5175 0.71875
-1.3675 0.6625
-1.4875 0.64
-1.4425 0.66625
-1.41 0.69875
-1.3825 0.66
-1.5225 0.7575
-1.5 0.79125
-1.5875 0.82125
-1.5675 0.85
-1.5125 0.8125
-1.4525 0.75125
-1.5425 0.745
-1.37 0.71375
-1.36 0.69
-1.4575 0.725
-1.5325 0.79125
-1.36 0.63125
-1.3825 0.6325
-1.4 0.655
-1.3875 0.6875
-1.3375 0.65
-1.4825 0.79125
-1.49 0.76875
-1.44 0.74875
-1.49 0.785
-1.4775 0.7825
-1.44 0.76375
-1.4975 0.81
-1.495 0.79125
-1.5425 0.82875
-1.3575 0.72625
-1.5525 0.83
-1.4575 0.7575
-1.41 0.73375
-1.535 0.75875
-1.5875 0.8225
-1.4675 0.76875
-1.47 0.78125
-1.4675 0.7675
-1.3375 0.65625
-1.2575 0.555
-1.44 0.675
-1.4325 0.72375
-1.4825 0.77625
-1.455 0.7425
-1.355 0.6675
-1.395 0.68125
-1.41 0.65875
-1.35 0.65625
-1.3525 0.57875
-1.465 0.70375
-1.45 0.715
-1.435 0.7725
-1.39 0.70125
-1.4225 0.73
-1.495 0.77375
-1.3575 0.7075
-1.27 0.58125
-1.385 0.59125
-1.3425 0.53
-1.3975 0.42
-1.3375 0.3875
-1.415 0.415
-1.37 0.51875
-1.35 0.465
-1.39 0.47
-1.36 0.49875
-1.32 0.4575
-1.365 0.46875
-1.285 0.42625
-1.325 0.425
-1.3875 0.47
-1.37 0.5375
-1.4075 0.635
-1.3025 0.55125
-1.2675 0.4725
-1.3075 0.5325
-1.3925 0.72375
-1.455 0.74625
-1.3675 0.7325
-1.3575 0.61875
-1.3375 0.58375
-1.3075 0.485
-1.1875 0.51125
-1.335 0.57
-1.37 0.59625
-1.3325 0.585
-1.4 0.62875
-1.3825 0.6
-1.31 0.52875
-1.2925 0.57
-1.4725 0.7225
-1.4775 0.74625
-1.51 0.745
-1.5125 0.7325
-1.4375 0.69625
-1.48 0.7475
-1.375 0.6325
-1.41 0.7025
-1.395 0.66375
-1.34 0.66875
-1.3475 0.705
-1.3025 0.65375
-1.32 0.63875
-1.405 0.73375
-1.49 0.75125
-1.485 0.74125
-1.5575 0.81125
-1.4725 0.745
-1.435 0.7125
-1.4375 0.63625
-1.3975 0.645
-1.39 0.66375
-1.365 0.62875
-1.3675 0.67
-1.475 0.7275
-1.3775 0.7125
-1.4675 0.7575
-1.405 0.725
-1.395 0.73625
-1.515 0.7875
-1.5225 0.765
-1.5 0.765
-1.4975 0.73125
-1.4075 0.65375
-1.3475 0.66125
-1.465 0.6675
-1.415 0.64625
-1.4125 0.69875
-1.35 0.6225
-1.39 0.64
-1.405 0.6225
-1.24 0.48875
-1.27 0.545
-1.4175 0.63
-1.365 0.5825
-1.415 0.65125
-1.5475 0.79625
-1.42 0.77875
-1.27 0.63875
-1.3825 0.6575
-1.4375 0.70125
-1.465 0.75
-1.47 0.74125
-1.52 0.7925
-1.3925 0.7425
-1.37 0.70125
-1.435 0.73625
-1.4625 0.7075
-1.4175 0.68375
-1.505 0.745
-1.51 0.7725
-1.4925 0.76875
-1.395 0.72
-1.4875 0.74375
-1.4375 0.76
-1.465 0.71875
-1.355 0.6775
-1.4475 0.695
-1.4375 0.705
-1.3975 0.75
-1.405 0.66625
-1.45 0.73375
-1.3625 0.68375
-1.4625 0.66375
-1.4075 0.5975
-1.3375 0.48625
-1.3 0.6325
-1.365 0.70125
-1.435 0.77125
-1.6075 0.86375
-1.4525 0.79125
-1.535 0.79125
-1.5 0.79375
-1.635 0.8725
-1.53 0.8225
-1.41 0.67625
-1.3575 0.66625
-1.37 0.6
-1.315 0.58625
-1.38 0.6175
-1.3675 0.655
-1.335 0.68125
-1.3675 0.72875
-1.45 0.70875
-1.445 0.66125
-1.4 0.66
-1.25 0.58
-1.275 0.55
-1.25 0.45375
-1.36 0.59375
-1.3625 0.58375
-1.29 0.54625
-1.2825 0.56125
-1.37 0.61375
-1.39 0.65125
-1.2475 0.4825
-1.3825 0.5375
-1.3575 0.51375
-1.3175 0.5525
-1.4025 0.7275
-1.4675 0.74125
-1.485 0.7525
-1.4075 0.73
-1.4475 0.7575
-1.5725 0.80875
-1.42 0.74625
-1.425 0.7475
-1.5075 0.75625
-1.4675 0.75875
-1.45 0.68375
-1.41 0.7275
-1.325 0.67125
-1.36 0.7025
-1.455 0.7375
-1.3675 0.605
-1.3775 0.67375
-1.315 0.60875
-1.225 0.58875
-1.3075 0.5775
-1.3925 0.68125
-1.3975 0.675
-1.4 0.6625
-1.42 0.68625
-1.4575 0.7175
-1.4625 0.77
-1.4675 0.77125
-1.4975 0.8
-1.385 0.68125
-1.37 0.61
-1.4 0.6
-1.365 0.6325
-1.3375 0.655
-1.39 0.69125
-1.41 0.61125
-1.435 0.65
-1.46 0.6175
-1.3925 0.5575
-1.4475 0.55375
-1.3775 0.575
-1.395 0.5325
-1.4625 0.63375
-1.425 0.6275
-1.39 0.61
-1.4175 0.635
-1.3575 0.66875
-1.445 0.70625
-1.4375 0.715
-1.53 0.80375
-1.3975 0.74625
-1.3675 0.6525
-1.475 0.72375
-1.37 0.7025
-1.5425 0.75875
-1.4575 0.7575
-1.4875 0.74875
-1.4875 0.78
-1.4625 0.76125
-1.3975 0.69125
-1.395 0.65125
-1.375 0.65875
-1.47 0.69875
-1.4525 0.68625
-1.42 0.5875
-1.2625 0.505
-1.36 0.59625
-1.35 0.5375
-1.335 0.555
-1.3925 0.66375
-1.41 0.7175
-1.4 0.65125
-1.37 0.65
-1.3625 0.605
-1.44 0.62
-1.3975 0.61625
-1.325 0.53875
-1.34 0.53125
-1.3825 0.53125
-1.4175 0.65625
-1.34 0.605
-1.3025 0.61125
-1.3 0.58625
-1.34 0.67875
-1.4425 0.70375
-1.39 0.6575
-1.48 0.6175
-1.3825 0.56
-1.3275 0.475
-1.3475 0.57375
-1.465 0.5825
-1.2425 0.39
-1.275 0.39875
-1.3475 0.35875
-1.2425 0.45625
-1.345 0.61125
-1.275 0.54
-1.4275 0.685
-1.465 0.67375
-1.41 0.64375
-1.435 0.62875
-1.425 0.6
-1.395 0.55625
-1.385 0.5725
-1.3375 0.55
-1.4275 0.6275
-1.3775 0.57
-1.4125 0.515
-1.305 0.52375
-1.325 0.4975
-1.3175 0.485
-1.2175 0.38625
-1.26 0.3975
-1.32 0.42875
-1.2675 0.315
-1.295 0.28625
-1.4075 0.33625
-1.355 0.33125
-1.37 0.32875
-1.2125 0.33125
-1.2475 0.24625
-1.435 0.3325
-1.3375 0.37375
-1.26 0.27125
-1.31 0.2275
-1.36 0.225
-1.355 0.26875
-1.405 0.29375
-1.345 0.355
-1.3225 0.25
-1.2625 0.41375
-1.3375 0.44875
-1.395 0.39875
-1.2875 0.415
-1.275 0.33375
-1.2575 0.23125
-1.36 0.23875
-1.31 0.2375
-1.2775 0.33375
-1.2675 0.31375
-1.37 0.37875
-1.2975 0.35
-1.2525 0.38
-1.3325 0.5525
-1.3725 0.6825
-1.425 0.765
-1.435 0.71
-1.4875 0.74625
-1.5275 0.7925
-1.5525 0.82125
-1.41 0.71625
-1.4425 0.7175
-1.4275 0.73625
-1.385 0.7275
-1.49 0.78375
-1.48 0.74375
-1.345 0.69375
-1.3475 0.62125
-1.4225 0.64
-1.4575 0.685
-1.4375 0.645
-1.4475 0.6875
-1.425 0.68875
-1.4125 0.67375
-1.2275 0.57875
-1.3925 0.6225
-1.385 0.69125
-1.3675 0.66625
-1.3975 0.6875
-1.4075 0.6725
-1.3675 0.66625
-1.41 0.71875
-1.43 0.735
-1.465 0.73
-1.4375 0.73125
-1.4325 0.75125
-1.495 0.75375
-1.385 0.7275
-1.2925 0.65
-1.305 0.68875
-1.485 0.71875
-1.445 0.7225
-1.4475 0.71875
-1.45 0.6925
-1.3725 0.71375
-1.4 0.7075
-1.4175 0.705
-1.4325 0.73125
-1.47 0.75
-1.505 0.77625
-1.5925 0.8175
-1.4725 0.76
-1.4775 0.7525
-1.48 0.775
-1.42 0.74
-1.3775 0.69125
-1.48 0.74875
-1.46 0.73125
-1.3925 0.6925
-1.41 0.725
-1.4525 0.7325
-1.385 0.7075
-1.59 0.83375
-1.4325 0.7325
-1.39 0.69375
-1.43 0.6125
-1.365 0.57875
-1.355 0.6025
-1.3175 0.51125
-1.3075 0.50375
-1.3025 0.48625
-1.325 0.4975
-1.4075 0.635
-1.4325 0.64625
-1.4425 0.6125
-1.3725 0.57
-1.3825 0.5775
-1.2675 0.56125
-1.3925 0.59375
-1.355 0.625
-1.465 0.73875
-1.3775 0.70375
-1.5325 0.8025
-1.4425 0.76375
-1.48 0.755
-1.3975 0.6875
-1.3675 0.6925
-1.4425 0.675
-1.3975 0.6325
-1.3725 0.58375
-1.3125 0.575
-1.315 0.5675
-1.3675 0.62625
-1.41 0.6775
-1.4175 0.6575
-1.47 0.78875
-1.51 0.80375
-1.4675 0.79
-1.495 0.73875
-1.435 0.67875
-1.3675 0.7075
-1.47 0.755
-1.395 0.6725
-1.2875 0.56875
-1.425 0.68
-1.4475 0.6975
-1.2925 0.55625
-1.3 0.54375
-1.415 0.54625
-1.2075 0.42875
-1.4175 0.415
-1.3525 0.39125
-1.3825 0.485
-1.2125 0.415
-1.4 0.47625
-1.31 0.49375
-1.32 0.485
-1.325 0.5
-1.2125 0.38625
-1.39 0.45
-1.4075 0.42
-1.4125 0.445
-1.3525 0.44875
-1.38 0.3875
-1.3575 0.4575
-1.32 0.4725
-1.415 0.4925
-1.3 0.405
-1.3625 0.43
-1.345 0.5225
-1.2175 0.48375
-1.3025 0.4375
-1.2025 0.42375
-1.3175 0.54625
-1.385 0.5675
-1.42 0.64125
-1.395 0.62
-1.335 0.5725
-1.335 0.56625
-1.375 0.59125
-1.2625 0.47625
-1.3325 0.62625
-1.34 0.60625
-1.395 0.61625
-1.405 0.57375
-1.3025 0.51125
-1.355 0.55125
-1.365 0.58125
-1.365 0.63375
-1.365 0.6425
-1.465 0.71625
-1.38 0.63125
-1.31 0.68375
-1.35 0.645
-1.3375 0.645
-1.325 0.62125
-1.515 0.77125
-1.475 0.765
-1.425 0.76875
-1.46 0.765
-1.335 0.5975
-1.445 0.73125
-1.44 0.71375
-1.3925 0.7775
-1.4325 0.73
-1.4425 0.73875
-1.5725 0.825
-1.5775 0.84375
-1.54 0.8375
-1.415 0.7675
-1.5925 0.85
-1.525 0.7975
-1.3825 0.70375
-1.4025 0.66625
-1.43 0.69875
-1.4325 0.71375
-1.345 0.62125
-1.2725 0.53625
-1.25 0.5025
-1.355 0.5125
-1.345 0.535
-1.4125 0.585
-1.2975 0.485
-1.42 0.4025
-1.3475 0.36875
-1.275 0.31
-1.2825 0.31875
-1.4175 0.25875
-1.335 0.21875
-1.2425 0.1425
-1.23 0.12625
-1.2425 0.055
-1.26 0.02625
-1.235 -0.14125
-1.2425 -0.14
-1.335 -0.05375
-1.265 -0.05125
-1.225 -0.08
-1.28 -0.03625
-1.3725 -0.15125
-1.34 -0.2325
-1.2475 -0.33
-1.305 -0.2725
-1.295 -0.25
-1.3225 -0.23625
-1.4125 -0.18375
-1.36 -0.1225
-1.345 -0.18875
-1.325 -0.295
-1.26 -0.25
-1.3 -0.38125
-1.295 -0.51625
-1.4325 -0.58625
-1.465 -0.62625
-1.425 -0.66375
-1.325 -0.52375
-1.36 -0.55
-1.3725 -0.55
-1.395 -0.50375
-1.37 -0.3775
-1.42 -0.40125
-1.4275 -0.40125
-1.375 -0.44
-1.3425 -0.4975
-1.35 -0.4925
-1.3325 -0.41625
-1.2725 -0.35625
-1.255 -0.46
-1.3825 -0.50625
-1.2775 -0.43
-1.3475 -0.46875
-1.2975 -0.45625
-1.2525 -0.37125
-1.31 -0.3425
-1.2775 -0.345
-1.415 -0.4375
-1.3475 -0.47625
-1.3675 -0.46
-1.29 -0.41625
-1.2275 -0.435
-1.43 -0.57
-1.39 -0.57375
-1.35 -0.61875
-1.3575 -0.60875
-1.275 -0.54875
-1.2775 -0.48875
-1.2625 -0.50125
-1.3325 -0.52875
-1.4225 -0.59
-1.33 -0.575
-1.225 -0.39625
-1.205 -0.29625
-1.3675 -0.38375
-1.39 -0.57
-1.31 -0.48875
-1.47 -0.53375
-1.445 -0.5125
-1.42 -0.57
-1.4075 -0.61625
-1.32 -0.6275
-1.3175 -0.59875
-1.3125 -0.5775
-1.355 -0.60125
-1.3075 -0.56625
-1.35 -0.6425
-1.3075 -0.59625
-1.3425 -0.575
-1.3825 -0.56
-1.39 -0.58875
-1.3725 -0.5425
-1.4025 -0.55
-1.295 -0.48625
-1.4 -0.46625
-1.3 -0.43
-1.43 -0.47625
-1.3275 -0.43375
-1.3325 -0.445
-1.3 -0.44625
-1.3225 -0.5225
-1.425 -0.65
-1.3925 -0.54
-1.3425 -0.62
-1.2525 -0.5625
-1.305 -0.59125
-1.3975 -0.56125
-1.375 -0.56625
-1.385 -0.57625
-1.435 -0.66
-1.4875 -0.71
-1.515 -0.70625
-1.4525 -0.65375
-1.5025 -0.67625
-1.345 -0.555
-1.4075 -0.4275
-1.415 -0.52375
-1.2825 -0.53125
-1.33 -0.59875
-1.2825 -0.50625
-1.36 -0.6075
-1.4 -0.56
-1.2825 -0.52125
-1.3525 -0.54625
-1.345 -0.49625
-1.3825 -0.5775
-1.275 -0.57875
-1.385 -0.6625
-1.3925 -0.65625
-1.4375 -0.65625
-1.52 -0.73875
-1.4125 -0.6825
-1.59 -0.82875
-1.46 -0.74875
-1.4625 -0.75375
-1.525 -0.7975
-1.505 -0.735
-1.3375 -0.6
-1.2675 -0.5225
-1.39 -0.63875
-1.3075 -0.61375
-1.335 -0.6325
-1.225 -0.48
-1.2925 -0.58
-1.43 -0.59125
-1.4125 -0.5575
-1.3 -0.34875
-1.3575 -0.4025
-1.21 -0.3775
-1.2875 -0.41125
-1.245 -0.3075
-1.455 -0.49125
-1.405 -0.47
-1.2825 -0.46375
-1.36 -0.5
-1.3 -0.4375
-1.3425 -0.4075
-1.3225 -0.3875
-1.3275 -0.41
-1.285 -0.4875
-1.335 -0.5275
-1.3525 -0.625
-1.44 -0.68125
-1.44 -0.74125
-1.4275 -0.78375
-1.5375 -0.8475
-1.5925 -0.83125
-1.535 -0.7825
-1.5175 -0.7725
-1.5475 -0.79875
-1.4675 -0.76875
-1.49 -0.74375
-1.4975 -0.80875
-1.4925 -0.7725
-1.435 -0.74875
-1.4175 -0.75125
-1.4675 -0.7575
-1.5125 -0.76125
-1.4925 -0.74625
-1.41 -0.72375
-1.5475 -0.74
-1.355 -0.57625
-1.4175 -0.54875
-1.3375 -0.5
-1.2625 -0.3675
-1.39 -0.32875
-1.305 -0.27625
-1.3025 -0.22875
-1.27 -0.2725
-1.305 -0.205
-1.275 -0.24
-1.36 -0.355
-1.2975 -0.29375
-1.3175 -0.1975
-1.2425 -0.32
-1.3925 -0.32625
-1.31 -0.3825
-1.36 -0.45
-1.375 -0.54375
