-1.1075 0.21875
-1.06 0.2025
-1.0975 0.045
-1.0525 0.10125
-1.085 0.1575
-1.0725 0.17125
-1.0725 0.1775
-1.08 0.04625
-1.095 0.13125
-1.145 0.30125
-0.9775 0.1925
-1.0525 0.11625
-1.07 0.02125
-1.0425 0.13125
-1.09 0.12125
-0.9975 0.05125
-1.035 0.00625
-1.0825 -0.03625
-1.04 0.1125
-1.055 -0.06875
-1.015 -0.06375
-1.0775 0.03375
-1.0475 -0.12
-0.98 -0.14
-0.97 -0.2725
-1.0625 -0.145
-1 -0.1425
-1.0225 -0.0575
-0.99 -0.0475
-1.045 -0.09125
-1.1325 -0.1425
-1.0575 -0.2375
-0.9525 -0.11125
-1.045 -0.12125
-1.0625 -0.08875
-1.0675 0.035
-1.145 -0.00375
-0.965 -0.00875
-1.02 0.0925
-1.04 0.1625
-1.0325 0.2225
-0.9675 0.05125
-1.075 -0.07125
-1.06 -0.06
-1.02 0.21625
-0.9625 0.225
-1.0425 0.16375
-1.17 0.18375
-1.035 0.13625
-1.025 -0.0175
-0.95 -0.08625
-1.125 0.13375
-1.05 0.165
-1.0875 0.1525
-1.0175 0.23375
-1.04 0.21125
-1.0725 0.1575
-1.0075 0.04625
-0.9875 0.09
-1.0525 0.1225
-1.0225 0.1875
-1.0175 0.16
-0.9975 0.12875
-1.005 0.17875
-0.9075 0.03375
-1.1225 0.1725
-1.07 0.1775
-1.0075 0.09875
-1.1325 0.0875
-1.0725 0.08625
-0.99 0.03625
-1.0675 0.075
-1.095 -0.01
-0.995 0.02
-1.075 0.055
-1.0075 0.0325
-0.965 -0.0525
-0.9325 -0.07875
-0.9225 -0.2225
-0.91 -0.14375
-1.01 -0.0725
-0.915 -0.02625
-0.99 -0.0125
-1.005 -0.10875
-1.0175 -0.0425
-1.045 -0.17625
-1.0725 -0.19125
-1.01 -0.09125
-1.105 -0.1075
-0.9425 -0.1075
-1.0275 -0.1075
-1.0725 -0.07625
-1.08 -0.035
-1.06 0.08625
-0.94 0.02375
-1.0475 0.0275
-0.995 0.075
-1.0975 0.10375
-1.02 -0.03625
-1.0875 -0.11
-0.9925 -0.05625
-0.985 0.02875
-1.135 0.0275
-0.985 0.0325
-0.955 0.02375
-0.9925 0.03375
-1.0925 -0.0725
-1.11 -0.16875
-1.065 -0.11125
-0.9825 -0.005
-1.06 -0.05125
-1.08 -0.00875
-1.12 0.09125
-1.0225 0.17375
-0.965 0.03
-1.0475 0.04375
-1.0175 0.06375
-0.9325 0.06625
-0.92 0.07625
-0.9825 0.18125
-1.1475 -0.06
-1.06 0.03375
-1.04 0.10625
-1.13 0.0975
-1.045 0.14375
-1.085 0.17
-1.075 0.2125
-1.04 0.2425
-1.1075 0.345
-1.1175 0.24125
-1.115 0.32
-1.1225 0.27625
-1.02 0.12375
-1.0725 0.12875
-1.04 0.13
-0.995 0.15625
-1.0425 0.15375
-1.0325 0.1125
-1.0025 0.035
-0.995 0.1175
-1.02 0.1925
-1.0475 0.24625
-1.04 0.16125
-1.1725 0.21875
-1.0525 0.16
-1.055 -0.0175
-0.975 0.00625
-0.9625 -0.00125
-1.0325 -0.0025
-0.955 -0.04125
-0.99 -0.175
-1.1575 -0.095
-1.1 -0.09125
-1.1025 -0.12125
-1.0475 0.0125
-1.0275 0.01375
-0.97 0.13125
-1.145 0.09875
-0.94 0.00125
-1.06 0.26
-1.055 0.305
-1.025 0.14125
-1.0375 0.06125
-1.045 -0.0475
-1.0175 -0.08
-1.025 -0.11375
-1.0825 -0.21375
-1.0875 -0.24875
-0.945 -0.2125
-1.09 -0.085
-1.08 0.0075
-1.035 0.035
-0.995 0.14125
-1.065 0.10125
-1.1225 0.0775
-0.9425 -0.04875
-0.9375 -0.20375
-0.9475 -0.17625
-0.965 -0.285
-1.1925 -0.44
-0.9775 -0.2425
-1.13 -0.37875
-1.005 -0.315
-1.1025 -0.3575
-1.005 -0.29875
-1.0475 -0.29125
-1.1575 -0.37125
-1.0875 -0.33375
-1.05 -0.2375
-1.0625 -0.25875
-1.035 -0.1825
-1.085 -0.21125
-1.2025 -0.33375
-1.07 -0.2375
-1.17 -0.2925
-1.0825 -0.30375
-1.1175 -0.30375
-1.0575 -0.23875
-1.0575 -0.2175
-1.035 -0.3275
-1.1675 -0.41375
-1.1125 -0.3275
-0.97 -0.255
-1.06 -0.25
-1.125 -0.3425
-1.0775 -0.325
-1.0525 -0.32125
-0.99 -0.28375
-0.98 -0.265
-1.03 -0.1225
-1.045 -0.09875
-1.005 -0.0375
-0.985 -0.0175
-0.985 0.04125
-1.045 -0.0025
-1.0475 0.0775
-1.0175 -0.05875
-1.1075 0.23625
-1.0075 0.14375
-1.03 0.00375
-1.07 -0.0425
-1.065 -0.025
-0.9925 -0.045
-1.06 0
-1.0675 -0.0675
-1.025 -0.00875
-0.94 0.0275
-0.9725 -0.17875
-1.105 -0.23625
-1.0775 -0.31
-1.09 -0.345
-1.0825 -0.36375
-1.01 -0.3425
-1.0225 -0.33625
-1.02 -0.20875
-1.095 -0.165
-1.0475 -0.12375
-1 -0.11875
-1.0525 -0.01
-1.025 0.0825
-1.06 0.04625
-1.055 0.00375
-1.0525 -0.02125
-0.995 -0.03625
-1.0075 -0.045
-1.0125 -0.15625
-1.0125 -0.23625
-1.0375 -0.22375
-1.06 -0.25
-1.0975 -0.17125
-1.005 -0.13125
-1.0275 -0.11625
-1 -0.17625
-0.9925 -0.2125
-1.04 -0.1475
-1.08 -0.095
-1.135 -0.135
-0.97 -0.20125
-1.1725 -0.38625
-1.115 -0.37375
-1.0875 -0.31875
-1.1325 -0.39875
-1.21 -0.50125
-1.105 -0.39125
-1.125 -0.4325
-1.0625 -0.50375
-1.15 -0.4325
-1.1225 -0.42625
-1.21 -0.445
-0.9325 -0.1775
-1.0125 -0.2925
-1.1125 -0.4725
-1.0925 -0.3875
-1.06 -0.38375
-1.0875 -0.33375
-1.01 -0.3
-1.06 -0.1125
-1.0775 -0.2525
-1.0375 -0.22875
-1.0325 -0.14875
-0.945 -0.1325
-1.15 -0.22125
-1.07 -0.08125
-1.08 -0.03
-1.15 -0.0925
-0.9725 -0.07875
-0.915 -0.1225
-1.0025 -0.135
-1.0575 -0.09625
-1.0275 -0.035
-0.85 0.04625
-1.035 -0.01625
-1.065 0.03125
-1.12 0.1025
-1.01 -0.06125
-1.0375 -0.03375
-1.05 -0.01875
-1 -0.1125
-0.9775 -0.03125
-1.0375 0.055
-1.07 0.16
-1.06 0.26375
-1.01 0.32625
-1.0475 0.27875
-1.065 0.2625
-1.1125 0.18125
-1.0675 0.24125
-1.0925 0.2525
-1.09 0.20625
-1.025 0.19
-1.0675 0.1225
-0.975 0.105
-1.0325 0.09125
-1.0775 0.15125
-1.0825 0.14875
-1.015 -0.035
-0.9825 -0.11125
-0.975 -0.09
-0.89 -0.04
-1.03 -0.20625
-1.105 -0.035
-1.115 0.035
-1.0525 0.125
-1.065 0.1025
-1.0375 0.03125
-1.0375 0.14375
-1.0975 -0.0225
-1.0475 0.1375
-1.045 0.17125
-1.065 0.10625
-1.095 -0.03875
-1.045 -0.0625
-1.0275 0.0425
-1.035 0.05875
-1.0425 0.14875
-1.02 0.1525
-1.0875 0.215
-1.125 0.265
-1.09 0.15875
-1.005 0.05375
-0.9925 0.065
-0.9725 0.06875
-1.04 0.02625
-1.07 0.05
-1.1075 0.06125
-1.0875 0.0825
-1.0225 0.06625
-1.065 -0.0275
-1.0175 0.01125
-1.0725 0.0225
-0.9775 -0.02875
-0.995 0.05125
-0.9925 0.03125
-0.985 0.0475
-1 0.115
-1.09 0.35875
-1.0275 0.295
-1.115 0.2225
-1.095 0.24125
-1.135 0.205
-0.9425 0.1625
-1.105 0.195
-1.1075 0.0925
-1.02 0.07
-1.1225 0.0675
-1.0675 0.2175
-1.0925 0.27
-1.0725 0.24875
-1.055 0.235
-1.0525 0.19375
-1.0025 0.1925
-1.0125 0.02375
-1.0375 0.11875
-0.965 0.11875
-0.9675 0.165
-1.0425 0.2325
-1.0475 0.3025
-1.0275 0.33875
-1.0775 0.18875
-1.02 0.20375
-1.025 0.25625
-0.935 0.1125
-1.095 0.255
-1.07 0.14375
-1.0675 0.04625
-1.0025 -0.12125
-1.0375 0.05625
-1.045 -0.02
-1.01 -0.115
-0.99 -0.095
-0.9075 -0.09375
-1.0475 -0.0075
-0.99 -0.125
-1.0575 -0.0275
-1.0075 0.07125
-0.98 0.08125
-0.985 -0.04
-0.9675 -0.06625
-1.11 0.1325
-1.0025 0.0375
-1.0975 -0.0175
-1.08 -0.06875
-0.9825 -0.09
-1.065 -0.055
-1.0675 0.01875
-0.985 0.05125
-1 0.09875
-0.9975 0.0125
-0.99 0.0075
-0.985 0.04875
-0.985 0.02125
-0.945 -0.0925
-1.0225 -0.06375
-1.055 -0.1625
-0.965 -0.09
-0.915 -0.01
-1.045 -0.07375
-1.095 -0.1525
-0.94 -0.03625
-1.1375 0.08875
-1.1075 0.11125
-0.9875 0.1175
-1.085 0.20875
-1.115 0.23875
-1.075 0.12625
-1.0225 0.22125
-1.01 0.12625
-0.995 0.2525
-0.985 0.23125
-1.115 0.3075
-1.125 0.29
-1.16 0.35375
-1.0775 0.28
-1.105 0.115
-1.09 0.065
-1.07 0.16
-1.075 0.14375
-1.0325 0.1225
-0.9475 0.14875
-1.0525 0.135
-1.0925 0.13
-1.0725 0.11875
-1.02 0.1975
-0.965 0.31625
-1.0225 0.135
-1.02 0.065
-1.035 0.05125
-0.9975 0.05375
-0.96 0.14
-1.1075 0.185
-0.945 0.2075
-0.975 0.1775
-0.99 0.2675
-1.08 0.27875
-1.1125 0.325
-1.0475 0.305
-1.2175 0.515
-1.0675 0.42
-1.08 0.2475
-1.055 0.14
-1.0625 0.16375
-1.08 0.14375
-1.1125 0.2375
-0.9975 0.175
-0.865 -0.02875
-1.05 0.03375
-1.0975 0.19625
-1.0625 0.2825
-0.9675 0.16
-1.05 0.0975
-1.14 0.13
-1.0675 0.145
-1.015 -0.0325
-0.9675 -0.00875
-0.9875 -0.12375
-0.98 0.0125
-1.04 -0.07
-0.97 -0.075
-1.075 0.03625
-1.0525 -0.00625
-1.0325 -0.065
-1.105 -0.20875
-1.0775 -0.33625
-1.055 -0.2425
-0.9675 -0.12375
-1.015 -0.16
-1.0425 -0.1575
-1.055 -0.24375
-1.065 -0.12
-1.1575 -0.23875
-1.02 -0.10875
-0.9825 -0.11875
-1.06 -0.08875
-1.055 -0.2075
-1.0425 -0.1775
-1.0575 -0.205
-1.035 -0.06125
-1.0425 -0.04375
-1.03 -0.055
-1.135 -0.0675
-1.05 -0.03125
-1.0325 0.03
-1.0875 0.06
-1.0525 0.08375
-1.0075 0.0725
-0.985 0.0725
-1.04 0.14
-1.085 0.1475
-1.07 0.24625
-1.135 0.42375
-1.1075 0.37875
-0.9825 0.185
-1.0575 0.12125
-1.0875 0.21375
-1.0625 0.13875
-0.955 0.1675
-1.0325 0.12375
-1.0475 0.01125
-0.975 -0.02625
-0.905 -0.0875
-1.05 -0.16875
-1.1275 -0.19875
-1.0275 -0.01625
-1.0125 -0.09625
-0.94 -0.0675
-0.9925 0.03
-1.025 0.07875
-1.085 0.29
-1.0275 0.135
-1.07 -0.0675
-1.0275 -0.065
-1.035 0.05375
-0.9725 -0.09125
-1.0575 -0.16375
-1.0675 -0.28625
-1.1975 -0.31
-1.05 -0.0875
-1.0475 -0.07
-1.0425 -0.00875
-0.9875 -0.01
-1.02 -0.0025
-0.935 -0.0125
-1.065 0.12375
-0.9175 0.03
-1.035 0.1425
-1.04 0.235
-1.1 0.2225
-1.1775 0.21125
-1.085 0.16375
-1.0225 0.18625
-1.01 0.21875
-1.03 0.25125
-1.0975 0.32625
-1.0575 0.28875
-1.0675 0.2675
-1.03 0.26375
-1.0025 0.1525
-1.0775 0.14625
-1.0725 0.085
-1.015 0.03625
-1.1 0.05375
-1.0025 0.08625
-1.0325 0.1025
-1.07 0.12
-1.1125 0.27625
-1.09 0.2075
-1.045 0.145
-0.9675 0.1775
-1.095 0.2975
-1.0275 0.08375
-1.05 0.025
-1.065 0.20625
-1.075 0.23125
-0.97 0.2775
-1.0575 0.295
-1.1125 0.21375
-0.9775 0.24
-1.05 0.33125
-1.0775 0.23375
-0.9675 0.1725
-1.0125 0.16625
-1.0275 0.14
-1.105 0.0825
-1.045 0.22125
-1.035 0.11
-1.0625 0.0475
-1.0525 0.1825
-1.11 0.14375
-1.055 0.05625
-1.055 -0.00625
-1.0075 -0.04125
-1.055 0.0275
-0.9475 -0.06875
-1.0625 0.03
-0.99 -0.00375
-1.09 0.0675
-1.12 0.05375
-1.0075 -0.02
-1.0375 -0.02625
-1.0525 -0.06375
-0.99 -0.005
-1.02 -0.1725
-1.085 -0.14
-1.06 -0.0925
-1.0725 -0.1375
-1.06 -0.07
-1.0725 -0.1375
-1.07 -0.22375
-1.0575 -0.20375
-0.9575 -0.07
-1.0175 -0.045
-1.06 -0.085
-1.0475 -0.06
-0.9525 -0.06375
-0.9825 -0.055
-0.97 -0.09125
-1.015 0.06
-0.995 -0.1025
-1.0775 -0.12875
-1.0825 -0.21625
-1.14 -0.26375
-1.03 -0.2
-1.0375 -0.0875
-1.09 -0.08375
-0.965 -0.13375
-1.08 -0.13625
-0.9725 -0.08625
-1.0475 0.05625
-1.0625 0.04625
-0.975 0.21875
-1.09 0.3075
-1.025 0.34375
-1.0425 0.21125
-1.0475 0.09
-0.8925 0.01875
-1.0025 0.105
-1.035 0.09
-1.1175 0.04125
-1.0025 0.24125
-1.14 0.32
-1.0475 0.08875
-1.105 0.13625
-1.11 0.08375
-1.0325 -0.0025
-1.0125 -0.18
-1.1175 -0.1425
-1.1925 -0.29875
-1.055 -0.265
-1.02 -0.09375
-1.0325 -0.23125
-1.0225 -0.2075
-1.04 -0.09875
-0.995 -0.02
-1.07 -0.025
-1.1725 0.06375
-1.115 0.04125
-0.985 0.0525
-1.11 0.17125
-1.1275 0.22125
-1.0575 0.1925
-1 0.15875
-1.0575 0.09125
-1.035 0.13375
-1.0775 -0.07
-0.975 0.00625
-0.95 0.11
-1.015 0.09375
-1.02 -0.04375
-1.025 -0.1275
-0.9775 -0.13125
-1.0275 -0.1375
-0.9625 -0.1225
-1.045 -0.005
-1.0775 -0.09125
-1.1025 -0.07625
-1.1425 0.07
-0.9625 0.0275
-0.9725 0.05375
-1.09 0.08375
-0.9775 0.06125
-1.0525 0.15
-1.055 0.33375
-1.0775 0.29875
-0.96 0.21875
-1.095 0.18875
-1.125 0.20375
-1.075 0.13625
-1.0625 0.2325
-1.015 0.21
-0.9575 0.17625
-1.0875 0.16375
-1.09 0.2125
-1.0925 0.08625
-0.9175 -0.0375
-1.07 0.035
-1.04 -0.04125
-1.0125 -0.09375
-0.9925 -0.17
-0.9975 -0.21375
-1.095 -0.2275
-1.0725 -0.20375
-1.0575 -0.06625
-1.065 -0.08875
-0.9925 -0.06
-1.0425 -0.0175
-1.0925 -0.17875
-1.175 -0.295
-0.9925 -0.0925
-0.975 -0.12375
-0.9975 -0.0125
-1.0625 0.0225
-1.11 -0.00625
-1.0025 -0.01125
-1 -0.0225
-0.9975 -0.0525
-1.025 -0.1925
-1.0125 -0.1525
-1.0675 -0.19
-1.035 -0.18375
-1.0075 -0.0625
-0.9875 -0.01
-1.005 -0.07125
-1.0025 -0.10375
-1.1 -0.2075
-1.025 -0.21625
-1.0775 -0.32625
-0.8925 -0.1925
-1.06 -0.22375
-1.0725 -0.2125
-1.1725 -0.16
-0.975 -0.22875
-1.125 -0.3925
-1.13 -0.29375
-1.05 -0.25375
-1.085 -0.2875
-1.0375 -0.27875
-1.105 -0.3025
-1.005 -0.16625
-1.0225 -0.24125
-1.0825 -0.32125
-1.065 -0.31125
-0.985 -0.30875
-0.965 -0.2725
-1.135 -0.2575
-1.025 -0.22
-1.0525 -0.105
-1.09 -0.1575
-1.08 -0.0525
-1.0275 -0.0175
-1.1075 -0.2025
-1.0575 -0.18875
-1.065 0.0775
-1.11 0.25875
-1.08 0.2575
-1.055 0.14375
-1.1225 0.06375
-1.08 0.09875
-1 0.14125
-1.0075 0.085
-0.99 0.10125
-0.9475 0.0225
-1.02 -0.00375
-0.98 -0.03375
-1.13 0.08125
-0.9925 0.1175
-0.9975 -0.015
-0.9875 -0.0525
-1.055 0.0075
-1.0225 -0.1075
-1.1175 -0.0625
-1.0625 -0.0275
-1.0425 -0.03
-1.035 -0.05625
-0.99 0.1125
-1.03 0.07125
-0.98 0.11
-0.985 0.05
-1.0175 0.12
-1.06 0.17375
-1.1075 0.09625
-1.0575 0.095
-1.015 0.075
-1.12 0.115
-1 0.145
-0.985 -0.05625
-1.0775 -0.15375
-1.07 -0.19625
-1.0425 -0.14
-1.0325 -0.255
-1.0675 -0.205
-1.0075 -0.29125
-1.0225 -0.3175
-1.0175 -0.2325
-1.08 -0.31
-1.0925 -0.32875
-1.0825 -0.28375
-0.93 -0.20375
-1.005 -0.25875
-1.03 -0.14375
-1.0575 -0.1725
-1.06 -0.17
-1.0575 -0.1425
-1.08 -0.2425
-1.0925 -0.15125
-0.995 0.06375
-1.0025 0.01
-1.19 0.035
-1.0475 -0.1525
-1.1 0.0325
-1.0475 -0.04875
-1.08 -0.13625
-0.9775 -0.1625
-1.02 -0.01125
-1.0375 -0.0575
-0.9875 0.08
-1.0425 0.11125
-1.0575 0.18375
-1.05 0.0575
-1.1475 -0.0075
-1.015 0.0325
-1.055 -0.06125
-1.065 -0.12875
-1.11 -0.1825
-1.055 -0.1475
-1.0525 -0.10125
-1.11 -0.09875
-1.05 -0.10875
-1.13 -0.12875
-1.07 -0.0975
-1.0775 -0.0425
-1.0125 -0.015
-1.005 0.0025
-0.98 -0.10375
-1.045 -0.15625
-1.0025 -0.08625
-1.0225 0.06125
-1.1375 0.00625
-1.06 -0.06375
-1.0425 -0.1125
-1.125 -0.34625
-1.1075 -0.37375
-1.1275 -0.37875
-1.0275 -0.31625
-1.0725 -0.14875
-0.99 -0.085
-1.05 0.13125
-1.045 0.08875
-1.0475 0.1525
-1.095 -0.00625
-0.965 -0.02
-1.025 0.0525
-0.965 -0.0925
-1.11 -0.1875
-0.9875 0.00375
-1.01 -0.07625
-1.0475 0.00375
-1.005 0.09125
-1.06 0.04
-1.0525 0.10625
-1.11 0.23625
-0.985 0.18375
-1.1175 0.20125
-1.1575 0.22
-1.1025 0.2475
-1.155 0.29
-1.015 0.1675
-1.02 0.04
-1.0425 -0.1425
-1.0175 -0.10375
-0.9825 -0.045
-1.0425 -0.09125
-1.03 -0.16875
-1.0425 -0.21375
-1.095 -0.24
-1.1225 -0.2125
-1.065 -0.17375
-1.0825 -0.19375
-1.025 -0.0175
-1 -0.02125
-1.0475 0.0175
-1.0175 0.0975
-0.9775 0.01125
-1.04 0.06625
-1.0775 0.0875
-1.02 0.1625
-1.0175 0.11125
-1.1 0.09375
-0.9925 0.04125
-0.97 -0.09125
-1.0375 -0.035
-1.0425 -0.10125
-1.01 -0.1275
-1.095 -0.07
-1.0575 0.00125
-1.0375 0.14
-0.9925 0.0925
-1.1 0.07375
-1.05 0.03125
-0.995 0.01875
-1.1575 -0.0625
-1.04 -0.175
-1.09 -0.25125
-0.995 -0.24625
-1.01 -0.25625
-1.125 -0.26
-1.13 -0.2875
-1.1525 -0.385
-1.09 -0.4025
-1.09 -0.36
-1.0375 -0.19375
-1.035 -0.26875
-1.0375 -0.25
-1.0375 -0.16
-1.04 -0.0625
-0.9475 0.03375
-1.0325 0.025
-1.05 0.04375
-1.1 -0.0075
-1.08 0.02625
-0.99 -0.03125
-1.1625 0.16625
-1.01 0.0875
-1.0875 0.22
-1.1025 0.1225
-1.0225 0.11875
-1.06 0.1625
-1.005 0.1675
-1.0525 -0.105
-1.06 0.02875
-1.075 -0.01875
-0.97 -0.04875
-1.0375 -0.08125
-1.055 -0.05125
-0.985 0.04375
-0.9775 0.19125
-1.075 0.1175
-1.0875 0.0725
-1.095 0.15375
-1.045 0.26
-1.125 0.1375
-1.21 0.03375
-1.1125 0.0675
-1.0875 0.095
-1.1 0.035
-1.04 0.05
-0.9725 -0.0275
-1.0175 -0.11625
-0.9275 -0.07875
-1.0275 -0.14375
-1.005 0.105
-1.1675 0.2575
-1.125 0.30375
-1.035 0.15875
-1.0725 0.20375
-1.085 0.05875
-1.1125 -0.045
-1.0825 0.09
-0.9725 0.185
-0.9825 0.04875
-0.9475 0.025
-0.9875 0.10875
-1.0625 0.075
-1.0325 -0.0375
-0.98 0.04
-1.13 0.12875
-1.1025 -0.0875
-0.965 -0.2275
-1.075 -0.1075
-1.105 -0.125
-1.0675 -0.16
-1.0625 -0.06125
-1.095 0.0075
-1.1125 -0.17625
-1.02 -0.08375
-1.0075 -0.05
-0.9 -0.07625
-1.0325 0.09625
-1.0425 0.05
-1 0.05125
-1.0225 0.1
-1.015 0.0875
-1.04 0.02
-1.02 0.1625
-1.0425 0.15375
-1.005 0.185
-0.8925 0.15625
-0.9925 -0.03125
-1.03 -0.0525
-1.0375 0.015
-1.06 0.07375
-0.945 0.0225
-0.9975 0.1775
-0.99 0.20875
-1.1275 0.315
-1.02 0.255
-0.9625 0.3
-0.9425 0.105
-1.05 -0.01375
-1.0025 0.15
-1.0875 0.01
-1.0275 0.08875
-1.0575 0.03
-0.9725 0.01375
-1.055 0.055
-1.0275 0.12625
-1.0275 0.21
-1.0425 0.16125
-1.09 0.1875
-0.965 0.2375
-1.0825 0.07375
-1.095 0.06375
-1.025 -0.03
-1.1325 0.0925
-0.96 0.095
-1.0225 0.1825
-1.0025 0.115
-1.03 0.05
-1.095 -0.09
-1.05 -0.08375
-1.015 -0.08625
-1.0775 0.0275
-1.0975 -0.10625
-1.0675 0.02625
-1.0525 0.03625
-0.9425 0.12125
-1.0525 0
-1.205 -0.05625
-1.13 -0.09375
-0.9875 0.0125
-1.055 -0.00125
-0.995 -0.07875
-1.0475 0.085
-1.175 0.17875
-1.07 0.22375
-1.1175 0.32375
-1.105 0.35375
-1.12 0.41875
-1.0425 0.36875
-1.0875 0.33625
-1.0725 0.295
-1.0875 0.31
-1.11 0.3125
-0.9975 0.205
-0.965 0.05375
-1.0025 -0.11875
-1 -0.0775
-1.035 -0.10875
-1.1125 0.05375
-1.0375 -0.0975
-1.065 -0.00625
-1.055 0.09
-1.09 0.13875
-1.0975 0.22125
-1.0975 0.1575
-0.965 0.075
-1.135 0.1025
-1.0125 0.1375
-0.995 0.10625
-1.0025 0.1225
-1.0625 0.08125
-1.03 0.10375
-1.0775 0.17125
-0.95 0.06625
-1.0375 0.04
-1.0775 -0.14125
-1.0525 -0.13375
-1.085 -0.2625
-1.0025 -0.12
-1.05 -0.1175
-0.97 -0.06875
-0.9875 0.01
-1.0325 -0.00375
-0.9975 -0.0475
-1.08 -0.0725
-0.975 -0.0975
-1.05 -0.09625
-1.03 -0.105
-1 -0.09625
-1.0475 0
-1.0525 -0.13875
-1.1625 -0.23125
-1.1675 -0.175
-1.16 -0.1075
-1.05 -0.14875
-1.125 -0.0825
-1.035 -0.1025
-1.0525 -0.15875
-1.1175 -0.09
-0.98 -0.09875
-0.9725 0.10125
-0.9775 0.10625
-1 -0.1075
-1.03 -0.07875
-1.06 -0.1025
-0.9875 0.02125
-1.0525 0.0875
-1.04 0.01625
-1.045 0.1675
-0.9975 0.30125
-1.0675 0.35
-1.0325 0.28625
-0.9675 0.05125
-0.9875 0.1425
-1.055 0.27375
-1.04 0.2075
-0.9125 0.18625
-1.0625 0.24
-0.9925 0.13625
-1.06 0.0825
-1.04 0.04875
-1.0275 0.11125
-1.09 0.165
-1.0875 0.1725
-1.1025 0.2175
-0.95 0.24
-1.0425 0.20875
-1.0275 0.12375
-1.08 0.205
-1.05 0.1625
-0.9675 0.105
-1.0675 0.11625
-0.9975 -0.01375
-1.035 0.015
-1.035 -0.02375
-0.955 -0.025
-1.0775 0.02875
-1.0975 -0.12375
-1.0225 0.10625
-1.065 0.18125
-1.065 0.2175
-1.0625 0.18625
-1.02 0.23
-1.0625 0.20375
-0.9625 0.09625
-0.995 -0.00875
-1.0325 -0.15625
-1.0325 -0.20375
-1.1725 -0.3075
-1.0725 -0.20125
-1.0425 -0.0275
-1.0225 -0.08875
-1.1325 -0.2025
-1.0425 -0.07625
-1.0025 -0.14875
-1.055 -0.175
-1.045 -0.265
-1.055 -0.32875
-1.1575 -0.3275
-1.05 -0.38125
-1.085 -0.46875
-1.07 -0.355
-1.1025 -0.2775
-1.0825 -0.2175
-0.995 -0.18625
-0.9775 -0.10125
-1.06 -0.12
-1.02 0.005
-1.025 0.07125
-1.0275 0.03125
-1.0325 -0.00375
-1.0375 0.0225
-1.0375 -0.06375
-1.065 -0.24375
-1.0375 -0.16
-1.095 -0.23875
-1.1075 -0.205
-1.0275 -0.215
-1.0775 -0.215
-1.0175 -0.225
-1.0075 -0.07125
-1.105 -0.22125
-1.09 -0.3275
-1.0025 -0.20125
-1.1925 -0.345
-1.04 -0.245
-1.015 -0.3325
-1.0375 -0.21375
-1.035 -0.11625
-1.0775 -0.05625
-1.1125 -0.03375
-1.0775 0.04625
-0.96 -0.0525
-1.1825 0.11375
-1.065 0.1375
-1.125 0.10625
-0.98 0.0025
-1 0.11
-1.0875 0.105
-1.0125 0.145
-0.9925 0.1425
-0.98 0.045
-1.0875 0.0825
-1.02 0.28375
-1.1225 0.22125
-1.0775 0.01125
-1.0775 -0.11625
-1 -0.01
-0.99 0.06625
-0.96 0.0075
-0.9975 0.02375
-1.1575 0.07125
-0.9975 0.05
-1.02 0.1475
-1.005 0.0775
-1.0125 -0.09
-0.985 -0.0525
-0.975 -0.10375
-1.01 -0.12125
-0.9675 -0.09625
-1.0075 0.00125
-1.0775 -0.01625
-1.03 0.03125
-1.0125 -0.0775
-0.985 -0.08875
-0.9775 0.12
-1.0975 0.155
-1.01 0.21125
-1.0175 0.16625
-1.1075 0.22375
-1.08 0.16
-1.06 0.12
-1.045 0.05125
-0.9725 0.045
-1.0425 0.0875
-1.02 -0.0425
-1.115 -0.14375
-1.0325 -0.1625
-1.0625 -0.19625
-1.055 -0.18375
-1.0875 -0.2375
-1.0025 -0.18625
-0.9375 -0.19875
-0.9925 -0.0925
-0.9825 -0.09625
-1.005 -0.03
-0.905 0.025
-1.07 -0.085
-1.19 -0.025
-0.97 -0.04
-1.0475 0.06375
-1.065 0.07375
-0.995 0.075
-1.015 0.16
-1.0775 0.21125
-0.9675 0.14
-1.0875 0.125
-1.0175 0.16875
-1.065 0.31375
-1.0625 0.3175
-0.9625 0.15625
-1.095 0.265
-1.0975 0.26125
-1.0175 0.2025
-1.125 0.135
-1.0625 0.01375
-1.095 0.03625
-1.1275 0.01875
-1.1675 -0.00625
-1.02 -0.05875
-1.13 0.06375
-0.9475 -0.00625
-0.9975 0.02375
-1.0575 0.05875
-1.0075 0.0975
-0.9925 0.11
-1.0625 0.0075
-1.0675 0.12875
-1.1875 0.225
-1.09 0.14
-0.9375 0.06125
-1.0325 -0.025
-1.035 0.04375
-1.075 0.02375
-1.0225 -0.0675
-1.04 -0.05375
-1.0125 0.0225
-1.0925 -0.07625
-1.08 0.135
-1.0775 0.02625
-1.085 0.06375
-1.0175 0.13125
-1.09 0.18375
-1.08 0.35875
-1.1925 0.49625
-1.095 0.415
-1.1375 0.305
-1.0625 0.18125
-1.1375 0.2575
-0.99 0.16625
-0.98 0.03375
-1.035 -0.01
-1.105 -0.11
-1.1225 -0.31125
-1.0325 -0.215
-1.035 -0.23375
-1.1325 -0.13375
-1.03 -0.0825
-0.9725 -0.09625
-1.0525 -0.09375
-1.01 -0.16125
-1.025 -0.1675
-1.0575 0.065
-1.09 0.0775
-1.02 -0.0175
-0.9925 -0.02
-1.05 -0.15
-1.07 -0.26625
-1.1125 -0.26125
-1.1 -0.23625
-1.07 -0.235
-1.0725 -0.29125
-1.115 -0.30125
-1.04 -0.19
-1.1225 -0.11125
-1.005 -0.11125
-1.145 0.00625
-1.035 -0.045
-1.085 0.04125
-1.1775 -0.005
-1.08 -0.02875
-1.08 -0.0875
-0.985 -0.09
-1.07 -0.1475
-1.0325 -0.22625
-0.9075 -0.13625
-0.9825 -0.15875
-1.0725 -0.025
-1.0975 -0.105
-1.0275 0.0025
-1.08 0.05125
-1.1325 0.20125
-1.0725 0.34
-1.085 0.34375
-1.0825 0.4
-1.1625 0.40125
-1.1175 0.38875
-1.0125 0.29375
-1.0375 0.3
-1.0375 0.295
-1.0325 0.21375
-1 -0.00125
-0.9725 0.01375
-1.055 0.1275
-1.0575 0.005
-1.05 -0.0275
-1.04 -0.18375
-1.0775 0.02375
-1.12 0.13375
-1.01 0.01125
-1.08 0.12125
-1.0775 -0.00125
-1.0425 0.1575
-1.1175 0.1
-1.0675 -0.07875
-1.125 0.075
-1.0575 0.13125
-1.0025 0.16625
-1.05 0.25
-0.95 0.21875
-0.965 0.18125
-0.9975 0.2525
-1.0075 0.2875
-1.1025 0.2375
-1.0425 0.16375
-1.0525 0.23125
-0.9975 0.15125
-1.02 0.0975
-0.9925 0.025
-1.065 -0.05
-1.055 0.045
-1.0425 0.06
-1.0525 0.07625
-1.0025 -0.0575
-0.99 0.07
-0.9625 -0.02875
-1.1175 0.03875
-1.18 0.00125
-1.08 -0.01125
-1.0425 0.12125
-1.02 0.08
-1.11 0.0875
-0.935 0.05625
-1.06 -0.04875
-1.075 -0.18125
-0.8875 -0.21375
-1.0175 -0.16
-0.9375 -0.10375
-0.9425 -0.11
-1.03 0.0075
-1.045 -0.02375
-1.1075 -0.03
-1.125 0.11125
-1.0725 0.0475
-1.0125 0.0925
-1.03 0.0325
-0.995 -0.04125
-1.045 -0.07125
-1.045 -0.1
-1.0175 -0.18625
-1.11 -0.2875
-1.0925 -0.235
-1.02 -0.18
-0.95 -0.105
-0.98 -0.06375
-1.025 -0.18625
-1.04 -0.1275
-1.07 -0.21875
-1.0525 -0.2075
-1.07 -0.17375
-0.995 -0.24
-1.1075 -0.1275
-1.16 -0.13625
-0.9775 -0.11375
-1.1 -0.06125
-1.185 -0.285
-1.0975 -0.19625
-0.9925 -0.21125
-1.0225 -0.16625
-1.01 -0.1875
-1.0525 -0.10125
-1.08 -0.0725
-1.045 -0.07125
-0.9725 -0.0125
-0.9125 0.04125
-0.915 0.17375
-1.085 0.17375
-1.0775 0.14125
-1.135 0.15125
-1.0125 0.125
-1.0175 0.14125
-0.99 -0.01875
-1.0125 -0.12625
-1.0925 -0.175
-0.9875 -0.095
-1.1275 -0.04625
-1.11 0.02375
-1.085 -0.05625
-1.095 -0.00125
-1.105 0.08125
-0.915 0.14125
-1.1025 0.13875
-1.0825 0.23875
-1.0625 0.17125
-1.1725 0.14
-1.1225 0.0975
-1.0175 0.1775
-1.065 0.09625
-0.99 0.07625
-1.055 0.1175
-1.0425 0.1375
-0.995 0.1925
-1.0775 0.225
-1.0975 0.29
-1.115 0.24125
-1.1 0.2975
-1.0475 0.22625
-1.0375 0.2425
-1.0675 0.03375
-1.0725 -0.12
-1.025 -0.05125
-1.0775 -0.24125
-1.1 -0.31625
-1.07 -0.23125
-1.0725 -0.1875
-1.0175 -0.185
-1.0275 -0.14625
-1.0575 -0.07625
-0.98 -0.02
-1.0625 -0.06125
-1.1 -0.15
-1.0925 0.0825
-0.9625 0.14125
-0.9975 0.11
-1.0325 0.1725
-1.0925 0.3475
-1.1125 0.33375
-1.1125 0.27
-1.01 0.155
-1.0375 0.2375
-1.0225 0.15625
-0.9675 0.1375
-1.1125 0.10375
-1.0475 -0.0125
-1.0125 -0.08125
-1.0375 -0.13125
-1.045 -0.12875
-1.1025 -0.23625
-0.9825 -0.1
-0.9375 -0.155
-1.03 -0.03
-0.9875 -0.03125
-1.0625 -0.0775
-1.0425 -0.04375
-1.06 -0.145
-1.0175 -0.09375
-1.035 -0.07375
-1.0525 -0.0025
-0.95 -0.1125
-1.0425 -0.11375
-1.0225 0.00375
-1.145 0.0225
-0.96 0.07125
-1.0675 0.09
-1.0525 0.0175
-0.9975 0.03125
-1.055 -0.0425
-0.9725 -0.0775
-1.0725 -0.115
-1.0625 -0.17
-0.9575 -0.14625
-1.0225 0.08125
-1.0225 0.0775
-1.06 -0.00875
-1.0225 -0.12125
-1.16 -0.0725
-0.9375 -0.12
-0.955 -0.10125
-1.04 -0.14125
-1.09 -0.23375
-1.0125 -0.30125
-1.055 -0.2625
-1.03 -0.1775
-1.0025 -0.175
-1.01 -0.205
-1.05 -0.20875
-1.0975 -0.225
-1.1375 -0.14125
-1.09 -0.13125
-1.07 -0.27125
-1.025 -0.2375
-0.98 -0.23875
-1.0475 -0.30625
-1.1375 -0.48375
-1.1225 -0.53
-1.045 -0.3175
-1.1225 -0.26
-1.0625 -0.2025
-1.1125 -0.2425
-1.0925 -0.35375
-1.0825 -0.36875
-1.1375 -0.44375
-1.085 -0.48625
-1.1025 -0.47125
-1.0425 -0.28
-1.0025 -0.2125
-1.1 -0.26875
-1.1175 -0.26
-1.0875 -0.24625
-1.015 -0.2175
-0.975 -0.125
-1.035 -0.09
-0.97 0.1025
-1.1075 0.21125
-1.09 0.1925
-1.155 0.23375
-1.05 0.125
-1.0325 0.19
-1.03 0.13875
-1.0175 0.0825
-0.97 0.04375
-1.02 0.0125
-1.0525 -0.0275
-1.0125 -0.0175
-0.995 0.055
-1.005 0.175
-1.0375 0.2825
-1.1775 0.31375
-1.0925 0.23125
-1.105 0.15875
-1.09 0.0125
-1.025 0.02375
-1.02 0.17375
-1.0275 0.02375
-1.085 0.07625
-1.0325 -0.05375
-1.02 0.0475
-1.1675 0.21875
-0.985 0.1375
-0.975 0.12125
-0.935 0.22875
-1.0675 0.31125
-1.16 0.34875
-1.0925 0.305
-0.97 0.185
-0.9875 0.02375
-0.9675 -0.01
-1.0825 -0.005
-1.05 -0.13
-1.05 -0.1625
-1.0825 -0.10875
-1.05 -0.16625
-0.9775 -0.1125
-1.0825 0.065
-1.0175 0.1225
-1.0175 0.03875
-1.045 -0.0375
-1.1025 -0.085
-1.0125 -0.0625
-1.01 -0.175
-1.11 -0.16375
-1.0675 -0.28875
-1.0825 -0.23625
-1.0875 -0.05125
-0.9675 0.035
-1.0525 -0.0475
-0.9725 -0.0375
-1.0325 0.0125
-1.065 0.00625
-1.1025 0.0375
-1.0725 0.02875
-1.015 0.05625
-1.0525 0.08125
-0.9975 0.00625
-0.9875 -0.0925
-1.075 -0.05875
-1.07 0.025
-0.9975 0.15125
-1.0025 0.155
-0.97 0.17125
-1.02 0.12
-1.0725 0.1375
-1.0975 0.25875
-1.13 0.01875
-1.155 0.0825
-1.115 -0.0625
-1.09 -0.08
-1.125 -0.2475
-1.09 -0.22625
-1.11 -0.28375
-1.095 -0.26375
-1.0175 -0.2875
-1.09 -0.17375
-1.1025 -0.2
-0.945 -0.0175
-1.075 0.03875
-0.9925 -0.04625
-0.945 0.03625
-1.005 0.065
-0.99 0.07625
-0.905 0.085
-1.02 0.1175
-1.1175 0.06125
-1.19 0.045
-1.025 0.015
-1.11 0.00125
-1.05 0.0325
-0.9925 0.025
-1.06 -0.05875
-1.02 0.055
-1.005 0.18375
-1.065 0.30125
-1.0725 0.25875
-1.0975 0.1375
-1.0125 0.04125
-0.9225 0.10875
-1.0775 0.05625
-1.02 -0.0375
-1.0925 -0.04125
-1.0275 0.02
-1.0625 -0.04875
-1.0725 -0.0325
-1.095 -0.01125
-0.925 -0.04375
-1.1225 0.0525
-1.0325 0.0225
-0.975 0.1775
-1.0125 0.19125
-1.045 0.195
-1.0975 0.16875
-1.0475 0.09
-1.0375 0.15125
-0.995 -0.04875
-1.0575 -0.05125
-1.045 0.03625
-1.065 0.085
-0.96 0.0875
-0.9825 0.15125
-1.0475 0.14125
-1.025 0.10125
-1.0975 0.0875
-1.0725 0.1775
-1.01 0.195
-0.965 0.0325
-1.0375 -0.04875
-0.97 0.00875
-1.0575 0.02625
-1.0175 0.0425
-0.9625 0.00625
-1.085 0.13375
-1.035 0.075
-1.0025 0.01375
-0.9775 0.055
-1.075 0.1275
-0.9925 0.0975
-1.01 0.07625
-1.035 -0.115
-1.14 -0.18125
-1.0575 -0.05125
-0.91 0.005
-1.1175 -0.095
-1.025 -0.14375
-1.08 -0.10625
-1.065 -0.1225
-1.07 -0.115
-0.9675 -0.18875
-0.995 -0.12625
-1.05 -0.1525
-1.135 -0.105
-0.98 -0.2475
-0.92 -0.17
-1.05 -0.09
-1.0975 -0.095
-0.995 -0.17375
-1.005 -0.16125
-1.075 -0.22625
-1.0425 -0.29125
-1.0625 -0.18875
-1.0525 -0.26
-1.035 -0.2175
-1.0325 -0.0125
-0.9475 -0.0425
-1.085 0.03375
-1.0825 0.06875
-0.9875 -0.0325
-0.9225 0.01125
-0.9025 0.07625
-0.9775 0.1175
-0.9675 0.03875
-0.9625 0.0325
-1.045 0.11125
-0.93 0.0425
-0.9925 0.00375
-0.9625 0.11375
-1.065 0.2
-1.0825 0.16375
-1.1075 0.07125
-1.0175 -0.10125
-1.1225 -0.05625
-1.0375 0.04125
-1.0475 -0.0225
-1.11 -0.21875
-1.05 -0.14875
-1.11 -0.18875
-1.03 -0.12875
-1.055 -0.185
-1.005 -0.275
-1.1025 -0.295
-1.025 -0.18
-1.13 -0.3675
-1.195 -0.44375
-1.125 -0.405
-1.1025 -0.40625
-1.065 -0.35125
-0.895 -0.1075
-0.925 -0.20375
-1.04 -0.17
-0.9475 -0.1375
-1.04 -0.215
-1.1125 -0.23625
-1.07 -0.17625
-1.03 -0.12625
-0.96 -0.14375
-1.13 -0.115
-1.0125 -0.1325
-1.1275 -0.3225
-1.12 -0.4725
-1.2 -0.47625
-1.1 -0.4175
-1.05 -0.28375
-0.995 -0.28125
-1.085 -0.18875
-1.075 -0.2125
-1.08 -0.24375
-0.9975 -0.1775
-1.025 -0.1075
-0.97 -0.25375
-1.0325 -0.26
-1.0575 -0.23625
-1.0925 -0.0425
-1.1025 0.0625
-1.12 0.055
-1.005 0.12125
-0.9975 0.05875
-1.0175 0.11875
-1.04 0.225
-1.0125 0.26375
-1.025 0.28
-1.0125 0.2025
-1.0175 0.095
-1.085 0.15375
-1.1625 0.2775
-1.1225 0.1425
-1.0825 0.34125
-1.1475 0.4125
-1.0625 0.36625
-1.005 0.33125
-1.0575 0.43625
-1.1725 0.34625
-0.975 0.2075
-1 0.265
-0.97 0.225
-1.015 0.125
-1.08 -0.055
-1.035 -0.14125
-0.9775 0.03125
-0.955 0.00625
-1.09 0.09375
-1.07 0.0325
-1.0825 -0.02375
-1.025 -0.0125
-1.11 0.10125
-1.0425 0.08375
-1.01 0.13625
-1.06 0.19625
-0.9875 0.22
-1.075 0.06875
-1.07 0.1175
-0.95 -0.03875
-1.04 -0.1775
-0.9325 -0.18875
-0.915 -0.07375
-1.0425 -0.15125
-0.9625 -0.14875
-1.0025 -0.0475
-1.0475 0.1825
-1.0525 0.2225
-1.0925 0.32
-1 0.10875
-1.0575 0.0825
-1.1175 0.13
-1.0575 0.0775
-0.9675 -0.01625
-0.965 0.04125
-1.0175 0.00125
-1.0175 -0.09875
-1.02 -0.12125
-1.0525 0.0225
-0.99 -0.01375
-0.9775 -0.1275
-0.9475 0.0075
-1.0975 0.00625
-1.0075 0.07125
-1.0625 -0.075
-1.0575 -0.22
-1.1125 -0.205
-1.1725 -0.215
-1 -0.10875
-0.9925 -0.07375
-1.0075 -0.035
-0.99 -0.16375
-0.9625 -0.0775
-1.0275 -0.01875
-1.0075 -0.08
-0.98 -0.0225
-1.1125 0.08625
-0.9775 0.035
-0.9625 0.11
-1.02 0.24375
-1.145 0.335
-1.095 0.17125
-1.09 0.14375
-1.03 -0.005
-0.9825 0.13375
-1.0325 0.26625
-1.0675 0.12375
-1.0275 -0.06
-0.99 0.085
-1.02 0.0675
-1.02 0.0925
-1.0425 0.0825
-1.0775 0.035
-1.0925 0.05625
-1.1075 0.035
-0.935 0.1
-1.0575 0.2275
-1.06 0.17
-1.1175 0.135
-1.0275 -0.06
-1.075 -0.05375
-1.1725 -0.0275
-1.075 -0.0725
-0.965 -0.0325
-1.0175 -0.2425
-1.0825 -0.3925
-1.175 -0.48625
-1.1125 -0.4
-1.04 -0.28625
-0.9625 -0.19625
-1.0075 -0.11125
-0.9825 0.10125
-0.9975 0.0525
-1.0325 0.08375
-1.0375 0.2
-1.02 0.3275
-0.9925 0.4
-1.0425 0.36625
-1.14 0.4325
-1.1175 0.3875
-1.0625 0.22625
-0.9675 0.09375
-0.9625 0.01125
-1.065 0.01125
-1.04 0.13125
-1.08 0.09125
-1.0725 0.09375
-1.03 -0.03625
-0.895 -0.10125
-1.055 -0.08875
-0.965 0.08875
-1.0375 0.135
-1.05 0.285
-1.0375 0.12125
-1.04 0.14
-1.09 0.22
-1.0825 0.2175
-0.99 0.17875
-1.0925 0.12125
-1.075 0.1175
-1.0775 0.11375
-0.9375 0.21875
-0.98 0.1875
-1.1025 0.20875
-0.935 0.07625
-1.025 -0.02125
-1.055 -0.09125
-1.025 -0.09
-1.06 -0.02125
-1.015 -0.05375
-0.99 -0.16875
-1.0525 -0.12625
-1.095 -0.04
-1.0875 0.0525
-0.9825 0.01375
-1.1125 0.02125
-1.015 -0.07
-1.095 -0.1525
-1.085 -0.315
-1.05 -0.3175
-1.0025 -0.265
-1.0375 -0.10375
-1.095 -0.1275
-0.9925 -0.07875
-0.9625 -0.0575
-0.9775 -0.0075
-1.0125 -0.05875
-1.005 0.04875
-1.0025 -0.02125
-1.0175 -0.025
-1.145 -0.1525
-0.975 -0.21875
-1.025 -0.38875
-1.045 -0.25625
-1.11 -0.37125
-1.05 -0.415
-1.1075 -0.3325
-1.0475 -0.1825
-1.0275 -0.2025
-1.055 -0.1875
-1.085 -0.15625
-0.8875 0.05125
-0.98 0.09875
-0.965 0.1
-0.9825 0.2325
-1.09 0.1975
-1.0925 0.35125
-1.115 0.27875
-1.1325 0.2275
-1.075 0.37625
-1.2175 0.40625
-1.21 0.475
-1.12 0.4675
-1.0675 0.31375
-1.0975 0.40625
-1.165 0.445
-1.0125 0.345
-1.0275 0.28375
-1.0225 0.22625
-1.065 0.25375
-1.145 0.25375
-1.1 0.22625
-1.015 0.0525
-1.115 0.13125
-1 0.1525
-1.13 0.11
-1.08 0.08625
-0.9975 0.03875
-1.1225 0.17125
-1.0925 0.11375
-0.97 -0.0125
-0.97 0.04
-1.0675 0.145
-1.005 0.1875
-0.955 0.12
-1.06 -0.0225
-0.94 -0.06875
-0.9325 -0.065
-1.045 -0.13375
-1.135 -0.015
-1.1075 0.02375
-1.0075 0.0275
