-1.3525 0.66125
-1.3225 0.6425
-1.36 0.67625
-1.355 0.66375
-1.36 0.62625
-1.3375 0.52
-1.3425 0.57375
-1.44 0.6225
-1.3725 0.5575
-1.475 0.565
-1.3875 0.5525
-1.3325 0.4425
-1.2475 0.4025
-1.355 0.46625
-1.3275 0.5125
-1.37 0.5275
-1.3225 0.455
-1.295 0.505
-1.3 0.53
-1.3475 0.63375
-1.3925 0.6975
-1.425 0.76375
-1.5175 0.7925
-1.4775 0.73625
-1.3925 0.695
-1.3225 0.64125
-1.42 0.64875
-1.39 0.59375
-1.3175 0.6275
-1.335 0.6425
-1.535 0.775
-1.5 0.725
-1.47 0.76125
-1.45 0.72375
-1.4925 0.76625
-1.35 0.67
-1.4675 0.74875
-1.4325 0.755
-1.3875 0.70125
-1.39 0.6475
-1.4125 0.67625
-1.41 0.6475
-1.3625 0.585
-1.4075 0.585
-1.345 0.60875
-1.37 0.57625
-1.465 0.6675
-1.475 0.695
-1.355 0.6175
-1.2975 0.5975
-1.39 0.62125
-1.38 0.61375
-1.27 0.53125
-1.41 0.6375
-1.4825 0.805
-1.3825 0.74625
-1.485 0.73125
-1.4225 0.7075
-1.475 0.72875
-1.4775 0.76
-1.43 0.68875
-1.5 0.76
-1.4675 0.77125
-1.42 0.7025
-1.3675 0.6925
-1.4025 0.71875
-1.55 0.68125
-1.3875 0.71
-1.365 0.6425
-1.3175 0.6575
-1.495 0.77875
-1.4925 0.795
-1.5475 0.8175
-1.4675 0.765
-1.355 0.67875
-1.3425 0.66
-1.4275 0.74125
-1.29 0.60375
-1.3775 0.65125
-1.2675 0.5175
-1.3225 0.52875
-1.2675 0.58375
-1.315 0.575
-1.3575 0.63
-1.4 0.58375
-1.3625 0.57
-1.3675 0.55625
-1.2625 0.30375
-1.335 0.2675
-1.2975 0.2625
-1.2825 0.34375
-1.3525 0.47625
-1.3325 0.4475
-1.3275 0.44875
-1.245 0.5125
-1.375 0.625
-1.315 0.5775
-1.4075 0.615
-1.3275 0.35625
-1.3625 0.41125
-1.2675 0.41375
-1.2275 0.275
-1.2625 0.28375
-1.3025 0.3225
-1.2125 0.34625
-1.2725 0.33875
-1.25 0.32875
-1.3175 0.345
-1.43 0.35375
-1.2425 0.2625
-1.31 0.32125
-1.2825 0.29875
-1.3225 0.3375
-1.37 0.4675
-1.235 0.4
-1.32 0.3775
-1.3225 0.465
-1.385 0.51875
-1.39 0.61125
-1.4175 0.6825
-1.4425 0.70875
-1.4325 0.76
-1.525 0.79875
-1.3975 0.69375
-1.485 0.77
-1.48 0.71375
-1.43 0.675
-1.4125 0.6325
-1.4325 0.6525
-1.4175 0.655
-1.465 0.70625
-1.445 0.6825
-1.355 0.66
-1.4325 0.71625
-1.325 0.61875
-1.3725 0.6575
-1.4025 0.64375
-1.3475 0.6775
-1.495 0.77125
-1.4875 0.75125
-1.39 0.69625
-1.405 0.65
-1.3925 0.6625
-1.4725 0.7225
-1.34 0.67125
-1.3125 0.64125
-1.4475 0.6975
-1.325 0.57
-1.225 0.495
-1.21 0.44125
-1.34 0.615
-1.41 0.69125
-1.42 0.68375
-1.3625 0.55625
-1.295 0.5375
-1.3225 0.56
-1.32 0.49
-1.3775 0.63875
-1.4425 0.74
-1.4125 0.66375
-1.4575 0.71125
-1.35 0.60875
-1.455 0.63625
-1.38 0.55875
-1.3025 0.6125
-1.4175 0.70625
-1.3475 0.67625
-1.4575 0.7275
-1.2725 0.63875
-1.385 0.705
-1.4825 0.765
-1.43 0.7675
-1.475 0.7775
-1.47 0.78875
-1.4775 0.78
-1.4975 0.78875
-1.405 0.755
-1.4975 0.78625
-1.3 0.6475
-1.4175 0.7
-1.3575 0.645
-1.41 0.58375
-1.2775 0.46
-1.405 0.53125
-1.3175 0.44625
-1.3775 0.5125
-1.3925 0.455
-1.335 0.4825
-1.295 0.595
-1.36 0.65875
-1.51 0.75375
-1.3825 0.75
-1.53 0.795
-1.4675 0.73375
-1.4675 0.79375
-1.48 0.7725
-1.505 0.72875
-1.3525 0.62
-1.41 0.6775
-1.4325 0.71375
-1.47 0.7325
-1.4625 0.75625
-1.43 0.7525
-1.4075 0.73125
-1.3675 0.71125
-1.4275 0.73875
-1.2775 0.65875
-1.27 0.5725
-1.3475 0.68
-1.335 0.695
-1.3325 0.67375
-1.335 0.66625
-1.3525 0.6675
-1.345 0.65875
-1.3825 0.59375
-1.4125 0.62125
-1.44 0.66125
-1.3825 0.58875
-1.37 0.63125
-1.3775 0.6725
-1.5075 0.7525
-1.44 0.75875
-1.355 0.6525
-1.4125 0.66875
-1.2875 0.60125
-1.2875 0.5225
-1.335 0.625
-1.275 0.61875
-1.4825 0.7475
-1.4425 0.67375
-1.3175 0.5975
-1.3775 0.59125
-1.27 0.5375
-1.3 0.425
-1.3275 0.42625
-1.4275 0.47625
-1.28 0.4175
-1.3175 0.415
-1.3275 0.355
-1.3475 0.34
-1.315 0.25625
-1.2875 0.3125
-1.3575 0.4775
-1.31 0.5025
-1.22 0.4875
-1.19 0.46875
-1.28 0.4475
-1.3725 0.425
-1.3225 0.49625
-1.36 0.56
-1.3575 0.5025
-1.4025 0.555
-1.395 0.60625
-1.37 0.5675
-1.4625 0.6525
-1.45 0.73625
-1.535 0.7975
-1.5125 0.7875
-1.47 0.69
-1.425 0.7175
-1.38 0.68875
-1.51 0.745
-1.52 0.81125
-1.5125 0.80625
-1.4975 0.75125
-1.33 0.63875
-1.4 0.64875
-1.3125 0.5325
-1.4225 0.58125
-1.2825 0.4525
-1.3975 0.56125
-1.365 0.48
-1.2725 0.3575
-1.3375 0.48375
-1.4025 0.49875
-1.3675 0.50125
-1.4525 0.535
-1.24 0.39875
-1.3075 0.3875
-1.295 0.385
-1.33 0.43625
-1.4625 0.545
-1.445 0.5825
-1.3525 0.45875
-1.41 0.47
-1.285 0.42125
-1.335 0.50375
-1.42 0.56125
-1.36 0.56
-1.2625 0.48875
-1.265 0.4625
-1.3325 0.53625
-1.3325 0.62875
-1.5175 0.68125
-1.36 0.55
-1.355 0.61
-1.385 0.6925
-1.41 0.67375
-1.335 0.63125
-1.3875 0.6725
-1.495 0.78
-1.475 0.76125
-1.435 0.73875
-1.345 0.64875
-1.4675 0.68375
-1.3725 0.62875
-1.3775 0.61
-1.4725 0.62125
-1.43 0.5675
-1.325 0.535
-1.35 0.545
-1.365 0.55625
-1.285 0.43625
-1.3825 0.53125
-1.3425 0.59625
-1.4475 0.6025
-1.325 0.57375
-1.37 0.53875
-1.3025 0.56375
-1.2825 0.5975
-1.5175 0.71875
-1.4525 0.70125
-1.4025 0.7175
-1.3575 0.62375
-1.39 0.645
-1.3675 0.71125
-1.38 0.66375
-1.3925 0.68625
-1.43 0.73125
-1.4875 0.75125
-1.4775 0.75
-1.34 0.65
-1.2825 0.635
-1.33 0.62125
-1.435 0.63625
-1.3 0.54875
-1.3175 0.455
-1.335 0.425
-1.37 0.46375
-1.3425 0.44625
-1.2975 0.36625
-1.29 0.39
-1.24 0.4125
-1.3225 0.50125
-1.365 0.58625
-1.4175 0.65375
-1.405 0.58875
-1.37 0.55875
-1.3675 0.5725
-1.2775 0.55625
-1.275 0.5225
-1.3725 0.63875
-1.3025 0.6725
-1.4175 0.7275
-1.3325 0.64625
-1.41 0.60125
-1.2475 0.52
-1.3425 0.54125
-1.3125 0.5
-1.3175 0.535
-1.215 0.4875
-1.345 0.54
-1.3625 0.6125
-1.325 0.51
-1.365 0.6025
-1.43 0.63
-1.355 0.58375
-1.5 0.69125
-1.4025 0.6325
-1.4525 0.65
-1.365 0.54875
-1.3175 0.57875
-1.345 0.5725
-1.2775 0.4975
-1.425 0.66875
-1.305 0.545
-1.28 0.52375
-1.3025 0.60625
-1.4 0.615
-1.335 0.5875
-1.3275 0.565
-1.3225 0.625
-1.3625 0.64625
-1.4125 0.62
-1.4025 0.51375
-1.3175 0.45375
-1.2525 0.42375
-1.3525 0.41875
-1.375 0.39625
-1.2625 0.42375
-1.3175 0.49
-1.4425 0.5275
-1.3875 0.4825
-1.29 0.455
-1.26 0.41875
-1.36 0.46375
-1.325 0.6
-1.4275 0.64
-1.4075 0.6225
-1.2825 0.58375
-1.365 0.5125
-1.3125 0.48375
-1.3125 0.475
-1.375 0.3925
-1.27 0.32125
-1.335 0.32625
-1.25 0.37625
-1.38 0.33375
-1.3375 0.35375
-1.345 0.35125
-1.195 0.2275
-1.2 0.20875
-1.295 0.11625
-1.2225 0.16625
-1.2575 0.17375
-1.3125 0.0175
-1.3225 0.06875
-1.3725 0.09125
-1.2775 0.115
-1.3325 0.1375
-1.3975 0.13
-1.2975 0.05125
-1.4025 0.19625
-1.4475 0.24875
-1.3125 0.25875
-1.3275 0.2675
-1.3125 0.3375
-1.2025 0.33
-1.24 0.25875
-1.3225 0.30875
-1.3425 0.32875
-1.2875 0.28375
-1.21 0.27
-1.4025 0.305
-1.2725 0.2175
-1.3075 0.26375
-1.28 0.205
-1.2575 0.22125
-1.2675 0.225
-1.265 0.20625
-1.3 0.1975
-1.2475 0.2175
-1.3225 0.33
-1.3125 0.38875
-1.2975 0.41125
-1.315 0.3975
-1.405 0.45
-1.4425 0.55875
-1.375 0.5
-1.4325 0.57875
-1.315 0.5375
-1.3675 0.51
-1.37 0.48
-1.285 0.475
-1.3475 0.62375
-1.3375 0.58125
-1.4625 0.64375
-1.3125 0.6125
-1.41 0.65
-1.4675 0.74875
-1.3625 0.65375
-1.4175 0.675
-1.4425 0.7325
-1.3975 0.66625
-1.315 0.61625
-1.4025 0.58375
-1.365 0.57875
-1.385 0.63
-1.32 0.55
-1.38 0.59125
-1.365 0.55375
-1.4525 0.61375
-1.41 0.64125
-1.47 0.61875
-1.2875 0.50625
-1.2725 0.4975
-1.3375 0.595
-1.38 0.60875
-1.4075 0.62875
-1.5075 0.70375
-1.525 0.72375
-1.465 0.70875
-1.3675 0.63875
-1.3175 0.5825
-1.3275 0.585
-1.2725 0.5025
-1.2275 0.515
-1.3775 0.56125
-1.355 0.56
-1.3575 0.57
-1.315 0.43
-1.3075 0.49875
-1.41 0.45125
-1.3475 0.38875
-1.34 0.51125
-1.28 0.45875
-1.35 0.4675
-1.295 0.54875
-1.4275 0.6525
-1.5225 0.76875
-1.405 0.70875
-1.35 0.54125
-1.3875 0.6525
-1.3375 0.58
-1.33 0.51
-1.3 0.5
-1.3825 0.555
-1.2675 0.5125
-1.3075 0.48625
-1.275 0.47
-1.41 0.4525
-1.2725 0.49
-1.2975 0.48375
-1.36 0.44875
-1.3725 0.5275
-1.225 0.40125
-1.2775 0.3775
-1.35 0.45125
-1.19 0.45875
-1.185 0.45875
-1.2575 0.4425
-1.3075 0.37125
-1.4075 0.52875
-1.305 0.5575
-1.2675 0.555
-1.3175 0.60125
-1.375 0.56
-1.3175 0.55625
-1.33 0.5175
-1.3 0.53875
-1.255 0.4825
-1.28 0.39125
-1.3175 0.465
-1.395 0.5275
-1.3525 0.5525
-1.3025 0.465
-1.245 0.38625
-1.3275 0.41875
-1.42 0.42125
-1.29 0.35375
-1.2625 0.36125
-1.2125 0.24375
-1.2575 0.34125
-1.25 0.3275
-1.2975 0.22875
-1.2275 0.1375
-1.23 0.18
-1.325 0.21875
-1.19 0.1775
-1.1025 0.1275
-1.1775 0.205
-1.215 0.205
-1.3125 0.15375
-1.3725 0.25625
-1.2725 0.21
-1.265 0.31375
-1.405 0.35125
-1.2225 0.34625
-1.315 0.24875
-1.28 0.37375
-1.41 0.4575
-1.31 0.51
-1.2375 0.395
-1.275 0.39
-1.28 0.44375
-1.3175 0.3625
-1.2425 0.30125
-1.3025 0.31375
-1.235 0.34625
-1.265 0.405
-1.345 0.43
-1.3675 0.49
-1.21 0.485
-1.3225 0.5825
-1.39 0.625
-1.4475 0.5675
-1.265 0.5625
-1.2975 0.46375
-1.3825 0.4875
-1.3025 0.49
-1.35 0.43875
-1.375 0.4425
-1.4 0.4675
-1.345 0.4075
-1.3825 0.38
-1.3525 0.3175
-1.29 0.295
-1.295 0.325
-1.3525 0.3575
-1.315 0.38125
-1.3 0.37125
-1.2725 0.31875
-1.385 0.3175
-1.4775 0.17875
-1.3675 0.19625
-1.4575 0.33375
-1.34 0.365
-1.3125 0.34125
-1.3125 0.265
-1.35 0.3425
-1.265 0.23
-1.2475 0.19375
-1.215 0.21875
-1.24 0.21125
-1.2875 0.22875
-1.2875 0.21625
-1.315 0.31
-1.325 0.40375
-1.26 0.4575
-1.2575 0.455
-1.2275 0.4325
-1.3425 0.45
-1.3675 0.46
-1.3025 0.38375
-1.375 0.4775
-1.27 0.40625
-1.28 0.44125
-1.3125 0.37875
-1.2775 0.4275
-1.365 0.41625
-1.335 0.495
-1.37 0.59375
-1.3025 0.59625
-1.4375 0.58125
-1.3075 0.5175
-1.375 0.5625
-1.28 0.51375
-1.315 0.5175
-1.2725 0.37875
-1.2625 0.39125
-1.2875 0.34375
-1.2975 0.42125
-1.28 0.2725
-1.365 0.1775
-1.2075 0.1925
-1.3625 0.21875
-1.205 0.27
-1.365 0.20875
-1.235 0.21125
-1.3875 0.29875
-1.335 0.31
-1.34 0.36375
-1.375 0.30875
-1.2975 0.33125
-1.315 0.39
-1.4275 0.43125
-1.485 0.42625
-1.3675 0.5
-1.315 0.39125
-1.3725 0.33875
-1.3375 0.4375
-1.3975 0.42375
-1.335 0.28875
-1.245 0.26875
-1.3025 0.28375
-1.2775 0.275
-1.375 0.3675
-1.365 0.3825
-1.3625 0.465
-1.355 0.4725
-1.265 0.49625
-1.375 0.53875
-1.3125 0.53875
-1.3075 0.4875
-1.2675 0.5125
-1.275 0.4425
-1.265 0.42375
-1.1975 0.36125
-1.2625 0.365
-1.265 0.31125
-1.355 0.17875
-1.295 0.23125
-1.3175 0.235
-1.28 0.1775
-1.4475 0.25625
-1.3525 0.2425
-1.25 0.19125
-1.305 0.22375
-1.26 0.135
-1.255 0.1675
-1.1275 0.1775
-1.1825 0.10625
-1.17 0.10625
-1.2175 0.12375
-1.2675 0.11625
-1.115 -0.06375
-1.0475 -0.1075
-1.1975 -0.07625
-1.2475 0.00375
-1.1675 0.02125
-1.37 0.0625
-1.285 -0.02875
-1.3325 0.00875
-1.2075 -0.05
-1.265 -0.10125
-1.2325 -0.1
-1.34 -0.0525
-1.2775 -0.13375
-1.29 -0.0175
-1.3125 -0.06
-1.2875 -0.005
-1.2125 -0.04875
-1.2525 0.09375
-1.305 0.07
-1.245 0.125
-1.26 0.0825
-1.3 0.025
-1.1325 0.01875
-1.1325 -0.0575
-1.3025 -0.125
-1.2625 -0.1825
-1.2375 -0.20125
-1.2275 -0.32875
-1.22 -0.3175
-1.2475 -0.2375
-1.31 -0.27125
-1.2525 -0.2825
-1.3125 -0.18875
-1.3575 -0.19125
-1.2725 -0.24875
-1.2875 -0.225
-1.26 -0.17625
-1.22 -0.245
-1.2475 -0.2675
-1.32 -0.29875
-1.3375 -0.28875
-1.2925 -0.25625
-1.3575 -0.3025
-1.3225 -0.2675
-1.345 -0.26625
-1.2825 -0.2925
-1.2475 -0.21875
-1.2775 -0.1575
-1.2725 -0.15125
-1.1925 -0.19625
-1.185 -0.10875
-1.2775 -0.22125
-1.2675 -0.25
-1.3425 -0.39625
-1.2 -0.34
-1.2575 -0.41
-1.2925 -0.34
-1.21 -0.1975
-1.1175 -0.14375
-1.2425 -0.22
-1.28 -0.19
-1.265 -0.19125
-1.285 -0.13625
-1.3025 -0.02875
-1.225 -0.0875
-1.285 -0.0825
-1.295 -0.1225
-1.325 -0.16625
-1.3475 -0.1775
-1.335 -0.22625
-1.295 -0.13875
-1.265 -0.1475
-1.31 -0.17375
-1.3075 -0.1375
-1.31 -0.13125
-1.2375 -0.13875
-1.2625 -0.07125
-1.2575 -0.05875
-1.2775 -0.1725
-1.29 -0.115
-1.2325 -0.1075
-1.265 -0.1925
-1.355 -0.20125
-1.315 -0.1875
-1.415 -0.29
-1.335 -0.29
-1.41 -0.42625
-1.3325 -0.40375
-1.2825 -0.51375
-1.37 -0.575
-1.3275 -0.54
-1.2825 -0.605
-1.28 -0.57375
-1.425 -0.645
-1.355 -0.5925
-1.425 -0.64125
-1.335 -0.53125
-1.405 -0.57375
-1.28 -0.445
-1.25 -0.3425
-1.3325 -0.32625
-1.225 -0.155
-1.1975 -0.0425
-1.27 -0.09375
-1.25 -0.085
-1.2475 0.00875
-1.2525 0.14
-1.24 0.12375
-1.2525 0.16875
-1.3425 0.275
-1.3425 0.2075
-1.24 0.22
-1.2375 0.30625
-1.365 0.3675
-1.33 0.35
-1.3175 0.3075
-1.2825 0.26625
-1.315 0.1675
-1.3425 0.095
-1.32 0.07625
-1.25 -0.0025
-1.305 -0.01625
-1.2325 -0.125
-1.2875 -0.1875
-1.245 -0.0725
-1.27 -0.09875
-1.2875 -0.20625
-1.285 -0.23
-1.2775 -0.24375
-1.3125 -0.3
-1.33 -0.2775
-1.28 -0.28875
-1.35 -0.37125
-1.295 -0.305
-1.2225 -0.25
-1.23 -0.12875
-1.375 -0.21
-1.315 -0.19625
-1.3025 -0.22
-1.22 -0.2425
-1.3025 -0.335
-1.29 -0.305
-1.28 -0.3125
-1.2825 -0.275
-1.315 -0.42
-1.2675 -0.505
-1.3075 -0.4675
-1.365 -0.4975
-1.4275 -0.4425
-1.3125 -0.49
-1.2375 -0.48625
-1.36 -0.45
-1.2675 -0.3825
-1.26 -0.5
-1.3375 -0.4925
-1.3025 -0.46875
-1.34 -0.355
-1.2425 -0.36625
-1.245 -0.335
-1.27 -0.42875
-1.3075 -0.37375
-1.2975 -0.5
-1.4125 -0.5775
-1.42 -0.63
-1.31 -0.635
-1.3825 -0.6575
-1.215 -0.49625
-1.3025 -0.44625
-1.19 -0.46625
-1.3975 -0.66375
-1.3475 -0.645
-1.2975 -0.53125
-1.3475 -0.61625
-1.455 -0.73125
-1.405 -0.65375
-1.3475 -0.63375
-1.4875 -0.71625
-1.5025 -0.79375
-1.575 -0.835
-1.47 -0.78125
-1.4625 -0.78625
-1.4825 -0.75625
-1.4125 -0.71625
-1.4725 -0.63625
-1.3525 -0.68125
-1.4075 -0.71625
-1.3225 -0.67375
-1.4425 -0.76625
-1.405 -0.74125
-1.55 -0.80125
-1.51 -0.78125
-1.47 -0.77125
-1.46 -0.7675
-1.4825 -0.7875
-1.3775 -0.67875
-1.345 -0.5875
-1.23 -0.53875
-1.4775 -0.65625
-1.4425 -0.66625
-1.3325 -0.5625
-1.2225 -0.3925
-1.2325 -0.28
-1.24 -0.36875
-1.3 -0.32625
-1.2575 -0.27125
-1.2225 -0.25125
-1.2 -0.3725
-1.3425 -0.48
-1.315 -0.35125
-1.1825 -0.34625
-1.2675 -0.3575
-1.2025 -0.20625
-1.3225 -0.23625
-1.2325 -0.21
-1.3625 -0.255
-1.295 -0.11
-1.2975 -0.09
-1.275 -0.09125
-1.225 -0.2325
-1.1925 -0.19375
-1.2075 -0.265
-1.2375 -0.15125
-1.3 -0.10875
-1.2875 -0.24
-1.2125 -0.165
-1.305 -0.25
-1.265 -0.21375
-1.225 -0.0875
-1.235 -0.015
-1.2025 0.04125
-1.21 0.0525
-1.2225 0.025
-1.3425 -0.0175
-1.3175 -0.0925
-1.28 0.03
-1.2675 0.02625
-1.31 0.01
-1.27 0.11125
-1.255 -0.0275
-1.22 -0.0725
-1.21 0.07
-1.3025 0.12625
-1.2 0.175
-1.2875 0.22
-1.2875 0.2025
-1.1925 0.215
-1.245 0.205
-1.195 0.2
-1.235 0.09
-1.25 0.1875
-1.335 0.00125
-1.34 0.0775
-1.305 -0.00875
-1.225 0.00375
-1.33 0.01125
-1.2775 -0.025
-1.2125 0.0825
-1.3275 0.18875
-1.295 0.2075
-1.195 0.155
-1.3125 0.22375
-1.3025 0.1825
-1.24 0.165
-1.3225 0.21375
-1.2575 0.28625
-1.2525 0.32375
-1.3525 0.3625
-1.24 0.38125
-1.375 0.34
-1.3 0.32375
-1.265 0.28125
-1.365 0.20625
-1.325 0.33875
-1.215 0.3075
-1.165 0.2725
-1.18 0.3025
-1.2475 0.3575
-1.315 0.24125
-1.2675 0.185
-1.325 0.21875
-1.33 0.1775
-1.2175 0.1175
-1.135 0.15
-1.2125 0.26375
-1.2675 0.22125
-1.23 0.21625
-1.2975 0.17875
-1.3325 0.22375
-1.1875 0.10125
-1.2825 0.0525
-1.3075 -0.01625
-1.215 -0.0475
-1.1925 0.0725
-1.14 -0.005
-1.285 -0.17125
-1.2975 -0.25
-1.34 -0.25625
-1.335 -0.2675
-1.3975 -0.24875
-1.3275 -0.2075
-1.265 -0.2025
-1.2525 -0.21
-1.265 -0.2675
-1.315 -0.2775
-1.27 -0.185
-1.0975 -0.0975
-1.23 -0.06
-1.275 -0.14
-1.33 0.0425
-1.32 0.1125
-1.3225 0.23
-1.3225 0.2175
-1.3225 0.1725
-1.315 0.21625
-1.2125 0.19375
-1.1725 0.20125
-1.375 0.22125
-1.2975 0.1725
-1.29 0.14875
-1.325 0.195
-1.28 0.195
-1.3475 0.2
-1.3775 0.245
-1.3575 0.32875
-1.295 0.30875
-1.355 0.4325
-1.3325 0.4575
-1.3875 0.4175
-1.2975 0.4175
-1.3975 0.42625
-1.45 0.5275
-1.3775 0.38125
-1.4275 0.335
-1.355 0.41875
-1.2875 0.30375
-1.34 0.2775
-1.2975 0.09875
-1.3125 0.02
-1.325 0.1225
-1.285 0.2
-1.3475 0.215
-1.31 0.2775
-1.38 0.25875
-1.2525 0.34125
-1.345 0.3175
-1.2475 0.305
-1.3675 0.24375
-1.3725 0.29
-1.295 0.275
-1.315 0.3925
-1.29 0.355
-1.39 0.51875
-1.3875 0.545
-1.41 0.585
-1.38 0.57
-1.4075 0.6075
-1.3975 0.55125
-1.3525 0.48125
-1.2975 0.49125
-1.2925 0.5025
-1.27 0.56375
-1.3075 0.5825
-1.3825 0.64
-1.3075 0.68375
-1.425 0.6825
-1.4675 0.69875
-1.3125 0.55875
-1.3575 0.56
-1.375 0.5225
-1.24 0.42
-1.29 0.41
-1.315 0.50625
-1.3325 0.535
-1.28 0.4925
-1.3275 0.495
-1.3025 0.5775
-1.385 0.62375
-1.345 0.60375
-1.3125 0.62375
-1.32 0.57
-1.4325 0.70125
-1.4425 0.715
-1.37 0.68625
-1.38 0.63625
-1.3475 0.67375
-1.325 0.63625
-1.4825 0.74875
-1.35 0.6475
-1.4025 0.62875
-1.39 0.705
-1.3325 0.63
-1.3725 0.6775
-1.48 0.78625
-1.505 0.7425
-1.4175 0.68125
-1.4175 0.6875
-1.3975 0.6925
-1.3925 0.69875
-1.485 0.74875
-1.3825 0.6775
-1.38 0.6575
-1.42 0.67875
-1.4725 0.69625
-1.4075 0.67125
-1.375 0.67375
-1.3575 0.685
-1.3625 0.65
-1.37 0.605
-1.5875 0.80375
-1.435 0.75625
-1.55 0.81375
-1.4925 0.77625
-1.465 0.7375
-1.4075 0.72625
-1.2925 0.6325
-1.345 0.675
-1.2975 0.5875
-1.3475 0.64875
-1.3775 0.655
-1.3675 0.62
-1.32 0.5475
-1.3025 0.3975
-1.18 0.365
-1.265 0.4325
-1.26 0.39875
-1.325 0.5075
-1.335 0.49125
-1.3375 0.28625
-1.3475 0.125
-1.25 0.0875
-1.21 0.11625
-1.245 0.1325
-1.2125 0.01875
-1.1875 0.06125
-1.21 0.16625
-1.24 0.1825
-1.2975 0.17
-1.305 0.235
-1.3975 0.33375
-1.2325 0.24125
-1.275 0.31375
-1.3375 0.32375
-1.3 0.1225
-1.265 0.1875
-1.31 0.16375
-1.2275 0.07375
-1.295 0.12875
-1.3125 0.17
-1.21 0.21875
-1.2775 0.2375
-1.2625 0.2425
-1.18 0.1875
-1.31 0.135
-1.27 0.0225
-1.21 0.055
-1.2775 0.0725
-1.255 0.16
-1.26 0.2075
-1.2275 0.37
-1.265 0.37125
-1.2975 0.36375
-1.22 0.38375
-1.41 0.53625
-1.2475 0.41375
-1.265 0.41
-1.3125 0.31125
-1.245 0.31125
-1.2575 0.22125
-1.185 0.2875
-1.215 0.155
-1.24 0.12875
-1.235 0.145
-1.285 0.13625
-1.33 0.12125
-1.23 0.115
-1.1425 0.15
-1.235 0.18625
-1.27 0.02375
-1.3025 -0.0525
-1.2575 0.0175
-1.2775 0.075
-1.265 0.09625
-1.25 0.115
-1.2475 0.0825
-1.36 0.06625
-1.3475 0.04
-1.2625 0.045
-1.1875 0.0375
-1.285 -0.0275
-1.2425 0.0525
-1.265 0.03625
-1.3175 -0.00875
-1.3075 0.1025
-1.335 0.0775
-1.315 -0.0125
-1.3275 -0.0475
-1.2775 -0.04125
-1.315 -0.08875
-1.265 -0.06625
-1.205 0.0275
-1.235 0.18625
-1.195 0.0675
-1.2475 0.18875
-1.17 0.2225
-1.1925 0.35875
-1.325 0.36625
-1.36 0.3875
-1.325 0.525
-1.3675 0.59375
-1.4725 0.65625
-1.43 0.55875
-1.3875 0.5575
-1.3075 0.57625
-1.3475 0.6425
-1.3525 0.68375
-1.4225 0.7325
-1.4125 0.72
-1.405 0.76
-1.3825 0.65125
-1.4075 0.65625
-1.2775 0.58125
-1.2875 0.51375
-1.3625 0.5575
-1.23 0.51125
-1.265 0.56125
-1.405 0.56875
-1.35 0.6125
-1.35 0.5775
-1.315 0.60625
-1.3575 0.565
-1.355 0.41875
-1.33 0.43625
-1.2425 0.43125
-1.3475 0.4675
-1.29 0.48125
-1.325 0.47625
-1.28 0.4325
-1.365 0.5675
-1.355 0.55625
-1.3275 0.61
-1.405 0.59625
-1.425 0.67
-1.4375 0.71
-1.2675 0.6125
-1.42 0.665
-1.42 0.7375
-1.39 0.67
-1.4025 0.64875
-1.3325 0.67125
-1.405 0.71625
-1.295 0.645
-1.4425 0.68
-1.4425 0.62625
-1.345 0.56875
-1.3425 0.6125
-1.355 0.6575
-1.35 0.68125
-1.4075 0.7075
-1.4375 0.74375
-1.3625 0.65625
-1.4175 0.68
-1.3925 0.6575
-1.4025 0.66375
-1.29 0.57375
-1.3325 0.59625
-1.3525 0.55125
-1.33 0.39625
-1.285 0.41
-1.2825 0.37875
-1.18 0.27375
-1.2075 0.35
-1.335 0.53125
-1.4475 0.5725
-1.3325 0.605
-1.455 0.64125
-1.3575 0.5775
-1.3075 0.5075
-1.2675 0.50375
-1.315 0.48625
-1.3325 0.5675
-1.385 0.60875
-1.365 0.55375
-1.42 0.63875
-1.4675 0.6975
-1.335 0.65
-1.42 0.6675
-1.375 0.67
-1.41 0.68875
-1.37 0.63125
-1.3475 0.58875
-1.3525 0.63375
-1.42 0.67625
-1.285 0.59125
-1.3575 0.67
-1.4525 0.69875
-1.27 0.5975
-1.285 0.61875
-1.36 0.66625
-1.49 0.70625
-1.435 0.73125
-1.53 0.76125
-1.4775 0.7625
-1.4775 0.78375
-1.4075 0.73625
-1.49 0.7675
-1.39 0.7025
-1.6225 0.83375
-1.5175 0.8225
-1.5225 0.8175
-1.4325 0.735
-1.51 0.74875
-1.3975 0.745
-1.385 0.76
-1.5275 0.7875
-1.54 0.7825
-1.3325 0.635
-1.365 0.60875
-1.35 0.65125
-1.3325 0.64625
-1.32 0.63
-1.44 0.76125
-1.4225 0.68375
-1.3625 0.6475
-1.4225 0.72
-1.3775 0.695
-1.3975 0.7375
-1.4475 0.75
-1.4225 0.6875
-1.395 0.6825
-1.295 0.6
-1.4225 0.6125
-1.3275 0.5775
-1.38 0.59875
-1.4125 0.645
-1.485 0.72875
-1.415 0.70875
-1.42 0.72125
-1.475 0.7125
-1.3275 0.6375
-1.2925 0.6
-1.4 0.62875
-1.38 0.61375
-1.3675 0.585
-1.3725 0.57125
-1.295 0.38
-1.3225 0.53
-1.325 0.5275
-1.38 0.6275
-1.3775 0.62125
-1.4925 0.73
-1.4725 0.6725
-1.355 0.68875
-1.3925 0.71125
-1.38 0.6775
-1.4425 0.7275
-1.3025 0.66875
-1.28 0.61125
-1.335 0.58625
-1.3725 0.6225
-1.375 0.6075
-1.34 0.45875
-1.4275 0.47875
-1.415 0.5325
-1.3725 0.48625
-1.3825 0.44375
-1.4075 0.405
-1.3475 0.415
-1.4175 0.55875
-1.34 0.5125
-1.34 0.61125
-1.4025 0.65375
-1.3725 0.69875
-1.4425 0.6925
-1.3725 0.6775
-1.325 0.61625
-1.3475 0.66
-1.4175 0.72
-1.4025 0.6925
-1.3425 0.66875
-1.3575 0.5825
-1.355 0.65625
-1.31 0.52375
-1.2375 0.4225
-1.3475 0.41625
-1.35 0.4025
-1.325 0.39625
-1.3075 0.42125
-1.2575 0.4025
-1.2425 0.41375
-1.25 0.3925
-1.3775 0.3725
-1.3475 0.3675
-1.3425 0.415
-1.3825 0.4225
-1.3575 0.50875
-1.4 0.54125
-1.285 0.49625
-1.3625 0.4525
-1.3225 0.44875
-1.195 0.415
-1.3425 0.53875
-1.2575 0.5525
-1.3175 0.57
-1.3625 0.61
-1.345 0.6175
-1.445 0.6575
-1.4775 0.6725
-1.3825 0.57375
-1.38 0.61125
-1.4 0.65875
-1.41 0.62875
-1.41 0.67375
-1.35 0.65375
-1.3775 0.6625
-1.4625 0.70125
-1.3325 0.6475
-1.4025 0.695
-1.425 0.765
-1.3375 0.6675
-1.43 0.68125
-1.51 0.69625
-1.4675 0.7275
-1.43 0.65
-1.3775 0.57375
-1.3325 0.59
-1.385 0.60125
-1.3975 0.5825
-1.31 0.61625
-1.26 0.6025
-1.33 0.60625
-1.33 0.60125
-1.145 0.49625
-1.255 0.485
-1.3275 0.45625
-1.3025 0.4825
-1.255 0.42875
-1.375 0.47875
-1.26 0.545
-1.2325 0.46125
-1.3125 0.4475
-1.345 0.3975
-1.31 0.32875
-1.2425 0.1725
-1.28 0.19625
-1.19 0.16375
-1.2125 0.14875
-1.28 0.16125
-1.2525 0.245
-1.2025 0.2225
-1.22 0.20625
-1.2125 0.13125
-1.23 0.08
-1.2225 0.09875
-1.275 0.0975
-1.105 -0.04375
-1.225 -0.05625
-1.1475 0.005
-1.23 -0.05
-1.38 -0.0625
-1.1975 -0.045
-1.205 -0.02
-1.23 -0.0075
-1.225 -0.0225
-1.3125 0.0525
-1.24 -0.01875
-1.275 -0.08125
-1.2575 -0.12375
-1.2425 -0.03875
-1.2375 0.05625
-1.355 0.11
-1.205 0.06125
-1.29 -0.0425
-1.24 -0.085
-1.3825 -0.0425
-1.3025 -0.0875
-1.3575 -0.13
-1.3025 -0.09
-1.3025 -0.04375
-1.2475 -0.0225
-1.2 -0.11625
-1.2475 -0.15375
-1.2375 -0.2025
-1.2375 -0.2475
-1.2275 -0.3175
-1.295 -0.32625
-1.305 -0.3525
-1.185 -0.25125
-1.2625 -0.375
-1.22 -0.35
-1.325 -0.435
-1.285 -0.42125
-1.295 -0.34875
-1.305 -0.39375
-1.325 -0.50875
-1.3875 -0.54375
-1.3575 -0.52875
-1.3875 -0.46875
-1.335 -0.51
-1.3225 -0.54625
-1.2525 -0.39375
-1.3075 -0.48375
-1.32 -0.4825
-1.3125 -0.45375
-1.28 -0.5075
-1.3375 -0.54375
-1.295 -0.51
-1.3325 -0.6
-1.5075 -0.72625
-1.415 -0.72875
-1.4525 -0.71875
-1.435 -0.73625
-1.335 -0.67625
-1.2925 -0.66
-1.515 -0.77
-1.3625 -0.61875
-1.3975 -0.6475
-1.2625 -0.52875
-1.2 -0.535
-1.3075 -0.545
-1.33 -0.53
-1.3075 -0.5475
-1.37 -0.63125
-1.3575 -0.6775
-1.455 -0.74625
-1.3975 -0.7325
-1.4275 -0.74875
-1.4275 -0.7275
-1.39 -0.6775
-1.35 -0.5875
-1.4225 -0.6275
-1.3475 -0.59625
-1.35 -0.6825
-1.4025 -0.685
-1.4 -0.67625
-1.395 -0.70625
-1.4775 -0.73625
-1.445 -0.79375
-1.4625 -0.7725
-1.3925 -0.69125
-1.42 -0.67125
-1.455 -0.6425
-1.39 -0.555
-1.3875 -0.58125
-1.39 -0.55625
-1.2975 -0.535
-1.3075 -0.54625
-1.3975 -0.5825
-1.4675 -0.59375
-1.245 -0.43
-1.2525 -0.39
-1.365 -0.44375
-1.265 -0.4825
-1.4325 -0.5
-1.3025 -0.465
-1.3975 -0.54375
-1.355 -0.5125
-1.24 -0.385
-1.2275 -0.395
-1.3025 -0.36875
-1.375 -0.33875
-1.37 -0.245
-1.3925 -0.22125
-1.3525 -0.2075
-1.315 -0.23875
-1.215 -0.24
-1.345 -0.17125
-1.21 -0.08125
-1.305 -0.05875
-1.3575 -0.02
-1.285 -0.0425
-1.2475 -0.01125
-1.3575 -0.11625
-1.3775 -0.19875
-1.36 -0.1225
-1.22 -0.1075
-1.28 -0.09375
-1.26 -0.09625
-1.2125 -0.0675
-1.16 -0.11625
-1.2625 -0.04875
-1.2175 -0.0125
-1.2675 -0.015
-1.3425 0.015
-1.29 0.01625
-1.2625 0.00625
-1.305 -0.11625
-1.2625 -0.11125
-1.19 -0.01
-1.28 0.0225
-1.2675 -0.02375
-1.285 -0.135
-1.3075 -0.04625
-1.215 -0.055
-1.2725 -0.08375
-1.2775 -0.07125
-1.2875 -0.1475
-1.265 -0.0575
-1.2625 -0.15625
-1.3025 -0.28125
-1.265 -0.2725
-1.2625 -0.1975
-1.275 -0.1775
-1.2725 -0.285
-1.3225 -0.29375
-1.265 -0.1425
-1.31 -0.21625
-1.24 -0.27
-1.275 -0.185
-1.3125 -0.06375
-1.245 -0.0675
-1.225 -0.13625
-1.355 -0.31375
-1.235 -0.22125
-1.29 -0.08
-1.295 -0.09875
-1.345 -0.21625
-1.3725 -0.2525
-1.1325 -0.08875
-1.21 -0.24125
-1.36 -0.27375
-1.33 -0.23875
-1.2975 -0.13375
-1.305 -0.14125
-1.37 -0.13875
-1.3 -0.1375
-1.295 -0.085
-1.375 -0.15875
-1.2525 -0.0975
-1.2425 -0.12375
-1.4125 -0.105
-1.3625 -0.11
-1.3 -0.2025
-1.275 -0.29625
-1.265 -0.135
-1.27 -0.085
-1.3225 -0.05875
-1.2475 -0.0625
-1.2625 0.03875
-1.3175 0.03625
-1.2325 0.10625
-1.2475 0.10125
-1.3225 0.0475
-1.2975 0.10375
-1.3675 0.05125
-1.3275 0.04875
-1.3325 0.11625
-1.315 0.31375
-1.345 0.27375
-1.27 0.20875
-1.315 0.2675
-1.25 0.28
-1.23 0.08625
-1.335 0.16625
-1.3075 0.07375
-1.225 0.1
-1.28 0.00625
-1.375 0.03125
-1.2725 0.14125
-1.3375 0.135
-1.34 0.15875
-1.2825 0.1625
-1.235 0.18
-1.23 0.1175
-1.3975 0.00625
-1.2925 0.055
-1.2025 -0.0025
-1.295 -0.05875
-1.2175 0.02375
-1.255 0.03875
-1.2875 0.11375
-1.2875 0.02125
-1.2725 0.04875
-1.315 0.045
-1.2675 0.1925
-1.3925 0.2675
-1.2 0.27125
-1.225 0.25875
-1.25 0.37125
-1.4275 0.52875
-1.3125 0.56375
-1.3275 0.57375
-1.38 0.55
-1.3075 0.47
-1.3325 0.5475
-1.32 0.55375
-1.3375 0.56875
-1.3475 0.59875
-1.465 0.71375
-1.545 0.7825
-1.46 0.76375
-1.4525 0.73875
-1.4025 0.6825
-1.3625 0.68
-1.3775 0.715
-1.4775 0.76625
-1.485 0.7675
-1.36 0.65
-1.4275 0.76
-1.4525 0.7325
-1.35 0.67875
-1.525 0.765
-1.39 0.705
-1.32 0.6525
-1.3925 0.6225
-1.3525 0.60125
-1.3225 0.56875
-1.3325 0.4975
-1.3425 0.5075
-1.255 0.38375
-1.205 0.17
-1.31 0.08375
-1.29 0.0925
-1.3175 0.17625
-1.31 0.29
-1.215 0.31125
-1.2825 0.23125
-1.3225 0.23875
-1.145 0.23875
-1.245 0.25375
-1.2575 0.3325
-1.3425 0.35125
-1.2275 0.28375
-1.3075 0.26
-1.205 0.2675
-1.195 0.18375
-1.3175 0.13625
-1.3225 0.1525
-1.2275 0.06
-1.235 -0.01875
-1.3 -0.13125
-1.3075 -0.04875
-1.2275 0.00375
-1.215 0.0475
-1.2275 0.06625
-1.25 -0.00625
-1.26 -0.01375
-1.3 0.15125
-1.2575 0.0325
-1.2525 0.06625
-1.22 0.08625
-1.2 0.11125
-1.2175 0.175
-1.145 0.01875
-1.2275 0.0325
-1.25 0.00625
-1.1925 0.015
-1.28 0.04625
-1.095 0.02625
-1.24 0.0675
-1.265 0.11375
-1.3125 0.25
-1.2825 0.4675
-1.3725 0.52
-1.1875 0.48125
-1.2775 0.5825
-1.34 0.57875
-1.315 0.62125
-1.4325 0.65125
-1.395 0.66625
-1.3875 0.61375
-1.3925 0.71375
-1.49 0.72875
-1.335 0.6575
-1.405 0.6625
-1.45 0.6775
-1.3175 0.58875
-1.37 0.61375
-1.4175 0.6575
-1.26 0.5725
-1.3325 0.5475
-1.3925 0.5025
-1.3425 0.48375
-1.375 0.52
-1.3975 0.54125
-1.3525 0.515
-1.3675 0.6025
-1.27 0.535
-1.325 0.4925
-1.2925 0.45375
-1.31 0.52125
-1.3225 0.58375
-1.4475 0.585
-1.4 0.58375
-1.34 0.5225
-1.3275 0.55
-1.3425 0.5925
-1.42 0.62875
-1.3175 0.58
-1.4075 0.6525
-1.3025 0.53625
-1.215 0.48
-1.2425 0.48125
-1.3125 0.47125
-1.3075 0.49875
-1.34 0.4525
-1.3425 0.48125
-1.315 0.5675
-1.3175 0.59125
-1.28 0.47375
-1.35 0.57875
-1.3175 0.4925
-1.295 0.50625
-1.3 0.5425
-1.3175 0.51125
-1.495 0.64375
-1.43 0.65125
-1.395 0.64
-1.335 0.59875
-1.4325 0.69125
-1.44 0.7275
-1.3225 0.66125
-1.3675 0.62875
-1.4025 0.625
-1.3725 0.6775
-1.3375 0.62125
-1.335 0.61
-1.2275 0.5375
-1.3375 0.585
-1.355 0.62375
-1.3625 0.67375
-1.325 0.59
-1.3675 0.52875
-1.2825 0.5025
-1.285 0.49125
-1.35 0.5475
-1.4525 0.57625
-1.3475 0.62125
-1.3 0.59875
-1.2775 0.5125
-1.28 0.4975
-1.3375 0.56125
-1.335 0.50125
-1.255 0.39375
-1.245 0.2275
-1.2425 0.23875
-1.2075 0.2975
-1.25 0.325
-1.3075 0.46125
-1.3575 0.46375
-1.275 0.42875
-1.315 0.50125
-1.36 0.42125
-1.3775 0.51
-1.445 0.55
-1.37 0.46875
-1.37 0.48875
-1.2675 0.5175
-1.3325 0.64125
-1.4 0.645
-1.375 0.61125
-1.38 0.60625
-1.3925 0.62875
-1.4325 0.735
-1.265 0.54
-1.3525 0.5725
-1.4575 0.70875
-1.4925 0.7375
-1.45 0.72125
-1.4775 0.7725
-1.455 0.73625
-1.4675 0.7575
-1.435 0.67375
-1.2925 0.62375
-1.3575 0.625
-1.2525 0.50125
-1.305 0.5225
-1.2825 0.47125
-1.2575 0.49625
-1.2325 0.50375
-1.1975 0.4225
-1.2875 0.52375
-1.305 0.455
-1.2475 0.26125
-1.3075 0.22875
-1.2375 0.2975
-1.2575 0.2425
-1.2475 0.115
-1.2575 0.11875
-1.3825 -0.08
-1.2875 -0.06875
-1.3775 -0.14125
-1.285 -0.155
-1.1775 -0.14375
-1.185 -0.00375
-1.24 0.0875
-1.255 0.12875
-1.345 0.09625
-1.23 0.0475
-1.25 0.08375
-1.2725 0.1875
-1.3 0.03
-1.265 0.11625
-1.245 0.1375
-1.3175 0.25
-1.3275 0.30875
-1.31 0.32
-1.2225 0.29875
-1.29 0.465
-1.295 0.3775
-1.29 0.41625
-1.2775 0.415
-1.2725 0.3925
-1.235 0.39
-1.3 0.47625
-1.32 0.54125
-1.2975 0.49125
-1.355 0.50875
-1.39 0.5575
-1.325 0.52625
-1.325 0.49875
-1.3775 0.5275
-1.345 0.53875
-1.47 0.59125
-1.38 0.55
-1.3 0.4825
-1.3825 0.5325
-1.32 0.42875
-1.4225 0.4325
-1.36 0.41
-1.395 0.49875
-1.2775 0.50625
-1.2875 0.50375
-1.35 0.42625
-1.38 0.45
-1.3625 0.4825
-1.3525 0.4925
-1.3725 0.49375
-1.395 0.48125
-1.38 0.50375
-1.5125 0.5125
-1.3775 0.50625
-1.385 0.5225
-1.4175 0.5375
-1.3225 0.5575
-1.285 0.5925
-1.355 0.6
-1.4075 0.66875
-1.4225 0.63375
-1.3375 0.5625
-1.35 0.47125
-1.2825 0.45125
-1.375 0.56
-1.275 0.4475
-1.31 0.41125
-1.325 0.41125
-1.41 0.435
-1.44 0.44375
-1.31 0.4325
-1.44 0.48
-1.3575 0.495
-1.3325 0.4475
-1.4125 0.425
-1.41 0.4125
-1.2375 0.28875
-1.29 0.2525
-1.285 0.2275
-1.305 0.175
-1.245 0.08875
-1.145 0.22375
-1.1775 0.19375
-1.2775 0.18375
-1.3125 0.18375
-1.235 0.1075
-1.335 0.0175
-1.18 0.02375
-1.28 -0.00875
-1.3425 0.03
-1.3575 -0.05625
-1.3 0.0575
-1.185 -0.05875
-1.255 0.03
-1.24 0.185
-1.275 0.185
-1.315 0.23
-1.285 0.21125
-1.2725 0.18
-1.24 0.15875
-1.235 0.23875
-1.2925 0.34375
-1.2375 0.3675
-1.175 0.36875
-1.305 0.40625
-1.305 0.24875
-1.4 0.3575
-1.38 0.4475
-1.36 0.49875
-1.3725 0.535
-1.335 0.58375
-1.455 0.695
-1.395 0.62375
-1.325 0.565
-1.2375 0.4625
-1.3025 0.4075
-1.395 0.45375
-1.2875 0.40125
-1.25 0.37375
-1.4 0.45125
-1.2075 0.26625
-1.325 0.28
-1.3075 0.4375
-1.2175 0.39125
-1.38 0.52625
-1.3175 0.49875
-1.295 0.47375
-1.31 0.48125
-1.2825 0.5075
-1.2375 0.46625
-1.37 0.4975
-1.3575 0.49625
-1.3425 0.435
-1.255 0.36875
-1.3775 0.27125
-1.335 0.44875
-1.36 0.48625
-1.37 0.4975
