-1.7175 0.9025
-1.77 0.925
-1.7325 0.91625
-1.7025 0.89875
-1.7725 0.92875
-1.7325 0.9025
-1.7925 0.93875
-1.7225 0.90875
-1.725 0.90375
-1.81 0.94125
-1.7775 0.93
-1.7575 0.91375
-1.7025 0.89875
-1.7625 0.915
-1.6925 0.88875
-1.73 0.91125
-1.7275 0.89625
-1.7075 0.9025
-1.7225 0.9075
-1.7125 0.91125
-1.765 0.92
-1.78 0.9225
-1.7825 0.93
-1.805 0.935
-1.715 0.89375
-1.7125 0.90625
-1.7725 0.92625
-1.735 0.91625
-1.615 0.86125
-1.685 0.8975
-1.805 0.9375
-1.7325 0.91375
-1.8125 0.9475
-1.73 0.89375
-1.7975 0.9375
-1.73 0.905
-1.8125 0.94
-1.725 0.89375
-1.7025 0.89875
-1.6925 0.87875
-1.7875 0.9225
-1.7025 0.8825
-1.755 0.92625
-1.72 0.895
-1.76 0.92875
-1.76 0.925
-1.7375 0.91125
-1.795 0.93
-1.755 0.92125
-1.7 0.88875
-1.7325 0.905
-1.81 0.92875
-1.7775 0.92
-1.7825 0.93375
-1.8025 0.94125
-1.69 0.8975
-1.8225 0.945
-1.7525 0.9175
-1.77 0.92
-1.76 0.92625
-1.7925 0.93875
-1.7325 0.91875
-1.8125 0.9425
-1.765 0.92625
-1.74 0.91375
-1.7625 0.93125
-1.7925 0.925
-1.775 0.93
-1.7525 0.915
-1.7025 0.89625
-1.785 0.935
-1.69 0.88875
-1.775 0.9125
-1.755 0.91625
-1.7825 0.93125
-1.7025 0.8875
-1.725 0.91375
-1.6675 0.8875
-1.7025 0.905
-1.74 0.915
-1.7625 0.90875
-1.6575 0.88375
-1.7725 0.93
-1.78 0.9225
-1.7875 0.93125
-1.7475 0.91875
-1.7675 0.91875
-1.75 0.91375
-1.825 0.94875
-1.7075 0.895
-1.7075 0.91125
-1.7375 0.92125
-1.735 0.9025
-1.7475 0.9
-1.66 0.87125
-1.73 0.90625
-1.73 0.91
-1.74 0.92125
-1.7975 0.9325
-1.705 0.8925
-1.7275 0.9
-1.7575 0.91875
-1.7575 0.9225
-1.76 0.92375
-1.765 0.925
-1.765 0.9225
-1.7875 0.9375
-1.715 0.905
-1.8075 0.93375
-1.7 0.89
-1.82 0.94125
-1.695 0.885
-1.735 0.9025
-1.7475 0.91625
-1.705 0.89625
-1.73 0.90875
-1.7475 0.90875
-1.745 0.905
-1.73 0.9125
-1.73 0.9175
-1.7475 0.8975
-1.735 0.89625
-1.7525 0.91
-1.745 0.91875
-1.7975 0.9375
-1.7525 0.89375
-1.7275 0.9125
-1.78 0.9325
-1.7625 0.935
-1.7275 0.91125
-1.76 0.92
-1.825 0.945
-1.775 0.93375
-1.81 0.94125
-1.6975 0.8925
-1.7375 0.91375
-1.7475 0.91375
-1.78 0.93375
-1.775 0.925
-1.735 0.895
-1.7675 0.92625
-1.785 0.9375
-1.7325 0.9125
-1.7675 0.92875
-1.75 0.915
-1.775 0.93375
-1.775 0.92875
-1.7275 0.91375
-1.7225 0.9025
-1.7325 0.91125
-1.735 0.91125
-1.7975 0.93375
-1.755 0.9125
-1.735 0.9025
-1.665 0.8825
-1.7725 0.935
-1.7425 0.91375
-1.805 0.94
-1.755 0.91
-1.8125 0.945
-1.81 0.9475
-1.6925 0.89875
-1.8 0.92875
-1.735 0.89875
-1.72 0.9
-1.7625 0.9175
-1.6875 0.8975
-1.76 0.9175
-1.645 0.87625
-1.7475 0.91625
-1.725 0.91
-1.8025 0.945
-1.7425 0.915
-1.72 0.905
-1.8075 0.945
-1.7275 0.8975
-1.765 0.915
-1.78 0.93375
-1.7325 0.91
-1.77 0.91375
-1.72 0.8875
-1.77 0.925
-1.78 0.92375
-1.775 0.93375
-1.7525 0.91625
-1.765 0.92
-1.745 0.9225
-1.7725 0.9275
-1.725 0.905
-1.735 0.91125
-1.8125 0.93625
-1.7075 0.9075
-1.7725 0.9175
-1.8 0.92
-1.7025 0.9025
-1.7775 0.92625
-1.845 0.955
-1.82 0.94625
-1.7175 0.89375
-1.795 0.925
-1.7625 0.9125
-1.7375 0.90875
-1.7075 0.91125
-1.755 0.92125
-1.665 0.8875
-1.7675 0.92625
-1.675 0.8925
-1.7 0.89625
-1.7625 0.92625
-1.775 0.92875
-1.73 0.89875
-1.7225 0.89125
-1.7125 0.90125
-1.745 0.91
-1.775 0.915
-1.72 0.89875
-1.77 0.92625
-1.755 0.92375
-1.695 0.89875
-1.7675 0.92
-1.8425 0.95125
-1.7425 0.91875
-1.71 0.895
-1.7175 0.8975
-1.7675 0.9175
-1.735 0.86
-1.71 0.88125
-1.685 0.87375
-1.6675 0.8575
-1.77 0.865
-1.7375 0.82125
-1.68 0.7925
-1.675 0.8175
-1.7075 0.7825
-1.735 0.77375
-1.695 0.8425
-1.655 0.82625
-1.695 0.8475
-1.685 0.86375
-1.6725 0.85625
-1.7275 0.90625
-1.745 0.92375
-1.75 0.9
-1.7075 0.88125
-1.73 0.9125
-1.71 0.9
-1.765 0.9225
-1.805 0.93875
-1.7975 0.93875
-1.73 0.89
-1.765 0.92875
-1.7825 0.93375
-1.805 0.9375
-1.685 0.87625
-1.8375 0.945
-1.8175 0.94625
-1.85 0.9525
-1.79 0.9375
-1.78 0.9275
-1.7725 0.9225
-1.74 0.92
-1.8375 0.9425
-1.7925 0.9275
-1.7525 0.91625
-1.7525 0.90375
-1.7075 0.90625
-1.74 0.91125
-1.6975 0.86625
-1.7375 0.9075
-1.695 0.89875
-1.7725 0.9275
-1.765 0.9225
-1.655 0.87625
-1.755 0.9175
-1.8275 0.94625
-1.7575 0.92125
-1.7575 0.91875
-1.8075 0.9375
-1.7575 0.9275
-1.7 0.9025
-1.7625 0.915
-1.8575 0.95125
-1.7625 0.92875
-1.785 0.9175
-1.815 0.9375
-1.73 0.905
-1.715 0.90375
-1.805 0.92875
-1.755 0.91625
-1.755 0.92
-1.7325 0.90375
-1.7375 0.92
-1.735 0.92375
-1.855 0.9575
-1.7575 0.91
-1.7875 0.925
-1.805 0.9375
-1.72 0.895
-1.6625 0.8675
-1.6775 0.8975
-1.79 0.92
-1.805 0.9425
-1.77 0.925
-1.775 0.93375
-1.7925 0.93875
-1.7525 0.92375
-1.7375 0.91375
-1.785 0.93625
-1.7775 0.9225
-1.7275 0.90875
-1.7625 0.9325
-1.8325 0.95
-1.665 0.88125
-1.74 0.89625
-1.795 0.93375
-1.7775 0.93
-1.7075 0.90125
-1.785 0.92375
-1.785 0.93375
-1.705 0.89125
-1.805 0.935
-1.7475 0.9175
-1.775 0.92125
-1.72 0.9025
-1.8 0.915
-1.68 0.8875
-1.7475 0.905
-1.6825 0.89375
-1.73 0.91375
-1.7975 0.9375
-1.82 0.93875
-1.6975 0.90125
-1.7425 0.90875
-1.7325 0.9075
-1.765 0.92625
-1.7025 0.895
-1.7925 0.9225
-1.805 0.9375
-1.79 0.93
-1.77 0.92125
-1.7575 0.92
-1.7325 0.91625
-1.73 0.92
-1.745 0.91875
-1.82 0.9475
-1.72 0.905
-1.745 0.91875
-1.7775 0.935
-1.725 0.89625
-1.7025 0.9075
-1.6075 0.84875
-1.735 0.9125
-1.7125 0.91125
-1.7575 0.91375
-1.6975 0.9
-1.7675 0.925
-1.715 0.90875
-1.79 0.93375
-1.795 0.94125
-1.75 0.9125
-1.67 0.87125
-1.75 0.91625
-1.8 0.93125
-1.7825 0.935
-1.7975 0.94125
-1.805 0.9425
-1.7075 0.90875
-1.7925 0.93125
-1.8425 0.9475
-1.71 0.89375
-1.69 0.8925
-1.7375 0.9225
-1.77 0.92375
-1.675 0.88
-1.725 0.9075
-1.7675 0.91875
-1.675 0.8825
-1.7 0.885
-1.7325 0.915
-1.715 0.91875
-1.7825 0.93
-1.735 0.9075
-1.785 0.93375
-1.805 0.93625
-1.8175 0.9425
-1.7225 0.9075
-1.7675 0.9125
-1.735 0.915
-1.73 0.91875
-1.74 0.90875
-1.75 0.91625
-1.775 0.9225
-1.76 0.91875
-1.7225 0.8925
-1.725 0.91125
-1.725 0.91375
-1.7125 0.905
-1.7825 0.93375
-1.7 0.90375
-1.7725 0.92625
-1.7825 0.93375
-1.78 0.92375
-1.8425 0.95
-1.7925 0.9325
-1.7275 0.9075
-1.7975 0.92875
-1.755 0.9175
-1.73 0.90125
-1.7575 0.9125
-1.8175 0.94875
-1.73 0.8975
-1.74 0.925
-1.7575 0.91875
-1.745 0.8975
-1.7125 0.89625
-1.745 0.90625
-1.7625 0.91625
-1.7725 0.93125
-1.7375 0.90625
-1.6725 0.895
-1.77 0.92875
-1.7275 0.915
-1.8025 0.92
-1.705 0.87625
-1.705 0.9
-1.725 0.9025
-1.755 0.9075
-1.6825 0.8825
-1.755 0.92
-1.7525 0.87125
-1.735 0.91375
-1.7775 0.92125
-1.69 0.90125
-1.825 0.94625
-1.805 0.94375
-1.77 0.935
-1.7525 0.90875
-1.685 0.87375
-1.7275 0.8975
-1.7525 0.9225
-1.8025 0.9375
-1.7575 0.92625
-1.78 0.9325
-1.6625 0.8675
-1.6925 0.89
-1.7975 0.9325
-1.7925 0.935
-1.81 0.9425
-1.78 0.9325
-1.7775 0.93
-1.68 0.8825
-1.7375 0.91375
-1.8025 0.93625
-1.7075 0.8875
-1.7125 0.915
-1.695 0.8925
-1.8 0.93375
-1.775 0.92625
-1.725 0.9075
-1.785 0.92625
-1.7375 0.9
-1.745 0.92
-1.82 0.9425
-1.7175 0.91125
-1.755 0.9125
-1.75 0.91625
-1.68 0.86875
-1.755 0.925
-1.73 0.90875
-1.8275 0.9475
-1.7925 0.93625
-1.745 0.915
-1.75 0.915
-1.825 0.94
-1.7625 0.9225
-1.795 0.93375
-1.75 0.9225
-1.775 0.9225
-1.805 0.935
-1.805 0.93625
-1.805 0.94125
-1.81 0.94375
-1.715 0.91125
-1.8175 0.95
-1.745 0.925
-1.795 0.93375
-1.72 0.90625
-1.76 0.92
-1.76 0.90625
-1.8 0.9425
-1.7375 0.91125
-1.6975 0.86875
-1.765 0.9075
-1.795 0.92375
-1.695 0.88375
-1.7025 0.89375
-1.745 0.90875
-1.8075 0.9375
-1.8025 0.9375
-1.795 0.9275
-1.7775 0.9275
-1.76 0.915
-1.7875 0.935
-1.7275 0.90875
-1.84 0.9475
-1.81 0.94
-1.8325 0.9525
-1.7475 0.92375
-1.715 0.89875
-1.705 0.88875
-1.8075 0.9425
-1.74 0.9275
-1.7225 0.8925
-1.7575 0.9075
-1.73 0.9
-1.7225 0.905
-1.7175 0.905
-1.7 0.905
-1.6575 0.87
-1.7 0.89
-1.725 0.88375
-1.7525 0.92375
-1.8025 0.93625
-1.7475 0.9125
-1.77 0.92375
-1.725 0.9
-1.7675 0.93125
-1.74 0.915
-1.7625 0.8975
-1.765 0.91625
-1.78 0.93
-1.7875 0.92875
-1.8025 0.9225
-1.7725 0.89875
-1.7125 0.8775
-1.6975 0.8725
-1.67 0.875
-1.665 0.85625
-1.775 0.93125
-1.735 0.905
-1.685 0.88625
-1.6875 0.8775
-1.76 0.93125
-1.68 0.8875
-1.8 0.93625
-1.7025 0.9075
-1.7275 0.8825
-1.765 0.90125
-1.7575 0.92125
-1.6875 0.8975
-1.7 0.9
-1.7225 0.8875
-1.7025 0.8875
-1.775 0.9225
-1.745 0.92375
-1.805 0.94125
-1.83 0.94875
-1.6975 0.89375
-1.75 0.92
-1.7625 0.9275
-1.735 0.895
-1.7075 0.88875
-1.6625 0.8575
-1.74 0.92125
-1.755 0.90625
-1.7525 0.905
-1.7725 0.925
-1.7625 0.92625
-1.7475 0.92625
-1.73 0.91
-1.7525 0.9225
-1.8 0.93625
-1.74 0.8975
-1.73 0.8825
-1.735 0.91125
-1.895 0.97
-1.695 0.88625
-1.68 0.89375
-1.805 0.935
-1.8 0.935
-1.77 0.91625
-1.7 0.8875
-1.7225 0.91375
-1.71 0.885
-1.7825 0.92875
-1.7475 0.90875
-1.7225 0.9025
-1.715 0.89875
-1.8 0.9425
-1.7975 0.93875
-1.7325 0.9125
-1.74 0.90625
-1.735 0.91
-1.71 0.89
-1.7325 0.91375
-1.8125 0.94
-1.795 0.93625
-1.7175 0.90125
-1.745 0.91
-1.815 0.93625
-1.7225 0.90375
-1.7725 0.92
-1.775 0.92375
-1.78 0.92875
-1.7575 0.9225
-1.8225 0.94375
-1.775 0.93
-1.8525 0.95375
-1.7775 0.92875
-1.6925 0.8925
-1.7 0.87875
-1.71 0.87625
-1.7875 0.935
-1.6875 0.8925
-1.795 0.9325
-1.7075 0.8975
-1.785 0.93125
-1.7575 0.915
-1.7925 0.9375
-1.82 0.93875
-1.75 0.9075
-1.76 0.92125
-1.745 0.90625
-1.7625 0.87875
-1.74 0.90625
-1.79 0.92875
-1.735 0.91375
-1.7825 0.9325
-1.785 0.92875
-1.725 0.90625
-1.775 0.915
-1.785 0.91375
-1.7075 0.88125
-1.8075 0.94375
-1.7575 0.925
-1.8475 0.9475
-1.7275 0.905
-1.81 0.93875
-1.7925 0.93875
-1.8025 0.93375
-1.735 0.9125
-1.795 0.925
-1.77 0.91
-1.67 0.86625
-1.6775 0.87125
-1.735 0.88375
-1.7875 0.93375
-1.815 0.94875
-1.77 0.9325
-1.8475 0.955
-1.705 0.9
-1.8175 0.93875
-1.7775 0.93
-1.6425 0.86375
-1.715 0.90375
-1.795 0.93375
-1.7575 0.915
-1.755 0.91625
-1.6725 0.87875
-1.715 0.90125
-1.725 0.9075
-1.765 0.925
-1.75 0.915
-1.78 0.92375
-1.7775 0.9375
-1.7375 0.9075
-1.7675 0.93125
-1.735 0.89125
-1.6875 0.88375
-1.7425 0.9075
-1.7475 0.90125
-1.7475 0.91625
-1.7825 0.93125
-1.74 0.91125
-1.8575 0.96125
-1.8075 0.93375
-1.7375 0.91875
-1.7675 0.92375
-1.73 0.90625
-1.76 0.91875
-1.6975 0.89125
-1.68 0.845
-1.6775 0.87
-1.75 0.90625
-1.7375 0.89375
-1.7675 0.88625
-1.585 0.85
-1.6875 0.8875
-1.74 0.89875
-1.6775 0.89625
-1.785 0.93125
-1.775 0.93125
-1.7675 0.925
-1.735 0.91
-1.78 0.93375
-1.73 0.91375
-1.79 0.93375
-1.7075 0.9
-1.7175 0.9025
-1.7375 0.91
-1.7825 0.92125
-1.7 0.90625
-1.785 0.925
-1.75 0.9225
-1.765 0.92625
-1.7525 0.91375
-1.7675 0.925
-1.76 0.9125
-1.6975 0.87875
-1.8225 0.94375
-1.78 0.93375
-1.7775 0.93375
-1.665 0.87375
-1.745 0.91625
-1.78 0.93375
-1.79 0.935
-1.74 0.905
-1.735 0.915
-1.7725 0.92625
-1.79 0.93125
-1.78 0.925
-1.7475 0.9125
-1.76 0.925
-1.72 0.86625
-1.715 0.8975
-1.715 0.865
-1.775 0.895
-1.74 0.89625
-1.7625 0.9025
-1.7275 0.88625
-1.75 0.91375
-1.775 0.9175
-1.795 0.9375
-1.6975 0.9
-1.655 0.88
-1.745 0.89625
-1.7075 0.8975
-1.6725 0.87875
-1.78 0.92625
-1.71 0.90875
-1.7675 0.92375
-1.655 0.88375
-1.715 0.89625
-1.735 0.92
-1.745 0.92125
-1.795 0.9275
-1.785 0.9275
-1.7375 0.895
-1.74 0.91125
-1.71 0.89625
-1.7725 0.92875
-1.805 0.92875
-1.7975 0.93375
-1.78 0.92625
-1.745 0.915
-1.7975 0.935
-1.785 0.93625
-1.76 0.9025
-1.7725 0.92375
-1.8 0.9375
-1.665 0.88
-1.655 0.88375
-1.745 0.89875
-1.7575 0.92125
-1.77 0.9225
-1.645 0.87875
-1.81 0.94375
-1.7925 0.93375
-1.775 0.93
-1.855 0.95625
-1.795 0.93
-1.78 0.93
-1.7525 0.92625
-1.7475 0.915
-1.7725 0.92125
-1.74 0.91625
-1.7275 0.89625
-1.6825 0.89875
-1.73 0.9075
-1.7875 0.93
-1.7525 0.915
-1.755 0.9075
-1.7975 0.93375
-1.71 0.8975
-1.725 0.8825
-1.75 0.90125
-1.7075 0.87875
-1.6625 0.87625
-1.7425 0.91
-1.79 0.915
-1.705 0.88875
-1.745 0.91375
-1.72 0.89625
-1.7475 0.92
-1.785 0.93125
-1.8375 0.945
-1.6725 0.87625
-1.76 0.9225
-1.81 0.935
-1.705 0.895
-1.8025 0.92375
-1.745 0.9125
-1.84 0.95625
-1.8 0.93625
-1.7725 0.9225
-1.7775 0.93375
-1.8 0.9375
-1.72 0.91
-1.8125 0.9425
-1.74 0.91875
-1.745 0.9225
-1.7075 0.90375
-1.8275 0.945
-1.74 0.8875
-1.6925 0.89125
-1.775 0.915
-1.81 0.9475
-1.765 0.925
-1.8025 0.94
-1.7075 0.9025
-1.76 0.9125
-1.8075 0.94125
-1.7975 0.93375
-1.7725 0.91625
-1.785 0.93625
-1.7225 0.9
-1.6575 0.885
-1.73 0.8925
-1.7875 0.93125
-1.7975 0.93375
-1.72 0.9
-1.72 0.90375
-1.805 0.92875
-1.795 0.925
-1.7975 0.93875
-1.7325 0.92
-1.8225 0.945
-1.7825 0.93
-1.765 0.915
-1.79 0.94
-1.745 0.9175
-1.7675 0.92625
-1.69 0.875
-1.7525 0.92
-1.715 0.90625
-1.7675 0.92125
-1.7075 0.90125
-1.7475 0.90375
-1.765 0.92875
-1.645 0.85875
-1.7925 0.93125
-1.68 0.88875
-1.8 0.93625
-1.64 0.87125
-1.7075 0.90375
-1.775 0.93375
-1.75 0.925
-1.76 0.91625
-1.7575 0.925
-1.8025 0.93875
-1.6925 0.8925
-1.805 0.9375
-1.7425 0.92375
-1.775 0.9225
-1.7725 0.9275
-1.7625 0.92875
-1.655 0.88
-1.6975 0.87875
-1.7675 0.90375
-1.7775 0.93125
-1.725 0.9175
-1.7425 0.905
-1.7875 0.93
-1.7925 0.93625
-1.8125 0.94375
-1.7775 0.9225
-1.7975 0.93
-1.69 0.88625
-1.77 0.9325
-1.695 0.8725
-1.7275 0.9
-1.71 0.9075
-1.79 0.92375
-1.79 0.9325
-1.7925 0.94125
-1.76 0.92625
-1.78 0.9275
-1.735 0.9175
-1.77 0.915
-1.7475 0.92625
-1.8425 0.9575
-1.755 0.915
-1.7825 0.93125
-1.71 0.89125
-1.64 0.87625
-1.7225 0.9075
-1.74 0.90625
-1.765 0.9325
-1.7225 0.91125
-1.815 0.9425
-1.77 0.925
-1.73 0.88625
-1.725 0.905
-1.75 0.9075
-1.7575 0.9025
-1.7025 0.8825
-1.7675 0.92
-1.72 0.91
-1.7725 0.93625
-1.7175 0.8925
-1.7575 0.91875
-1.77 0.925
-1.74 0.905
-1.765 0.92
-1.69 0.86375
-1.645 0.8575
-1.73 0.8875
-1.7675 0.925
-1.76 0.91375
-1.7075 0.8975
-1.835 0.94875
-1.755 0.9175
-1.7575 0.92
-1.75 0.9225
-1.775 0.925
-1.7325 0.915
-1.7775 0.92125
-1.7275 0.915
-1.8225 0.95
-1.7425 0.9125
-1.725 0.90625
-1.7725 0.91
-1.7225 0.905
-1.765 0.9225
-1.7475 0.89625
-1.75 0.895
-1.7675 0.9125
-1.7325 0.89
-1.715 0.9
-1.725 0.91125
-1.805 0.93625
-1.6775 0.8825
-1.79 0.93125
-1.785 0.93
-1.75 0.9225
-1.7575 0.92375
-1.71 0.905
-1.7525 0.92
-1.79 0.93625
-1.7625 0.91
-1.7175 0.9025
-1.73 0.9025
-1.7425 0.91375
-1.84 0.94625
-1.795 0.93875
-1.7925 0.92875
-1.7775 0.92125
-1.755 0.91
-1.7475 0.9175
-1.715 0.90375
-1.735 0.90625
-1.805 0.93375
-1.7425 0.92
-1.8075 0.94125
-1.8525 0.95125
-1.7525 0.9175
-1.755 0.92
-1.73 0.91125
-1.7475 0.92875
-1.7925 0.93875
-1.6825 0.8975
-1.7625 0.91625
-1.7675 0.9225
-1.6575 0.87375
-1.7325 0.9075
-1.78 0.93625
-1.675 0.87375
-1.745 0.92125
-1.7625 0.92375
-1.7775 0.9325
-1.775 0.92125
-1.7025 0.90375
-1.8075 0.9425
-1.735 0.90875
-1.7475 0.9175
-1.7025 0.9
-1.74 0.905
-1.7075 0.8825
-1.795 0.92875
-1.7625 0.92125
-1.71 0.90625
-1.7175 0.905
-1.765 0.93
-1.775 0.90875
-1.695 0.87375
-1.7025 0.88375
-1.78 0.9325
-1.66 0.87
-1.7975 0.93625
-1.7675 0.92125
-1.675 0.88375
-1.7775 0.92125
-1.795 0.93625
-1.735 0.90625
-1.745 0.92
-1.8325 0.95
-1.7575 0.9225
-1.8325 0.94625
-1.7225 0.9125
-1.71 0.90875
-1.755 0.92875
-1.7775 0.925
-1.795 0.935
-1.725 0.90625
-1.815 0.94375
-1.815 0.9475
-1.79 0.93125
-1.75 0.90875
-1.755 0.92625
-1.745 0.9075
-1.8 0.9325
-1.755 0.90875
-1.765 0.92375
-1.7325 0.89875
-1.7575 0.9275
-1.8 0.9425
-1.83 0.9375
-1.7925 0.90625
-1.675 0.88125
-1.785 0.92625
-1.705 0.89375
-1.7525 0.91125
-1.84 0.9525
-1.745 0.91625
-1.745 0.9175
-1.7425 0.89875
-1.77 0.91375
-1.755 0.89625
-1.7525 0.91125
-1.7675 0.9225
-1.8 0.9325
-1.83 0.94125
-1.705 0.9
-1.7325 0.91375
-1.72 0.90875
-1.6275 0.87375
-1.6925 0.875
-1.77 0.91875
-1.635 0.8725
-1.715 0.8975
-1.7875 0.9225
-1.625 0.84875
-1.7175 0.8825
-1.755 0.915
-1.7925 0.9375
-1.7625 0.92125
-1.7925 0.94125
-1.7475 0.91625
-1.745 0.90875
-1.7925 0.93625
-1.765 0.92125
-1.8 0.93625
-1.745 0.9125
-1.7525 0.9175
-1.82 0.9425
-1.79 0.935
-1.7175 0.91125
-1.705 0.89375
-1.75 0.92
-1.7575 0.91875
-1.7075 0.9025
-1.7925 0.9425
-1.6775 0.86375
-1.78 0.93
-1.7325 0.9125
-1.63 0.865
-1.72 0.90375
-1.815 0.94125
-1.77 0.925
-1.7625 0.90625
-1.825 0.94375
-1.785 0.9375
-1.8 0.94125
-1.7775 0.92125
-1.7475 0.90875
-1.7725 0.905
-1.7675 0.9275
-1.765 0.925
-1.7825 0.91875
-1.815 0.945
-1.73 0.915
-1.7375 0.92375
-1.7375 0.91875
-1.7875 0.94
-1.7525 0.90625
-1.765 0.9225
-1.69 0.875
-1.805 0.93375
-1.73 0.91
-1.6675 0.8625
-1.795 0.9375
-1.7225 0.9
-1.76 0.93125
-1.76 0.92875
-1.7625 0.9275
-1.745 0.92375
-1.655 0.86
-1.7425 0.91625
-1.7725 0.915
-1.79 0.9325
-1.79 0.93875
-1.7425 0.91875
-1.76 0.9175
-1.7675 0.92
-1.7325 0.9025
-1.7 0.89375
-1.75 0.90625
-1.8225 0.945
-1.8 0.9375
-1.7725 0.92375
-1.7325 0.9225
-1.7775 0.93625
-1.8125 0.94375
-1.8275 0.94375
-1.6475 0.87625
-1.7875 0.92625
-1.76 0.9325
-1.78 0.91875
-1.7175 0.88875
-1.82 0.94625
-1.785 0.93125
-1.77 0.92625
-1.7825 0.93125
-1.6675 0.895
-1.79 0.935
-1.7475 0.9225
-1.78 0.9325
-1.7575 0.9175
-1.7475 0.9125
-1.76 0.92
-1.7425 0.885
-1.7825 0.8925
-1.7375 0.91125
-1.74 0.91
-1.75 0.915
-1.7825 0.93125
-1.7675 0.91625
-1.775 0.925
-1.76 0.92875
-1.7625 0.925
-1.7675 0.9275
-1.72 0.90125
-1.7325 0.90125
-1.6725 0.8725
-1.76 0.89625
-1.685 0.875
-1.7025 0.8975
-1.72 0.91
-1.745 0.91875
-1.695 0.90625
-1.6575 0.89
-1.715 0.905
-1.7375 0.905
-1.72 0.89125
-1.72 0.915
-1.755 0.92375
-1.7575 0.9225
-1.8 0.94
-1.7475 0.9125
-1.7225 0.89375
-1.805 0.94625
-1.825 0.9475
-1.7575 0.9175
-1.7375 0.915
-1.845 0.95625
-1.6975 0.89
-1.7375 0.89625
-1.7725 0.915
-1.7725 0.90875
-1.78 0.92
-1.82 0.94375
-1.7525 0.91625
-1.825 0.9425
-1.7525 0.9175
-1.7525 0.89625
-1.8 0.9425
-1.735 0.90875
-1.7625 0.9175
-1.7775 0.935
-1.7225 0.89375
-1.6925 0.89375
-1.71 0.88875
-1.72 0.90625
-1.7875 0.92125
-1.75 0.9075
-1.805 0.92875
-1.765 0.93375
-1.7125 0.9025
-1.78 0.92625
-1.695 0.91375
-1.78 0.93875
-1.7475 0.91125
-1.795 0.9425
-1.7525 0.91375
-1.7825 0.9225
-1.62 0.86875
-1.7875 0.93375
-1.8 0.93625
-1.6875 0.89375
-1.795 0.93375
-1.7775 0.925
-1.7925 0.92
-1.7825 0.9325
-1.6925 0.89625
-1.7475 0.9175
-1.79 0.94
-1.7125 0.89375
-1.6925 0.86125
-1.82 0.945
-1.745 0.9175
-1.6825 0.88625
-1.7225 0.8975
-1.735 0.91375
-1.73 0.91125
-1.73 0.90625
-1.72 0.895
-1.825 0.9425
-1.8225 0.95
-1.705 0.895
-1.8675 0.96375
-1.7225 0.91125
-1.72 0.9
-1.7625 0.90375
-1.69 0.8975
-1.745 0.91875
-1.685 0.88875
-1.8025 0.92125
-1.75 0.91375
-1.74 0.9
-1.745 0.9225
-1.7675 0.92375
-1.725 0.89625
-1.7775 0.92375
-1.7825 0.93625
-1.7675 0.93375
-1.84 0.9475
-1.785 0.9175
-1.7225 0.8975
-1.745 0.90625
-1.7575 0.9275
-1.79 0.93
-1.7625 0.92875
-1.7475 0.92
-1.8025 0.93625
-1.7 0.9
-1.735 0.90375
-1.7275 0.91125
-1.805 0.935
-1.775 0.935
-1.76 0.92875
-1.765 0.92875
-1.69 0.895
-1.73 0.915
-1.745 0.91875
-1.785 0.92375
-1.8175 0.94625
-1.8 0.9275
-1.755 0.90875
-1.75 0.91875
-1.715 0.89875
-1.6825 0.89
-1.7525 0.91625
-1.7425 0.9125
-1.7475 0.9175
-1.76 0.90375
-1.7425 0.915
-1.8275 0.945
-1.7775 0.92625
-1.795 0.93125
-1.815 0.93625
-1.7025 0.89625
-1.7175 0.90375
-1.71 0.89875
-1.755 0.8875
-1.7725 0.93375
-1.85 0.95375
-1.73 0.905
-1.7925 0.94
-1.7375 0.91375
-1.7675 0.90875
-1.7725 0.92875
-1.81 0.94125
-1.7825 0.93
-1.7675 0.92875
-1.75 0.9225
-1.8 0.9375
-1.745 0.92625
-1.745 0.91625
-1.795 0.94
-1.7375 0.90375
-1.775 0.915
-1.775 0.9275
-1.7325 0.9
-1.77 0.92625
-1.725 0.90625
-1.7825 0.92375
-1.855 0.93625
-1.7525 0.905
-1.71 0.895
-1.76 0.9275
-1.7425 0.91125
-1.8075 0.94125
-1.705 0.90375
-1.75 0.925
-1.715 0.8975
-1.79 0.93
-1.7425 0.915
-1.75 0.92125
-1.815 0.9375
-1.795 0.92875
-1.6825 0.885
-1.7 0.90375
-1.665 0.86625
-1.6625 0.85625
-1.71 0.905
-1.7675 0.92125
-1.75 0.92375
-1.7625 0.91375
-1.795 0.92875
-1.74 0.91375
-1.8025 0.94125
-1.74 0.92125
-1.72 0.88875
-1.725 0.905
-1.78 0.93375
-1.8225 0.94625
-1.7675 0.93125
-1.6775 0.89375
-1.7425 0.92
-1.7725 0.93125
-1.72 0.91375
-1.67 0.9
-1.75 0.9175
-1.7425 0.91375
-1.82 0.94875
-1.7725 0.9275
-1.8175 0.95
-1.86 0.96
-1.6875 0.9025
-1.76 0.9275
-1.75 0.92125
-1.745 0.92375
-1.8175 0.9325
-1.7525 0.92
-1.7425 0.915
-1.735 0.9025
-1.765 0.925
-1.775 0.92625
-1.7475 0.9025
-1.72 0.89875
-1.6675 0.88375
-1.7425 0.92
-1.7325 0.90875
-1.705 0.8875
-1.795 0.92375
-1.64 0.87125
-1.77 0.91375
-1.6775 0.89125
-1.745 0.91625
-1.755 0.91875
-1.8275 0.95
-1.79 0.92625
-1.765 0.92625
-1.7 0.9075
-1.7675 0.925
-1.8 0.93
-1.7825 0.935
-1.735 0.9
-1.77 0.92875
-1.785 0.935
-1.7775 0.93375
-1.755 0.9275
-1.7925 0.9275
-1.6675 0.86
-1.65 0.865
-1.775 0.9225
-1.7275 0.89375
-1.705 0.90125
-1.7275 0.9125
-1.685 0.8925
-1.8075 0.925
-1.8075 0.92375
-1.7825 0.92625
-1.7575 0.9
-1.7325 0.8975
-1.74 0.915
-1.79 0.915
-1.7225 0.89625
-1.75 0.91125
-1.8075 0.945
-1.7175 0.915
-1.7375 0.90125
-1.7575 0.925
-1.7075 0.895
-1.8075 0.93875
-1.7825 0.92375
-1.795 0.94
-1.8275 0.94375
-1.7875 0.9375
-1.7075 0.8975
-1.775 0.92375
-1.8225 0.94375
-1.735 0.92
-1.71 0.88875
-1.8075 0.93625
-1.72 0.90875
-1.635 0.8675
-1.6575 0.87
-1.7575 0.91375
-1.72 0.90625
-1.7825 0.93
-1.8125 0.93625
-1.775 0.92875
-1.71 0.9
-1.7825 0.925
-1.74 0.915
-1.71 0.89625
-1.7525 0.92625
-1.8575 0.9625
-1.6975 0.90125
-1.7375 0.91875
-1.675 0.87375
-1.8 0.93375
-1.79 0.92625
-1.8 0.93875
-1.77 0.9275
-1.77 0.915
-1.715 0.9
-1.7075 0.8725
-1.6525 0.825
-1.7175 0.865
-1.6875 0.8825
-1.71 0.88375
-1.7975 0.925
-1.7575 0.915
-1.7675 0.925
-1.7475 0.90625
-1.71 0.8975
-1.81 0.9375
-1.8025 0.9375
-1.7575 0.9175
-1.73 0.89875
-1.7525 0.9075
-1.7525 0.915
-1.7925 0.93625
-1.78 0.93875
-1.8 0.92875
-1.7575 0.92125
-1.805 0.94375
-1.7825 0.93125
-1.775 0.925
-1.7525 0.92125
-1.79 0.9375
-1.7775 0.90625
-1.8075 0.9475
-1.7575 0.92
-1.7475 0.9225
-1.725 0.9125
-1.7475 0.91375
-1.7475 0.92375
-1.7475 0.89875
-1.685 0.87375
-1.6375 0.8575
-1.745 0.9125
-1.7475 0.91875
-1.7725 0.92625
-1.685 0.88125
-1.7475 0.91875
-1.755 0.91875
-1.7825 0.93
-1.68 0.86625
-1.735 0.9125
-1.765 0.92125
-1.8175 0.94375
-1.745 0.90625
-1.6975 0.8975
-1.775 0.9225
-1.71 0.89625
-1.735 0.9075
-1.7625 0.915
-1.69 0.88875
-1.7275 0.9125
-1.8075 0.9425
-1.77 0.93
-1.6925 0.8675
-1.7175 0.86375
-1.78 0.93
-1.61 0.87125
-1.7675 0.905
-1.7175 0.89875
-1.6875 0.8825
-1.6825 0.88
-1.625 0.87
-1.7425 0.90125
-1.7 0.885
-1.7225 0.91125
-1.7 0.87875
-1.7525 0.9175
-1.765 0.93
-1.7575 0.91625
-1.6725 0.89
-1.72 0.895
-1.77 0.92625
-1.6975 0.88875
-1.845 0.955
-1.75 0.92375
-1.725 0.90625
-1.7575 0.92375
-1.79 0.935
-1.6575 0.8825
-1.7875 0.92125
-1.725 0.91625
-1.7525 0.91125
-1.7425 0.91625
-1.725 0.91875
-1.7825 0.92875
-1.8375 0.9475
-1.8125 0.94
-1.7825 0.93375
-1.755 0.9325
-1.82 0.945
-1.7725 0.9325
-1.7825 0.935
-1.7325 0.91625
-1.7675 0.92625
-1.77 0.93125
-1.7425 0.92125
-1.7975 0.92375
-1.7325 0.8925
-1.715 0.885
-1.7475 0.9225
-1.785 0.93875
-1.6725 0.88875
-1.76 0.9125
-1.6975 0.88875
-1.835 0.94875
-1.84 0.94875
-1.7725 0.92375
-1.72 0.895
-1.7675 0.92625
-1.805 0.9325
-1.6825 0.87375
-1.74 0.9175
-1.7875 0.92875
-1.79 0.93
-1.7925 0.92875
-1.7525 0.90875
-1.825 0.94125
-1.7975 0.9425
-1.77 0.93375
-1.76 0.92375
-1.7575 0.90375
-1.795 0.93625
-1.715 0.9125
-1.7475 0.8975
-1.6675 0.8575
-1.7575 0.91
-1.7775 0.92875
-1.7875 0.93375
-1.745 0.91625
-1.71 0.89625
-1.6925 0.86125
-1.7225 0.91
-1.8175 0.94375
-1.7 0.8925
-1.755 0.92125
-1.79 0.93
-1.775 0.925
-1.7425 0.91375
-1.8025 0.93375
-1.8025 0.9325
-1.8125 0.9325
-1.7775 0.93875
-1.7675 0.92125
-1.765 0.9225
-1.74 0.92
-1.7425 0.9
-1.8775 0.96
-1.7675 0.92625
-1.78 0.92875
-1.7675 0.91875
-1.71 0.90875
-1.7625 0.9175
-1.8 0.94125
-1.7 0.9
-1.73 0.9125
-1.8025 0.94
-1.74 0.9125
-1.76 0.915
-1.7975 0.92875
-1.72 0.89875
-1.7575 0.915
-1.6975 0.905
-1.7475 0.9175
-1.8125 0.935
-1.7825 0.9275
-1.7225 0.89875
-1.69 0.89625
-1.755 0.91625
-1.705 0.8925
-1.7825 0.925
-1.7175 0.91125
-1.7625 0.925
-1.7125 0.9025
-1.83 0.9475
-1.8175 0.945
-1.7425 0.91125
-1.76 0.90625
-1.7425 0.91375
-1.8025 0.93125
-1.775 0.93125
-1.76 0.9275
-1.655 0.88
-1.685 0.875
-1.725 0.885
-1.78 0.93625
-1.7825 0.925
-1.7975 0.92125
-1.75 0.92125
-1.8075 0.9425
-1.7225 0.9175
-1.7775 0.92375
-1.8425 0.955
-1.7325 0.8925
-1.8125 0.945
-1.705 0.91125
-1.7325 0.92
-1.7425 0.91625
-1.745 0.91
-1.645 0.85125
-1.785 0.9225
-1.7825 0.9225
-1.74 0.89625
-1.7725 0.925
-1.8125 0.9425
-1.7525 0.92625
-1.7525 0.915
-1.67 0.885
-1.7975 0.9275
-1.765 0.92375
-1.74 0.91125
-1.7625 0.92
-1.745 0.92125
-1.7325 0.9175
-1.79 0.93125
-1.7525 0.925
-1.72 0.9025
-1.8025 0.915
-1.7425 0.91375
-1.735 0.91625
-1.765 0.9275
-1.695 0.89125
-1.665 0.8825
-1.7825 0.9275
-1.7325 0.87625
-1.6525 0.8175
-1.7325 0.87625
-1.7475 0.9125
-1.7275 0.905
-1.7775 0.93625
-1.835 0.955
-1.7675 0.915
-1.85 0.9575
-1.835 0.95125
-1.775 0.92875
-1.755 0.92875
-1.7525 0.91875
-1.7725 0.92875
-1.755 0.9275
-1.795 0.935
-1.75 0.8975
-1.6475 0.80375
-1.675 0.855
-1.71 0.855
-1.685 0.84125
-1.74 0.89875
-1.755 0.89875
-1.6875 0.87125
-1.7475 0.89375
-1.75 0.92
-1.7375 0.915
-1.6925 0.88375
-1.7275 0.9
-1.7125 0.88
-1.7525 0.915
-1.79 0.9125
-1.76 0.92
-1.76 0.91625
-1.7225 0.91
-1.755 0.91
-1.6875 0.88375
-1.7575 0.92625
-1.7775 0.93125
-1.765 0.9275
-1.715 0.91125
-1.775 0.91875
-1.7725 0.92875
-1.76 0.92
-1.73 0.91125
-1.735 0.90125
-1.7175 0.89875
-1.785 0.92625
-1.805 0.935
-1.7825 0.9225
-1.6975 0.9
-1.785 0.93
-1.74 0.92
-1.7975 0.9375
-1.735 0.91875
-1.775 0.93375
-1.7975 0.93625
-1.8075 0.93875
-1.6875 0.86625
-1.72 0.90125
-1.74 0.91125
-1.75 0.92375
-1.7 0.89125
-1.7525 0.915
-1.7125 0.90625
-1.7875 0.9375
-1.7225 0.9025
-1.8125 0.94
-1.71 0.88875
-1.7425 0.90875
-1.7625 0.9275
-1.84 0.95625
-1.7525 0.91625
-1.77 0.91625
-1.7325 0.9025
-1.7375 0.89875
-1.73 0.90375
-1.715 0.905
-1.7775 0.92375
-1.825 0.94625
-1.815 0.9475
-1.7775 0.925
-1.79 0.9375
-1.72 0.91125
-1.8025 0.94625
-1.775 0.935
-1.69 0.87125
-1.7975 0.93
-1.7775 0.93375
-1.745 0.9175
-1.6975 0.89625
-1.7575 0.9025
-1.7825 0.9125
-1.75 0.9
-1.745 0.91375
-1.7125 0.90125
-1.71 0.89875
-1.7275 0.91375
-1.7825 0.92375
-1.6875 0.8775
-1.755 0.92125
-1.7575 0.9175
-1.7225 0.9
-1.7475 0.92375
-1.745 0.905
-1.7925 0.93875
-1.7975 0.94125
-1.8025 0.93125
-1.735 0.89875
-1.8225 0.93875
-1.775 0.9325
-1.755 0.915
-1.7725 0.93
-1.735 0.9125
-1.705 0.88625
-1.7475 0.9075
-1.71 0.89875
-1.705 0.9025
-1.785 0.93125
-1.7375 0.90875
-1.6875 0.9
-1.7825 0.925
-1.7875 0.93875
-1.72 0.91375
-1.715 0.88625
-1.815 0.94375
-1.795 0.935
-1.795 0.935
-1.6725 0.89
-1.7425 0.90875
-1.7675 0.92375
-1.7475 0.91375
-1.7425 0.91875
-1.8 0.9325
-1.7575 0.895
-1.685 0.89125
-1.7275 0.905
-1.705 0.89125
-1.7675 0.9275
-1.7475 0.9075
-1.7075 0.89
-1.665 0.865
-1.7975 0.92375
-1.81 0.9425
-1.775 0.92
-1.7525 0.92375
-1.7725 0.92375
-1.7725 0.91875
-1.68 0.88125
-1.7425 0.915
-1.695 0.8875
-1.7775 0.93
-1.7325 0.9
-1.6775 0.89
-1.74 0.89125
-1.7025 0.87625
-1.67 0.86625
-1.6725 0.865
-1.7225 0.8775
-1.79 0.91125
-1.69 0.89375
-1.7725 0.92125
-1.7175 0.90375
-1.7125 0.8875
-1.765 0.89625
-1.8 0.93625
-1.775 0.9275
-1.775 0.91875
-1.6875 0.88375
-1.74 0.9025
-1.6975 0.865
-1.7575 0.89625
-1.6975 0.8825
-1.75 0.915
-1.6175 0.83125
-1.785 0.92625
-1.7525 0.92
-1.72 0.9075
-1.76 0.92125
-1.7525 0.92125
-1.8275 0.94875
-1.7325 0.91
-1.675 0.86625
-1.7025 0.8875
-1.7075 0.90625
-1.68 0.8675
-1.625 0.8375
-1.745 0.90625
-1.5925 0.83
-1.75 0.8925
-1.7525 0.90625
-1.7225 0.91125
-1.775 0.9275
-1.705 0.88125
-1.795 0.9175
-1.77 0.92875
-1.7725 0.93625
-1.7375 0.92125
-1.725 0.905
-1.8 0.9375
-1.7125 0.9075
-1.8025 0.93
-1.7475 0.92125
-1.765 0.93125
-1.765 0.9275
-1.815 0.94375
-1.7775 0.92375
-1.7725 0.90375
-1.715 0.905
-1.725 0.915
-1.76 0.91125
-1.7775 0.91375
-1.765 0.9325
-1.785 0.9275
-1.84 0.94625
-1.78 0.9275
-1.7825 0.925
-1.82 0.93
-1.735 0.91125
-1.79 0.91125
-1.755 0.92625
-1.7475 0.9225
-1.775 0.925
-1.76 0.93
-1.705 0.89375
-1.7825 0.9325
-1.715 0.9
-1.795 0.9325
-1.7975 0.9375
-1.7675 0.9225
-1.7 0.89625
-1.77 0.9225
-1.7425 0.89875
-1.76 0.89625
-1.76 0.92
-1.7175 0.895
-1.7875 0.9325
-1.7025 0.89375
-1.7925 0.93875
-1.79 0.92625
-1.7 0.9
-1.735 0.915
-1.7775 0.935
-1.775 0.90875
-1.845 0.96
-1.7375 0.90375
-1.7075 0.88125
-1.7325 0.905
-1.7925 0.93625
-1.78 0.9275
-1.7925 0.92875
-1.7225 0.91625
-1.76 0.91625
-1.7725 0.9125
-1.7375 0.90625
-1.6525 0.875
-1.7475 0.91375
-1.8175 0.94125
-1.8225 0.94875
-1.7725 0.93125
-1.7425 0.91375
-1.75 0.89375
-1.8125 0.9375
-1.7075 0.8775
-1.6575 0.8625
-1.73 0.88625
-1.7875 0.9175
-1.7725 0.935
-1.795 0.93
-1.8075 0.94125
-1.735 0.91375
-1.7675 0.92625
-1.7025 0.89
-1.8025 0.92875
-1.76 0.92375
-1.76 0.92375
-1.79 0.93
-1.7575 0.91125
-1.7725 0.9225
-1.6775 0.86125
-1.7425 0.9125
-1.795 0.935
-1.68 0.89125
-1.7375 0.90625
-1.755 0.90625
-1.6975 0.90375
-1.7425 0.91875
-1.7675 0.91875
-1.79 0.93375
-1.835 0.94875
-1.7 0.9
-1.7925 0.93125
-1.7125 0.90375
-1.76 0.92625
-1.715 0.89375
-1.715 0.89
-1.7425 0.90375
-1.7525 0.915
-1.685 0.87375
-1.765 0.92375
-1.7325 0.90875
-1.7175 0.91125
-1.8 0.9475
-1.8375 0.94375
-1.81 0.9325
-1.8125 0.94875
-1.735 0.9075
-1.72 0.88625
-1.735 0.89875
-1.7475 0.92125
-1.715 0.90625
-1.75 0.92375
-1.74 0.92375
-1.7525 0.90375
-1.715 0.895
-1.7175 0.87625
-1.7225 0.8825
-1.77 0.9225
-1.7675 0.92375
-1.7775 0.9325
-1.7275 0.9
-1.77 0.93
-1.81 0.94125
-1.765 0.93
-1.685 0.8675
-1.74 0.91625
-1.745 0.92
-1.7725 0.9275
-1.7675 0.9175
-1.795 0.93625
-1.775 0.905
-1.6825 0.85125
-1.7625 0.88125
-1.715 0.89875
-1.7775 0.91125
-1.7425 0.91875
