-1.4425 0.6825
-1.43 0.70125
-1.4225 0.675
-1.4775 0.67
-1.435 0.635
-1.455 0.61625
-1.4775 0.63625
-1.4975 0.6775
-1.41 0.67875
-1.48 0.6675
-1.4625 0.70375
-1.495 0.75
-1.4925 0.74125
-1.505 0.765
-1.5575 0.82
-1.48 0.77875
-1.4675 0.7375
-1.485 0.74875
-1.5425 0.8175
-1.55 0.8375
-1.5825 0.8425
-1.6675 0.89
-1.6375 0.86875
-1.615 0.845
-1.5775 0.84125
-1.5375 0.84
-1.6 0.85375
-1.57 0.83
-1.4925 0.7575
-1.4775 0.73125
-1.5275 0.75875
-1.55 0.78
-1.6 0.85125
-1.62 0.85125
-1.61 0.8575
-1.5525 0.8325
-1.58 0.815
-1.4825 0.7675
-1.5325 0.8075
-1.535 0.80125
-1.58 0.8075
-1.6 0.8575
-1.64 0.86875
-1.5725 0.8325
-1.55 0.82
-1.53 0.805
-1.6425 0.87
-1.67 0.87
-1.5625 0.81625
-1.475 0.76375
-1.495 0.73125
-1.5975 0.79625
-1.545 0.79
-1.6075 0.8375
-1.5925 0.8375
-1.4825 0.805
-1.625 0.8475
-1.555 0.77625
-1.5825 0.78125
-1.565 0.7875
-1.5475 0.7675
-1.4625 0.75125
-1.605 0.83125
-1.5775 0.82
-1.5 0.755
-1.51 0.8125
-1.675 0.8875
-1.61 0.84875
-1.5875 0.79875
-1.485 0.7675
-1.54 0.7975
-1.5175 0.7825
-1.5925 0.84375
-1.6675 0.89125
-1.6 0.85375
-1.495 0.77125
-1.515 0.77875
-1.4325 0.73625
-1.5075 0.77625
-1.55 0.80375
-1.5275 0.79125
-1.4375 0.72375
-1.525 0.75
-1.5725 0.84375
-1.6125 0.86125
-1.6225 0.855
-1.63 0.85375
-1.5575 0.815
-1.71 0.90625
-1.535 0.82125
-1.4875 0.79125
-1.5775 0.8375
-1.59 0.84625
-1.5775 0.84
-1.5 0.76625
-1.5325 0.79375
-1.49 0.76125
-1.485 0.76625
-1.5775 0.79625
-1.5125 0.79875
-1.5075 0.78625
-1.465 0.685
-1.505 0.7375
-1.535 0.78625
-1.495 0.775
-1.59 0.8375
-1.58 0.80875
-1.4725 0.73625
-1.59 0.815
-1.6 0.84875
-1.5975 0.84875
-1.5475 0.80625
-1.58 0.83375
-1.5375 0.76125
-1.4625 0.715
-1.6075 0.7675
-1.56 0.785
-1.61 0.8425
-1.495 0.8
-1.5275 0.79875
-1.61 0.8175
-1.465 0.7575
-1.45 0.685
-1.5 0.7675
-1.6125 0.82625
-1.5425 0.75625
-1.56 0.76875
-1.54 0.74125
-1.5275 0.77
-1.51 0.74375
-1.5475 0.7925
-1.6 0.8325
-1.5625 0.83375
-1.6575 0.86375
-1.515 0.7725
-1.5625 0.8
-1.5975 0.82
-1.545 0.785
-1.6 0.83875
-1.6 0.79
-1.5525 0.7625
-1.6175 0.775
-1.55 0.79
-1.5375 0.8075
-1.55 0.8175
-1.6125 0.86375
-1.5675 0.82
-1.4925 0.76125
-1.3875 0.70125
-1.45 0.78
-1.5975 0.85125
-1.605 0.86
-1.615 0.85625
-1.52 0.74
-1.425 0.68875
-1.455 0.66375
-1.4175 0.6525
-1.535 0.735
-1.575 0.775
-1.605 0.8125
-1.62 0.85
-1.495 0.8175
-1.605 0.8175
-1.545 0.74
-1.47 0.76125
-1.51 0.785
-1.455 0.75375
-1.48 0.73375
-1.4225 0.73625
-1.555 0.825
-1.655 0.8825
-1.64 0.87625
-1.6025 0.86125
-1.6075 0.85875
-1.61 0.84125
-1.6025 0.8275
-1.5775 0.80875
-1.5875 0.81375
-1.4675 0.7275
-1.5275 0.78375
-1.4225 0.71875
-1.5825 0.77875
-1.4975 0.65875
-1.4775 0.645
-1.51 0.69
-1.515 0.66625
-1.5075 0.69625
-1.4425 0.62875
-1.4 0.57625
-1.375 0.58375
-1.445 0.53625
-1.4525 0.69375
-1.585 0.76375
-1.5775 0.76125
-1.505 0.815
-1.5575 0.7475
-1.6375 0.82375
-1.5975 0.83125
-1.52 0.78875
-1.5925 0.8325
-1.58 0.79875
-1.635 0.87125
-1.5875 0.86125
-1.6175 0.85875
-1.4925 0.8175
-1.5475 0.79125
-1.4925 0.74
-1.4725 0.74375
-1.4475 0.78625
-1.48 0.7875
-1.535 0.7925
-1.495 0.78375
-1.4625 0.7325
-1.5425 0.81375
-1.5725 0.81625
-1.5225 0.765
-1.5825 0.81125
-1.555 0.78
-1.5525 0.8125
-1.5925 0.835
-1.73 0.9125
-1.5175 0.8025
-1.4525 0.74875
-1.555 0.7975
-1.5575 0.83
-1.4725 0.75
-1.55 0.81625
-1.5 0.7975
-1.5425 0.80875
-1.58 0.78125
-1.535 0.75375
-1.6075 0.8025
-1.565 0.82125
-1.5525 0.81875
-1.625 0.87
-1.6025 0.8375
-1.5725 0.835
-1.6025 0.86625
-1.57 0.81625
-1.5225 0.77875
-1.6275 0.8525
-1.56 0.84625
-1.615 0.86625
-1.5525 0.80875
-1.5675 0.83
-1.5025 0.76875
-1.555 0.81375
-1.6625 0.86
-1.6 0.84125
-1.5775 0.8375
-1.5725 0.8275
-1.6725 0.9
-1.5975 0.8375
-1.5275 0.77125
-1.585 0.78
-1.63 0.83375
-1.665 0.86375
-1.6825 0.8925
-1.5975 0.8375
-1.545 0.785
-1.5975 0.81125
-1.6175 0.85375
-1.6525 0.87125
-1.58 0.85
-1.57 0.825
-1.45 0.74625
-1.575 0.81125
-1.4675 0.72375
-1.535 0.77625
-1.4575 0.7475
-1.6375 0.87625
-1.6 0.8325
-1.5125 0.79375
-1.5375 0.8275
-1.62 0.82625
-1.5775 0.82625
-1.5925 0.82625
-1.4725 0.76125
-1.475 0.72625
-1.5125 0.74125
-1.5625 0.78125
-1.67 0.87375
-1.6475 0.8875
-1.645 0.84875
-1.675 0.88625
-1.4875 0.77
-1.465 0.78875
-1.6025 0.79375
-1.4725 0.70125
-1.4825 0.65125
-1.3725 0.61125
-1.4925 0.5725
-1.385 0.5425
-1.54 0.5625
-1.3725 0.49375
-1.39 0.485
-1.45 0.57875
-1.4775 0.47375
-1.31 0.37
-1.41 0.50875
-1.5125 0.585
-1.515 0.62
-1.4375 0.64125
-1.4575 0.5825
-1.5225 0.63125
-1.53 0.64875
-1.45 0.60875
-1.54 0.65625
-1.545 0.7075
-1.4625 0.67125
-1.4975 0.6775
-1.52 0.71625
-1.3175 0.6125
-1.465 0.72375
-1.4525 0.705
-1.56 0.73125
-1.4725 0.76
-1.61 0.805
-1.47 0.74
-1.49 0.79875
-1.6575 0.87875
-1.63 0.86625
-1.6275 0.86625
-1.54 0.81625
-1.5975 0.795
-1.5125 0.79125
-1.5175 0.76
-1.47 0.775
-1.4925 0.77625
-1.62 0.855
-1.685 0.88625
-1.4925 0.77375
-1.49 0.81125
-1.5575 0.795
-1.6375 0.87625
-1.5225 0.82625
-1.5925 0.8075
-1.605 0.82875
-1.62 0.8125
-1.595 0.84375
-1.475 0.7425
-1.5225 0.74125
-1.465 0.70125
-1.5175 0.78875
-1.605 0.83125
-1.5925 0.85625
-1.6225 0.87625
-1.6 0.8625
-1.5175 0.79375
-1.525 0.8275
-1.4375 0.74125
-1.485 0.7825
-1.495 0.7925
-1.59 0.8275
-1.5325 0.82625
-1.6175 0.875
-1.53 0.8075
-1.6125 0.85
-1.625 0.8725
-1.6325 0.8475
-1.48 0.73
-1.6075 0.83625
-1.655 0.875
-1.5325 0.80375
-1.64 0.86
-1.6975 0.89
-1.6425 0.8825
-1.7125 0.8925
-1.7025 0.8925
-1.5875 0.83
-1.57 0.8325
-1.6175 0.8775
-1.56 0.81875
-1.425 0.7375
-1.525 0.79125
-1.4975 0.73375
-1.4325 0.72125
-1.5175 0.7275
-1.5225 0.8025
-1.5 0.8075
-1.5925 0.82125
-1.6075 0.84875
-1.63 0.85125
-1.6525 0.875
-1.675 0.87375
-1.5675 0.83875
-1.65 0.83875
-1.5725 0.81
-1.5625 0.83875
-1.455 0.76875
-1.505 0.79375
-1.635 0.875
-1.5875 0.8225
-1.5325 0.75375
-1.4025 0.6975
-1.49 0.6575
-1.515 0.72875
-1.5375 0.7725
-1.4875 0.735
-1.505 0.75
-1.5875 0.8275
-1.5025 0.78125
-1.595 0.8075
-1.5825 0.80375
-1.53 0.825
-1.6575 0.8625
-1.535 0.8325
-1.6075 0.83625
-1.595 0.82375
-1.575 0.8225
-1.4575 0.7575
-1.48 0.78375
-1.58 0.80875
-1.5725 0.80375
-1.5075 0.77125
-1.6025 0.83375
-1.59 0.81
-1.6075 0.78625
-1.5525 0.80875
-1.535 0.825
-1.585 0.84125
-1.5475 0.80625
-1.6375 0.855
-1.5525 0.79
-1.49 0.77375
-1.5525 0.775
-1.5375 0.77875
-1.4 0.69
-1.425 0.70125
-1.52 0.73125
-1.5475 0.79
-1.5625 0.8175
-1.5275 0.78875
-1.665 0.8075
-1.56 0.74125
-1.6025 0.8
-1.5575 0.8175
-1.43 0.7625
-1.51 0.77625
-1.565 0.805
-1.575 0.83
-1.5925 0.8475
-1.6075 0.8375
-1.5675 0.83
-1.545 0.79375
-1.56 0.75625
-1.5875 0.7975
-1.575 0.77625
-1.5375 0.81375
-1.6375 0.85375
-1.54 0.78
-1.5875 0.825
-1.575 0.8225
-1.535 0.79875
-1.52 0.75875
-1.545 0.77375
-1.615 0.79125
-1.5125 0.76375
-1.5125 0.75
-1.5575 0.755
-1.5475 0.76375
-1.625 0.84375
-1.6625 0.8375
-1.5525 0.7775
-1.5025 0.77125
-1.51 0.7475
-1.505 0.74125
-1.5 0.78875
-1.5275 0.8175
-1.545 0.71875
-1.5825 0.81125
-1.555 0.83875
-1.5625 0.835
-1.61 0.82875
-1.5475 0.81375
-1.545 0.78625
-1.5925 0.8275
-1.5275 0.82125
-1.6175 0.85375
-1.655 0.87875
-1.6575 0.88375
-1.6575 0.88125
-1.6275 0.87
-1.575 0.83125
-1.56 0.85125
-1.51 0.7875
-1.4425 0.74625
-1.5675 0.81125
-1.5525 0.81125
-1.5675 0.795
-1.475 0.76
-1.4825 0.795
-1.6275 0.85125
-1.565 0.8175
-1.59 0.8425
-1.53 0.82375
-1.5675 0.83125
-1.62 0.84875
-1.655 0.87
-1.635 0.84125
-1.5775 0.8125
-1.5525 0.7575
-1.59 0.8125
-1.455 0.71625
-1.5925 0.80375
-1.5725 0.8125
-1.64 0.8425
-1.57 0.82
-1.5725 0.8075
-1.5875 0.8025
-1.5625 0.8025
-1.5225 0.78125
-1.48 0.73875
-1.5175 0.725
-1.5125 0.75625
-1.41 0.685
-1.5125 0.785
-1.5025 0.79125
-1.4175 0.72625
-1.38 0.68
-1.555 0.78625
-1.5 0.73125
-1.5525 0.73625
-1.56 0.7725
-1.485 0.75625
-1.5125 0.775
-1.565 0.825
-1.5325 0.7825
-1.5525 0.82625
-1.56 0.825
-1.5425 0.79
-1.58 0.8125
-1.515 0.735
-1.585 0.78875
-1.5225 0.80125
-1.5175 0.7925
-1.4325 0.76625
-1.5175 0.77
-1.64 0.8525
-1.5575 0.78375
-1.495 0.73625
-1.365 0.58875
-1.41 0.6475
-1.5 0.69875
-1.55 0.755
-1.44 0.69125
-1.55 0.76375
-1.5775 0.75375
-1.6025 0.79
-1.48 0.76125
-1.4175 0.71625
-1.455 0.7
-1.5025 0.745
-1.535 0.81625
-1.5575 0.825
-1.5925 0.84875
-1.595 0.81
-1.475 0.76125
-1.565 0.82625
-1.525 0.795
-1.57 0.82
-1.535 0.82125
-1.5275 0.7925
-1.5325 0.775
-1.52 0.76125
-1.5175 0.805
-1.5975 0.85125
-1.63 0.85125
-1.595 0.8525
-1.5525 0.82875
-1.6525 0.87625
-1.625 0.8675
-1.545 0.78875
-1.5725 0.815
-1.59 0.81625
-1.6625 0.85
-1.4825 0.78625
-1.515 0.77125
-1.66 0.85625
-1.6125 0.855
-1.59 0.8475
-1.55 0.8125
-1.515 0.8
-1.5775 0.84
-1.6025 0.81
-1.5325 0.755
-1.4925 0.73125
-1.4525 0.73875
-1.62 0.85
-1.6225 0.86125
-1.5375 0.835
-1.515 0.77875
-1.605 0.82125
-1.5925 0.8375
-1.5675 0.7725
-1.5925 0.7925
-1.4725 0.7075
-1.4225 0.61375
-1.43 0.59125
-1.4775 0.68625
-1.45 0.655
-1.485 0.68875
-1.5475 0.7775
-1.5175 0.7525
-1.5675 0.76125
-1.5825 0.69
-1.4875 0.70375
-1.545 0.67875
-1.4725 0.67125
-1.43 0.625
-1.3975 0.6325
-1.525 0.70375
-1.5525 0.725
-1.5025 0.66875
-1.495 0.7175
-1.415 0.6725
-1.5275 0.76875
-1.5175 0.8
-1.6475 0.86125
-1.6025 0.83375
-1.6175 0.84125
-1.6425 0.87125
-1.5675 0.82625
-1.62 0.81125
-1.5 0.745
-1.505 0.77875
-1.54 0.8325
-1.595 0.845
-1.595 0.835
-1.57 0.8375
-1.5575 0.81875
-1.54 0.77875
-1.5825 0.8025
-1.65 0.8375
-1.525 0.81375
-1.655 0.855
-1.47 0.8
-1.645 0.8625
-1.57 0.83
-1.6275 0.84
-1.57 0.815
-1.535 0.80375
-1.6525 0.8625
-1.52 0.825
-1.5375 0.82125
-1.655 0.88125
-1.6625 0.8575
-1.5825 0.845
-1.615 0.875
-1.605 0.8175
-1.54 0.84
-1.6375 0.845
-1.59 0.80875
-1.46 0.74375
-1.525 0.785
-1.5775 0.81125
-1.4975 0.74
-1.6125 0.8225
-1.5625 0.83625
-1.5825 0.7975
-1.51 0.805
-1.5575 0.8225
-1.5 0.77625
-1.5325 0.79625
-1.535 0.8175
-1.5375 0.75875
-1.5625 0.8075
-1.5025 0.79
-1.5125 0.785
-1.4325 0.66125
-1.4375 0.67125
-1.5075 0.7175
-1.58 0.81875
-1.615 0.845
-1.7375 0.9125
-1.675 0.88
-1.515 0.80875
-1.5475 0.81375
-1.6125 0.83375
-1.6175 0.855
-1.5175 0.8175
-1.595 0.7975
-1.5125 0.7875
-1.5675 0.80625
-1.575 0.8075
-1.5975 0.8225
-1.48 0.785
-1.5425 0.7775
-1.4825 0.69125
-1.3875 0.68875
-1.6 0.83875
-1.57 0.845
-1.6275 0.875
-1.5725 0.79125
-1.6225 0.815
-1.5225 0.78125
-1.5375 0.78125
-1.51 0.7275
-1.505 0.69625
-1.465 0.70125
-1.53 0.73
-1.4875 0.74375
-1.485 0.70375
-1.535 0.77375
-1.4575 0.7375
-1.5725 0.8175
-1.665 0.88
-1.5575 0.845
-1.5225 0.82375
-1.6475 0.86375
-1.5775 0.84875
-1.625 0.86375
-1.535 0.81375
-1.615 0.85875
-1.58 0.84125
-1.675 0.86875
-1.52 0.80375
-1.59 0.8625
-1.5825 0.83625
-1.585 0.855
-1.6 0.85
-1.605 0.86125
-1.56 0.84
-1.585 0.835
-1.5725 0.83875
-1.6125 0.835
-1.6325 0.83375
-1.6 0.83125
-1.5825 0.825
-1.565 0.79375
-1.5525 0.815
-1.5975 0.855
-1.58 0.84
-1.5275 0.80375
-1.4675 0.78625
-1.4925 0.76125
-1.5 0.77875
-1.45 0.70625
-1.62 0.845
-1.515 0.80875
-1.505 0.78875
-1.495 0.7725
-1.4575 0.7175
-1.4525 0.7275
-1.4675 0.69
-1.5775 0.8
-1.605 0.84375
-1.6175 0.84625
-1.6125 0.845
-1.5475 0.8325
-1.5925 0.8325
-1.6075 0.825
-1.5825 0.8275
-1.63 0.87625
-1.6325 0.88
-1.6725 0.89875
-1.6 0.845
-1.545 0.8025
-1.505 0.69625
-1.5175 0.7125
-1.4375 0.71375
-1.495 0.79125
-1.53 0.80875
-1.59 0.815
-1.45 0.6975
-1.3525 0.6325
-1.5075 0.675
-1.3775 0.5925
-1.4975 0.7
-1.62 0.79375
-1.5275 0.72625
-1.5575 0.6975
-1.5525 0.75375
-1.4675 0.64375
-1.4925 0.635
-1.4725 0.70375
-1.45 0.66375
-1.4325 0.68625
-1.4875 0.71125
-1.5525 0.745
-1.535 0.7625
-1.5225 0.765
-1.565 0.77875
-1.4025 0.69375
-1.5025 0.7075
-1.53 0.68625
-1.445 0.6525
-1.4325 0.67125
-1.55 0.74875
-1.61 0.82875
-1.505 0.7925
-1.555 0.8375
-1.555 0.8125
-1.5825 0.85125
-1.6225 0.87375
-1.61 0.84125
-1.54 0.80375
-1.515 0.795
-1.595 0.79375
-1.5375 0.74625
-1.475 0.5975
-1.49 0.73625
-1.5525 0.77625
-1.5725 0.80875
-1.59 0.815
-1.46 0.7675
-1.5825 0.80125
-1.51 0.7725
-1.5425 0.75625
-1.4825 0.77875
-1.5475 0.775
-1.475 0.78875
-1.5475 0.7925
-1.5325 0.79125
-1.4975 0.775
-1.5825 0.815
-1.575 0.84625
-1.585 0.845
-1.575 0.82125
-1.515 0.78375
-1.53 0.79625
-1.6325 0.80625
-1.6325 0.86
-1.6225 0.85125
-1.545 0.83
-1.6125 0.8425
-1.545 0.8275
-1.585 0.83375
-1.605 0.84375
-1.6575 0.83875
-1.495 0.75875
-1.445 0.73
-1.49 0.72875
-1.59 0.8125
-1.6 0.8475
-1.55 0.81625
-1.6575 0.84
-1.5925 0.84875
-1.5975 0.83875
-1.615 0.86375
-1.545 0.7975
-1.54 0.8025
-1.45 0.745
-1.555 0.81875
-1.47 0.78875
-1.5725 0.80625
-1.52 0.8075
-1.5575 0.78125
-1.5725 0.8075
-1.4525 0.7375
-1.53 0.7975
-1.465 0.7775
-1.655 0.86125
-1.47 0.78625
-1.555 0.79875
-1.56 0.78375
-1.565 0.815
-1.57 0.785
-1.5725 0.81
-1.5325 0.79625
-1.505 0.7425
-1.61 0.785
-1.555 0.80875
-1.65 0.86125
-1.565 0.815
-1.555 0.82375
-1.5575 0.8175
-1.535 0.79625
-1.505 0.7075
-1.545 0.7475
-1.47 0.71125
-1.4975 0.77625
-1.57 0.80625
-1.585 0.84375
-1.66 0.8775
-1.645 0.8675
-1.6275 0.865
-1.5375 0.795
-1.56 0.815
-1.4725 0.71125
-1.4425 0.73625
-1.48 0.79
-1.5525 0.77625
-1.62 0.85125
-1.52 0.81125
-1.5025 0.80875
-1.535 0.79
-1.5325 0.805
-1.5875 0.8225
-1.565 0.84
-1.605 0.84625
-1.525 0.81375
-1.5675 0.80375
-1.4925 0.7025
-1.39 0.6575
-1.5075 0.69875
-1.505 0.75
-1.53 0.80125
-1.4425 0.6825
-1.575 0.7375
-1.5775 0.77125
-1.5525 0.76375
-1.545 0.80375
-1.48 0.7525
-1.5575 0.79125
-1.53 0.81625
-1.5225 0.79
-1.62 0.8475
-1.535 0.80625
-1.4625 0.735
-1.5525 0.80875
-1.575 0.82875
-1.5225 0.73375
-1.455 0.71625
-1.4675 0.72
-1.4425 0.65375
-1.4025 0.6225
-1.465 0.70375
-1.545 0.6975
-1.4375 0.65
-1.5275 0.7575
-1.55 0.765
-1.5575 0.7875
-1.5875 0.79875
-1.625 0.84625
-1.5675 0.85
-1.6075 0.8225
-1.56 0.80375
-1.6025 0.8
-1.605 0.815
-1.565 0.77875
-1.675 0.8525
-1.565 0.825
-1.56 0.80625
-1.4925 0.7575
-1.65 0.7875
-1.57 0.7825
-1.5525 0.73125
-1.48 0.67875
-1.54 0.77625
-1.64 0.84875
-1.4625 0.74625
-1.655 0.8675
-1.5975 0.815
-1.4775 0.76625
-1.6025 0.855
-1.535 0.835
-1.6175 0.87375
-1.6075 0.8475
-1.545 0.79125
-1.515 0.78
-1.62 0.86375
-1.555 0.8
-1.59 0.7925
-1.56 0.80375
-1.535 0.7925
-1.56 0.79375
-1.53 0.725
-1.4625 0.74125
-1.505 0.785
-1.545 0.815
-1.6275 0.86
-1.57 0.81625
-1.66 0.8675
-1.6775 0.885
-1.5825 0.82875
-1.5425 0.78625
-1.4675 0.7575
-1.56 0.7675
-1.5925 0.815
-1.46 0.7575
-1.575 0.79625
-1.655 0.8425
-1.4025 0.6975
-1.4425 0.68375
-1.4225 0.6975
-1.4625 0.68125
-1.45 0.67125
-1.4325 0.67125
-1.4875 0.7375
-1.4625 0.74
-1.465 0.76875
-1.5825 0.82
-1.57 0.795
-1.545 0.8225
-1.53 0.80375
-1.605 0.84875
-1.58 0.8175
-1.5625 0.81375
-1.5425 0.80375
-1.4925 0.79125
-1.5875 0.835
-1.5525 0.81375
-1.58 0.8225
-1.475 0.72875
-1.5075 0.71
-1.4675 0.74
-1.4775 0.70875
-1.4725 0.70375
-1.545 0.75875
-1.4375 0.7275
-1.545 0.665
-1.5325 0.72375
-1.4875 0.7425
-1.5375 0.76875
-1.59 0.795
-1.625 0.85
-1.615 0.84375
-1.5425 0.82375
-1.4675 0.72625
-1.515 0.75625
-1.5175 0.75125
-1.6325 0.84625
-1.4725 0.7725
-1.6125 0.81625
-1.6025 0.8425
-1.5525 0.80125
-1.6375 0.865
-1.58 0.82625
-1.57 0.8375
-1.64 0.87125
-1.6175 0.85
-1.61 0.86875
-1.6025 0.84125
-1.505 0.81125
-1.625 0.8525
-1.6325 0.86
-1.6525 0.8325
-1.4975 0.77375
-1.6325 0.8525
-1.53 0.805
-1.6175 0.8575
-1.6575 0.87625
-1.5725 0.82875
-1.525 0.8175
-1.5275 0.82875
-1.5825 0.83875
-1.5425 0.78875
-1.59 0.82875
-1.5275 0.77875
-1.6275 0.86
-1.6975 0.86375
-1.53 0.80125
-1.485 0.7775
-1.5025 0.81375
-1.4275 0.7275
-1.475 0.74625
-1.5175 0.755
-1.43 0.725
-1.55 0.82625
-1.6225 0.85125
-1.4575 0.74
-1.5675 0.8225
-1.5675 0.8375
-1.5925 0.855
-1.5825 0.85625
-1.61 0.8475
-1.6275 0.86375
-1.5475 0.80625
-1.5775 0.84375
-1.5775 0.82625
-1.6525 0.8725
-1.5125 0.79875
-1.5625 0.77375
-1.565 0.74125
-1.5325 0.70375
-1.47 0.69375
-1.4175 0.66625
-1.4175 0.69
-1.4775 0.725
-1.4325 0.69125
-1.59 0.74125
-1.4525 0.7175
-1.6475 0.80375
-1.5475 0.815
-1.4975 0.77375
-1.5575 0.8275
-1.6075 0.845
-1.5475 0.81125
-1.6 0.84125
-1.6175 0.85125
-1.575 0.8475
-1.5375 0.8375
-1.645 0.86625
-1.5975 0.83
-1.5075 0.785
-1.54 0.80625
-1.65 0.8625
-1.605 0.83125
-1.57 0.84125
-1.5275 0.81125
-1.5525 0.835
-1.6025 0.85
-1.7125 0.90125
-1.55 0.82875
-1.6625 0.87625
-1.5675 0.81
-1.625 0.8525
-1.54 0.84
-1.5 0.79625
-1.55 0.8175
-1.525 0.765
-1.595 0.86125
-1.56 0.79
-1.5225 0.7825
-1.5075 0.7525
-1.5125 0.77625
-1.5 0.79
-1.5225 0.75625
-1.495 0.75625
-1.58 0.7975
-1.54 0.80125
-1.63 0.85875
-1.67 0.86625
-1.5075 0.75
-1.4375 0.65875
-1.55 0.7125
-1.515 0.66
-1.45 0.68875
-1.455 0.68125
-1.515 0.75
-1.405 0.6975
-1.605 0.77875
-1.655 0.81625
-1.4975 0.77875
-1.5725 0.82375
-1.5875 0.8325
-1.56 0.79625
-1.52 0.73875
-1.52 0.69875
-1.4875 0.73625
-1.54 0.77375
-1.525 0.8125
-1.455 0.71875
-1.505 0.6975
-1.45 0.66875
-1.4125 0.63125
-1.5075 0.63125
-1.3925 0.56125
-1.4425 0.635
-1.4925 0.5975
-1.5025 0.665
-1.485 0.67875
-1.4775 0.755
-1.5325 0.78875
-1.56 0.81
-1.6025 0.86
-1.6175 0.86
-1.605 0.86875
-1.63 0.87125
-1.525 0.82
-1.5525 0.80375
-1.5475 0.8025
-1.48 0.785
-1.5575 0.815
-1.5975 0.8475
-1.415 0.76375
-1.5375 0.7975
-1.4775 0.735
-1.4425 0.74375
-1.37 0.68375
-1.465 0.70375
-1.49 0.74
-1.495 0.7525
-1.55 0.7975
-1.6025 0.83
-1.5875 0.835
-1.64 0.87375
-1.5125 0.78375
-1.4525 0.73
-1.5625 0.765
-1.5375 0.75625
-1.4775 0.73875
-1.5975 0.83125
-1.5825 0.80625
-1.5075 0.8025
-1.59 0.8375
-1.62 0.8625
-1.6125 0.8575
-1.6275 0.85
-1.63 0.8625
-1.585 0.84125
-1.6825 0.8875
-1.6175 0.8725
-1.5475 0.7775
-1.55 0.80125
-1.57 0.82625
-1.5325 0.77875
-1.51 0.725
-1.5575 0.7275
-1.475 0.67875
-1.45 0.62
-1.375 0.62875
-1.4725 0.6125
-1.5325 0.6575
-1.4675 0.6825
-1.5475 0.7775
-1.475 0.71875
-1.5775 0.84375
-1.46 0.77625
-1.5875 0.83125
-1.4825 0.8025
-1.6075 0.8475
-1.535 0.79375
-1.5725 0.805
-1.5175 0.82625
-1.59 0.8125
-1.6125 0.8225
-1.4075 0.725
-1.53 0.8125
-1.6175 0.85375
-1.5625 0.81375
-1.635 0.87375
-1.45 0.7225
-1.475 0.6825
-1.535 0.6975
-1.4825 0.7175
-1.5875 0.84
-1.695 0.8775
-1.6375 0.8675
-1.535 0.8075
-1.47 0.77375
-1.57 0.84125
-1.59 0.8275
-1.5825 0.86125
-1.57 0.8
-1.5875 0.8275
-1.5725 0.84375
-1.4875 0.78875
-1.6575 0.8575
-1.4925 0.7525
-1.43 0.73875
-1.5975 0.81875
-1.45 0.745
-1.525 0.76
-1.4575 0.78625
-1.6225 0.865
-1.58 0.845
-1.555 0.7925
-1.625 0.85375
-1.58 0.83375
-1.525 0.79
-1.555 0.7975
-1.5275 0.77125
-1.4475 0.76
-1.6575 0.88125
-1.5825 0.81625
-1.6025 0.83875
-1.4925 0.7925
-1.5225 0.77625
-1.5225 0.745
-1.4875 0.765
-1.5325 0.80625
-1.525 0.78125
-1.42 0.72625
-1.455 0.69375
-1.5175 0.76375
-1.6325 0.8475
-1.565 0.83125
-1.5775 0.8325
-1.5125 0.76125
-1.5075 0.76375
-1.5375 0.83
-1.5375 0.81375
-1.63 0.88
-1.605 0.83625
-1.6775 0.86125
-1.62 0.835
-1.64 0.835
-1.47 0.70625
-1.4825 0.71875
-1.5125 0.73625
-1.575 0.7875
-1.5475 0.80625
-1.4975 0.7425
-1.5225 0.78375
-1.69 0.87625
-1.52 0.795
-1.5175 0.7825
-1.605 0.7925
-1.385 0.7575
-1.4925 0.7525
-1.52 0.72375
-1.5975 0.72875
-1.47 0.71875
-1.68 0.80625
-1.5325 0.7875
-1.5575 0.77
-1.54 0.76625
-1.675 0.8575
-1.5775 0.82
-1.645 0.86375
-1.615 0.86875
-1.5925 0.86625
-1.615 0.8575
-1.665 0.84375
-1.555 0.8475
-1.5525 0.845
-1.655 0.8825
-1.595 0.82625
-1.495 0.72625
-1.515 0.74875
-1.455 0.73875
-1.525 0.75875
-1.3575 0.70625
-1.58 0.84
-1.63 0.835
-1.59 0.8375
-1.575 0.84375
-1.5725 0.8475
-1.575 0.82875
-1.675 0.89875
-1.5975 0.86
-1.625 0.87375
-1.5725 0.8275
-1.635 0.87375
-1.485 0.7675
-1.485 0.75625
-1.495 0.67875
-1.48 0.6825
-1.45 0.6975
-1.5 0.6925
-1.52 0.66625
-1.42 0.655
-1.3975 0.595
-1.4425 0.565
-1.44 0.575
-1.4725 0.5925
-1.4975 0.68125
-1.4575 0.73625
-1.5775 0.79375
-1.5625 0.78375
-1.5175 0.76375
-1.4775 0.705
-1.515 0.7
-1.5425 0.73875
-1.4675 0.6775
-1.4275 0.635
-1.4325 0.67125
-1.495 0.67875
-1.43 0.65125
-1.38 0.6425
-1.4975 0.74
-1.5125 0.78875
-1.635 0.87125
-1.525 0.7875
-1.605 0.805
-1.6475 0.84375
-1.5175 0.76375
-1.5725 0.7925
-1.5075 0.74625
-1.515 0.765
-1.6 0.79375
-1.5175 0.79375
-1.5475 0.8325
-1.5 0.7475
-1.58 0.79125
-1.55 0.7825
-1.51 0.73625
-1.4875 0.72625
-1.485 0.75625
-1.495 0.775
-1.5125 0.80875
-1.5275 0.81
-1.5025 0.73375
-1.485 0.72875
-1.5725 0.75375
-1.4725 0.75375
-1.5125 0.755
-1.555 0.6925
-1.4775 0.72375
-1.55 0.81375
-1.65 0.8775
-1.545 0.815
-1.5125 0.8175
-1.66 0.86375
-1.635 0.87125
-1.6225 0.86625
-1.6775 0.88625
-1.66 0.885
-1.6725 0.8825
-1.6075 0.83375
-1.635 0.86625
-1.5275 0.7725
-1.3975 0.7
-1.6125 0.84
-1.525 0.79125
-1.4825 0.8025
-1.57 0.83625
-1.5475 0.82375
-1.6525 0.86625
-1.6875 0.87875
-1.585 0.84
-1.5775 0.8175
-1.6 0.82125
-1.5425 0.81125
-1.53 0.805
-1.52 0.8025
-1.5575 0.8225
-1.6325 0.85
-1.5375 0.815
-1.6 0.85125
-1.6 0.8625
-1.47 0.7575
-1.535 0.8025
-1.6275 0.8425
-1.6 0.81875
-1.63 0.80125
-1.5325 0.7225
-1.425 0.60875
-1.495 0.70875
-1.6075 0.8275
-1.5575 0.85375
-1.5125 0.8125
-1.5475 0.7675
-1.5225 0.76
-1.36 0.62
-1.3825 0.67
-1.5 0.745
-1.5075 0.785
-1.6 0.85375
-1.6325 0.8575
-1.6225 0.86875
-1.4525 0.78
-1.57 0.83875
-1.625 0.8675
-1.55 0.81875
-1.5725 0.8325
-1.6525 0.845
-1.535 0.83875
-1.535 0.80125
-1.54 0.7875
-1.62 0.81875
-1.55 0.78625
-1.5625 0.80625
-1.5925 0.82125
-1.595 0.79
-1.425 0.735
-1.56 0.77375
-1.4825 0.73125
-1.565 0.7875
-1.435 0.73375
-1.5175 0.76625
-1.545 0.8
-1.565 0.8475
-1.59 0.835
-1.5275 0.77625
-1.5025 0.79125
-1.5775 0.7825
-1.545 0.7725
-1.4775 0.765
-1.6075 0.84625
-1.5225 0.795
-1.515 0.775
-1.55 0.805
-1.47 0.775
-1.555 0.77125
-1.555 0.78125
-1.6675 0.87375
-1.56 0.8175
-1.6175 0.84625
-1.51 0.76125
-1.635 0.8725
-1.625 0.845
-1.6625 0.88625
-1.5675 0.83375
-1.52 0.8
-1.4925 0.8075
-1.5825 0.8275
-1.57 0.83875
-1.5625 0.82625
-1.49 0.7575
-1.455 0.73
-1.5225 0.745
-1.5775 0.84375
-1.61 0.8525
-1.56 0.825
-1.6075 0.8475
-1.625 0.86625
-1.5475 0.815
-1.44 0.72625
-1.4825 0.7275
-1.5225 0.8
-1.54 0.81625
-1.595 0.8575
-1.64 0.8725
-1.645 0.8625
-1.505 0.7575
-1.54 0.78
-1.5875 0.84625
-1.5075 0.79375
-1.5275 0.83
-1.6625 0.875
-1.585 0.84125
-1.57 0.795
-1.5525 0.7925
-1.49 0.75
-1.38 0.7025
-1.5525 0.715
-1.4425 0.6325
-1.4475 0.54375
-1.3425 0.465
-1.3175 0.4825
-1.335 0.36625
-1.35 0.40875
-1.4325 0.49375
-1.385 0.46875
-1.3375 0.48
-1.4375 0.4925
-1.4475 0.51375
-1.395 0.5525
-1.43 0.52625
-1.3925 0.565
-1.3825 0.56625
-1.425 0.61
-1.395 0.67875
-1.45 0.7075
-1.5375 0.77
-1.5775 0.80625
-1.525 0.7975
-1.71 0.88875
-1.5625 0.84
-1.63 0.8525
-1.545 0.79875
-1.59 0.83625
-1.6 0.845
-1.6275 0.83375
-1.5725 0.79125
-1.64 0.85375
-1.54 0.8175
-1.5825 0.83
-1.5775 0.80875
-1.685 0.90125
-1.5475 0.83125
-1.55 0.8075
-1.5975 0.84125
-1.575 0.8475
-1.63 0.83625
-1.53 0.79
-1.4925 0.705
-1.4175 0.68875
-1.48 0.7475
-1.5175 0.79125
-1.5025 0.7225
-1.4975 0.78875
-1.6 0.85375
-1.655 0.8675
-1.61 0.855
-1.5125 0.79
-1.535 0.79
-1.5225 0.795
-1.44 0.75375
-1.5525 0.81125
-1.6 0.82625
-1.5775 0.83125
-1.53 0.75625
-1.4775 0.675
-1.6175 0.7375
-1.5375 0.78
-1.4725 0.74875
-1.545 0.80875
-1.54 0.78375
-1.545 0.825
-1.565 0.83625
-1.54 0.82875
-1.4725 0.775
-1.4775 0.75375
-1.5975 0.8275
-1.585 0.7875
-1.53 0.73625
-1.55 0.7575
-1.4875 0.72625
-1.5425 0.80125
-1.675 0.86625
-1.525 0.77375
-1.4875 0.73625
-1.54 0.71625
-1.4925 0.6825
-1.49 0.6675
-1.4975 0.64625
-1.57 0.7225
-1.585 0.7425
-1.56 0.79625
-1.52 0.7775
-1.5475 0.7975
-1.535 0.7925
-1.505 0.7575
-1.5275 0.76625
-1.585 0.81875
-1.62 0.8425
-1.61 0.85125
-1.535 0.82875
-1.5275 0.80375
-1.56 0.85
-1.54 0.82375
-1.545 0.8175
-1.67 0.895
-1.5225 0.82125
-1.6075 0.85125
-1.6425 0.86625
-1.625 0.865
-1.5675 0.82875
-1.4925 0.795
-1.415 0.71125
-1.53 0.78375
-1.5825 0.85
-1.56 0.825
-1.5475 0.83375
-1.625 0.8525
-1.595 0.83625
-1.635 0.82625
-1.4975 0.8025
-1.5625 0.84125
-1.5675 0.8525
-1.69 0.8975
-1.6575 0.8725
-1.555 0.82
-1.545 0.7825
-1.605 0.8475
-1.675 0.8825
-1.67 0.88625
-1.5975 0.86875
-1.52 0.81375
-1.6225 0.8425
-1.58 0.8325
-1.4525 0.775
-1.5475 0.7875
-1.595 0.81625
-1.565 0.83625
-1.6425 0.85875
-1.5725 0.82
-1.6175 0.85375
-1.655 0.89125
-1.5175 0.80625
-1.6375 0.8725
-1.505 0.8075
-1.54 0.8275
-1.62 0.85875
-1.6325 0.83625
-1.4625 0.71875
-1.525 0.75875
-1.595 0.79625
-1.5125 0.73375
-1.5675 0.79
-1.6225 0.80375
-1.58 0.84625
-1.5875 0.84625
-1.395 0.7425
-1.68 0.87
-1.5675 0.82375
-1.5075 0.77125
-1.5775 0.8375
-1.5925 0.83625
-1.4975 0.7875
-1.5875 0.8325
-1.48 0.78
-1.535 0.79625
-1.53 0.76375
-1.515 0.80125
-1.645 0.875
-1.59 0.86625
-1.5225 0.82
-1.5 0.81375
-1.635 0.87375
-1.585 0.8275
-1.5525 0.785
-1.575 0.79625
-1.5575 0.80375
-1.54 0.815
-1.6475 0.86625
-1.68 0.905
-1.67 0.8875
-1.6275 0.845
-1.6325 0.8325
-1.515 0.7825
-1.5925 0.8375
-1.48 0.7475
-1.4825 0.74625
-1.52 0.77625
-1.6175 0.82
-1.6275 0.825
-1.5325 0.81
-1.6125 0.865
-1.62 0.86875
-1.525 0.82
-1.6 0.83125
-1.55 0.7725
-1.4675 0.73125
-1.6075 0.83125
-1.56 0.83
-1.5325 0.81
-1.495 0.80875
-1.5425 0.82625
-1.475 0.7375
-1.5025 0.77875
-1.5575 0.76375
-1.5725 0.8
-1.55 0.73
-1.5075 0.705
-1.495 0.655
-1.435 0.66
-1.3775 0.53875
-1.3975 0.58
-1.445 0.63625
-1.3775 0.61625
-1.53 0.70625
-1.5125 0.7875
-1.56 0.79875
-1.4875 0.74375
-1.485 0.735
-1.45 0.7
-1.4825 0.7425
-1.5925 0.84125
-1.6075 0.8175
-1.505 0.7775
-1.56 0.815
-1.6175 0.855
-1.56 0.82
-1.5975 0.84625
-1.535 0.7875
-1.59 0.83875
-1.55 0.79375
-1.5175 0.77
-1.515 0.79625
-1.5525 0.83
-1.5825 0.8325
-1.465 0.7625
-1.5625 0.795
-1.625 0.85375
-1.515 0.78875
-1.475 0.76
-1.51 0.72375
-1.455 0.73625
-1.58 0.775
-1.515 0.745
-1.605 0.85125
-1.5775 0.83125
-1.6725 0.865
-1.5025 0.7825
-1.495 0.80375
-1.5075 0.76625
-1.46 0.725
-1.61 0.8375
-1.57 0.7975
-1.6175 0.81625
-1.5775 0.82375
-1.5775 0.82875
-1.5275 0.81125
-1.4775 0.74375
-1.5725 0.8125
-1.465 0.73875
-1.5275 0.775
-1.6025 0.82375
-1.4775 0.7675
-1.49 0.77625
-1.555 0.78375
-1.5325 0.775
-1.54 0.785
-1.5275 0.78
-1.53 0.81625
-1.5825 0.85
-1.55 0.8275
-1.5925 0.84
-1.475 0.78
-1.4825 0.78
-1.6025 0.8625
-1.5925 0.8325
-1.6275 0.86875
-1.5475 0.80125
-1.6475 0.875
-1.62 0.85375
-1.65 0.8825
-1.565 0.80125
-1.595 0.84375
-1.5125 0.795
-1.4725 0.78
-1.55 0.80625
-1.5575 0.815
-1.4925 0.74375
-1.54 0.78125
-1.5275 0.78625
-1.4975 0.78875
-1.5725 0.815
-1.4675 0.7225
-1.535 0.75125
-1.4825 0.74125
-1.5075 0.805
-1.55 0.83875
-1.5675 0.81
-1.6325 0.85625
-1.6375 0.865
-1.615 0.8425
-1.505 0.8125
-1.675 0.89625
-1.6425 0.8775
-1.48 0.805
-1.635 0.86125
-1.6325 0.86375
-1.5725 0.82875
-1.4925 0.80875
-1.525 0.80625
-1.51 0.80125
-1.545 0.8075
-1.54 0.8025
-1.545 0.82875
-1.55 0.8175
-1.5675 0.7975
-1.5625 0.79375
-1.585 0.83375
-1.6025 0.865
-1.6125 0.8225
-1.5375 0.7575
-1.4425 0.755
-1.535 0.77625
-1.4875 0.785
-1.515 0.72375
-1.4775 0.74875
-1.48 0.7575
-1.61 0.82625
-1.42 0.68
-1.4375 0.6875
-1.46 0.74375
-1.5 0.74375
-1.5125 0.7675
-1.51 0.81625
-1.6325 0.85875
-1.5425 0.77125
-1.495 0.785
-1.6025 0.82625
-1.6 0.85375
-1.5875 0.835
-1.61 0.85625
-1.4975 0.77375
-1.57 0.8225
-1.615 0.825
-1.645 0.845
-1.6475 0.87125
-1.5625 0.835
-1.4025 0.70875
-1.545 0.76125
-1.535 0.77875
-1.5125 0.7625
-1.51 0.795
-1.5575 0.81
-1.655 0.83
-1.59 0.77
-1.535 0.76
-1.445 0.76625
-1.515 0.785
-1.4825 0.75875
-1.555 0.79125
-1.4975 0.7975
-1.35 0.715
-1.6175 0.86375
-1.6025 0.8575
-1.53 0.82875
-1.545 0.7925
-1.4775 0.7675
-1.7 0.875
-1.5725 0.8375
-1.6125 0.875
-1.57 0.815
-1.5225 0.80875
-1.6175 0.8075
-1.5575 0.82875
-1.595 0.83875
-1.51 0.81
-1.5875 0.8425
-1.5425 0.78875
-1.5575 0.81
-1.5825 0.80625
-1.5675 0.81875
-1.5175 0.795
-1.515 0.80125
-1.4525 0.7175
-1.6 0.80375
-1.5475 0.78375
-1.5575 0.79375
-1.65 0.81125
-1.5775 0.76
-1.54 0.7275
-1.575 0.7925
-1.5375 0.79375
-1.54 0.78375
-1.53 0.8275
-1.575 0.84875
-1.6025 0.8525
-1.55 0.83125
-1.4725 0.75125
-1.65 0.88625
-1.5925 0.84
-1.5825 0.8175
-1.5775 0.8075
-1.6075 0.855
-1.545 0.8275
-1.5475 0.80625
-1.53 0.78
-1.5275 0.755
-1.435 0.69625
-1.3875 0.715
-1.6175 0.86625
-1.59 0.82
-1.6525 0.8875
-1.6475 0.8675
-1.51 0.79
-1.47 0.77125
-1.5525 0.84
-1.5925 0.83125
-1.68 0.8775
-1.545 0.79625
-1.54 0.7925
-1.6375 0.86125
-1.665 0.88
-1.61 0.83875
-1.655 0.84125
-1.4525 0.78125
-1.58 0.78375
-1.59 0.80375
-1.54 0.8075
-1.53 0.8025
-1.5575 0.82625
-1.6325 0.8625
-1.6425 0.86625
-1.55 0.8175
-1.625 0.87125
-1.595 0.8375
-1.625 0.83375
-1.5075 0.775
-1.485 0.77
-1.57 0.825
-1.6475 0.835
-1.6175 0.82125
-1.6 0.7775
-1.665 0.84
-1.5425 0.81
-1.6175 0.8625
-1.5725 0.8275
-1.59 0.81875
-1.5075 0.8125
-1.5475 0.81625
-1.61 0.8525
-1.5575 0.81125
-1.585 0.83875
-1.4925 0.77
-1.4275 0.73125
-1.5725 0.79875
-1.5 0.73875
-1.5275 0.79875
-1.5725 0.7875
-1.4925 0.77125
-1.61 0.8725
-1.5375 0.825
-1.7 0.8975
-1.635 0.8575
-1.5525 0.81625
-1.64 0.87375
-1.5625 0.82125
-1.5775 0.815
-1.5625 0.7925
-1.5525 0.77
-1.475 0.79
-1.4825 0.735
-1.5125 0.79375
-1.5575 0.83625
-1.5725 0.8275
-1.555 0.82625
-1.6175 0.88125
-1.6625 0.855
-1.655 0.8725
-1.68 0.9
-1.62 0.8525
-1.5775 0.82125
-1.67 0.88625
-1.6025 0.86875
-1.5525 0.8125
-1.545 0.8175
-1.4775 0.7975
-1.4975 0.76375
-1.575 0.79625
-1.5075 0.77625
-1.5 0.74125
-1.665 0.8225
-1.505 0.745
-1.49 0.77375
-1.5325 0.74
-1.495 0.76
-1.5825 0.8025
-1.5225 0.775
-1.54 0.77875
-1.49 0.76
-1.5225 0.7525
-1.5175 0.7825
-1.5725 0.8
-1.57 0.80375
-1.59 0.825
-1.535 0.8125
-1.5925 0.8125
-1.53 0.77125
-1.61 0.83375
-1.585 0.85625
