-1.23889 0.291111
-1.29 0.301111
-1.30667 0.305556
-1.23444 0.217778
-1.29889 0.269444
-1.27667 0.256111
-1.25111 0.240556
-1.27667 0.139444
-1.25111 0.170556
-1.22556 0.220556
-1.25889 0.270556
-1.27667 0.205
-1.29778 0.234444
-1.34556 0.361111
-1.33667 0.341667
-1.26889 0.316667
-1.30556 0.372222
-1.25667 0.297222
-1.29333 0.315
-1.28889 0.283333
-1.30889 0.288889
-1.31444 0.311667
-1.34333 0.241667
-1.34333 0.292778
-1.31667 0.299444
-1.28556 0.337778
-1.24556 0.312778
-1.31667 0.341667
-1.28111 0.245556
-1.29889 0.260556
-1.28 0.173889
-1.20333 0.139444
-1.29556 0.145556
-1.29778 0.141667
-1.31444 0.174444
-1.30444 0.183889
-1.27667 0.203333
-1.3 0.244444
-1.32889 0.226111
-1.25556 0.219444
-1.33889 0.178889
-1.25556 0.131667
-1.19444 -0.0355556
-1.23889 -0.0944444
-1.26556 -0.0861111
-1.25444 -0.15
-1.21 -0.199444
-1.20889 -0.223333
-1.20778 -0.177222
-1.22778 -0.235556
-1.20444 -0.278333
-1.27 -0.372222
-1.27111 -0.32
-1.31444 -0.376667
-1.30111 -0.467222
-1.23 -0.425
-1.29889 -0.413889
-1.34444 -0.517778
-1.4 -0.456111
-1.28333 -0.403889
-1.27222 -0.345
-1.22111 -0.284444
-1.23222 -0.257778
-1.19111 -0.216111
-1.23444 -0.221667
-1.32222 -0.274444
-1.30667 -0.319444
-1.31222 -0.301667
-1.24 -0.269444
-1.29111 -0.313889
-1.35111 -0.285
-1.27667 -0.23
-1.27778 -0.289444
-1.27667 -0.250556
-1.25444 -0.288889
-1.27778 -0.291667
-1.30222 -0.301111
-1.26889 -0.277222
-1.17444 -0.189444
-1.25111 -0.240556
-1.37 -0.278333
-1.25778 -0.203333
-1.25222 -0.269444
-1.19556 -0.294444
-1.28 -0.267778
-1.27111 -0.314444
-1.25111 -0.336667
-1.27111 -0.368333
-1.29333 -0.32
-1.26778 -0.252778
-1.23222 -0.187778
-1.28222 -0.231667
-1.23 -0.187222
-1.28444 -0.287778
-1.26667 -0.282778
-1.24889 -0.257222
-1.29556 -0.296667
-1.24333 -0.248889
-1.25111 -0.327778
-1.26889 -0.235556
-1.21222 -0.217222
-1.19 -0.216111
-1.24778 -0.218333
-1.20889 -0.209444
-1.27778 -0.164444
-1.31444 -0.250556
-1.28333 -0.278333
-1.28 -0.288333
-1.31333 -0.241111
-1.3 -0.246667
-1.22556 -0.277778
-1.23667 -0.263333
-1.24 -0.216111
-1.24444 -0.221111
-1.29778 -0.238333
-1.22222 -0.253333
-1.30111 -0.337222
-1.25667 -0.337222
-1.23667 -0.337222
-1.23667 -0.311667
-1.31889 -0.393889
-1.34556 -0.352222
-1.29778 -0.328333
-1.29556 -0.281667
-1.29222 -0.221667
-1.20889 -0.232222
-1.20222 -0.19
-1.28667 -0.232222
-1.29 -0.249444
-1.25889 -0.297222
-1.21111 -0.185556
-1.26333 -0.215556
-1.27 -0.233889
-1.29222 -0.202222
-1.22667 -0.215
-1.22444 -0.256667
-1.25333 -0.246667
-1.32778 -0.251667
-1.26 -0.202778
-1.29556 -0.288889
-1.26556 -0.271667
-1.31556 -0.224444
-1.22111 -0.235556
-1.28667 -0.199444
-1.28667 -0.216111
-1.30222 -0.132778
-1.27222 -0.138889
-1.22333 -0.121667
-1.33222 -0.0716667
-1.19556 -0.0844444
-1.27111 -0.0994444
-1.24111 -0.121111
-1.23111 -0.126111
-1.31333 -0.144444
-1.25556 -0.0744444
-1.28 -0.110556
-1.23889 -0.192222
-1.24667 -0.217222
-1.34111 -0.245556
-1.29444 -0.214444
-1.25667 -0.0955556
-1.32 -0.208333
-1.29 -0.285
-1.25111 -0.245556
-1.28222 -0.242222
-1.32444 -0.165
-1.36 -0.14
-1.31 -0.195556
-1.25889 -0.216667
-1.31778 -0.247222
-1.35889 -0.221667
-1.28333 -0.235
-1.30333 -0.262222
-1.34333 -0.257222
-1.28556 -0.274444
-1.27222 -0.312778
-1.32667 -0.268333
-1.36444 -0.247778
-1.28778 -0.281111
-1.31444 -0.295556
-1.29444 -0.321111
-1.31222 -0.338333
-1.29111 -0.312222
-1.32444 -0.385556
-1.25444 -0.395
-1.21222 -0.415
-1.31222 -0.45
-1.32667 -0.498333
-1.31889 -0.444444
-1.27333 -0.459444
-1.28 -0.470556
-1.35667 -0.471667
-1.29333 -0.456111
-1.34333 -0.518333
-1.32889 -0.531111
-1.28 -0.469444
-1.25 -0.370556
-1.19556 -0.391667
-1.32 -0.467778
-1.23889 -0.392222
-1.26333 -0.392222
-1.28889 -0.343889
-1.32111 -0.352222
-1.3 -0.402778
-1.32778 -0.395
-1.33778 -0.356667
-1.26333 -0.291111
-1.21778 -0.212222
-1.24778 -0.15
-1.27667 -0.146667
-1.29556 -0.176667
-1.24667 -0.203333
-1.24778 -0.217778
-1.29222 -0.218333
-1.27889 -0.251111
-1.30889 -0.269444
-1.32 -0.261667
-1.29556 -0.220556
-1.31111 -0.253889
-1.33556 -0.292222
-1.30444 -0.318333
-1.31667 -0.285
-1.30778 -0.270556
-1.27222 -0.286667
-1.26667 -0.361111
-1.26111 -0.342222
-1.32444 -0.390556
-1.33111 -0.363889
-1.25778 -0.311667
-1.27667 -0.326111
-1.29222 -0.384444
-1.27778 -0.406111
-1.27111 -0.438333
-1.29778 -0.417778
-1.33667 -0.387222
-1.23556 -0.321111
-1.29333 -0.402222
-1.25222 -0.345
-1.32556 -0.4
-1.31222 -0.408889
-1.29556 -0.383333
-1.29222 -0.462778
-1.29556 -0.386667
-1.26889 -0.337778
-1.30556 -0.322222
-1.27778 -0.253333
-1.33222 -0.387222
-1.29444 -0.364444
-1.29556 -0.412222
-1.39 -0.515556
-1.38222 -0.536667
-1.35111 -0.536111
-1.38444 -0.555556
-1.34667 -0.528889
-1.38556 -0.570556
-1.38667 -0.593333
-1.37111 -0.641111
-1.30889 -0.613889
-1.35222 -0.546111
-1.30556 -0.530556
-1.31778 -0.543333
-1.33 -0.591111
-1.41111 -0.608889
-1.36222 -0.498889
-1.34333 -0.526111
-1.3 -0.497778
-1.29556 -0.541111
-1.22778 -0.470556
-1.25889 -0.373333
-1.24111 -0.273889
-1.25222 -0.259444
-1.20444 -0.216667
-1.21778 -0.198333
-1.25333 -0.186667
-1.26333 -0.186111
-1.29667 -0.133333
-1.34778 -0.220556
-1.28222 -0.235556
-1.22667 -0.243889
-1.27222 -0.270556
-1.26111 -0.245556
-1.23444 -0.223889
-1.18778 -0.220556
-1.27444 -0.113333
-1.16444 -0.102778
-1.28 -0.117778
-1.21111 -0.102222
-1.20111 -0.0966667
-1.21778 -0.123889
-1.21667 -0.127222
-1.24778 -0.115
-1.27333 -0.127222
-1.28667 -0.113333
-1.33444 -0.156111
-1.22778 -0.124444
-1.21667 -0.0838889
-1.24111 -0.141667
-1.26444 -0.085
-1.23111 -0.0455556
-1.20667 -0.0444444
-1.19444 0.0333333
-1.24444 0.01
-1.23556 -0.0255556
-1.20111 0.0233333
-1.22222 0.0861111
-1.19 0.107778
-1.23111 0.114444
-1.22222 0.0583333
-1.21222 0.107222
-1.19889 0.0916667
-1.27667 0.0438889
-1.26 0.0677778
-1.21444 0.117778
-1.23 0.110556
-1.22778 0.125556
-1.25 0.0794444
-1.28778 0.0477778
-1.21 0.117222
-1.21889 0.122778
-1.23111 0.110556
-1.23222 0.172222
-1.28778 0.164444
-1.25111 0.290556
-1.24111 0.253889
-1.26222 0.294444
-1.26444 0.312778
-1.18889 0.230556
-1.26889 0.267778
-1.29 0.358889
-1.25333 0.347778
-1.28444 0.445556
-1.3 0.46
-1.29889 0.443889
-1.30111 0.468889
-1.30889 0.476667
-1.29111 0.395556
-1.32778 0.441667
-1.33111 0.476667
-1.32111 0.447222
-1.35 0.425556
-1.29889 0.432778
-1.27667 0.362222
-1.31889 0.461667
-1.32778 0.498333
-1.29111 0.486667
-1.30556 0.508333
-1.30667 0.524444
-1.32556 0.555556
-1.35556 0.626667
-1.27 0.514444
-1.37333 0.580556
-1.36667 0.608889
-1.32 0.59
-1.33556 0.567778
-1.34111 0.585
-1.36 0.55
-1.35556 0.635
-1.26111 0.6
-1.30444 0.566111
-1.37111 0.611667
-1.41444 0.647222
-1.37111 0.634444
-1.38667 0.648889
-1.41111 0.679444
-1.35778 0.627222
-1.34111 0.638889
-1.37889 0.660556
-1.43333 0.674444
-1.39444 0.641667
-1.35667 0.586667
-1.38 0.545
-1.33667 0.52
-1.29444 0.46
-1.28667 0.418333
-1.27333 0.376667
-1.26333 0.334444
-1.28778 0.317778
-1.26222 0.271111
-1.20333 0.253333
-1.24778 0.263889
-1.28667 0.213889
-1.30556 0.262222
-1.31556 0.312222
-1.29444 0.378889
-1.32222 0.410556
-1.20778 0.347778
-1.24889 0.352778
-1.25556 0.338333
-1.35333 0.358889
-1.25111 0.395
-1.26667 0.457222
-1.31444 0.422222
-1.27444 0.400556
-1.30556 0.473333
-1.42556 0.561667
-1.34444 0.571111
-1.32333 0.581111
-1.33222 0.522222
-1.25667 0.449444
-1.28222 0.442778
-1.29333 0.437222
-1.25889 0.432778
-1.22667 0.439444
-1.27667 0.485
-1.28889 0.548333
-1.30889 0.538333
-1.30889 0.595556
-1.36 0.645
-1.32444 0.598333
-1.41556 0.666111
-1.37556 0.691111
-1.33889 0.662222
-1.36 0.601667
-1.32333 0.59
-1.33111 0.598889
-1.36333 0.577222
-1.37556 0.603889
-1.39444 0.662778
-1.37889 0.666111
-1.33778 0.616111
-1.29222 0.576111
-1.26556 0.468333
-1.31556 0.535
-1.37111 0.594444
-1.28 0.522222
-1.27667 0.561111
-1.31667 0.58
-1.35222 0.609444
-1.28111 0.527222
-1.32667 0.592222
-1.30778 0.610556
-1.29111 0.582778
-1.32444 0.527222
-1.30111 0.502222
-1.36 0.554444
-1.35333 0.615556
-1.32333 0.562778
-1.29667 0.521111
-1.25889 0.500556
-1.29111 0.552222
-1.36444 0.543889
-1.33444 0.552222
-1.38333 0.546667
-1.24333 0.442222
-1.32444 0.532222
-1.31667 0.517222
-1.38667 0.551111
-1.29667 0.517778
-1.30778 0.485556
-1.24 0.307222
-1.29778 0.346111
-1.27556 0.318889
-1.21111 0.312222
-1.30333 0.356111
-1.29778 0.352778
-1.29667 0.356667
-1.29 0.357222
-1.29667 0.399444
-1.28111 0.327222
-1.24556 0.280556
-1.2 0.178333
-1.25333 0.268333
-1.23333 0.265556
-1.31111 0.292778
-1.30556 0.263333
-1.33667 0.252222
-1.33667 0.292778
-1.25778 0.292222
-1.27111 0.309444
-1.23778 0.264444
-1.25556 0.229444
-1.22111 0.287778
-1.21778 0.28
-1.23556 0.242222
-1.23667 0.257222
-1.28 0.381111
-1.31667 0.465
-1.29778 0.415
-1.33222 0.491111
-1.34333 0.505
-1.30222 0.402778
-1.32667 0.433333
-1.32667 0.417778
-1.32444 0.443889
-1.27333 0.408889
-1.31667 0.414444
-1.27556 0.346667
-1.26667 0.256667
-1.27556 0.181667
-1.29222 0.0888889
-1.20444 0.135
-1.24 0.141667
-1.21889 0.0555556
-1.25222 0.0416667
-1.15444 0.0133333
-1.17556 -0.0266667
-1.15778 -0.0833333
-1.21333 -0.0883333
-1.20222 -0.110556
-1.21444 -0.0955556
-1.24222 -0.0966667
-1.26556 -0.122778
-1.27556 -0.150556
-1.30889 -0.177222
-1.26778 -0.183889
-1.23556 -0.176111
-1.29111 -0.18
-1.28 -0.165
-1.30667 -0.183333
-1.35111 -0.167222
-1.32778 -0.243889
-1.25111 -0.209444
-1.28222 -0.271111
-1.3 -0.31
-1.24333 -0.269444
-1.22889 -0.276111
-1.23222 -0.353889
-1.29333 -0.377778
-1.32778 -0.372778
-1.33 -0.330556
-1.28333 -0.269444
-1.24222 -0.351111
-1.27 -0.432222
-1.26667 -0.496111
-1.37222 -0.547222
-1.31889 -0.544444
-1.36111 -0.52
-1.35889 -0.524444
-1.38667 -0.515
-1.30444 -0.483333
-1.27222 -0.432222
-1.27889 -0.458333
-1.29222 -0.39
-1.25 -0.328889
-1.34556 -0.314444
-1.3 -0.327778
-1.30778 -0.366111
-1.25667 -0.395
-1.28 -0.421111
-1.33556 -0.460556
-1.20222 -0.398889
-1.27 -0.418333
-1.26333 -0.423889
-1.29111 -0.405556
-1.28778 -0.386667
-1.26444 -0.331667
-1.33111 -0.327222
-1.31444 -0.327222
-1.28556 -0.292778
-1.28667 -0.331667
-1.30444 -0.382222
-1.22556 -0.33
-1.25667 -0.232222
-1.24222 -0.238889
-1.23778 -0.253333
-1.29667 -0.278333
-1.30222 -0.259444
-1.23667 -0.208889
-1.27667 -0.202778
-1.35333 -0.225
-1.27 -0.201111
-1.30444 -0.180556
-1.23 -0.157778
-1.19778 -0.218333
-1.24778 -0.215556
-1.28222 -0.259444
-1.2 -0.259444
-1.29889 -0.432778
-1.30333 -0.426667
-1.24111 -0.437222
-1.29667 -0.44
-1.31111 -0.456667
-1.37 -0.544444
-1.32889 -0.507222
-1.35778 -0.455556
-1.31889 -0.465
-1.32778 -0.482778
-1.26889 -0.476111
-1.22667 -0.401111
-1.29222 -0.43
-1.31889 -0.499444
-1.30333 -0.48
-1.34333 -0.507778
-1.27667 -0.393889
-1.24444 -0.433889
-1.23333 -0.336111
-1.29556 -0.422222
-1.32889 -0.484444
-1.26 -0.471111
-1.34222 -0.512778
-1.31778 -0.475556
-1.32222 -0.459444
-1.39 -0.536667
-1.33 -0.481111
-1.36778 -0.492778
-1.33889 -0.494444
-1.32556 -0.503889
-1.31889 -0.518333
-1.26 -0.377778
-1.27667 -0.375
-1.15222 -0.330556
-1.15333 -0.266111
-1.21 -0.31
-1.26556 -0.355
-1.27111 -0.429444
-1.33444 -0.486111
-1.27889 -0.538333
-1.28889 -0.525556
-1.34111 -0.561111
-1.28333 -0.520556
-1.26333 -0.475556
-1.27889 -0.515556
-1.23778 -0.496111
-1.28222 -0.578889
-1.32111 -0.535556
-1.26333 -0.491667
-1.36222 -0.546111
-1.31556 -0.507222
-1.37889 -0.600556
-1.4 -0.628889
-1.44222 -0.697222
-1.28 -0.593333
-1.33667 -0.621667
-1.38222 -0.681111
-1.41 -0.661111
-1.42111 -0.693889
-1.33667 -0.615556
-1.43556 -0.665
-1.43 -0.701667
-1.35333 -0.67
-1.35667 -0.617222
-1.35 -0.642222
-1.29222 -0.598333
-1.36333 -0.658333
-1.31778 -0.635556
-1.27444 -0.549444
-1.34222 -0.597222
-1.29556 -0.596111
-1.34111 -0.576111
-1.30444 -0.541667
-1.34 -0.585556
-1.27111 -0.534444
-1.31778 -0.586667
-1.31 -0.546111
-1.21 -0.422222
-1.25333 -0.555
-1.24 -0.496111
-1.25889 -0.481667
-1.35 -0.553889
-1.36222 -0.546667
-1.35556 -0.568889
-1.28111 -0.486111
-1.27444 -0.402778
-1.22667 -0.318333
-1.26556 -0.338333
-1.27778 -0.292222
-1.26556 -0.270556
-1.20444 -0.283333
-1.21889 -0.285556
-1.28556 -0.360556
-1.23556 -0.372778
-1.35222 -0.485
-1.34222 -0.486667
-1.29111 -0.452778
-1.29333 -0.461111
-1.25667 -0.438889
-1.26444 -0.450556
-1.26444 -0.391111
-1.22889 -0.350556
-1.31222 -0.380556
-1.26 -0.403889
-1.28333 -0.376111
-1.21111 -0.242222
-1.19444 -0.261667
-1.23222 -0.306667
-1.23333 -0.270556
-1.24 -0.349444
-1.26778 -0.333889
-1.21889 -0.34
-1.23222 -0.380556
-1.27889 -0.489444
-1.27333 -0.475556
-1.21111 -0.394444
-1.24333 -0.414444
-1.29778 -0.543333
-1.32 -0.581667
-1.32556 -0.569444
-1.31111 -0.587778
-1.39889 -0.622778
-1.27667 -0.554444
-1.36 -0.591667
-1.31444 -0.540556
-1.32444 -0.551111
-1.32 -0.547778
-1.32556 -0.576667
-1.31 -0.557778
-1.30778 -0.535
-1.32222 -0.565
-1.25333 -0.459444
-1.24556 -0.483889
-1.31333 -0.555
-1.32667 -0.587222
-1.36111 -0.61
-1.31333 -0.565
-1.34667 -0.557778
-1.33111 -0.586667
-1.32 -0.536111
-1.25778 -0.525556
-1.39222 -0.601667
-1.36333 -0.569444
-1.33333 -0.486111
-1.29 -0.350556
-1.35889 -0.374444
-1.31444 -0.312778
-1.27556 -0.266111
-1.28333 -0.255556
-1.28556 -0.183333
-1.28667 -0.231111
-1.23111 -0.170556
-1.28556 -0.161111
-1.20889 -0.19
-1.25778 -0.287222
-1.28778 -0.363333
-1.25444 -0.351111
-1.30111 -0.383333
-1.27889 -0.331667
-1.32222 -0.292778
-1.28444 -0.218333
-1.29111 -0.158333
-1.30111 -0.147222
-1.36778 -0.142778
-1.33889 -0.143889
-1.24556 -0.113889
-1.24222 -0.0988889
-1.17778 -0.0816667
-1.22111 -0.0433333
-1.32111 -0.0566667
-1.21444 -0.0466667
-1.20556 -0.0255556
-1.19111 0.0316667
-1.25556 0.105556
-1.26556 0.167778
-1.35222 0.165556
-1.24111 0.102778
-1.28778 0.120556
-1.27889 0.122222
-1.23667 0.126111
-1.27333 0.0916667
-1.33778 0.0277778
-1.28778 0.0155556
-1.28556 0.0338889
-1.30778 0.0744444
-1.26444 0.0933333
-1.23333 0.00722222
-1.22 0.00277778
-1.28111 0.0233333
-1.26222 0.00833333
-1.27222 -0.0272222
-1.23 -0.0938889
-1.27667 -0.107222
-1.30444 -0.117778
-1.20556 -0.12
-1.18889 -0.162778
-1.21111 -0.168333
-1.18333 -0.203889
-1.22667 -0.128889
-1.25778 -0.0883333
-1.22889 -0.0927778
-1.16889 -0.122778
-1.28333 -0.115
-1.21444 -0.06
-1.17778 -0.00444444
-1.22667 0.00111111
-1.18778 0.0916667
-1.20111 0.0316667
-1.23444 0.0155556
-1.17667 0.0188889
-1.22778 -0.0661111
-1.20778 -0.0555556
-1.19 0.0188889
-1.2 -0.00333333
-1.23556 0.0544444
-1.29667 0.106667
-1.23333 0.135556
-1.26444 0.108333
-1.23556 0.0927778
-1.25 0.185
-1.23556 0.166111
-1.28444 0.09
-1.38222 0.0827778
-1.35889 0.107778
-1.30889 0.182778
-1.29889 0.168889
-1.28444 0.158333
-1.32778 0.143889
-1.29222 0.00833333
-1.23111 0.00388889
-1.25222 -0.117222
-1.25333 -0.101111
-1.22556 -0.108333
-1.26778 -0.0872222
-1.23889 -0.118333
-1.26111 -0.158889
-1.27444 -0.152222
-1.25333 -0.0988889
-1.22111 -0.0811111
-1.30111 -0.0938889
-1.23778 -0.0727778
-1.25889 0.00111111
-1.10333 0.0355556
-1.18556 -0.00444444
-1.18667 -0.0788889
-1.26889 -0.105556
-1.24556 -0.113889
-1.26667 -0.0616667
-1.28111 -0.103889
-1.26111 0.0133333
-1.23111 0.06
-1.17667 0.0861111
-1.25889 0.0505556
-1.24444 0.116667
-1.26 0.206667
-1.22889 0.26
-1.25556 0.226667
-1.28556 0.241667
-1.25667 0.22
-1.22111 0.216667
-1.29556 0.186667
-1.24333 0.220556
-1.28333 0.323333
-1.25667 0.252778
-1.23889 0.237778
-1.32222 0.305
-1.28556 0.380556
-1.30556 0.375556
-1.28667 0.316667
-1.21556 0.323889
-1.23667 0.347778
-1.31 0.303889
-1.21333 0.256667
-1.25333 0.295556
-1.19222 0.291111
-1.25444 0.327778
-1.30222 0.321111
-1.27667 0.166667
-1.20556 0.103889
-1.19111 0.00944444
-1.26556 0.0611111
-1.23444 0.0427778
-1.27444 0.00388889
-1.26889 0.00833333
-1.31667 0.0544444
-1.30444 0.00333333
-1.33333 -0.0288889
-1.24111 -0.00388889
-1.33444 -0.0838889
-1.26556 0.00166667
-1.31556 0.00222222
-1.32 0.0416667
-1.25889 0.0377778
-1.28556 -0.00944444
-1.22 0.0272222
-1.27444 -0.0344444
-1.25 -0.0772222
-1.23667 -0.13
-1.25556 -0.113889
-1.25889 -0.09
-1.20889 -0.0538889
-1.19111 -0.126111
-1.29222 -0.148889
-1.23111 -0.162778
-1.24 -0.231667
-1.26222 -0.303889
-1.34778 -0.341667
-1.26778 -0.268333
-1.29222 -0.259444
-1.26778 -0.176667
-1.29889 -0.238333
-1.25889 -0.238333
-1.26444 -0.186667
-1.25667 -0.191111
-1.17111 -0.193333
-1.17667 -0.130556
-1.21 -0.151667
-1.26333 -0.133889
-1.25 -0.159444
-1.28556 -0.197778
-1.30333 -0.132778
-1.27778 -0.0983333
-1.27889 -0.101667
-1.31778 -0.0338889
-1.30333 -0.04
-1.30889 -0.0138889
-1.28222 -0.0555556
-1.29222 -0.00388889
-1.22667 0.0127778
-1.23333 0.0527778
-1.31111 0.0505556
-1.19111 0.0255556
-1.22 0.109444
-1.22333 0.07
-1.21222 0.0411111
-1.22444 0.0861111
-1.26111 0.123889
-1.25667 0.0338889
-1.25778 0.0105556
-1.24778 -0.00444444
-1.29444 -0.0588889
-1.32222 -0.129444
-1.34222 -0.139444
-1.32333 -0.0538889
-1.22889 -0.0488889
-1.26889 -0.131111
-1.31444 -0.149444
-1.30333 -0.0883333
-1.29111 -0.0905556
-1.29 -0.114444
-1.28556 -0.0777778
-1.24889 -0.01
-1.28667 -0.0427778
-1.24111 -0.0788889
-1.25333 -0.00388889
-1.33556 -0.0366667
-1.19222 -0.00222222
-1.20889 -0.0438889
-1.25 -0.00722222
-1.25667 0.0283333
-1.26778 0.04
-1.25111 0.134444
-1.28889 0.137778
-1.34444 0.13
-1.29667 0.134444
-1.31778 0.110556
-1.22333 0.112222
-1.21889 0.095
-1.26556 0.0766667
-1.22778 0.085
-1.28667 0.07
-1.27556 -0.02
-1.24222 -0.0405556
-1.17111 -0.0522222
-1.24222 -0.0755556
-1.27444 -0.0744444
-1.2 0.025
-1.19889 -0.00777778
-1.20111 -0.0611111
-1.24333 -0.0838889
-1.27778 -0.110556
-1.23 -0.206667
-1.24556 -0.267222
-1.25667 -0.187222
-1.27111 -0.148889
-1.26111 -0.152222
-1.21667 -0.0961111
-1.23556 -0.0522222
-1.18889 -0.0127778
-1.23111 -0.0327778
-1.30222 -0.122778
-1.35889 -0.145556
-1.35889 -0.122778
-1.30444 -0.166667
-1.36667 -0.193333
-1.30444 -0.242222
-1.37333 -0.265556
-1.26111 -0.224444
-1.20778 -0.211111
-1.25 -0.136111
-1.26778 -0.103889
-1.25222 -0.0666667
-1.26111 -0.125
-1.27667 -0.194444
-1.19556 -0.185
-1.26 -0.128889
-1.28778 -0.161667
-1.19444 -0.122222
-1.28889 -0.106667
-1.22444 -0.0788889
-1.26556 -0.172778
-1.24667 -0.232222
-1.28444 -0.298333
-1.24 -0.269444
-1.26556 -0.297222
-1.26778 -0.267222
-1.35556 -0.285556
-1.35222 -0.341111
-1.35667 -0.303889
-1.31333 -0.312778
-1.33222 -0.279444
-1.28778 -0.212778
-1.26 -0.207222
-1.35667 -0.265556
-1.23889 -0.280556
-1.25667 -0.333889
-1.27667 -0.234444
-1.19222 -0.216111
-1.19556 -0.213333
-1.22444 -0.227778
-1.32333 -0.257778
-1.26333 -0.238333
-1.25889 -0.201111
-1.28667 -0.163889
-1.17667 -0.139444
-1.24 -0.189444
-1.25667 -0.216111
-1.20889 -0.229444
-1.24222 -0.233889
-1.22778 -0.233889
-1.25 -0.235556
-1.20889 -0.248889
-1.28444 -0.225
-1.33333 -0.211667
-1.27778 -0.218333
-1.30333 -0.216667
-1.32444 -0.319444
-1.26889 -0.322778
-1.30333 -0.300556
-1.31667 -0.338889
-1.29778 -0.320556
-1.27667 -0.3
-1.34444 -0.365556
-1.34889 -0.417222
-1.31556 -0.394444
-1.25667 -0.323889
-1.32556 -0.285
-1.31 -0.360556
-1.34444 -0.408889
-1.29 -0.361111
-1.31667 -0.295556
-1.33667 -0.267222
-1.27889 -0.268889
-1.23111 -0.177778
-1.23222 -0.167222
-1.22 -0.152222
-1.25556 -0.174444
-1.27444 -0.0638889
-1.23556 0.0305556
-1.27778 0.0872222
-1.26667 0.157222
-1.22889 0.015
-1.18222 0.0305556
-1.18889 0.0822222
-1.20333 0.128333
-1.27111 0.152778
-1.17444 0.130556
-1.20556 0.120556
-1.22889 0.0183333
-1.21111 0.0638889
-1.27667 0.0555556
-1.22 0.0761111
-1.20556 0.0827778
-1.32222 -0.0394444
-1.30111 0.0494444
-1.25333 0.0716667
-1.32444 0.0911111
-1.27333 0.0461111
-1.35556 0.000555556
-1.28778 0.0855556
-1.28667 0.126667
-1.27 0.0961111
-1.33889 0.182222
-1.30333 0.158333
-1.26222 0.182222
-1.24889 0.213889
-1.34111 0.208333
-1.28444 0.246111
-1.27 0.226667
-1.33111 0.208333
-1.28889 0.184444
-1.22222 0.157222
-1.22444 0.136667
-1.22333 0.182778
-1.31444 0.149444
-1.29667 0.152778
-1.29222 0.145
-1.26444 0.186111
-1.22667 0.121111
-1.25556 0.126667
-1.27556 0.152778
-1.30333 0.142778
-1.26556 0.113333
-1.27111 0.206111
-1.26778 0.145556
-1.24778 0.172222
-1.27444 0.196667
-1.26111 0.113333
-1.28556 0.0944444
-1.26889 0.130556
-1.17222 0.137222
-1.20333 0.0822222
-1.27556 0.0816667
-1.17333 0.111667
-1.27333 0.0955556
-1.27222 0.0594444
-1.25889 -0.0277778
-1.24889 0.0316667
-1.27222 0.0183333
-1.27778 0.015
-1.24111 0.0311111
-1.21333 0.0188889
-1.20222 0.00333333
-1.20778 0.00277778
-1.26111 -0.000555556
-1.3 -0.0294444
-1.27778 -0.0566667
-1.28667 -0.107222
-1.25667 -0.123889
-1.18 -0.0522222
-1.17778 -0.00833333
-1.22222 0.119444
-1.21222 0.0966667
-1.23333 0.0738889
-1.26 0.0488889
-1.19667 0.0161111
-1.19333 0.123889
-1.21111 0.0972222
-1.27111 0.126667
-1.21444 0.193889
-1.22333 0.262222
-1.22778 0.240556
-1.24111 0.226111
-1.24333 0.206111
-1.32889 0.238889
-1.28556 0.183889
-1.32889 0.199444
-1.30556 0.127222
-1.31667 0.102778
-1.31778 0.133889
-1.29889 0.0783333
-1.32889 0.0405556
-1.29222 0.0472222
-1.33444 0.0877778
-1.31222 -0.0111111
-1.30333 -0.0344444
-1.30333 -0.01
-1.24556 -0.0388889
-1.25111 -0.0655556
-1.28444 -0.111111
-1.33889 -0.0827778
-1.22889 -0.0588889
-1.28889 -0.0522222
-1.30222 -0.0705556
-1.31444 -0.121111
-1.28778 0.0244444
-1.32 0.0127778
-1.26889 0.0255556
-1.26778 0.0305556
-1.26222 -0.0516667
-1.28778 0.0277778
-1.28222 0.0111111
-1.19444 -0.00777778
-1.18111 0.0372222
-1.25556 0.0361111
-1.23556 -0.00388889
-1.21778 0.0327778
-1.29333 -0.00777778
-1.33667 -0.0144444
-1.27 -0.0261111
-1.29444 -0.0455556
-1.23667 -0.025
-1.24 -0.0572222
-1.18667 -0.0233333
-1.23556 -0.07
-1.27111 -0.0205556
-1.33222 0.00166667
-1.32111 0.0188889
-1.23889 0.0938889
-1.22444 0.126667
-1.31111 0.173889
-1.28 0.216111
-1.32 0.209444
-1.27 0.0927778
-1.18444 0.112778
-1.24222 0.0744444
-1.26111 0.151111
-1.23667 0.0722222
-1.30222 0.0516667
-1.25333 0.0555556
-1.26 0.0494444
-1.21333 0.0666667
-1.30111 0.095
-1.31111 -0.0216667
-1.33222 -0.0483333
-1.27222 -0.0916667
-1.26111 -0.0227778
-1.17222 -0.106667
-1.20444 -0.147222
-1.26556 -0.197778
-1.28333 -0.168889
-1.28111 -0.134444
-1.18556 -0.225556
-1.25111 -0.304444
-1.24667 -0.251667
-1.25556 -0.235556
-1.26889 -0.251667
-1.30778 -0.297222
-1.23 -0.279444
-1.27778 -0.296111
-1.27444 -0.24
-1.26889 -0.284444
-1.23333 -0.232222
-1.28222 -0.200556
-1.19556 -0.231111
-1.12556 -0.177222
-1.20889 -0.152222
-1.26667 -0.21
-1.31444 -0.255
-1.22667 -0.225
-1.30333 -0.213333
-1.25 -0.157778
-1.24111 -0.203333
-1.25333 -0.182222
-1.27778 -0.203333
-1.28778 -0.229444
-1.28778 -0.34
-1.27444 -0.258333
-1.24778 -0.253889
-1.20556 -0.183889
-1.25222 -0.216111
-1.22 -0.132222
-1.22889 -0.237222
-1.24778 -0.220556
-1.23333 -0.243889
-1.21333 -0.252222
-1.18889 -0.133889
-1.25889 -0.159444
-1.32 -0.168889
-1.24667 -0.198333
-1.22889 -0.160556
-1.27778 -0.117222
-1.21222 -0.0616667
-1.27 0.07
-1.27 0.0866667
-1.18222 0.0861111
-1.23111 0.156667
-1.23667 0.150556
-1.30111 0.238889
-1.24444 0.307222
-1.32889 0.344444
-1.29 0.327222
-1.24333 0.266111
-1.24778 0.278333
-1.23111 0.303889
-1.31222 0.338889
-1.28778 0.306111
-1.25778 0.335556
-1.20556 0.262222
-1.33444 0.280556
-1.27444 0.296667
-1.23667 0.381111
-1.27778 0.362222
-1.24333 0.383333
-1.33333 0.501111
-1.30444 0.495556
-1.34556 0.587778
-1.24333 0.433889
-1.36333 0.442222
-1.25778 0.359444
-1.28 0.395556
-1.32333 0.476111
-1.30778 0.472778
-1.32222 0.436111
-1.27889 0.5
-1.34 0.506667
-1.34889 0.559444
-1.34889 0.528889
-1.36333 0.565556
-1.36889 0.588889
-1.36556 0.577778
-1.37778 0.575
-1.36333 0.562222
-1.36778 0.608889
-1.39333 0.585
-1.31889 0.557222
-1.39556 0.617222
-1.35333 0.633889
-1.32667 0.609444
-1.37222 0.605556
-1.27889 0.561111
-1.36778 0.624444
-1.28778 0.600556
-1.35556 0.621111
-1.31 0.573889
-1.38778 0.573889
-1.36667 0.614444
-1.36556 0.626667
-1.35333 0.648333
-1.34667 0.613889
-1.33 0.621111
-1.33667 0.632222
-1.35 0.654444
-1.34667 0.635556
-1.38778 0.657778
-1.34 0.64
-1.41333 0.699444
-1.42778 0.703333
-1.41444 0.691667
-1.36222 0.695556
-1.38333 0.707778
-1.35778 0.643333
-1.34778 0.608889
-1.32111 0.527222
-1.32556 0.571667
-1.34889 0.534444
-1.39889 0.581667
-1.36333 0.549444
-1.33222 0.53
-1.36444 0.578889
-1.32444 0.583333
-1.39889 0.626667
-1.31889 0.562222
-1.35889 0.526111
-1.33222 0.51
-1.25556 0.472222
-1.37667 0.610556
-1.26556 0.500556
-1.30444 0.53
-1.24667 0.502222
-1.33111 0.535556
-1.27889 0.476111
-1.34778 0.5
-1.34778 0.497778
-1.32667 0.472778
-1.30333 0.443333
-1.32111 0.450556
-1.36556 0.491667
-1.22444 0.437778
-1.21333 0.437778
-1.25444 0.363889
-1.22444 0.313889
-1.24889 0.240556
-1.28 0.275
-1.27111 0.16
-1.21333 0.186667
-1.25111 0.191667
-1.24667 0.102222
-1.18778 0.193889
-1.25111 0.193889
-1.31333 0.255556
-1.29556 0.266667
-1.33778 0.341111
-1.36333 0.393333
-1.29667 0.308889
-1.26222 0.251111
-1.30778 0.25
-1.38 0.262222
-1.3 0.202778
-1.27333 0.151111
-1.30333 0.127778
-1.31333 0.125
-1.25222 0.0522222
-1.19556 0.0961111
-1.20778 0.0594444
-1.23667 0.158889
-1.26222 0.173889
-1.30556 0.2
-1.33333 0.181111
-1.30556 0.239444
-1.35778 0.267778
-1.33667 0.336111
-1.30222 0.303889
-1.26889 0.326667
-1.28333 0.320556
-1.33 0.326111
-1.30556 0.36
-1.37556 0.448333
-1.32222 0.412778
-1.31333 0.353333
-1.23444 0.27
-1.26667 0.257222
-1.25556 0.303889
-1.25222 0.376111
-1.26778 0.283889
-1.33556 0.281667
-1.22667 0.277778
-1.28778 0.278333
-1.22222 0.296111
-1.25778 0.200556
-1.24111 0.246667
-1.29444 0.260556
-1.28667 0.333333
-1.31111 0.348333
-1.23222 0.372778
-1.30556 0.406667
-1.31111 0.433333
-1.33444 0.370556
-1.32444 0.425556
-1.27333 0.459444
-1.29333 0.422778
-1.28667 0.485
-1.31889 0.481667
-1.27111 0.433889
-1.27889 0.355
-1.23556 0.272222
-1.24667 0.24
-1.25444 0.242222
-1.22889 0.276667
-1.16556 0.261667
-1.32333 0.243333
-1.28222 0.282222
-1.21556 0.282222
-1.21333 0.17
-1.19333 0.167222
-1.25556 0.250556
-1.23222 0.176111
-1.21111 0.145
-1.17333 0.158889
-1.19 0.105556
-1.21778 0.145556
-1.23667 0.121667
-1.20889 0.105
-1.23444 0.125
-1.14778 0.0922222
-1.21111 0.162778
-1.28333 0.203333
-1.23889 0.116111
-1.27 0.125556
-1.27 0.137222
-1.23 0.0705556
-1.23444 0.015
-1.16333 -0.0911111
-1.17222 -0.0627778
-1.18 -0.122222
-1.16667 -0.0944444
-1.24556 -0.065
-1.23222 -0.0194444
-1.22444 0.0222222
-1.20222 0.035
-1.22333 0.115
-1.25222 0.0833333
-1.24111 0.015
-1.22444 0.0283333
-1.25778 0.0988889
-1.26222 0.075
-1.24111 0.0227778
-1.25556 0.0261111
-1.24111 0.0266667
-1.20667 0.0794444
-1.24778 0.095
-1.20111 0.148333
-1.18111 0.133889
-1.18889 0.0933333
-1.24444 0.0944444
-1.23 0.0616667
-1.28 0.157222
-1.27 0.128889
-1.28444 0.151667
-1.30222 0.191667
-1.43222 0.177222
-1.29 0.0972222
-1.30889 0.0727778
-1.21889 0.133333
-1.29111 0.109444
-1.32667 0.111111
-1.24889 0.136111
-1.24667 0.0966667
-1.29222 0.0677778
-1.29333 0.0872222
-1.26222 0.0316667
-1.27889 0.0661111
-1.26889 0.0738889
-1.29556 0.202778
-1.27889 0.195
-1.23333 0.211667
-1.30222 0.206667
-1.25889 0.147778
-1.25667 0.184444
-1.28111 0.178889
-1.18667 0.182778
-1.31778 0.121667
-1.31444 0.197778
-1.19667 0.145
-1.24222 0.167222
-1.20556 0.183333
-1.28444 0.153333
-1.28778 0.240556
-1.24778 0.348889
-1.29222 0.346667
-1.21778 0.340556
-1.22556 0.33
-1.20333 0.351111
-1.26 0.342778
-1.29556 0.369444
-1.22222 0.267778
-1.20444 0.235556
-1.23778 0.287222
-1.24778 0.421111
-1.25 0.41
-1.34889 0.442222
-1.26556 0.410556
-1.20444 0.441111
-1.21889 0.44
-1.34 0.518333
-1.25111 0.515556
-1.30778 0.501667
-1.35444 0.525
-1.32333 0.533889
-1.38444 0.532778
-1.37333 0.561667
-1.34778 0.544444
-1.31667 0.546667
-1.32222 0.522778
-1.33222 0.595
-1.38444 0.637222
-1.39667 0.611667
-1.27889 0.604444
-1.38667 0.655
-1.30556 0.638889
-1.39111 0.693333
-1.41667 0.711111
-1.35556 0.641111
-1.30889 0.614444
-1.31889 0.617222
-1.30222 0.603333
-1.34889 0.626111
-1.33222 0.626111
-1.35333 0.618889
-1.31111 0.495556
-1.34778 0.532778
-1.30556 0.566111
-1.32333 0.621111
-1.34556 0.603333
-1.35556 0.595556
-1.37556 0.556667
-1.31667 0.516667
-1.33444 0.521111
-1.29889 0.502222
-1.26 0.533889
-1.34444 0.51
-1.33778 0.575
-1.3 0.587778
-1.34667 0.597222
-1.29 0.5
-1.30333 0.505
-1.32667 0.532778
-1.34444 0.517222
-1.33222 0.495
-1.43333 0.513889
-1.31444 0.532222
-1.31889 0.466667
-1.31889 0.476667
-1.32111 0.456667
-1.29222 0.515
-1.29889 0.481111
-1.34444 0.505
-1.34 0.518333
-1.30444 0.417778
-1.25667 0.333889
-1.22111 0.266667
-1.25667 0.269444
-1.26333 0.197778
-1.24 0.195556
-1.23111 0.229444
-1.29 0.276111
-1.25778 0.200556
-1.22333 0.245
-1.32 0.308889
-1.30222 0.378333
-1.29111 0.431667
-1.30111 0.471667
-1.42 0.54
-1.29556 0.501111
-1.30444 0.437222
-1.25 0.346111
-1.26 0.303889
-1.23556 0.252778
-1.24778 0.24
-1.30778 0.206667
-1.27889 0.231111
-1.22 0.201111
-1.24222 0.226111
-1.24667 0.166667
-1.25667 0.138333
-1.30889 0.185556
-1.21444 0.150556
-1.26889 0.278889
-1.22111 0.240556
-1.29222 0.363889
-1.25778 0.298333
-1.22556 0.182778
-1.27 0.213333
-1.24889 0.225
-1.33556 0.27
-1.3 0.255
-1.27667 0.252222
-1.25333 0.296111
-1.22222 0.293889
-1.23 0.302222
-1.2 0.283889
-1.30444 0.342778
-1.30333 0.330556
-1.30222 0.295
-1.21333 0.243889
-1.21222 0.27
-1.22778 0.261667
-1.23667 0.226111
-1.25222 0.205
-1.27222 0.195
-1.19333 0.208889
-1.27 0.275
-1.26667 0.217778
-1.24444 0.233889
-1.26556 0.246667
-1.23333 0.291111
-1.23333 0.226111
-1.19889 0.126111
-1.19667 0.0416667
-1.25444 0.120556
-1.26556 0.231667
-1.27333 0.161667
-1.18111 0.12
-1.23667 0.157778
-1.22111 0.0838889
-1.23 0.106667
-1.21 0.0944444
-1.25 0.146667
-1.27333 0.230556
-1.28556 0.191111
-1.26778 0.159444
-1.23222 0.180556
-1.26667 0.187222
-1.28444 0.165556
-1.32111 0.18
-1.33778 0.216111
-1.24889 0.26
-1.24 0.348889
-1.29333 0.347778
-1.34333 0.391111
-1.28889 0.335
-1.24222 0.277222
-1.24 0.282778
-1.27667 0.331111
-1.28333 0.401667
-1.30333 0.470556
-1.30556 0.442222
-1.33 0.389444
-1.29222 0.403889
-1.27 0.308889
-1.26556 0.366667
-1.24 0.353889
-1.30556 0.337778
-1.33333 0.382222
-1.31667 0.365556
-1.24889 0.281111
-1.27667 0.288889
-1.25333 0.277222
-1.27889 0.281667
-1.27111 0.307222
-1.27667 0.24
-1.25556 0.226111
-1.23889 0.206667
-1.28556 0.232222
-1.26778 0.198889
-1.26333 0.205556
-1.25444 0.0811111
-1.26667 0.0377778
-1.21444 0.101111
-1.20222 0.101667
-1.21333 0.147222
-1.18111 0.122222
-1.19667 0.193333
-1.18667 0.151111
-1.20889 0.0522222
-1.21556 0.065
-1.17667 0.0222222
-1.22 0.0133333
-1.25 0.0116667
-1.22667 0.0472222
-1.23111 0.0155556
-1.20889 0.106667
-1.18333 0.0677778
-1.18889 0.131667
-1.16556 0.0861111
-1.32333 0.153333
-1.30111 0.095
-1.27778 0.0188889
-1.31444 0.0788889
-1.23556 0.118333
-1.27778 0.0316667
-1.26333 0.102778
-1.24333 0.0683333
-1.23 0.108889
-1.22333 0.17
-1.25778 0.283889
-1.24111 0.393889
-1.31556 0.337222
-1.28222 0.291111
-1.30111 0.207778
-1.22889 0.235
-1.25889 0.323333
-1.30667 0.3
-1.31556 0.301111
-1.34556 0.293333
-1.25444 0.302222
-1.30222 0.292778
-1.27556 0.278889
-1.23778 0.21
-1.20556 0.225556
-1.29111 0.300556
-1.29 0.308889
-1.28 0.322778
-1.22556 0.276667
-1.24556 0.197222
-1.24556 0.247778
-1.31222 0.277222
-1.33 0.372778
-1.32 0.363889
-1.30889 0.362222
-1.28778 0.33
-1.33778 0.318889
-1.27 0.276667
-1.21222 0.315556
-1.26111 0.316667
-1.25222 0.245556
-1.15333 0.237222
-1.25222 0.293889
-1.28889 0.305556
-1.29778 0.368889
-1.31111 0.422222
-1.30778 0.441111
-1.27556 0.545
-1.34444 0.551111
-1.33778 0.522222
-1.30667 0.541111
-1.41444 0.63
-1.35556 0.628333
-1.37 0.671111
-1.41444 0.71
-1.40444 0.664444
-1.41778 0.697222
-1.39556 0.681667
-1.39 0.689444
-1.42111 0.69
-1.36778 0.679444
-1.38556 0.68
-1.36889 0.633889
-1.33444 0.573333
-1.36778 0.634444
-1.38222 0.644444
-1.29667 0.598333
-1.41111 0.610556
-1.33 0.548333
-1.28222 0.560556
-1.34 0.607778
-1.33889 0.525
-1.31444 0.546111
-1.39111 0.58
-1.36333 0.618889
-1.38222 0.673889
-1.37222 0.678889
-1.36778 0.663333
-1.29556 0.582778
-1.28667 0.556111
-1.32333 0.582778
-1.34667 0.621111
-1.32111 0.6
-1.33444 0.609444
-1.37778 0.665
-1.31 0.622778
-1.39111 0.678889
-1.40556 0.635556
-1.38667 0.593889
-1.27889 0.557778
-1.32 0.548889
-1.24556 0.502778
-1.27333 0.496111
-1.36444 0.494444
-1.31556 0.438333
-1.24556 0.376667
-1.33222 0.415
-1.28333 0.431667
-1.30556 0.378333
-1.33556 0.335556
-1.33333 0.377222
-1.26222 0.375
-1.25889 0.325
-1.25111 0.285
-1.30667 0.315
-1.32556 0.294444
-1.27444 0.312778
-1.21667 0.212778
-1.32444 0.265
-1.27333 0.234444
-1.30111 0.202222
-1.26556 0.236667
-1.24111 0.256111
-1.26 0.226667
-1.26667 0.305556
-1.32889 0.372222
-1.28778 0.362778
-1.26444 0.406111
-1.33333 0.465
-1.27556 0.449444
-1.25111 0.450556
-1.35 0.583333
-1.32889 0.556667
-1.33889 0.531111
-1.3 0.512222
-1.35778 0.543889
-1.34889 0.520556
-1.31222 0.512222
-1.39667 0.523889
-1.35333 0.518889
-1.37333 0.501667
-1.37778 0.424444
-1.23778 0.402778
-1.33 0.397222
-1.26889 0.435556
-1.32889 0.392222
-1.32889 0.337778
-1.34778 0.388333
-1.34556 0.361111
-1.27111 0.266111
-1.27222 0.28
-1.25778 0.344444
-1.24222 0.263333
-1.23556 0.295556
-1.32 0.32
-1.36333 0.311111
-1.24111 0.26
-1.24222 0.257778
-1.31444 0.318333
-1.24111 0.252778
-1.27222 0.239444
-1.32 0.263333
-1.31 0.345556
-1.32556 0.321667
-1.33222 0.212222
-1.27333 0.188333
-1.19778 0.178333
-1.30333 0.238889
-1.31444 0.250556
-1.25889 0.238889
-1.23444 0.186667
-1.19667 0.109444
-1.18444 0.0211111
-1.28333 -0.0761111
-1.25111 -0.152778
-1.21667 -0.158333
-1.18222 -0.212222
-1.22222 -0.222778
-1.26778 -0.213333
-1.31222 -0.261667
-1.31778 -0.280556
-1.32111 -0.290556
-1.29778 -0.367778
-1.29778 -0.401667
-1.26556 -0.351111
-1.29778 -0.303333
-1.26778 -0.306111
-1.25 -0.346667
-1.30556 -0.330556
-1.18889 -0.302778
-1.23 -0.262222
-1.18667 -0.253889
-1.24333 -0.293889
-1.23333 -0.322222
-1.27667 -0.342778
-1.29333 -0.423333
-1.34556 -0.405556
-1.30889 -0.406667
-1.30778 -0.365556
-1.30667 -0.327778
-1.32 -0.380556
-1.33333 -0.425
-1.33889 -0.438889
-1.31667 -0.412778
-1.30222 -0.29
-1.29333 -0.339444
-1.23444 -0.315556
-1.23222 -0.273333
-1.26 -0.251111
-1.27667 -0.265556
-1.21111 -0.339444
-1.28333 -0.303333
-1.29333 -0.36
-1.26 -0.333889
-1.30111 -0.24
-1.35 -0.286111
-1.30778 -0.278889
-1.26556 -0.304444
-1.25556 -0.262222
-1.26444 -0.222778
-1.3 -0.326111
-1.26444 -0.289444
-1.18 -0.231667
-1.17667 -0.173333
-1.14 -0.113333
-1.15889 -0.0388889
-1.24556 0.0372222
-1.20333 0.0105556
-1.24667 0.0672222
-1.21111 -0.0322222
-1.32778 0.0372222
-1.26444 0.0638889
-1.26111 0.101111
-1.24444 0.0888889
-1.31111 0.137222
-1.32333 0.0583333
-1.27889 0.121111
-1.27111 0.0838889
-1.25444 0.0711111
-1.31111 0.150556
-1.30778 0.156667
-1.30444 0.221111
-1.30444 0.280556
-1.31889 0.280556
-1.29444 0.292222
-1.21 0.276111
-1.27444 0.232778
-1.21 0.199444
-1.24889 0.187222
-1.21 0.205556
-1.28778 0.19
-1.31444 0.238889
-1.32444 0.265556
-1.34556 0.38
-1.18111 0.344444
-1.25889 0.319444
-1.26111 0.251667
-1.25333 0.169444
-1.20333 0.213889
-1.24222 0.277222
-1.26333 0.337778
-1.19889 0.295556
-1.23222 0.304444
-1.19667 0.351111
-1.23333 0.381667
-1.27556 0.317222
-1.21 0.311667
-1.34222 0.269444
-1.26222 0.235
-1.29111 0.296667
-1.21778 0.317222
-1.27333 0.287222
-1.23222 0.253333
-1.26111 0.332778
-1.33333 0.372222
-1.27333 0.342778
-1.28778 0.428889
-1.35667 0.483333
-1.27667 0.461111
-1.25222 0.444444
-1.22889 0.386667
-1.23556 0.338889
-1.30889 0.378889
-1.26889 0.375556
-1.25333 0.418889
-1.33111 0.485556
-1.31778 0.512778
-1.34222 0.562778
-1.31444 0.53
-1.30556 0.505
-1.28111 0.487222
-1.30667 0.461667
-1.37667 0.562778
-1.32444 0.515556
-1.33 0.533889
-1.30444 0.542778
-1.35111 0.552222
-1.33778 0.49
-1.33 0.517222
-1.34778 0.522222
-1.38556 0.475
-1.36778 0.461111
-1.30778 0.427222
-1.32333 0.433333
-1.32667 0.383333
-1.28111 0.391111
-1.28778 0.455
-1.29778 0.441667
-1.27 0.465556
-1.31222 0.478889
-1.38889 0.477778
-1.34556 0.52
-1.33667 0.5
-1.34111 0.470556
-1.23667 0.434444
-1.27333 0.39
-1.23 0.373889
-1.28889 0.350556
-1.27111 0.374444
-1.25444 0.398889
-1.28889 0.329444
-1.26222 0.363333
-1.25333 0.276667
-1.22444 0.242222
-1.22556 0.176667
-1.26889 0.180556
-1.23667 0.118333
-1.23 0.0255556
-1.23222 -0.0516667
-1.18556 0.0722222
-1.24222 0.0305556
-1.2 0.00277778
-1.21444 -0.0327778
-1.31 -0.0511111
-1.24444 -0.0688889
-1.24 -0.0294444
-1.26 -0.153889
-1.29444 -0.141667
-1.22222 -0.178889
-1.27778 -0.132222
-1.32667 -0.0983333
-1.31444 -0.0644444
-1.30889 -0.102222
-1.27444 -0.0572222
-1.22444 -0.107222
-1.29222 -0.0372222
-1.29222 -0.104444
-1.23333 -0.123333
-1.25444 -0.184444
-1.30889 -0.198889
-1.24222 -0.212222
-1.36111 -0.247778
-1.23889 -0.13
-1.25444 -0.136667
-1.25333 -0.174444
-1.18111 -0.156667
-1.19222 -0.161667
-1.28111 -0.177222
-1.27111 -0.206667
-1.24333 -0.207778
-1.24444 -0.126667
-1.25556 -0.0905556
-1.24889 -0.125
-1.24667 -0.156667
-1.26444 -0.17
-1.29889 -0.161111
-1.21667 -0.122778
-1.23778 -0.0672222
-1.22889 0.0555556
-1.25333 0.163889
-1.26333 0.134444
-1.24667 0.245556
-1.30444 0.187222
-1.20111 0.115
-1.28889 0.153333
-1.28556 0.140556
-1.20889 0.128333
-1.21 0.0766667
-1.13111 0.0972222
-1.30333 0.147222
-1.26778 0.120556
-1.29222 0.113889
-1.24222 0.04
-1.21556 0.0872222
-1.28111 0.12
-1.25333 0.0944444
-1.27111 0.13
-1.28889 0.0561111
-1.23333 0.0383333
-1.30111 0.0627778
-1.26889 0.0622222
-1.29111 0.103333
-1.22556 0.0611111
-1.16222 0.00611111
-1.20778 -0.0566667
-1.2 -0.0355556
-1.24444 -0.0194444
-1.23333 -0.00222222
-1.23556 0.02
-1.19111 0.00944444
-1.31444 0.01
-1.28889 -0.0877778
-1.21778 -0.131111
-1.23 -0.111111
-1.28556 -0.171667
-1.33778 -0.215556
-1.27889 -0.281667
-1.24667 -0.351667
-1.20556 -0.263889
-1.36111 -0.297778
-1.26 -0.290556
-1.27778 -0.316111
-1.26889 -0.298889
-1.27778 -0.354444
-1.29778 -0.29
-1.24667 -0.261111
-1.30556 -0.261667
-1.25778 -0.238333
-1.22 -0.21
-1.28333 -0.281667
-1.31556 -0.327222
-1.33778 -0.429444
-1.31889 -0.413889
-1.24333 -0.406111
-1.33222 -0.444444
-1.28556 -0.363333
-1.28444 -0.297778
-1.31778 -0.311111
-1.27667 -0.296667
-1.32778 -0.306111
-1.28111 -0.278889
-1.27444 -0.323333
-1.25889 -0.295
-1.26 -0.286667
-1.29 -0.274444
-1.30444 -0.263333
-1.24444 -0.315556
-1.24333 -0.332222
-1.27333 -0.384444
-1.24778 -0.420556
-1.35222 -0.513333
-1.24111 -0.435556
-1.34111 -0.476667
-1.29333 -0.371111
-1.32333 -0.434444
-1.36 -0.491111
-1.26222 -0.483333
-1.32667 -0.467778
-1.32111 -0.466667
-1.31333 -0.498333
-1.32778 -0.520556
-1.36111 -0.552778
-1.32556 -0.543333
-1.35333 -0.526111
-1.32667 -0.481667
-1.30667 -0.440556
-1.28444 -0.385
-1.30556 -0.472778
-1.33667 -0.482222
-1.33667 -0.445
-1.27667 -0.363333
-1.28222 -0.407778
-1.36 -0.386667
-1.28667 -0.327778
-1.33556 -0.458889
-1.30889 -0.483889
-1.30667 -0.473889
-1.37333 -0.487778
-1.28556 -0.486667
-1.24444 -0.496111
-1.32556 -0.561667
-1.36778 -0.583333
-1.39222 -0.598889
-1.31778 -0.506667
-1.33444 -0.551667
-1.35111 -0.593333
-1.32 -0.592778
-1.34111 -0.627778
-1.32222 -0.615556
-1.37111 -0.664444
-1.34778 -0.653333
-1.36111 -0.612778
-1.29 -0.585
-1.31111 -0.561667
-1.25556 -0.500556
-1.31111 -0.514444
-1.29222 -0.515556
-1.33222 -0.538889
-1.32 -0.48
-1.30556 -0.495
-1.25 -0.433889
-1.34222 -0.511111
-1.38889 -0.498333
-1.36111 -0.551111
-1.30556 -0.477778
-1.36333 -0.523333
-1.44 -0.553333
-1.32667 -0.5
-1.34444 -0.506667
-1.38444 -0.565556
-1.34667 -0.585
-1.39111 -0.630556
-1.30889 -0.52
-1.28444 -0.56
-1.33778 -0.563889
-1.28889 -0.498889
-1.28667 -0.428333
-1.31222 -0.467222
-1.32556 -0.460556
-1.3 -0.476667
-1.3 -0.357778
-1.25778 -0.331667
-1.16444 -0.301111
-1.20556 -0.298889
-1.26111 -0.304444
-1.27889 -0.332778
-1.21222 -0.308333
-1.24778 -0.321111
-1.27778 -0.389444
-1.32556 -0.418889
-1.25222 -0.416667
-1.33111 -0.435
-1.29556 -0.43
-1.22667 -0.368333
-1.22556 -0.421111
-1.22778 -0.443333
-1.24889 -0.417222
-1.31222 -0.431111
-1.29444 -0.397778
-1.27667 -0.327778
-1.32222 -0.368333
-1.29556 -0.412778
-1.33889 -0.427222
-1.33111 -0.472222
-1.26111 -0.437222
-1.32333 -0.457778
-1.36111 -0.423333
-1.35889 -0.408889
-1.33333 -0.415556
-1.31667 -0.382222
-1.26889 -0.331111
-1.31333 -0.438333
-1.31111 -0.374444
-1.33444 -0.391667
-1.32111 -0.402222
-1.28889 -0.381667
-1.29444 -0.412778
-1.28333 -0.448889
-1.27556 -0.503333
-1.29222 -0.495
-1.35667 -0.538889
-1.26222 -0.493333
-1.27778 -0.520556
-1.26889 -0.491111
-1.38556 -0.566667
-1.30111 -0.575556
-1.33444 -0.614444
-1.33889 -0.641667
-1.35778 -0.579444
-1.29667 -0.586111
-1.30222 -0.57
-1.36778 -0.606111
-1.35333 -0.593889
-1.35 -0.603889
-1.34889 -0.671667
-1.31 -0.603333
-1.35444 -0.653889
-1.37 -0.662778
-1.42556 -0.687222
-1.44778 -0.715
-1.29 -0.541667
-1.28778 -0.466667
-1.30556 -0.491111
-1.29111 -0.499444
-1.31222 -0.512222
-1.33667 -0.528889
-1.34556 -0.513889
-1.34778 -0.545
-1.28333 -0.524444
-1.30444 -0.534444
-1.30667 -0.513333
-1.40556 -0.594444
-1.32667 -0.582778
-1.30333 -0.548889
-1.23111 -0.461667
-1.22556 -0.461667
-1.29 -0.496667
-1.31667 -0.518333
-1.39 -0.53
-1.33333 -0.554444
-1.28556 -0.530556
-1.36 -0.566667
-1.33556 -0.545
-1.33889 -0.53
-1.35 -0.573889
-1.32556 -0.511111
-1.32667 -0.576667
-1.31333 -0.565
-1.24778 -0.467222
-1.32556 -0.539444
-1.28667 -0.51
-1.28333 -0.490556
-1.32111 -0.570556
-1.33667 -0.598333
-1.31333 -0.578889
-1.35556 -0.587222
-1.35889 -0.615
-1.28111 -0.557222
-1.27889 -0.525556
-1.31111 -0.538333
-1.37889 -0.615
-1.28 -0.532222
-1.34333 -0.535
-1.31111 -0.555
-1.29 -0.483333
-1.31111 -0.423333
-1.33556 -0.408333
-1.24111 -0.38
-1.33667 -0.439444
-1.30333 -0.379444
-1.28 -0.351667
-1.26222 -0.435556
-1.37889 -0.53
-1.36111 -0.535
-1.34556 -0.498333
-1.32222 -0.423333
-1.34333 -0.456111
-1.28111 -0.408333
-1.31778 -0.449444
-1.36222 -0.507222
-1.33333 -0.477778
-1.29889 -0.512222
-1.31444 -0.486111
-1.35889 -0.465
-1.26667 -0.446667
-1.28556 -0.446667
-1.27556 -0.430556
-1.32111 -0.397778
-1.26111 -0.402222
-1.39778 -0.512778
-1.35333 -0.482222
-1.30444 -0.445556
-1.30333 -0.466111
-1.33333 -0.501111
-1.36 -0.557778
-1.29778 -0.440556
-1.37556 -0.488889
-1.37 -0.48
-1.32889 -0.485
-1.24556 -0.470556
-1.31111 -0.431111
-1.31 -0.458889
-1.28222 -0.456667
-1.33444 -0.46
-1.28 -0.410556
-1.26889 -0.272778
-1.23556 -0.239444
-1.21667 -0.102222
-1.21889 -0.138889
-1.20556 -0.121667
-1.29111 -0.17
-1.29667 -0.129444
-1.32 -0.148889
-1.24889 -0.158333
-1.30222 -0.104444
-1.25 -0.132778
-1.33 -0.185
-1.25111 -0.238889
-1.29444 -0.159444
-1.30333 -0.102222
-1.32333 -0.161667
-1.29111 -0.100556
-1.26 -0.139444
-1.29222 -0.136667
-1.30333 -0.180556
-1.32222 -0.171667
-1.35333 -0.184444
-1.31667 -0.208333
-1.25333 -0.233333
-1.34444 -0.288333
-1.25222 -0.277778
-1.3 -0.212778
-1.37 -0.21
-1.34444 -0.205556
-1.25556 -0.247222
-1.29444 -0.265
-1.29667 -0.284444
-1.26444 -0.180556
-1.23 -0.145
-1.28556 -0.146667
-1.23889 -0.0672222
-1.19778 -0.153333
-1.23889 -0.125
-1.23333 -0.182222
-1.27778 -0.140556
-1.28778 -0.113889
-1.25 -0.158889
-1.29444 -0.163889
-1.30333 -0.152778
-1.28778 -0.19
-1.30333 -0.275556
-1.26889 -0.245556
-1.22222 -0.252222
-1.29222 -0.190556
-1.31667 -0.258889
-1.33556 -0.297222
-1.25 -0.23
-1.22556 -0.228889
-1.29333 -0.235556
-1.30333 -0.291111
-1.27 -0.243333
-1.33778 -0.255556
-1.23667 -0.308889
-1.29556 -0.381667
-1.29667 -0.403889
-1.29556 -0.436111
-1.23333 -0.343889
-1.3 -0.463889
-1.31444 -0.431667
-1.23778 -0.465
-1.24778 -0.419444
-1.25333 -0.402222
-1.32333 -0.484444
-1.32333 -0.506667
-1.34889 -0.522222
-1.36556 -0.525
-1.29 -0.494444
-1.30889 -0.524444
-1.27889 -0.48
-1.32444 -0.555
-1.29222 -0.475
-1.25556 -0.417222
-1.34444 -0.506111
-1.34556 -0.514444
-1.35333 -0.492222
-1.35 -0.538333
-1.36111 -0.557222
-1.27444 -0.482778
-1.27778 -0.442778
-1.24778 -0.463889
-1.20667 -0.450556
-1.26 -0.46
-1.28889 -0.434444
-1.19889 -0.323333
-1.28556 -0.401111
-1.30667 -0.403333
-1.31111 -0.381667
-1.24222 -0.360556
-1.34778 -0.418333
-1.27222 -0.412778
-1.27333 -0.429444
-1.27222 -0.481111
-1.32111 -0.49
-1.32333 -0.515556
-1.33889 -0.564444
-1.34111 -0.571667
-1.24222 -0.481667
-1.21667 -0.436667
-1.35 -0.523889
-1.35667 -0.528889
-1.37778 -0.523333
-1.28444 -0.464444
-1.23556 -0.302222
-1.20889 -0.282222
-1.26444 -0.302778
-1.28778 -0.365
-1.24778 -0.39
-1.28222 -0.365556
-1.31667 -0.413889
-1.26111 -0.378333
-1.23889 -0.296111
-1.29444 -0.297222
-1.25889 -0.327778
-1.30333 -0.351111
-1.27778 -0.382222
-1.26222 -0.41
-1.23556 -0.341111
-1.25556 -0.368889
-1.25556 -0.405
-1.29444 -0.38
-1.31556 -0.343889
-1.25222 -0.286111
-1.21444 -0.311111
-1.28778 -0.339444
-1.33 -0.371111
-1.30222 -0.443333
-1.25444 -0.333889
-1.24556 -0.350556
-1.30111 -0.328333
-1.28111 -0.282222
-1.31667 -0.312778
-1.22778 -0.265
-1.33667 -0.288889
-1.27111 -0.283333
-1.28556 -0.278333
-1.33444 -0.25
-1.31889 -0.186111
-1.19444 -0.181111
-1.26111 -0.222778
-1.21111 -0.124444
-1.21333 -0.0672222
-1.24778 0.00222222
-1.23667 0.0172222
-1.23889 0.0133333
-1.24333 -0.0144444
-1.25778 0.0372222
-1.29667 0.00777778
-1.30778 -0.0655556
-1.26333 -0.0605556
-1.28778 -0.0438889
-1.32222 0.01
-1.33778 -0.0255556
-1.30778 0.0166667
-1.35 0.0222222
-1.34111 0.0933333
-1.27556 0.07
-1.27556 0.00611111
-1.16444 0.00111111
-1.25222 -0.0277778
-1.18222 -0.0333333
-1.16444 0.0144444
-1.23444 -0.0305556
-1.24667 -0.0672222
-1.19111 -0.0244444
-1.21889 0.0172222
-1.19222 -0.0322222
-1.17556 -0.0633333
-1.25333 -0.0794444
-1.21889 -0.131667
-1.20778 -0.108333
-1.26556 -0.158889
-1.27111 -0.188333
-1.27667 -0.239444
-1.29667 -0.292222
-1.29556 -0.306667
-1.29667 -0.248889
-1.32222 -0.258889
-1.24444 -0.231667
-1.27333 -0.235
-1.28667 -0.23
-1.24444 -0.19
-1.31778 -0.195556
-1.32222 -0.134444
-1.25111 -0.131111
-1.25667 -0.0788889
-1.30111 -0.0755556
-1.22 -0.0355556
-1.26 -0.0555556
-1.21778 -0.0872222
-1.28889 -0.0555556
-1.23556 0.0177778
-1.25778 0.0288889
-1.27444 0.09
-1.29333 0.0361111
-1.24667 0.0938889
-1.29333 0.0716667
-1.22111 0.0855556
-1.26667 0.0533333
-1.31111 -0.075
-1.26778 -0.0505556
-1.26333 -0.106111
-1.27333 -0.0777778
-1.31 -0.126111
-1.22333 -0.158889
-1.26111 -0.0955556
-1.26 -0.152222
-1.31667 -0.163333
-1.19778 -0.153889
-1.23889 -0.127222
-1.23222 -0.214444
-1.26444 -0.246111
-1.34667 -0.276667
-1.31111 -0.241111
-1.30667 -0.222222
-1.25444 -0.25
-1.33667 -0.357222
-1.28333 -0.311111
-1.24889 -0.302222
-1.26889 -0.310556
-1.27556 -0.351667
-1.28889 -0.347778
-1.32333 -0.449444
-1.28889 -0.434444
-1.25444 -0.377778
-1.25111 -0.270556
-1.31 -0.355
-1.21556 -0.291667
-1.25556 -0.250556
-1.22222 -0.270556
-1.35222 -0.277222
-1.33111 -0.27
-1.34 -0.282222
-1.31111 -0.323889
-1.35667 -0.397222
-1.33 -0.432778
-1.36556 -0.483333
-1.35222 -0.518333
-1.35111 -0.498333
-1.23889 -0.438889
-1.32778 -0.411667
-1.34778 -0.383333
-1.30556 -0.416667
-1.27889 -0.388889
-1.32111 -0.406111
-1.32111 -0.379444
-1.33556 -0.390556
-1.23889 -0.352222
-1.26889 -0.428333
-1.29 -0.393333
-1.27333 -0.375
-1.30333 -0.367222
-1.34889 -0.403889
-1.31111 -0.455556
-1.31111 -0.462778
-1.34 -0.47
-1.41222 -0.501111
-1.28667 -0.513889
-1.32889 -0.548889
-1.30556 -0.548889
-1.30222 -0.461111
-1.25222 -0.469444
-1.28 -0.474444
-1.30333 -0.476111
-1.26667 -0.473889
-1.24889 -0.457222
-1.37667 -0.546111
-1.29444 -0.501111
-1.36778 -0.557778
-1.32 -0.558889
-1.28556 -0.473889
-1.32222 -0.517778
-1.28222 -0.486667
-1.29667 -0.476111
-1.33556 -0.46
-1.28667 -0.447778
-1.35222 -0.453333
-1.33444 -0.478889
-1.39333 -0.515
-1.36667 -0.507222
-1.35667 -0.443889
-1.33222 -0.445
-1.33556 -0.474444
-1.30556 -0.431111
-1.30333 -0.448333
-1.30889 -0.43
-1.29222 -0.394444
-1.25 -0.380556
-1.25111 -0.344444
-1.29667 -0.395
-1.24667 -0.433333
-1.24556 -0.366111
-1.26111 -0.363333
-1.23111 -0.283889
-1.27667 -0.332778
-1.20667 -0.325
-1.27 -0.308333
-1.27889 -0.277222
-1.29444 -0.158333
-1.24333 -0.193889
-1.29222 -0.186667
-1.24333 -0.207778
-1.27111 -0.224444
-1.28222 -0.298889
-1.32667 -0.311667
-1.30444 -0.307222
-1.28222 -0.242222
-1.30889 -0.248889
-1.30444 -0.296667
-1.23667 -0.162222
-1.26889 -0.107222
-1.30556 -0.104444
-1.23444 -0.0483333
-1.29222 -0.075
-1.33556 -0.0677778
-1.23778 -0.0811111
-1.29 -0.0933333
-1.28111 -0.0927778
-1.32222 -0.0672222
-1.30556 -0.0827778
-1.29333 -0.0794444
-1.27889 -0.0755556
-1.29556 -0.0494444
-1.27222 0.000555556
-1.34111 -0.00388889
-1.28111 0.0911111
-1.32889 0.0777778
-1.26333 0.0661111
-1.31333 0.095
-1.31889 0.144444
-1.37556 0.201667
-1.32556 0.225556
-1.28556 0.133333
-1.28556 0.175
-1.26111 0.189444
-1.19556 0.186667
-1.27778 0.0783333
-1.27667 -0.00555556
-1.30333 0.00444444
-1.22889 -0.0516667
-1.26222 -0.0544444
-1.27222 0.0166667
-1.27222 -0.00166667
-1.25778 -0.0277778
-1.29 -0.0811111
-1.21667 -0.0766667
-1.23778 -0.128333
-1.23778 -0.181667
-1.27556 -0.104444
-1.29778 -0.0583333
-1.28222 -0.0222222
-1.22889 -0.0266667
-1.19222 -0.0561111
-1.29778 0.06
-1.22333 0.075
-1.20222 0.15
-1.24444 0.164444
-1.24333 0.135
-1.27556 0.0338889
-1.30778 0.0761111
-1.33333 0.0911111
-1.37111 0.0805556
-1.31111 -0.0244444
-1.27778 -0.0216667
-1.26 -0.0416667
-1.29333 -0.00722222
-1.26 -0.0133333
-1.32 -0.0344444
-1.25444 0.0355556
-1.27111 0.0616667
-1.28556 0.0583333
-1.36556 -0.00888889
-1.30333 0.0261111
-1.23778 0.0561111
-1.26111 0.0327778
-1.29444 0.0333333
-1.21667 0.128889
-1.27444 0.167778
-1.23556 0.123889
-1.23111 0.138889
-1.24333 0.117778
-1.30333 0.132778
-1.27333 0.135556
-1.27222 0.223333
-1.26667 0.255
-1.30889 0.288889
-1.36667 0.251111
-1.36333 0.222222
-1.28778 0.186667
-1.24222 0.147222
-1.19667 0.212778
-1.34111 0.144444
-1.30778 0.170556
-1.33444 0.143889
-1.29 0.132222
-1.25333 0.0727778
-1.25778 0.0694444
-1.22444 0.110556
-1.28222 0.181667
-1.34 0.0938889
-1.31556 0.0477778
-1.32 0.00777778
-1.31 -0.0366667
-1.26 -0.0511111
-1.25889 -0.0483333
-1.28778 -0.0561111
-1.26333 -0.150556
-1.24222 -0.140556
-1.30333 -0.170556
-1.26333 -0.168889
-1.28444 -0.14
-1.23333 -0.146667
-1.27778 -0.132778
-1.29444 -0.113333
-1.30889 -0.171111
-1.21667 -0.0711111
-1.23667 -0.0755556
-1.33444 -0.0983333
-1.32222 -0.0422222
-1.30111 -0.0333333
-1.24556 0.0411111
-1.27778 0.0405556
-1.24889 0.02
-1.27889 -0.00722222
-1.27 0.0433333
-1.28111 0.137222
-1.28111 0.0811111
-1.3 0.0772222
-1.27222 0.105556
-1.29444 0.0672222
-1.23667 0.0338889
-1.20444 0.0577778
-1.27222 0.0611111
-1.18444 0.0244444
-1.24111 0.00111111
-1.24222 0.0611111
-1.28444 0.0788889
-1.27889 0.0122222
-1.25556 -0.0544444
-1.23222 -0.122222
-1.23556 -0.162778
-1.23444 -0.163889
-1.22 -0.242778
-1.23667 -0.291667
-1.30333 -0.373889
-1.29889 -0.358333
-1.25778 -0.302778
-1.28111 -0.345556
-1.24778 -0.303889
-1.33 -0.295
-1.33333 -0.36
-1.25667 -0.351111
-1.28889 -0.307778
-1.31889 -0.364444
-1.28222 -0.352778
-1.29556 -0.288333
-1.32778 -0.341667
-1.29444 -0.307778
-1.27444 -0.25
-1.32222 -0.244444
-1.2 -0.155556
-1.25333 -0.285556
-1.27667 -0.294444
-1.28 -0.278889
-1.31111 -0.316667
-1.27667 -0.253333
-1.29222 -0.222222
-1.31889 -0.310556
-1.32667 -0.337778
-1.29667 -0.373333
-1.24778 -0.365
-1.22889 -0.253889
-1.25222 -0.182778
-1.21556 -0.08
-1.29222 -0.0838889
-1.31333 -0.0388889
-1.25889 -0.0638889
-1.28889 -0.0622222
-1.27667 -0.0816667
-1.19556 -0.0666667
-1.25 -0.0422222
-1.19444 -0.0144444
-1.22444 -0.0327778
-1.25778 0.0422222
-1.32778 0.110556
-1.26222 0.0377778
-1.22889 0.0872222
-1.25444 0.0238889
-1.26111 0.103889
-1.21222 0.0505556
-1.23111 0.0977778
-1.26333 0.0855556
-1.21444 0.0977778
-1.28778 0.09
-1.22556 0.05
-1.23333 0.0533333
-1.15667 0.115
-1.31556 0.085
-1.30222 0.085
-1.29444 0.101111
-1.28556 0.143889
-1.28556 0.139444
-1.29222 0.204444
-1.28778 0.21
-1.23222 0.198889
-1.19 0.0627778
-1.24556 0.0705556
-1.17778 0.0811111
-1.23556 0.035
-1.18222 0.0205556
-1.21667 -0.00333333
-1.16444 0.0677778
-1.22667 0.138333
-1.15778 0.130556
-1.22889 0.0761111
-1.17556 0.122222
-1.21444 0.133333
-1.23667 0.245556
-1.23111 0.311111
-1.25333 0.306667
-1.22667 0.323333
-1.26 0.327222
-1.23111 0.286111
-1.23222 0.335556
-1.32 0.356111
-1.33333 0.336667
-1.39444 0.387778
-1.31778 0.404444
-1.29778 0.422778
-1.28667 0.407222
-1.25778 0.396111
-1.32 0.311111
-1.29556 0.287778
-1.23778 0.264444
-1.23667 0.194444
-1.25222 0.171667
-1.22889 0.213889
-1.28333 0.178333
-1.24222 0.173889
-1.30222 0.136111
-1.29556 0.08
-1.29889 0.0744444
-1.25889 0.111667
-1.29556 0.0688889
-1.27667 0.0494444
-1.31 0.0444444
-1.23778 -0.0533333
-1.23444 -0.07
-1.23444 -0.0666667
-1.23556 -0.149444
-1.26556 -0.131667
-1.23889 -0.114444
-1.24 -0.103333
-1.17889 -0.171111
-1.21222 -0.178889
-1.22778 -0.298889
-1.3 -0.338889
-1.29 -0.325
-1.29778 -0.335556
-1.23889 -0.33
-1.29556 -0.395
-1.25667 -0.254444
-1.26667 -0.29
-1.25556 -0.216667
-1.24889 -0.228333
-1.25667 -0.254444
-1.28556 -0.157778
-1.21556 -0.188889
-1.27889 -0.171667
-1.26 -0.21
-1.3 -0.328889
-1.30444 -0.442778
-1.33556 -0.473889
-1.38222 -0.48
-1.32556 -0.496667
-1.37111 -0.512778
-1.34778 -0.473889
-1.33889 -0.489444
-1.31667 -0.515556
-1.30111 -0.506111
-1.35667 -0.496667
-1.27222 -0.366667
-1.29222 -0.441111
-1.37667 -0.475556
-1.36556 -0.495
-1.37222 -0.443889
-1.32222 -0.408333
-1.28 -0.453333
-1.25333 -0.392222
-1.25778 -0.368889
-1.29556 -0.472222
-1.30667 -0.445556
-1.34778 -0.491111
-1.35444 -0.416111
-1.3 -0.391111
-1.33333 -0.39
-1.29111 -0.289444
-1.30444 -0.293889
-1.24778 -0.352222
-1.33889 -0.317222
-1.26333 -0.41
-1.23556 -0.369444
-1.26111 -0.352222
-1.25778 -0.325
-1.25889 -0.266667
-1.29667 -0.307778
-1.32889 -0.285
-1.29333 -0.247778
-1.30667 -0.300556
-1.20333 -0.233889
-1.23333 -0.256111
-1.29667 -0.301667
-1.30333 -0.285
-1.32222 -0.258333
-1.34667 -0.238889
-1.25556 -0.325
-1.24667 -0.333889
-1.27 -0.440556
-1.31556 -0.424444
-1.27111 -0.507778
-1.23444 -0.514444
-1.26111 -0.517778
-1.33667 -0.609444
-1.37556 -0.561667
-1.30444 -0.551667
-1.34667 -0.568889
-1.31556 -0.497778
-1.34667 -0.48
-1.35 -0.542778
-1.35222 -0.54
-1.28222 -0.518333
-1.27222 -0.412778
-1.20444 -0.311667
-1.31556 -0.451667
-1.25 -0.396667
-1.26444 -0.359444
-1.26444 -0.366667
-1.35444 -0.423889
-1.28667 -0.426667
-1.29778 -0.441667
-1.38333 -0.541111
-1.39111 -0.484444
-1.39556 -0.447778
-1.34111 -0.475
-1.32667 -0.379444
-1.29556 -0.386111
-1.20444 -0.303889
-1.24778 -0.27
-1.28667 -0.288889
-1.23333 -0.266667
-1.21333 -0.193333
-1.28 -0.163333
-1.30667 -0.259444
-1.27222 -0.272778
-1.23 -0.258333
-1.24778 -0.262222
-1.25111 -0.255556
-1.25 -0.261111
-1.29667 -0.302778
-1.21889 -0.270556
-1.32667 -0.336111
-1.21222 -0.316111
-1.24222 -0.328889
-1.23333 -0.334444
-1.23778 -0.396111
-1.2 -0.345
-1.18222 -0.363333
-1.24889 -0.338889
-1.24667 -0.396667
-1.33333 -0.426667
-1.27444 -0.432222
-1.33222 -0.42
-1.39444 -0.315556
-1.31889 -0.298889
-1.24556 -0.332222
-1.26111 -0.229444
-1.29 -0.257778
-1.26889 -0.286111
-1.26667 -0.293889
-1.24444 -0.261667
-1.31111 -0.338333
-1.31667 -0.332222
-1.24889 -0.306667
-1.18889 -0.256667
-1.33111 -0.345556
-1.25667 -0.369444
-1.21111 -0.32
-1.20333 -0.263889
-1.24111 -0.154444
-1.27222 -0.188333
-1.14444 -0.181667
-1.18111 -0.13
-1.21778 -0.113889
-1.21444 -0.0783333
-1.20111 -0.0755556
-1.18222 -0.142778
-1.23 -0.193889
-1.25444 -0.178889
-1.25444 -0.254444
-1.32889 -0.341111
-1.34444 -0.331667
-1.33333 -0.366667
-1.31889 -0.387222
-1.32444 -0.370556
-1.33111 -0.384444
-1.33667 -0.374444
-1.26889 -0.348889
-1.28556 -0.298333
-1.28333 -0.213333
-1.27111 -0.242778
-1.23889 -0.246667
-1.29889 -0.262778
-1.22778 -0.310556
-1.31111 -0.326111
-1.31889 -0.402222
-1.24556 -0.342778
-1.30556 -0.377778
-1.31 -0.416667
-1.29222 -0.383889
-1.26444 -0.383333
-1.25556 -0.371667
-1.24444 -0.427778
-1.22778 -0.417222
-1.22444 -0.419444
-1.22556 -0.459444
-1.27556 -0.465556
-1.30778 -0.491667
-1.27667 -0.461667
-1.3 -0.438889
-1.24556 -0.47
-1.20778 -0.417778
-1.34111 -0.510556
-1.31444 -0.486111
-1.25667 -0.442222
-1.35222 -0.561111
-1.25778 -0.51
-1.27889 -0.588889
-1.30556 -0.559444
-1.34333 -0.553889
-1.24222 -0.447222
-1.22 -0.482222
-1.29889 -0.505
-1.34 -0.565
-1.36 -0.564444
-1.31778 -0.568889
-1.29 -0.522778
-1.31 -0.552222
-1.31667 -0.544444
-1.33889 -0.559444
-1.28111 -0.471111
-1.28667 -0.491111
-1.30333 -0.47
-1.37222 -0.502778
-1.31 -0.435556
-1.33667 -0.438333
-1.28 -0.450556
-1.28 -0.398889
-1.33333 -0.450556
-1.23778 -0.481667
-1.26333 -0.451667
-1.35111 -0.448889
-1.29667 -0.425
-1.25667 -0.362778
-1.29778 -0.313889
-1.24444 -0.286667
-1.28667 -0.237222
-1.20333 -0.175
-1.25556 -0.181111
-1.28 -0.161111
-1.34333 -0.153333
-1.25778 -0.126667
-1.29889 -0.103889
-1.35444 -0.125
-1.30222 -0.177222
-1.24444 -0.214444
-1.33778 -0.266111
-1.31556 -0.289444
-1.23556 -0.271111
-1.29 -0.322778
-1.35556 -0.391667
-1.35444 -0.414444
-1.26 -0.452222
-1.38 -0.534444
-1.34667 -0.583333
-1.32778 -0.583889
-1.29444 -0.495556
-1.36 -0.590556
-1.36 -0.58
-1.31889 -0.556111
-1.31444 -0.487222
-1.25667 -0.455
-1.26222 -0.397778
-1.30444 -0.456111
-1.32889 -0.432222
-1.37333 -0.466667
-1.23667 -0.431111
-1.28778 -0.48
-1.38 -0.472778
-1.29333 -0.431667
-1.28333 -0.470556
-1.28667 -0.491111
-1.32222 -0.455
-1.34111 -0.542778
-1.37667 -0.525556
-1.37556 -0.491667
-1.35444 -0.474444
-1.30333 -0.520556
-1.29778 -0.502778
-1.25667 -0.416667
-1.20667 -0.451667
-1.37111 -0.508333
-1.32778 -0.536667
-1.30222 -0.556111
-1.37778 -0.641111
-1.34889 -0.581111
-1.33222 -0.609444
-1.36222 -0.614444
-1.35556 -0.591667
-1.35 -0.57
-1.34333 -0.560556
-1.30444 -0.537778
-1.31333 -0.550556
-1.33667 -0.558889
-1.31333 -0.545
-1.30222 -0.549444
-1.38444 -0.505556
-1.26333 -0.444444
-1.27444 -0.482222
-1.31667 -0.497778
-1.29222 -0.463333
-1.30222 -0.458333
-1.23778 -0.410556
-1.27889 -0.373889
-1.25778 -0.389444
-1.27667 -0.403889
-1.27111 -0.39
-1.26667 -0.412778
-1.25556 -0.414444
-1.26667 -0.435
-1.26889 -0.371111
-1.19111 -0.337222
-1.28111 -0.331111
-1.31333 -0.306111
-1.18444 -0.24
-1.24 -0.302778
-1.32444 -0.317778
-1.39667 -0.348889
-1.32 -0.361667
-1.35556 -0.333889
-1.32667 -0.352778
-1.27444 -0.414444
-1.34333 -0.453889
-1.32444 -0.434444
-1.28667 -0.387778
-1.28333 -0.355
-1.29556 -0.362222
-1.37667 -0.387778
-1.30444 -0.380556
-1.23778 -0.375556
-1.35778 -0.38
-1.37111 -0.381111
-1.33556 -0.329444
-1.29444 -0.306111
-1.27444 -0.298333
-1.29889 -0.266111
-1.24333 -0.302222
-1.24889 -0.222778
-1.24444 -0.197222
-1.29222 -0.242778
-1.30444 -0.261667
-1.25444 -0.278889
-1.28444 -0.282778
-1.24444 -0.232778
-1.29222 -0.191111
-1.22111 -0.254444
-1.18333 -0.295
-1.29778 -0.278333
-1.25667 -0.316667
-1.27111 -0.353889
-1.20889 -0.33
-1.28778 -0.370556
-1.18667 -0.335
-1.24444 -0.304444
-1.30222 -0.32
-1.26333 -0.321667
-1.25889 -0.337222
-1.23556 -0.327222
-1.24222 -0.321111
-1.30111 -0.344444
-1.28222 -0.269444
-1.25889 -0.295556
-1.24 -0.303333
-1.28667 -0.329444
-1.21222 -0.337222
-1.23556 -0.364444
-1.26667 -0.447222
-1.29444 -0.492778
-1.26 -0.557778
-1.26667 -0.542222
-1.28333 -0.564444
-1.32556 -0.525556
-1.34667 -0.580556
-1.39 -0.615
-1.35 -0.596111
-1.37333 -0.641111
-1.28333 -0.550556
-1.35 -0.566111
-1.28556 -0.549444
-1.28889 -0.480556
-1.29444 -0.387778
-1.24222 -0.441111
-1.28556 -0.46
-1.27111 -0.465
-1.33333 -0.487222
-1.33 -0.515
-1.24222 -0.494444
-1.26333 -0.483333
-1.35 -0.522222
-1.25111 -0.438889
-1.29556 -0.413333
-1.22778 -0.35
-1.24444 -0.339444
-1.27667 -0.362222
-1.36111 -0.395556
-1.29889 -0.412778
-1.28556 -0.403333
-1.31778 -0.425
-1.26333 -0.342222
-1.31111 -0.336667
-1.27556 -0.368889
-1.31556 -0.381667
-1.27778 -0.278333
-1.34444 -0.248889
-1.27556 -0.193333
-1.21667 -0.169444
-1.26333 -0.246111
-1.31889 -0.152778
-1.19 -0.0855556
-1.24333 -0.0633333
-1.23667 -0.0588889
-1.18667 -0.155
-1.21778 -0.180556
-1.23667 -0.156667
-1.24111 -0.119444
-1.22 -0.0694444
-1.27333 -0.0638889
-1.24778 -0.0844444
-1.24444 -0.113333
-1.27444 -0.173889
-1.29556 -0.157222
-1.26667 -0.191111
-1.26667 -0.174444
-1.27556 -0.197778
-1.30222 -0.2
-1.32889 -0.241111
-1.25667 -0.195556
-1.24 -0.228333
-1.23 -0.255556
-1.24556 -0.322222
-1.26111 -0.348333
-1.33667 -0.429444
-1.35222 -0.406111
-1.30444 -0.443889
-1.29111 -0.486667
-1.37778 -0.523889
-1.39333 -0.539444
-1.37778 -0.5
-1.29444 -0.463333
-1.31 -0.441667
-1.34222 -0.491111
-1.35556 -0.514444
-1.37333 -0.457778
-1.33111 -0.443889
-1.3 -0.397778
-1.31778 -0.331111
-1.28111 -0.273333
-1.26333 -0.238333
-1.27222 -0.295
-1.31111 -0.348889
-1.36 -0.411111
-1.32667 -0.397222
-1.28667 -0.384444
-1.37 -0.449444
-1.28444 -0.375
-1.31111 -0.378889
-1.32667 -0.43
-1.31333 -0.428333
-1.24556 -0.453889
-1.41556 -0.490556
-1.32778 -0.468889
-1.34889 -0.456111
-1.36556 -0.466111
-1.36444 -0.44
-1.30667 -0.465
-1.26444 -0.422222
-1.28222 -0.461667
-1.28 -0.467222
-1.28333 -0.483333
-1.35889 -0.518889
-1.28556 -0.422222
-1.26444 -0.401111
-1.25667 -0.475
-1.30444 -0.515556
-1.33111 -0.540556
-1.24222 -0.447222
-1.23111 -0.466667
-1.26 -0.449444
-1.22889 -0.497222
-1.27444 -0.458889
-1.26889 -0.423889
-1.32667 -0.443333
-1.28889 -0.495556
-1.32111 -0.55
-1.36667 -0.538889
-1.30778 -0.548333
-1.34111 -0.595556
-1.31667 -0.634444
-1.38222 -0.636111
-1.36667 -0.627778
-1.29 -0.562778
-1.27556 -0.511667
-1.31111 -0.506667
-1.23778 -0.447222
-1.22778 -0.458889
-1.35667 -0.549444
-1.28222 -0.516667
-1.35667 -0.561667
-1.34222 -0.559444
-1.38889 -0.573889
-1.33 -0.542222
-1.30556 -0.536111
-1.40444 -0.576111
-1.32111 -0.618889
-1.36222 -0.598889
-1.30333 -0.537222
-1.33111 -0.566667
-1.39222 -0.595
-1.34444 -0.564444
-1.27778 -0.484444
-1.32444 -0.483889
-1.30222 -0.502222
-1.37444 -0.467778
-1.32778 -0.479444
-1.27222 -0.485556
-1.20889 -0.497778
-1.25333 -0.512778
-1.30222 -0.546667
-1.26667 -0.495556
-1.28778 -0.54
-1.30222 -0.56
-1.23889 -0.442778
-1.28222 -0.470556
-1.20444 -0.328889
-1.23444 -0.338889
-1.18778 -0.267778
-1.20222 -0.28
-1.23667 -0.345556
-1.29889 -0.299444
-1.27111 -0.325556
-1.24556 -0.263889
-1.25667 -0.302222
-1.29222 -0.319444
-1.3 -0.325556
-1.29 -0.366111
-1.33 -0.356667
-1.30444 -0.342778
-1.24 -0.318889
-1.22 -0.301111
-1.30556 -0.368333
-1.25778 -0.360556
-1.34889 -0.426667
-1.33222 -0.294444
-1.33 -0.248889
-1.30556 -0.272778
-1.29667 -0.25
-1.32444 -0.28
-1.35111 -0.33
-1.21778 -0.283889
-1.29222 -0.297222
-1.24667 -0.201667
-1.28333 -0.161667
-1.20556 -0.124444
-1.27444 -0.122222
-1.31222 -0.0677778
-1.31222 -0.0255556
-1.28111 0.00722222
-1.17889 -0.0361111
-1.16778 -0.118333
-1.16333 -0.141667
-1.20667 -0.157778
-1.22556 -0.135
-1.19778 -0.203333
-1.25889 -0.238333
-1.27111 -0.227778
-1.2 -0.203333
-1.21333 -0.181667
-1.25667 -0.201111
-1.16556 -0.197778
-1.20556 -0.172222
-1.22 -0.206111
-1.28222 -0.312222
-1.31444 -0.333889
-1.28667 -0.335
-1.3 -0.348889
-1.27778 -0.353889
-1.26444 -0.295
-1.25778 -0.335
-1.30556 -0.306667
-1.28222 -0.282222
-1.28 -0.208333
-1.28667 -0.116667
-1.30111 -0.217222
-1.32444 -0.241667
-1.33 -0.202222
-1.34111 -0.209444
-1.25778 -0.177778
-1.27889 -0.132778
-1.25222 -0.127222
-1.22778 -0.0683333
-1.30778 -0.147222
-1.25889 -0.133333
-1.29 -0.157778
-1.28 -0.216667
-1.27333 -0.254444
-1.20444 -0.261111
-1.28778 -0.273333
-1.24889 -0.311111
-1.24222 -0.332778
-1.21556 -0.291111
-1.24444 -0.327778
-1.28 -0.307778
-1.28889 -0.367222
-1.29444 -0.424444
-1.30333 -0.443333
-1.27556 -0.363889
-1.30111 -0.322222
-1.37667 -0.399444
-1.29778 -0.25
-1.28111 -0.233333
-1.22889 -0.198889
-1.24889 -0.218889
-1.28333 -0.223333
-1.30778 -0.225556
-1.31444 -0.214444
-1.30333 -0.155556
-1.26556 -0.154444
-1.29 -0.146111
-1.22667 -0.0883333
-1.26778 -0.159444
-1.29 -0.214444
-1.3 -0.095
-1.26778 -0.106667
-1.25 -0.120556
-1.23667 -0.181667
-1.29667 -0.199444
-1.27889 -0.143333
-1.24444 -0.172778
-1.25889 -0.195556
-1.23444 -0.207778
-1.26222 -0.218889
-1.21444 -0.241111
-1.24 -0.276111
-1.18333 -0.262778
-1.24444 -0.288889
-1.20667 -0.231111
-1.19 -0.155556
-1.22667 -0.133333
-1.25333 -0.189444
-1.25222 -0.182222
-1.28778 -0.143333
-1.28333 -0.176667
-1.34556 -0.21
-1.30444 -0.249444
-1.27556 -0.172222
-1.28444 -0.203333
-1.32111 -0.226111
-1.26667 -0.206667
-1.26 -0.211667
-1.31778 -0.174444
-1.29444 -0.124444
-1.26111 -0.145
-1.23889 -0.0777778
-1.25444 0.00888889
-1.26 -0.025
-1.14222 -0.0661111
-1.25667 -0.0666667
-1.28556 -0.106111
-1.31111 -0.121667
-1.21111 -0.121667
-1.25778 -0.0561111
-1.27444 -0.0955556
-1.26556 -0.0988889
-1.21667 -0.102778
-1.27111 -0.121111
-1.20667 -0.178889
-1.28778 -0.0844444
-1.25 -0.0344444
-1.27889 0.0355556
-1.25889 0.101667
-1.29444 0.0527778
-1.24778 0.00277778
-1.32444 0.00888889
-1.27 0.0422222
-1.29889 0.109444
-1.28778 0.168889
-1.29889 0.179444
-1.33222 0.221111
-1.30444 0.166667
-1.31111 0.213333
-1.33444 0.239444
-1.26333 0.108333
-1.25556 0.0822222
-1.23667 0.0283333
-1.30444 -0.00722222
-1.27111 -0.00333333
-1.28556 -0.00833333
-1.34667 -0.0261111
-1.34889 -0.00388889
-1.29 -0.0122222
-1.34556 0.111667
-1.28667 0.0705556
-1.28444 0.0805556
-1.34444 0.0316667
-1.29111 0.111667
-1.20444 0.0133333
-1.23 -0.0205556
-1.33333 0.0994444
-1.32444 0.100556
-1.33778 0.0827778
-1.35333 0.0738889
-1.33111 0.0861111
-1.32667 0.0772222
-1.27444 0.0877778
-1.27222 -0.00388889
-1.26444 0.000555556
-1.34778 -0.0377778
-1.22 -0.0433333
-1.30111 -0.03
-1.24 -0.0244444
-1.30889 0.0394444
-1.30111 0.0855556
-1.25556 0.0383333
-1.29556 0.0583333
-1.27333 -0.00944444
-1.28222 0.0888889
-1.28444 0.0683333
-1.23444 0.065
-1.28111 0.0872222
-1.29111 0.0483333
-1.26778 -0.0522222
-1.23667 -0.105
-1.24111 -0.0744444
-1.25556 -0.0755556
-1.26333 -0.0494444
-1.23667 -0.0633333
-1.23222 -0.0822222
-1.25889 -0.0183333
-1.22556 0.0111111
-1.25556 0.0411111
-1.28667 0.1
-1.25444 0.122222
-1.23333 0.118889
-1.22 0.177222
-1.19111 0.181111
-1.22556 0.175
-1.21 0.169444
-1.23889 0.201111
-1.16667 0.181667
-1.17444 0.172222
-1.23222 0.198333
-1.27889 0.196667
-1.30667 0.182222
-1.26 0.105
-1.19222 0.0455556
-1.21444 0.075
-1.21444 -0.0266667
-1.27222 0.0355556
-1.28556 0.0294444
-1.30222 0.105
-1.22222 0.151111
-1.21889 0.0805556
-1.27 0.123333
-1.22889 0.156111
-1.31222 0.193889
-1.27444 0.120556
-1.24 0.0594444
-1.20556 -0.0188889
-1.24556 -0.00833333
-1.28222 0
-1.27111 -0.00888889
-1.21111 0.085
-1.16889 0.102222
-1.25778 0.117778
-1.30778 0.143889
-1.23889 0.0588889
-1.20778 -0.0111111
-1.19556 -0.0177778
-1.26889 -0.00333333
-1.18 0.0244444
-1.18778 0.110556
-1.26111 0.108889
-1.26333 0.0816667
-1.23889 0.0566667
-1.24 0.0661111
-1.27444 0.0527778
-1.28667 0.116111
-1.27 0.134444
-1.23889 0.0961111
-1.27333 0.015
-1.26333 0.111111
-1.32556 0.140556
-1.33 0.198889
-1.32556 0.173333
-1.32889 0.202778
-1.31778 0.281667
-1.28 0.253889
-1.34556 0.287222
-1.29667 0.311111
-1.26556 0.34
-1.25889 0.303889
-1.26333 0.365556
-1.27222 0.363889
-1.22889 0.398889
-1.27333 0.372222
-1.25222 0.371111
-1.25 0.334444
-1.21111 0.385556
-1.24111 0.465556
-1.26 0.451111
-1.23889 0.383333
-1.24889 0.328889
-1.22667 0.317222
-1.29667 0.343333
-1.29444 0.376111
-1.28667 0.408889
-1.36111 0.514444
-1.26556 0.456111
-1.33556 0.510556
-1.25111 0.493333
-1.29111 0.498889
-1.35111 0.493333
-1.30444 0.406667
-1.27333 0.335556
-1.29778 0.407222
-1.26 0.389444
-1.26778 0.395556
-1.28 0.423889
-1.30111 0.388333
-1.30778 0.351667
-1.25111 0.237778
-1.24889 0.237222
-1.28333 0.274444
-1.29778 0.297778
-1.31111 0.181667
-1.28333 0.135
-1.27889 0.196667
-1.29444 0.227222
-1.27556 0.329444
-1.31444 0.375556
-1.30889 0.362778
-1.25556 0.305556
-1.27667 0.384444
-1.28111 0.348889
-1.25 0.326667
-1.23667 0.324444
-1.21111 0.319444
-1.26 0.330556
-1.24111 0.348333
-1.24333 0.417778
-1.24222 0.390556
-1.32778 0.385556
-1.29111 0.362778
-1.21 0.401667
-1.25444 0.411667
-1.27 0.362778
-1.21333 0.310556
-1.19444 0.237778
-1.24222 0.285556
-1.28333 0.267778
-1.31111 0.264444
-1.32 0.329444
-1.30667 0.289444
-1.36333 0.371111
-1.31111 0.316667
-1.26 0.275
-1.26111 0.205
-1.21111 0.191667
-1.19 0.135
-1.25889 0.201111
-1.24111 0.133333
-1.25222 0.117222
-1.30889 0.0966667
-1.27 0.177778
-1.21 0.157222
-1.34667 0.230556
-1.34889 0.288333
-1.31222 0.326111
-1.29333 0.327222
-1.24111 0.32
-1.27444 0.309444
-1.32778 0.343333
-1.32222 0.346111
-1.29556 0.362778
-1.33 0.345556
-1.29333 0.296667
-1.26444 0.240556
-1.21889 0.205
-1.19222 0.212222
-1.20889 0.210556
-1.22778 0.263889
-1.26556 0.202222
-1.23444 0.19
-1.29333 0.292222
-1.28556 0.277778
-1.24667 0.3
-1.27556 0.338889
-1.34889 0.352222
-1.29222 0.351111
-1.24333 0.229444
-1.24222 0.239444
-1.23111 0.302222
-1.29778 0.349444
-1.33889 0.319444
-1.20444 0.331111
-1.29333 0.267222
-1.21222 0.213889
-1.21778 0.137778
-1.28889 0.13
-1.22778 0.0394444
-1.29222 0.0161111
-1.25222 0.0277778
-1.28222 -0.0283333
-1.28889 0.0155556
-1.33222 0.0161111
-1.33111 0.005
-1.31222 -0.0422222
-1.18333 -0.00611111
-1.19333 0.00388889
-1.21556 -0.0177778
-1.17222 -0.0788889
-1.17778 -0.153333
-1.24778 0
-1.21444 0.0494444
-1.26778 0.0466667
-1.28111 0.00277778
-1.27778 -0.113889
-1.27 -0.065
-1.29556 -0.0572222
-1.22667 -0.055
-1.26 -0.118333
-1.26889 -0.0544444
-1.28444 -0.0688889
-1.26889 -0.0833333
-1.28333 -0.0388889
-1.37 -0.106111
-1.35778 -0.117222
-1.26333 -0.0905556
-1.28667 -0.0694444
-1.30333 -0.0811111
-1.33556 -0.135556
-1.28111 -0.231111
-1.28667 -0.310556
-1.25667 -0.349444
-1.25333 -0.237222
-1.29778 -0.332778
-1.30111 -0.275556
-1.30889 -0.312222
-1.31556 -0.325556
-1.30889 -0.444444
-1.33667 -0.467222
-1.37111 -0.476667
-1.30667 -0.432778
-1.28889 -0.461667
-1.26 -0.49
-1.30111 -0.448333
-1.28667 -0.402222
-1.34778 -0.362778
-1.27444 -0.285
-1.28333 -0.214444
-1.20111 -0.240556
-1.15667 -0.185
-1.23 -0.153889
-1.28556 -0.235556
-1.31556 -0.269444
-1.26 -0.253333
-1.25222 -0.221667
-1.35333 -0.201667
-1.30111 -0.242222
-1.26111 -0.237222
-1.33333 -0.288889
-1.23889 -0.285
-1.36667 -0.351111
-1.29889 -0.350556
-1.24556 -0.325556
-1.27444 -0.332222
-1.21556 -0.351111
-1.32444 -0.407222
-1.25111 -0.373333
-1.19111 -0.267222
-1.23333 -0.331111
-1.33 -0.461111
-1.37333 -0.486111
-1.39778 -0.462778
-1.33667 -0.476667
-1.29444 -0.417222
-1.22889 -0.436667
-1.29556 -0.418333
-1.32444 -0.444444
-1.31667 -0.461111
-1.33333 -0.563333
-1.30778 -0.561111
-1.32 -0.518333
-1.37556 -0.555556
-1.36556 -0.543333
-1.26778 -0.486111
-1.37667 -0.559444
-1.27 -0.441667
-1.31111 -0.377222
-1.29222 -0.356111
-1.28556 -0.392778
-1.27889 -0.433889
-1.30333 -0.412222
-1.25333 -0.408333
-1.28222 -0.387222
-1.33111 -0.416111
-1.25222 -0.385556
-1.27111 -0.372778
-1.29444 -0.436111
-1.24222 -0.475
-1.29889 -0.413333
-1.32333 -0.490556
-1.25444 -0.428333
-1.28556 -0.373333
-1.23333 -0.346111
-1.25778 -0.369444
-1.25889 -0.340556
-1.31333 -0.38
-1.32 -0.41
-1.29889 -0.361667
-1.26222 -0.365556
-1.26889 -0.38
-1.37333 -0.415556
-1.30444 -0.433333
-1.31222 -0.483333
-1.33667 -0.528889
-1.30778 -0.500556
-1.31333 -0.51
-1.30889 -0.512778
-1.33556 -0.480556
-1.26667 -0.468333
-1.38333 -0.559444
-1.34778 -0.53
-1.27556 -0.493889
-1.32667 -0.525
-1.28333 -0.522778
-1.34889 -0.567778
-1.33 -0.638889
-1.27778 -0.618889
-1.33889 -0.611667
-1.34778 -0.644444
-1.35111 -0.633889
-1.30111 -0.584444
-1.31889 -0.608889
-1.32222 -0.603889
-1.32111 -0.621111
-1.37444 -0.628333
-1.47222 -0.651111
-1.32 -0.616111
-1.36111 -0.57
-1.31222 -0.551111
-1.31889 -0.536667
-1.35 -0.518333
-1.26 -0.47
-1.26444 -0.443333
-1.25889 -0.466111
-1.25778 -0.453889
-1.24 -0.425
-1.30556 -0.421111
-1.26889 -0.397222
-1.34222 -0.362222
-1.34778 -0.365
-1.34111 -0.409444
-1.36222 -0.465
-1.43556 -0.457778
-1.36222 -0.425556
-1.40556 -0.47
-1.38444 -0.467222
-1.30333 -0.409444
-1.28222 -0.366111
-1.31778 -0.423889
-1.31778 -0.419444
-1.30778 -0.43
-1.29667 -0.454444
-1.34111 -0.456667
-1.32667 -0.412222
-1.28222 -0.349444
-1.27778 -0.379444
-1.28333 -0.294444
-1.30444 -0.271667
-1.33778 -0.316667
-1.32556 -0.358333
-1.29667 -0.321667
-1.30111 -0.240556
-1.28556 -0.257778
-1.26222 -0.255
-1.28667 -0.257778
-1.27222 -0.228333
-1.25778 -0.226667
-1.26 -0.172222
-1.22222 -0.233889
-1.24444 -0.203889
-1.24778 -0.197778
-1.28889 -0.202778
-1.24778 -0.176667
-1.27667 -0.184444
-1.28556 -0.217778
-1.27111 -0.287778
-1.21778 -0.183889
-1.24333 -0.176667
-1.23667 -0.168889
-1.26 -0.0755556
-1.21333 -0.127778
-1.24222 -0.121667
-1.24444 -0.0527778
-1.2 0.0311111
-1.24667 -0.0416667
-1.24 0.00444444
-1.27333 -0.0561111
-1.25 -0.075
-1.27556 -0.119444
-1.27222 -0.106111
-1.24111 -0.0766667
-1.27333 -0.109444
-1.23556 -0.0211111
-1.24444 0.0133333
-1.21556 0.0761111
-1.24111 0.122222
-1.26222 0.117778
-1.28333 0.0911111
-1.22556 0.157222
-1.24333 0.131111
-1.22 0.0788889
-1.24222 0.0461111
-1.24556 0.00333333
-1.22889 0.0227778
-1.24667 -0.0711111
-1.26444 -0.0716667
-1.23333 -0.0433333
-1.22333 -0.0433333
-1.21444 -0.0116667
-1.21444 0.0155556
-1.25222 0.00555556
-1.25444 0.0516667
-1.19222 0.09
-1.26667 0.0894444
-1.24889 0.131111
-1.35889 0.0772222
-1.29222 0.0805556
-1.24333 -0.0288889
-1.24778 0.0544444
-1.28556 0.085
-1.33778 0.113333
-1.24 0.112778
-1.23333 0.175
-1.24222 0.221111
-1.25333 0.29
-1.29333 0.279444
-1.25889 0.343889
-1.24111 0.295556
-1.22111 0.26
-1.28556 0.239444
-1.29667 0.187222
-1.23444 0.168333
-1.23667 0.126667
-1.29778 0.0544444
-1.24778 -0.0105556
-1.23444 0.0461111
-1.21 0.0683333
-1.2 0.0433333
-1.20222 0.005
-1.22667 0.005
-1.24667 -0.00222222
-1.27556 0.105556
-1.26 0.101667
-1.25778 0.182778
-1.26222 0.201667
-1.24889 0.136667
-1.22333 0.183333
-1.23333 0.135556
-1.27333 0.156111
-1.28778 0.215
-1.23667 0.208889
-1.26667 0.213889
-1.25222 0.156667
-1.28 0.1
-1.23444 0.0816667
-1.26333 0.121111
-1.25667 0.167222
-1.26889 0.184444
-1.22667 0.222778
-1.21667 0.205
-1.27556 0.212778
-1.20556 0.296667
-1.24667 0.24
-1.29889 0.207778
-1.23667 0.155556
-1.22444 0.129444
-1.21556 0.242222
-1.28333 0.33
-1.30556 0.230556
-1.27556 0.216111
-1.36 0.308333
-1.28111 0.324444
-1.25111 0.314444
-1.29222 0.257778
-1.28111 0.225556
-1.36333 0.281667
-1.30111 0.28
-1.28222 0.174444
-1.29 0.200556
-1.29778 0.200556
-1.28 0.212778
-1.28222 0.0888889
-1.24111 0.0627778
-1.27333 0.0505556
-1.24778 0.035
-1.3 0.105
-1.24 0.115
-1.27222 0.0783333
-1.29 0.0944444
-1.31889 0.0916667
-1.21222 0.109444
-1.22667 0.105
-1.21222 0.122222
-1.33 0.145
-1.27889 0.126111
-1.31778 0.172222
-1.25 0.0994444
-1.25444 0.108889
-1.29222 0.122778
-1.29778 0.168333
-1.26333 0.153889
-1.20333 0.147222
-1.18556 0.133333
-1.17778 0.160556
-1.14889 0.161667
-1.20444 0.15
-1.28778 0.155
-1.25222 0.145556
-1.31778 0.206667
-1.25778 0.208889
-1.32111 0.196111
-1.28889 0.205556
-1.13444 0.120556
-1.26556 0.0383333
-1.19 0.0583333
-1.20889 0.0388889
-1.26 0.0955556
-1.22889 0.211111
-1.29889 0.245
-1.33111 0.231111
-1.28444 0.195556
-1.28111 0.2
-1.26333 0.244444
-1.33889 0.235556
-1.24667 0.281111
-1.25222 0.208889
-1.26 0.205
-1.30333 0.233889
-1.25556 0.21
-1.30222 0.241111
-1.29333 0.223333
-1.23444 0.174444
-1.21889 0.135
-1.24556 0.128889
-1.24556 0.227778
-1.18333 0.138333
-1.30556 0.0866667
-1.26333 0.112778
-1.27111 -0.0172222
-1.22667 0.0677778
-1.29444 0.0683333
-1.32444 0.0333333
-1.24222 -0.0316667
-1.24889 0.0333333
-1.16778 0.0438889
-1.25222 0.0322222
-1.30444 0.102778
-1.23222 0.0522222
-1.18222 -0.0183333
-1.22111 -0.0294444
-1.26333 -0.00222222
-1.24222 0.0366667
-1.25111 0.0605556
-1.31111 0.137222
-1.30556 0.176111
-1.23667 0.144444
-1.23333 0.154444
-1.31 0.0888889
-1.32889 -0.025
-1.29556 0.025
-1.28556 0.0355556
-1.28667 -0.0611111
-1.28333 -0.0855556
-1.27 -0.0477778
-1.27 -0.0411111
-1.29333 -0.0522222
-1.29 0.00722222
-1.29556 0.0294444
-1.33222 0.0422222
-1.30444 0.108333
-1.26 0.101667
-1.32778 0.105556
-1.37444 0.0827778
-1.25556 0.015
-1.24222 -0.0283333
-1.22 -0.00777778
-1.18667 -0.0633333
-1.26778 -0.0111111
-1.31778 -0.075
-1.29444 -0.0372222
-1.19 -0.0372222
-1.19556 -0.0422222
-1.25111 -0.00166667
-1.20222 -0.0461111
-1.21444 0.005
-1.24556 0.0316667
-1.24 -0.0177778
-1.28111 -0.00555556
-1.25556 -0.005
-1.25111 -0.0411111
-1.21667 -0.0377778
-1.25667 0.000555556
-1.22667 -0.0427778
-1.20667 -0.111111
-1.23667 -0.209444
-1.23778 -0.156111
-1.25222 -0.198889
-1.28444 -0.221111
-1.24778 -0.213889
-1.22222 -0.177778
-1.26556 -0.226111
-1.25 -0.208333
-1.28 -0.268333
-1.20667 -0.303889
-1.32556 -0.335556
-1.22222 -0.315
-1.26556 -0.338889
-1.25 -0.301667
-1.25222 -0.326667
-1.30556 -0.270556
-1.24444 -0.297778
-1.20667 -0.196667
-1.22556 -0.238889
-1.28 -0.163333
-1.25222 -0.102222
-1.21556 -0.0805556
-1.32 -0.135556
-1.24778 -0.0727778
-1.31444 -0.0216667
-1.27111 0.0355556
-1.24889 0.0122222
-1.21444 -0.00833333
-1.23333 0.0183333
-1.24333 0.0188889
-1.25667 -0.0788889
-1.32111 -0.0644444
-1.22778 -0.0227778
-1.21 0.0638889
-1.25444 0.0672222
-1.28556 0.0966667
-1.31333 0.199444
-1.21889 0.187222
-1.28333 0.158889
-1.25222 0.102222
-1.22778 0.0772222
-1.24667 0.0788889
-1.26 0.0811111
-1.18556 0.0516667
-1.25778 -0.0861111
-1.24111 -0.0361111
-1.27 -0.0788889
-1.24 -0.151667
-1.22667 -0.297778
-1.32778 -0.329444
-1.34778 -0.294444
-1.32778 -0.293333
-1.27667 -0.286111
-1.32111 -0.301667
-1.28889 -0.322222
-1.25111 -0.228333
-1.23111 -0.187222
-1.26333 -0.216667
-1.25556 -0.248889
-1.27556 -0.305556
-1.27 -0.368889
-1.35778 -0.442222
-1.33778 -0.487778
-1.24667 -0.362222
-1.26556 -0.408889
-1.28222 -0.351667
-1.24111 -0.296111
-1.25667 -0.308889
-1.22 -0.342778
-1.25111 -0.317778
-1.29111 -0.317222
-1.27667 -0.243333
-1.23222 -0.269444
-1.24556 -0.272222
-1.26444 -0.324444
-1.25333 -0.33
-1.25556 -0.276667
-1.24778 -0.257222
-1.21444 -0.324444
-1.24778 -0.296111
-1.29111 -0.195556
-1.18889 -0.155
-1.17 -0.107222
-1.14778 -0.146667
-1.22444 -0.172778
-1.27222 -0.139444
-1.31667 -0.100556
-1.22 -0.134444
-1.35222 -0.0733333
-1.31667 -0.0377778
-1.25889 -0.0905556
-1.26333 -0.06
-1.29 -0.0977778
-1.27222 -0.106111
-1.24222 -0.188889
-1.30778 -0.222778
-1.31111 -0.282778
-1.31556 -0.333889
-1.29444 -0.297222
-1.29667 -0.231111
-1.24889 -0.160556
-1.29556 -0.207222
-1.23 -0.203889
-1.25556 -0.221111
-1.26 -0.272222
-1.30333 -0.304444
-1.37444 -0.34
-1.40111 -0.374444
-1.42556 -0.44
-1.30778 -0.346667
-1.39111 -0.330556
-1.36222 -0.34
-1.31333 -0.317778
-1.29 -0.316111
-1.32333 -0.291111
-1.27 -0.235556
-1.32889 -0.195556
-1.27556 -0.236667
-1.33556 -0.275
-1.27556 -0.220556
-1.24333 -0.308333
-1.31222 -0.343333
-1.27889 -0.371667
-1.30111 -0.435556
-1.37111 -0.393333
-1.30333 -0.342778
-1.27889 -0.297778
-1.35444 -0.44
-1.31333 -0.450556
-1.30222 -0.390556
-1.34778 -0.374444
-1.26222 -0.408889
-1.29556 -0.385556
-1.27333 -0.373889
-1.32889 -0.381111
-1.26111 -0.368889
-1.32444 -0.349444
-1.35667 -0.249444
-1.29222 -0.202778
-1.22444 -0.218889
-1.27111 -0.188333
-1.13778 -0.126667
-1.28 -0.0988889
-1.29778 -0.129444
-1.24889 -0.17
-1.33111 -0.134444
-1.18444 -0.150556
-1.24333 -0.15
-1.19 -0.125
-1.27222 -0.178333
-1.23556 -0.155556
-1.26556 -0.0527778
-1.18333 -0.0222222
-1.25667 -0.130556
-1.18111 -0.0661111
-1.25 -0.141111
-1.21333 -0.119444
-1.16667 -0.103889
-1.27556 -0.197778
-1.21556 -0.201667
-1.25333 -0.166111
-1.28778 -0.284444
-1.34 -0.34
-1.31667 -0.315556
-1.28667 -0.35
-1.32444 -0.46
-1.32111 -0.391111
-1.32556 -0.416667
-1.32222 -0.401667
-1.32778 -0.423333
-1.28778 -0.364444
-1.26667 -0.372222
-1.29333 -0.396111
-1.32444 -0.45
-1.26667 -0.377222
-1.27333 -0.378333
-1.28444 -0.327222
-1.26111 -0.33
-1.27778 -0.330556
-1.23 -0.329444
-1.33667 -0.413333
-1.35222 -0.507222
-1.37667 -0.467222
-1.26667 -0.406667
-1.28333 -0.366667
-1.29 -0.393333
-1.30556 -0.378333
-1.33889 -0.357778
-1.28444 -0.369444
-1.28889 -0.338333
-1.28111 -0.365
-1.32444 -0.4
-1.28556 -0.428889
-1.22444 -0.331667
-1.33556 -0.406667
-1.30444 -0.413889
-1.28222 -0.370556
-1.26444 -0.387222
-1.34111 -0.438333
-1.32444 -0.412778
-1.27333 -0.418333
-1.26556 -0.392778
-1.30778 -0.451111
-1.30111 -0.463889
-1.30333 -0.488333
-1.25778 -0.397778
-1.34667 -0.445556
-1.24 -0.415
-1.25889 -0.453889
-1.25556 -0.385556
-1.26444 -0.396667
-1.22667 -0.375556
-1.27778 -0.376111
-1.23222 -0.262222
-1.20889 -0.135
-1.22444 -0.112222
-1.22111 -0.0544444
-1.27333 -0.0427778
-1.27556 -0.00944444
-1.28444 0.0955556
-1.36444 0.104444
-1.30333 0.127222
-1.25111 0.0738889
-1.27444 0.0594444
-1.20889 0.0427778
-1.19778 0.0355556
-1.21889 -0.0183333
-1.30889 -0.0288889
-1.25556 0.0261111
-1.27111 0.0594444
-1.20556 0.04
-1.23111 0.01
-1.21556 -0.0261111
-1.21333 0.00222222
-1.31889 0.0438889
-1.20111 -0.0111111
-1.32111 0.035
-1.23667 0.116111
-1.17111 0.0683333
-1.27111 0.105
-1.31667 0.0827778
-1.28111 0.145556
-1.30778 0.13
-1.35889 0.131667
-1.26889 0.144444
-1.30889 0.103889
-1.24 0.131667
-1.20667 0.0972222
-1.29556 0.172222
-1.36667 0.153333
-1.33556 0.195
-1.29778 0.136667
-1.26444 0.117778
-1.22222 0.172778
-1.20111 0.217222
-1.26 0.238889
-1.19889 0.197778
-1.27222 0.214444
-1.28889 0.275556
-1.28111 0.303333
-1.23444 0.293333
-1.28 0.298333
-1.2 0.162778
-1.19889 0.0877778
-1.19667 0.0288889
-1.26889 0.0872222
-1.23778 0.160556
-1.29222 0.165556
-1.26889 0.121111
-1.27889 0.105556
-1.22444 0.181111
-1.23222 0.0838889
-1.24333 0.143333
-1.25667 0.0127778
-1.28 -0.0377778
-1.22667 -0.0516667
-1.24778 0.00944444
-1.27 0.0305556
-1.21667 -0.0216667
-1.25222 -0.0272222
-1.24111 -0.0277778
-1.20778 -0.0305556
-1.21333 0.0116667
-1.25444 -0.0244444
-1.26222 -0.06
-1.22222 -0.0855556
-1.20333 -0.117778
-1.23889 -0.0788889
-1.31778 -0.0205556
-1.26333 0.0566667
-1.25667 -0.00277778
-1.25222 -0.0333333
-1.28 -0.0622222
-1.27667 -0.0677778
-1.26778 -0.0944444
-1.21111 -0.0733333
-1.17111 -0.126111
-1.17556 -0.193333
-1.21 -0.157778
-1.2 -0.177222
-1.32222 -0.236111
-1.25111 -0.273333
-1.26222 -0.23
-1.26222 -0.224444
-1.22444 -0.175556
-1.26111 -0.166667
-1.29556 -0.212222
-1.29667 -0.247222
-1.22 -0.198889
-1.24778 -0.277222
-1.27333 -0.332222
-1.26333 -0.317778
-1.31333 -0.405
-1.31 -0.419444
-1.31222 -0.476111
-1.33 -0.496111
-1.29 -0.467778
-1.25667 -0.43
-1.29444 -0.442778
-1.28111 -0.406111
-1.23 -0.397222
-1.35667 -0.476667
-1.29111 -0.421667
-1.30333 -0.38
-1.22667 -0.410556
-1.25556 -0.380556
-1.23556 -0.267222
-1.26111 -0.292222
-1.24222 -0.261111
-1.21 -0.19
-1.29111 -0.216111
-1.28333 -0.217222
-1.24 -0.178333
-1.24111 -0.105556
-1.24111 -0.055
-1.28889 -0.0544444
-1.22111 -0.075
-1.23444 -0.119444
-1.22667 -0.00222222
-1.29444 -0.0122222
-1.29778 0.0755556
-1.32778 0.14
-1.28667 0.113889
-1.22333 0.128333
-1.2 0.171667
-1.22222 0.165556
-1.17222 0.192778
-1.23111 0.166667
-1.28 0.220556
-1.26333 0.281111
-1.23889 0.252222
-1.23889 0.226111
-1.23444 0.258333
-1.28111 0.157222
-1.23667 0.133889
-1.27889 0.122222
-1.26778 0.132778
-1.31 0.128889
-1.24444 0.121111
-1.22111 0.173333
-1.25444 0.211667
-1.20778 0.196111
-1.28667 0.218333
-1.26556 0.254444
-1.24667 0.253889
-1.34111 0.286111
-1.20778 0.241667
-1.25222 0.245
-1.23667 0.290556
-1.28 0.229444
-1.25 0.318333
-1.29111 0.35
-1.27667 0.439444
-1.27667 0.431111
-1.26667 0.405
-1.22778 0.421667
-1.26333 0.452222
-1.25111 0.428889
-1.28889 0.470556
-1.34667 0.446667
-1.29556 0.466111
-1.29 0.379444
-1.28111 0.451111
-1.32333 0.505
-1.28889 0.491667
-1.30778 0.509444
-1.29 0.522778
-1.26778 0.48
-1.26333 0.371111
-1.22667 0.338889
-1.29889 0.402778
-1.23889 0.338333
-1.20889 0.309444
-1.27333 0.341111
-1.24556 0.352222
-1.33 0.437778
-1.31 0.373889
-1.27222 0.347778
-1.23333 0.278333
-1.27556 0.341111
-1.25778 0.171111
-1.25556 0.23
-1.25 0.194444
-1.26889 0.229444
-1.23889 0.146111
-1.23889 0.0944444
-1.23778 0.103333
-1.30111 0.137778
-1.28667 0.199444
-1.3 0.250556
-1.3 0.257222
-1.22444 0.206111
-1.20889 0.248333
-1.25 0.208889
-1.24667 0.178333
-1.23 0.186667
-1.18444 0.111111
-1.16889 0.11
-1.20111 0.11
-1.11 0.0661111
-1.16667 0.0761111
-1.22333 0.0805556
-1.15778 0.134444
-1.19 0.137778
-1.23778 0.115556
-1.19222 0.128333
-1.21556 0.176111
-1.25889 0.204444
-1.24 0.161667
-1.27556 0.206111
-1.22778 0.173889
-1.28333 0.212222
-1.29 0.274444
-1.24667 0.29
-1.22556 0.327778
-1.23111 0.286111
-1.24667 0.242778
-1.20889 0.265556
-1.22667 0.16
-1.17111 0.182222
-1.18778 0.16
-1.21889 0.117778
-1.21 0.151111
-1.24444 0.150556
-1.24778 0.172222
-1.17444 0.154444
-1.19 0.137222
-1.20556 0.183889
-1.21333 0.0944444
-1.26 0.0894444
-1.23556 -0.0511111
-1.29111 -0.0172222
-1.27889 -0.055
-1.31444 -0.015
-1.31667 -0.0961111
-1.24667 -0.112222
-1.34778 -0.152778
-1.33111 -0.137778
-1.25222 -0.171111
-1.26111 -0.202778
-1.23333 -0.183333
-1.24889 -0.268889
-1.26778 -0.358333
-1.26222 -0.303333
-1.29333 -0.288333
-1.24333 -0.356111
-1.24 -0.342222
-1.34111 -0.333333
-1.27222 -0.342222
-1.26444 -0.35
-1.24889 -0.323333
-1.27333 -0.328889
-1.29667 -0.331111
-1.28444 -0.348333
-1.22889 -0.236667
-1.22667 -0.181667
-1.20889 -0.111111
-1.23556 -0.133333
-1.24111 -0.120556
-1.25556 -0.09
-1.32556 -0.0988889
-1.25111 -0.0233333
-1.22 -0.00666667
-1.26444 -0.0794444
-1.29222 -0.0138889
-1.29889 -0.00944444
-1.33778 -0.0233333
-1.35889 -0.0405556
-1.28556 -0.0588889
-1.26444 -0.102778
-1.29 -0.0527778
-1.27 -0.0338889
-1.22667 -0.0744444
-1.33778 -0.0522222
-1.31111 -0.0455556
-1.3 -0.0294444
-1.26667 -0.03
-1.35667 0.015
-1.26778 -0.0772222
-1.33556 -0.0944444
-1.27444 -0.02
-1.25778 -0.111111
-1.33556 -0.0938889
-1.21 -0.06
-1.26222 -0.0583333
-1.21889 -0.0788889
-1.19778 -0.0711111
-1.22444 -0.07
-1.31556 -0.107222
-1.25778 -0.104444
-1.21889 -0.198333
-1.25333 -0.179444
-1.25889 -0.192778
-1.26889 -0.240556
-1.34 -0.316667
-1.31889 -0.353333
-1.32111 -0.326111
-1.30111 -0.295
-1.31333 -0.342222
-1.27 -0.295
-1.33556 -0.301111
-1.28 -0.309444
-1.28111 -0.348889
-1.32333 -0.330556
-1.30889 -0.298889
-1.28444 -0.264444
-1.25444 -0.197222
-1.26667 -0.221667
-1.34444 -0.173889
-1.32 -0.210556
-1.30444 -0.198889
-1.30333 -0.216667
-1.26111 -0.186667
-1.34111 -0.226667
-1.21333 -0.228333
-1.34778 -0.254444
-1.23667 -0.224444
-1.33667 -0.265556
-1.37667 -0.302778
-1.31889 -0.336667
-1.30778 -0.397222
-1.38667 -0.456667
-1.32111 -0.473889
-1.34444 -0.509444
-1.28444 -0.446111
-1.31778 -0.474444
-1.34889 -0.497222
-1.38 -0.480556
-1.25111 -0.366667
-1.25889 -0.379444
-1.36444 -0.376111
-1.31444 -0.313333
-1.30333 -0.343889
-1.32667 -0.319444
-1.29333 -0.286111
-1.27444 -0.217778
-1.27222 -0.225556
-1.28444 -0.178889
-1.27778 -0.137222
-1.21444 -0.173333
-1.31222 -0.122778
-1.26 -0.138889
-1.21667 -0.147778
-1.19556 -0.0638889
-1.23 -0.118889
-1.21556 -0.140556
-1.24556 -0.0988889
-1.26444 -0.127222
-1.25 -0.151111
-1.28111 -0.0894444
-1.29889 -0.125556
-1.24778 -0.190556
-1.28222 -0.189444
-1.24111 -0.161111
-1.19778 -0.149444
-1.20556 -0.0505556
-1.23889 0.0366667
-1.26111 0.00555556
-1.26 0.0644444
-1.25 0.00388889
-1.26222 0.0344444
-1.26333 0.1
-1.21111 0.115556
-1.22667 0.135
-1.23 0.185556
-1.25556 0.106111
-1.24667 0.161111
-1.22667 0.142778
-1.20667 0.0527778
-1.20444 0.00777778
-1.21778 0.00222222
-1.17333 0.0316667
-1.21222 -0.0105556
-1.28556 -0.0794444
-1.25889 -0.0327778
-1.28556 -0.0861111
-1.26333 -0.164444
-1.19222 -0.123889
-1.22222 -0.0388889
-1.25778 -0.0983333
-1.25667 -0.0972222
-1.29778 -0.0961111
-1.21444 -0.0833333
-1.27222 -0.0894444
-1.21556 -0.115
-1.28556 -0.132222
-1.29111 -0.124444
-1.24 -0.133889
-1.25889 -0.14
-1.27556 -0.145
-1.30333 -0.145556
-1.21444 -0.101667
-1.29444 -0.113889
-1.24 -0.11
-1.28778 -0.0633333
-1.27778 -0.0466667
-1.33556 -0.0505556
-1.26667 -0.0455556
-1.24111 -0.103889
-1.22556 -0.085
-1.25111 -0.140556
-1.26111 -0.085
-1.23 -0.110556
-1.23222 -0.0438889
-1.25444 -0.095
-1.32111 -0.0394444
-1.23556 -0.0372222
-1.23667 -0.0733333
-1.23778 -0.0944444
-1.29667 -0.145556
-1.22667 -0.108889
-1.28 -0.188889
-1.28 -0.163889
-1.25889 -0.26
-1.24444 -0.217222
-1.21333 -0.207778
-1.23667 -0.240556
-1.26111 -0.285556
-1.25 -0.225
-1.25778 -0.292222
-1.29333 -0.347778
-1.23444 -0.386111
-1.36444 -0.441667
-1.31111 -0.411111
-1.25111 -0.320556
-1.23 -0.288889
-1.28889 -0.325556
-1.26444 -0.325556
-1.28444 -0.298333
-1.26556 -0.343333
-1.31778 -0.354444
-1.22889 -0.368889
-1.30222 -0.356111
-1.37444 -0.301667
-1.28778 -0.267222
-1.26222 -0.257778
-1.25222 -0.228889
-1.25889 -0.281667
-1.27778 -0.237778
-1.19778 -0.263889
-1.21667 -0.335556
-1.26667 -0.355556
-1.23667 -0.320556
-1.22444 -0.325
-1.26 -0.407222
-1.33667 -0.403333
-1.33556 -0.316111
-1.21333 -0.217778
-1.22444 -0.284444
-1.30889 -0.361667
-1.24333 -0.324444
-1.30667 -0.317778
-1.32667 -0.419444
-1.29222 -0.44
-1.24444 -0.364444
-1.28556 -0.380556
-1.27778 -0.391111
-1.31778 -0.47
-1.29 -0.456111
-1.32333 -0.496111
-1.33111 -0.535556
-1.35111 -0.561667
-1.34444 -0.612778
-1.38667 -0.632778
-1.37333 -0.640556
-1.37556 -0.561667
-1.29889 -0.512778
-1.26111 -0.454444
-1.26889 -0.413889
-1.27333 -0.405556
-1.28111 -0.445556
-1.30111 -0.450556
-1.33889 -0.456111
-1.3 -0.383333
-1.30444 -0.309444
-1.36111 -0.376667
-1.34667 -0.343889
-1.30222 -0.372222
-1.33556 -0.396667
-1.31778 -0.385
-1.31222 -0.382222
-1.24222 -0.351111
-1.30778 -0.372778
-1.21556 -0.369444
-1.27333 -0.308889
-1.27556 -0.284444
-1.36333 -0.388333
-1.29444 -0.396667
-1.27778 -0.373333
-1.26333 -0.319444
-1.21 -0.318889
-1.32778 -0.397222
-1.29111 -0.381111
-1.29111 -0.395556
-1.29889 -0.378889
-1.25111 -0.39
-1.35222 -0.392222
-1.33778 -0.375556
-1.32111 -0.425
-1.28111 -0.408889
-1.29889 -0.425
-1.23889 -0.332778
-1.29333 -0.322222
-1.30444 -0.325
-1.29444 -0.397222
-1.25667 -0.348333
-1.35 -0.416667
-1.31111 -0.341111
-1.27667 -0.306667
-1.32111 -0.320556
-1.38444 -0.363889
-1.25444 -0.333333
-1.28556 -0.311111
-1.24889 -0.368333
-1.26889 -0.257222
-1.26444 -0.303889
-1.24667 -0.264444
-1.19667 -0.356667
-1.24667 -0.390556
-1.30333 -0.361667
-1.26333 -0.387778
-1.33556 -0.304444
-1.35778 -0.331111
-1.39111 -0.337778
-1.37 -0.338889
-1.37222 -0.298889
-1.37889 -0.337222
-1.33111 -0.3
-1.30667 -0.273333
-1.28111 -0.271667
-1.26556 -0.243333
-1.26333 -0.307222
-1.30778 -0.329444
-1.26 -0.264444
-1.26 -0.237778
-1.29111 -0.191111
-1.27333 -0.112222
-1.30556 -0.0638889
-1.25778 -0.0211111
-1.21444 -0.0394444
-1.24 -0.0455556
-1.28111 0.0916667
-1.19 0.0244444
-1.23444 0.00388889
-1.14556 0.0105556
-1.16444 -0.005
-1.24556 -0.0194444
-1.21556 -0.00277778
-1.23 0.102778
-1.24444 0.0933333
-1.23 0.0783333
-1.29778 0.134444
-1.33778 0.197222
-1.25222 0.165556
-1.26 0.131111
-1.24333 0.117778
-1.28778 0.120556
-1.25333 0.126667
-1.33667 0.17
-1.18 0.0927778
-1.21889 0.0844444
-1.26778 0.035
-1.25444 0.0111111
-1.27444 0.0333333
-1.27222 0.0116667
-1.21333 0.104444
-1.29667 0.126667
-1.30222 0.142778
-1.3 0.197778
-1.30667 0.19
-1.35111 0.192222
-1.35556 0.156111
-1.30778 0.221111
-1.29556 0.254444
-1.28444 0.176667
-1.32556 0.155
-1.21222 0.181667
-1.23 0.270556
-1.24667 0.244444
-1.31444 0.257222
-1.30556 0.285
-1.38556 0.344444
-1.37444 0.350556
-1.31 0.338889
-1.26222 0.327222
-1.29667 0.316111
-1.27333 0.302778
-1.34333 0.290556
-1.31444 0.263333
-1.37333 0.305556
-1.39 0.332778
-1.28222 0.308889
-1.34 0.291111
-1.28111 0.278889
-1.31222 0.248889
-1.32222 0.273333
-1.28 0.3
-1.34 0.290556
-1.29222 0.240556
-1.28667 0.274444
-1.25 0.344444
-1.33111 0.301111
-1.21111 0.26
-1.22889 0.230556
-1.28222 0.229444
-1.32333 0.303333
-1.25 0.358333
-1.30111 0.404444
-1.28444 0.404444
-1.24 0.337222
-1.24778 0.337778
-1.29222 0.349444
-1.25667 0.269444
-1.3 0.358889
-1.33444 0.394444
-1.30333 0.341111
-1.28 0.235
-1.25111 0.23
-1.24444 0.228889
-1.24778 0.212222
-1.24556 0.215
-1.26444 0.289444
-1.27889 0.297778
-1.27667 0.311667
