-1.18 0.075
-1.2075 0.12625
-1.1825 0.23375
-1.185 0.28125
-1.0875 0.1025
-1.1775 0.08
-1.255 0.27375
-1.1075 0.28125
-1.2075 0.28
-1.1225 0.255
-1.1675 0.175
-1.3175 0.16875
-1.2525 0.25375
-1.2675 0.3375
-1.205 0.355
-1.285 0.39
-1.2 0.32
-1.24 0.31
-1.165 0.26625
-1.205 0.35375
-1.17 0.36
-1.1325 0.425
-1.265 0.40875
-1.335 0.5475
-1.1675 0.4675
-1.1125 0.3875
-1.1775 0.30375
-1.1875 0.31875
-1.215 0.4675
-1.1925 0.48625
-1.3125 0.58875
-1.275 0.58125
-1.2425 0.5275
-1.1875 0.4875
-1.2325 0.36
-1.15 0.385
-1.2225 0.4325
-1.2125 0.4075
-1.215 0.39875
-1.19 0.3775
-1.1475 0.125
-1.0675 -0.1
-1.1425 -0.17375
-1.1875 -0.17
-1.15 -0.18125
-1.2325 -0.23125
-1.145 -0.08875
-1.155 -0.04375
-1.175 0.00875
-1.19 0.0925
-1.18 0.17
-1.0825 0.09375
-1.23 -0.01625
-1.285 0.01875
-1.1075 -0.02
-1.145 0.13375
-1.1425 0.115
-1.07 0.10375
-1.12 0.1
-1.135 0.1375
-1.1825 0.155
-1.1725 0.19
-1.16 0.2225
-1.2775 0.2
-1.1825 0.07
-1.1775 0.08625
-1.2025 0.06375
-1.22 0.0275
-1.2275 0.08875
-1.215 0.1225
-1.22 0.2025
-1.185 0.2875
-1.185 0.32375
-1.1475 0.34
-1.1575 0.2875
-1.195 0.185
-1.17 0.18125
-1.2725 0.15
-1.1825 0.12
-1.16 -0.06
-1.1375 -0.01875
-1.175 -0.01125
-1.255 0.03625
-1.175 0.01125
-1.235 0.07
-1.21 0.22125
-1.2475 0.1625
-1.17 0.16125
-1.17 0.30375
-1.26 0.28125
-1.18 0.0875
-1.215 0.1025
-1.3175 0.10625
-1.2175 0.05125
-1.2125 -0.02375
-1.115 -0.095
-1.11 -0.0175
-1.1725 -0.085
-1.2 -0.12125
-1.2625 -0.12875
-1.18 -0.1575
-1.1 -0.3425
-1.0725 -0.19625
-1.1825 -0.21625
-1.15 -0.13
-1.19 -0.0775
-1.275 -0.17125
-1.2 -0.19875
-1.1475 -0.13875
-1.2225 -0.15
-1.165 -0.22125
-1.175 -0.2425
-1.09 -0.235
-1.1575 -0.3225
-1.1775 -0.3375
-1.3025 -0.405
-1.24 -0.38375
-1.26 -0.515
-1.25 -0.5175
-1.275 -0.54875
-1.155 -0.46
-1.2475 -0.5475
-1.175 -0.52625
-1.205 -0.49625
-1.3475 -0.5825
-1.37 -0.66375
-1.2225 -0.48625
-1.1925 -0.48125
-1.1825 -0.5025
-1.34 -0.50125
-1.2725 -0.48625
-1.24 -0.4625
-1.185 -0.4725
-1.2525 -0.495
-1.205 -0.44
-1.275 -0.51625
-1.21 -0.46125
-1.2075 -0.43
-1.2525 -0.39125
-1.1575 -0.49625
-1.2225 -0.42125
-1.28 -0.49
-1.175 -0.4975
-1.3425 -0.46125
-1.3875 -0.46625
-1.2275 -0.34625
-1.25 -0.3025
-1.2375 -0.3475
-1.17 -0.32
-1.1625 -0.28125
-1.19 -0.3
-1.345 -0.21125
-1.175 -0.13875
-1.155 -0.24375
-1.1675 -0.34
-1.235 -0.23375
-1.2575 -0.20875
-1.26 -0.165
-1.2525 -0.05875
-1.18 0.04
-1.1525 0.0525
-1.23 0.1125
-1.18 0.225
-1.305 0.1975
-1.255 0.19375
-1.19 0.16125
-1.1975 0.0825
-1.215 -0.0675
-1.235 -0.04875
-1.2225 -0.02
-1.25 -0.15875
-1.1675 -0.22625
-1.3025 -0.23625
-1.2425 -0.225
-1.3375 -0.3375
-1.275 -0.3225
-1.1775 -0.33
-1.21 -0.3075
-1.275 -0.27375
-1.2025 -0.22
-1.235 -0.0025
-1.115 0.0675
-1.1775 0.125
-1.255 0.125
-1.13 0.1175
-1.09 0.1525
-1.23 0.16
-1.265 0.07375
-1.1275 0.05125
-1.1825 0.08125
-1.255 0.04875
-1.0875 0.13625
-1.25 0.23875
-1.13 0.32
-1.1825 0.36375
-1.1525 0.36125
-1.125 0.2625
-1.0925 0.24125
-1.2825 0.28875
-1.2575 0.34375
-1.19 0.24375
-1.1575 0.23375
-1.255 0.25625
-1.18 0.19125
-1.16 0.1925
-1.2175 0.37625
-1.1225 0.29
-1.2225 0.39375
-1.175 0.3025
-1.105 0.28125
-1.24 0.315
-1.15 0.25375
-1.1425 0.35375
-1.2375 0.34875
-1.1125 0.3225
-1.21 0.365
-1.205 0.295
-1.2125 0.36875
-1.21 0.30125
-1.215 0.29625
-1.205 0.28
-1.2275 0.25
-1.25 0.34375
-1.2025 0.33375
-1.265 0.31
-1.315 0.34125
-1.1875 0.3325
-1.1825 0.3775
-1.2025 0.355
-1.1525 0.3025
-1.17 0.24
-1.2275 0.35875
-1.2325 0.3325
-1.195 0.35125
-1.2075 0.35125
-1.25 0.455
-1.165 0.475
-1.1675 0.47875
-1.245 0.4275
-1.1775 0.45125
-1.095 0.39375
-1.105 0.36875
-1.205 0.28
-1.2 0.21875
-1.185 0.23125
-1.1775 0.2025
-1.2175 0.15375
-1.1775 0.0925
-1.245 0.08125
-1.1975 0.1275
-1.1525 0.2025
-1.1475 0.185
-1.0975 0.23375
-1.2925 0.2625
-1.1875 0.2775
-1.245 0.22875
-1.17 0.185
-1.205 0.1425
-1.33 0.15125
-1.1375 0.17375
-1.24 0.055
-1.2725 0.13375
-1.21 0.115
-1.2325 0.1275
-1.0875 0.04375
-1.1925 -0.0375
-1.1825 -0.05375
-1.1825 -0.0875
-1.2 -0.0575
-1.065 -0.0775
-1.135 -0.0575
-1.1925 0.1675
-1.1425 0.16625
-1.1975 0.04625
-1.195 0.03875
-1.225 -0.01125
-1.1675 -0.0175
-1.0675 -0.04875
-1.1575 -0.095
-1.0875 -0.08125
-1.1275 -0.23375
-1.1425 -0.29
-1.07 -0.095
-1.165 -0.0225
-1.17 -0.04
-1.2225 0.02625
-1.2025 0.04875
-1.23 -0.05625
-1.24 -0.0675
-1.3225 -0.13625
-1.095 -0.09375
-1.19 -0.08625
-1.1925 -0.21625
-1.1125 -0.11625
-1.25 -0.05
-1.135 -0.035
-1.11 0.09
-1.2125 0.03375
-1.16 0.07875
-1.0925 0.17125
-1.155 0.00375
-1.1775 0.05875
-1.18 0.25375
-1.1375 0.30875
-1.1125 0.16375
-1.1625 0.135
-1.1975 0.335
-1.21 0.3825
-1.2025 0.3375
-1.2775 0.37375
-1.1875 0.285
-1.2325 0.19875
-1.085 0.1025
-1.2075 -0.015
-1.2525 0.10625
-1.265 0.14875
-1.1925 0.1225
-1.075 0.1225
-1.165 0.10375
-1.23 0.2025
-1.2025 0.21625
-1.2325 0.1575
-1.0975 0.20125
-1.2175 0.3175
-1.305 0.375
-1.1775 0.3025
-1.29 0.185
-1.2625 0.175
-1.2475 0.20875
-1.195 0.06375
-1.1975 0.01875
-1.195 0.09
-1.2 0.0775
-1.245 -0.07625
-1.12 -0.005
-1.1775 0.02625
-1.1925 0.02625
-1.1775 0.06125
-1.2275 0.045
-1.2325 -0.06125
-1.1925 -0.16375
-1.19 -0.10625
-1.2225 -0.17125
-1.27 -0.25875
-1.27 -0.29875
-1.195 -0.345
-1.0975 -0.27375
-1.2125 -0.19625
-1.23 -0.24125
-1.1925 -0.1925
-1.23 -0.1025
-1.115 -0.09125
-1.15 -0.1775
-1.155 -0.09625
-1.1825 -0.06125
-1.2325 0.09
-1.1625 0.01375
-1.1225 0.055
-1.255 0.105
-1.175 0.125
-1.28 0.19375
-1.17 0.085
-1.2275 -0.0525
-1.0175 0.03
-1.225 0.0825
-1.2475 0.17375
-1.2025 0.205
-1.1775 0.05875
-1.155 0.03625
-1.1075 0.06375
-1.105 0.065
-1.0675 0.045
-1.0525 0.0075
-1.1325 -0.07375
-1.09 -0.07125
-1.2225 -0.06125
-1.1925 -0.04625
-1.14 -0.0575
-1.18 -0.0925
-1.245 -0.0275
-1.0375 -0.125
-1.17 -0.2925
-1.1575 -0.27625
-1.145 -0.26
-1.1425 -0.38875
-1.21 -0.4
-1.2625 -0.44875
-1.2175 -0.35375
-1.165 -0.265
-1.24 -0.29625
-1.2275 -0.255
-1.27 -0.32375
-1.1975 -0.3425
-1.1325 -0.30375
-1.175 -0.31125
-1.185 -0.34375
-1.2 -0.31375
-1.255 -0.32375
-1.2525 -0.26625
-1.1925 -0.20625
-1.135 -0.11
-1.215 -0.185
-1.115 -0.09625
-1.1175 -0.11375
-1.195 -0.05
-1.125 -0.0825
-1.1825 -0.105
-1.1325 -0.01875
-1.09 0.0175
-1.1675 0.08375
-1.09 -0.02
-1.125 -0.02
-1.2175 -0.04
-1.1625 0.1125
-1.14 0.02125
-1.225 -0.04
-1.13 -0.0875
-1.1475 -0.1575
-1.23 -0.2
-1.26 -0.17875
-1.25 -0.18875
-1.16 -0.1425
-1.155 -0.03375
-1.16 -0.01375
-1.2825 0.03375
-1.2125 0.04625
-1.11 0.0575
-1.1175 0.15125
-1.095 0.14375
-1.1225 0.1025
-1.1725 -0.00375
-1.1975 -0.03625
-1.085 0.04875
-1.2425 0.0925
-1.2825 0.04625
-1.17 0.0875
-1.1525 -0.055
-1.095 0.02375
-1.2575 -0.1075
-1.155 -0.0075
-1.2025 -0.04625
-1.125 0.0325
-1.1275 -0.015
-1.115 -0.01375
-1.09 0.00375
-1.0925 -0.02625
-1.1575 0.0125
-1.0675 0.01375
-1.1975 0.0575
-1.1475 0.12625
-1.2025 0.11875
-1.0975 0.01125
-1.185 -0.02375
-1.1875 0.0375
-1.1425 -0.01625
-1.14 -0.1
-1.09 0.0025
-1.2175 -0.04875
-1.2325 0.085
-1.1925 0.03
-1.155 0.02125
-1.1325 -0.05375
-1.1175 0.04875
-1.1175 -0.12375
-1.205 -0.1925
-1.1175 -0.12625
-1.13 -0.04625
-1.1025 0.0725
-1.1 0.14125
-1.1675 0.12125
-1.23 0.10625
-1.145 0.1725
-1.125 0.1925
-1.235 0.03125
-1.2625 0.04
-1.14 0.075
-1.2925 0.13
-1.215 0.1225
-1.1775 0.05875
-1.105 0.04125
-1.17 0.15375
-1.195 0.20375
-1.22 0.1925
-1.195 0.305
-1.195 0.3225
-1.2475 0.40625
-1.3175 0.535
-1.1825 0.44875
-1.24 0.475
-1.2275 0.39
-1.145 0.33
-1.2275 0.355
-1.295 0.29375
-1.2725 0.40125
-1.21 0.19375
-1.165 0.0825
-1.255 -0.01125
-1.285 0.05
-1.225 0.06125
-1.1975 0.08125
-1.245 0.0725
-1.1125 0.075
-1.0775 0.1
-1.14 0.08
-1.1475 0.2
-1.1075 0.07
-1.31 0.0075
-1.16 -0.095
-1.145 -0.1625
-1.275 -0.155
-1.2125 -0.29625
-1.0875 -0.23625
-1.205 -0.30625
-1.225 -0.1825
-1.195 -0.20125
-1.08 -0.095
-1.19 -0.14125
-1.18 -0.13125
-1.135 -0.09875
-1.1575 0.00875
-1.135 0.02375
-1.1975 0.07125
-1.1275 0.12375
-1.0675 0.07125
-1.0825 0.06875
-1.05 0.015
-1.1175 0.05375
-1.16 -0.05875
-1.13 -0.165
-1.1825 -0.3075
-1.23 -0.30625
-1.15 -0.35
-1.2225 -0.42375
-1.2275 -0.42625
-1.175 -0.47875
-1.2525 -0.49625
-1.2775 -0.43
-1.2075 -0.39125
-1.245 -0.32375
-1.225 -0.39375
-1.2775 -0.545
-1.3175 -0.55375
-1.395 -0.60875
-1.2725 -0.61
-1.365 -0.6225
-1.32 -0.61125
-1.3225 -0.54125
-1.345 -0.59
-1.1475 -0.50375
-1.28 -0.53
-1.2175 -0.535
-1.1875 -0.39125
-1.23 -0.37625
-1.16 -0.47
-1.1925 -0.5
-1.2675 -0.52125
-1.2375 -0.5525
-1.3425 -0.625
-1.26 -0.6525
-1.345 -0.715
-1.245 -0.60625
-1.28 -0.60375
-1.325 -0.56125
-1.2575 -0.485
-1.3175 -0.49
-1.2775 -0.4275
-1.2375 -0.41375
-1.1575 -0.3175
-1.23 -0.3575
-1.2425 -0.415
-1.07 -0.385
-1.26 -0.49125
-1.2525 -0.4025
-1.2225 -0.31125
-1.1325 -0.145
-1.175 -0.21625
-1.1225 -0.06
-1.165 -0.0975
-1.3275 -0.17875
-1.225 -0.21125
-1.1275 -0.17375
-1.0875 -0.16375
-1.22 -0.0975
-1.1525 -0.10875
-1.2175 -0.095
-1.235 0.0275
-1.235 0.20375
-1.11 0.2175
-1.3775 0.20125
-1.2875 0.14375
-1.1525 0
-1.1775 0.0375
-1.205 0.16125
-1.26 0.145
-1.3 0.1925
-1.195 0.2175
-1.1575 0.1575
-1.26 0.29
-1.27 0.34875
-1.23 0.2125
-1.2425 0.29375
-1.28 0.23625
-1.075 0.17375
-1.1225 0.06375
-1.155 -0.04125
-1.195 0.005
-1.195 0.0625
-1.25 0.0875
-1.185 0.00875
-1.3725 0.18125
-1.2525 0.22125
-1.3075 0.33
-1.3375 0.3875
-1.2625 0.34625
-1.2675 0.40125
-1.31 0.53875
-1.26 0.425
-1.17 0.285
-1.1475 0.2975
-1.11 0.31125
-1.2025 0.29
-1.1975 0.22
-1.1425 0.2
-1.255 0.30625
-1.2325 0.33
-1.2825 0.3625
-1.2575 0.35125
-1.335 0.33
-1.19 0.3775
-1.2725 0.31625
-1.285 0.29625
-1.2325 0.25875
-1.2 0.23
-1.17 0.2475
-1.15 0.29625
-1.2675 0.315
-1.2425 0.35125
-1.1875 0.34125
-1.255 0.37375
-1.145 0.36875
-1.2275 0.44875
-1.2775 0.54625
-1.1375 0.27625
-1.235 0.24375
-1.1675 0.235
-1.1725 0.175
-1.1375 0.14375
-1.1225 0.22875
-1.1875 0.23
-1.18 0.14
-1.24 0.32875
-1.3075 0.37
-1.3575 0.34625
-1.3275 0.20375
-1.2975 0.09125
-1.2775 0.01625
-1.1775 -0.01125
-1.17 0.0025
-1.1825 0.125
-1.135 0.24625
-1.195 0.24125
-1.115 0.0525
-1.2425 -0.005
-1.2025 0.0975
-1.175 0.015
-1.2225 0.0075
-1.1875 0.03125
-1.2075 0.0425
-1.23 -0.04125
-1.1575 0
-1.075 -0.0875
-1.0925 0.01875
-1.1325 -0.01
-1.1275 -0.10125
-1.125 0.13
-1.065 0.11
-1.215 -0.05375
-1.1225 -0.00375
-1.115 0.06
-1.19 0.1
-1.19 0.14
-1.2475 0.09125
-1.27 0.18875
-1.1925 0.2225
-1.37 0.21625
-1.2825 0.26875
-1.275 0.3
-1.245 0.265
-1.2075 0.23375
-1.2 0.29125
-1.2625 0.32375
-1.3 0.385
-1.23 0.43125
-1.2625 0.51125
-1.1825 0.5225
-1.3375 0.62
-1.2375 0.585
-1.2825 0.65875
-1.2425 0.50875
-1.245 0.4725
-1.125 0.37
-1.1775 0.46125
-1.21 0.5725
-1.2775 0.48125
-1.2125 0.3825
-1.14 0.30875
-1.2125 0.37625
-1.31 0.4375
-1.2275 0.34125
-1.2275 0.35375
-1.1625 0.20125
-1.18 0.25875
-1.19 0.27125
-1.145 0.24875
-1.2725 0.2225
-1.2625 0.32375
-1.28 0.2525
-1.235 0.24625
-1.175 0.25375
-1.185 0.24625
-1.22 0.3375
-1.18 0.36125
-1.195 0.34375
-1.295 0.38
-1.28 0.44125
-1.235 0.44625
-1.16 0.38125
-1.21 0.35375
-1.2125 0.405
-1.1425 0.38625
-1.2075 0.4175
-1.2575 0.36
-1.2225 0.3
-1.24 0.34875
-1.1225 0.29375
-1.25 0.24125
-1.22 0.24625
-1.28 0.355
-1.2325 0.40375
-1.1675 0.32125
-1.215 0.4125
-1.1125 0.4125
-1.1625 0.47625
-1.2975 0.6275
-1.4325 0.77
-1.37 0.64625
-1.2975 0.57
-1.2525 0.4925
-1.2875 0.52625
-1.235 0.515
-1.265 0.525
-1.2125 0.49125
-1.27 0.54125
-1.25 0.5175
-1.27 0.5375
-1.2875 0.60625
-1.32 0.59125
-1.265 0.53875
-1.3175 0.6225
-1.2875 0.62375
-1.325 0.6525
-1.22 0.55125
-1.2375 0.5125
-1.1225 0.30875
-1.105 0.175
-1.125 0.245
-1.22 0.16
-1.23 0.155
-1.145 0.09625
-1.24 0.08125
-1.2425 0.1025
-1.2 -0.0375
-1.16 -0.025
-1.1875 0.0325
-1.1225 0.04625
-1.255 0.0175
-1.295 0.09625
-1.1725 0.00625
-1.1975 -0.14875
-1.15 -0.185
-1.1925 -0.2275
-1.1475 0.03
-1.0975 0.1075
-1.3075 0.2225
-1.1775 0.15375
-1.225 0.18875
-1.14 0.1325
-1.2 0.26125
-1.195 0.22625
-1.21 0.3025
-1.2425 0.35125
-1.2025 0.33625
-1.175 0.3075
-1.2675 0.30375
-1.325 0.33125
-1.195 0.265
-1.2075 0.18625
-1.0625 0.155
-1.0575 0.00625
-1.1525 0.0725
-1.225 0.06375
-1.2475 0.13375
-1.2275 0.1125
-1.105 0.0375
-1.095 0.0275
-1.18 0.115
-1.1075 0.22125
-1.1375 0.21375
-1.1225 0.13625
-1.1725 -0.06875
-1.0975 -0.03125
-1.2275 -0.22125
-1.155 -0.14375
-1.2275 -0.1775
-1.14 -0.065
-1.2775 -0.05375
-1.1375 -0.07125
-1.195 -0.06
-1.2325 -0.00625
-1.1775 -0.0325
-1.1775 -0.1375
-1.23 -0.115
-1.1625 -0.14375
-1.2475 -0.2625
-1.2125 -0.21625
-1.19 -0.15625
-1.1225 -0.145
-1.2475 -0.1325
-1.125 -0.15125
-1.225 -0.2625
-1.165 -0.2175
-1.2675 -0.25
-1.2425 -0.23375
-1.2675 -0.2175
-1.2225 -0.195
-1.305 -0.265
-1.1975 -0.3
-1.1575 -0.27625
-1.17 -0.215
-1.1525 -0.165
-1.2175 -0.12875
-1.1825 -0.0775
-1.1875 -0.1875
-1.13 -0.23
-1.21 -0.24
-1.1125 -0.21875
-1.165 -0.28625
-1.245 -0.2075
-1.15 -0.1775
-1.09 -0.23
-1.19 -0.16
-1.0525 -0.0625
-1.16 -0.14
-1.185 -0.02
-1.225 -0.1525
-1.185 -0.21125
-1.1575 -0.205
-1.1825 -0.29375
-1.2 -0.15875
-1.195 -0.07125
-1.2025 0.0675
-1.14 0.16125
-1.255 0.2825
-1.2325 0.33125
-1.2 0.26125
-1.2225 0.105
-1.2275 0.1175
-1.3225 0.33625
-1.2625 0.40875
-1.265 0.27
-1.225 0.38375
-1.2675 0.4425
-1.175 0.475
-1.245 0.535
-1.23 0.55
-1.2075 0.48
-1.2175 0.45125
-1.105 0.33125
-1.2975 0.34
-1.205 0.3875
-1.2875 0.39875
-1.27 0.365
-1.2975 0.4175
-1.2175 0.32
-1.0925 0.25625
-1.0875 0.08125
-1.1075 0.15375
-1.1675 0.06125
-1.1375 0.17125
-1.075 0.08875
-1.155 -0.0475
-1.22 0.05875
-1.17 0.06375
-1.1925 0.20375
-1.16 0.28125
-1.2325 0.38875
-1.1825 0.385
-1.17 0.3625
-1.15 0.32625
-1.2275 0.2875
-1.1825 0.1625
-1.1625 0.16625
-1.17 0.33625
-1.11 0.26
-1.24 0.38875
-1.2825 0.5
-1.2025 0.4775
-1.2475 0.51125
-1.2075 0.35625
-1.2775 0.53
-1.255 0.45625
-1.1475 0.4225
-1.21 0.40875
-1.2525 0.49
-1.3225 0.52125
-1.2475 0.38125
-1.17 0.39875
-1.265 0.37875
-1.2375 0.30375
-1.1925 0.2675
-1.13 0.22875
-1.16 0.23625
-1.0875 -0.05125
-1.1425 -0.00375
-1.0775 0.0725
-1.1125 0.09625
-1.0725 0.05125
-1.12 0.04125
-1.0875 -0.0975
-1.1 -0.10125
-1.0875 -0.0075
-1.195 0.18875
-1.185 0.1475
-1.1325 0.1275
-1.1325 0.12125
-1.12 0.1725
-1.0525 0.06625
-1.0375 0.18
-1.1725 0.02875
-1.1225 0.08375
-1.18 -0.01375
-1.1775 0.05375
-1.2175 -0.11875
-1.145 -0.21875
-1.2775 -0.195
-1.28 -0.14875
-1.2125 -0.15125
-1.21 -0.16875
-1.17 -0.0925
-1.125 -0.11
-1.165 -0.04125
-1.215 -0.01875
-1.205 -0.0975
-1.1475 -0.09875
-1.2225 -0.01125
-1.26 0.04375
-1.1225 -0.02875
-1.2625 0.11
-1.26 0.205
-1.2275 0.11
-1.075 0.12
-1.17 0.1
-1.165 0.1425
-1.075 0.11125
-1.1 0.07625
-1.0725 0.0025
-1.1475 0.01875
-1.255 0.0275
-1.17 -0.07625
-1.1475 0
-1.2475 0.06375
-1.1275 -0.015
-1.215 -0.11875
-1.155 -0.09
-1.1775 -0.22
-1.2575 -0.43125
-1.215 -0.36875
-1.255 -0.46125
-1.1475 -0.30875
-1.2225 -0.38125
-1.2075 -0.2675
-1.2025 -0.37125
-1.1325 -0.285
-1.2675 -0.2825
-1.1725 -0.21875
-1.1775 -0.2325
-1.1325 -0.345
-1.125 -0.335
-1.2425 -0.42875
-1.2575 -0.50375
-1.1875 -0.48625
-1.2725 -0.40875
-1.175 -0.3875
-1.1325 -0.26875
-1.2475 -0.2775
-1.2125 -0.2275
-1.14 -0.3275
-1.1975 -0.26
-1.0925 -0.195
-1.205 -0.3025
-1.2275 -0.21
-1.11 -0.0175
-1.15 0.0625
-1.2125 0.04875
-1.1 0.10875
-1.1525 0.00125
-1.2625 0.015
-1.2125 0.075
-1.2425 0.06625
-1.2 0.08
-1.175 0.0675
-1.185 0.0575
-1.15 0.01375
-1.19 0.0725
-1.1925 -0.03375
-1.155 0.0725
-1.1675 -0.24
-1.125 -0.15875
-1.165 -0.305
-1.2575 -0.4675
-1.2325 -0.4475
-1.2 -0.4675
-1.2875 -0.50375
-1.2275 -0.4425
-1.3 -0.6075
-1.3375 -0.635
-1.3525 -0.58625
-1.3225 -0.63125
-1.36 -0.65375
-1.275 -0.63625
-1.265 -0.58875
-1.3775 -0.65875
-1.145 -0.4875
-1.2 -0.45875
-1.1625 -0.3825
-1.185 -0.3425
-1.315 -0.40125
-1.2575 -0.4925
-1.255 -0.3925
-1.215 -0.36625
-1.2275 -0.48125
-1.1825 -0.53375
-1.26 -0.59
-1.2575 -0.48
-1.245 -0.4375
-1.31 -0.51375
-1.3175 -0.50625
-1.2625 -0.55125
-1.295 -0.61625
-1.2975 -0.65
-1.2825 -0.60375
-1.1575 -0.465
-1.35 -0.55875
-1.275 -0.55375
-1.225 -0.465
-1.2725 -0.48125
-1.2275 -0.42
-1.15 -0.31
-1.0775 -0.27
-1.2175 -0.30375
-1.235 -0.39625
-1.25 -0.21375
-1.1275 -0.25875
-1.1975 -0.1725
-1.135 -0.13125
-1.2025 -0.2
-1.1175 -0.00375
-1.07 0.0025
-1.1575 0.0875
-1.225 0.20625
-1.1475 0.22875
-1.1375 0.22375
-1.235 0.2225
-1.14 0.1775
-1.255 0.1625
-1.2175 0.18
-1.1625 0.1675
-1.1775 0.2175
-1.21 0.125
-1.235 0.13875
-1.1625 0.135
-1.035 0.04375
-1.175 -0.0175
-1.1375 -0.11125
-1.19 -0.09125
-1.2325 -0.00125
-1.2025 -0.17625
-1.0875 -0.15875
-1.26 -0.38
-1.185 -0.31375
-1.165 -0.29625
-1.08 -0.27625
-1.1425 -0.30875
-1.22 -0.4375
-1.155 -0.44
-1.185 -0.415
-1.28 -0.535
-1.215 -0.51125
-1.3175 -0.58875
-1.3425 -0.63125
-1.295 -0.65375
-1.3775 -0.61
-1.31 -0.58625
-1.2225 -0.5525
-1.285 -0.565
-1.235 -0.5875
-1.3575 -0.58125
-1.3175 -0.56375
-1.32 -0.59
-1.26 -0.57
-1.325 -0.62
-1.3175 -0.5725
-1.3175 -0.62125
-1.295 -0.54125
-1.24 -0.50625
-1.24 -0.5375
-1.355 -0.6725
-1.335 -0.6475
-1.27 -0.6125
-1.275 -0.58375
-1.2925 -0.58375
-1.23 -0.48625
-1.235 -0.50125
-1.2475 -0.48625
-1.26 -0.50375
-1.1925 -0.48875
-1.245 -0.575
-1.1675 -0.4975
-1.2 -0.43125
-1.2325 -0.5375
-1.2725 -0.54
-1.295 -0.58375
-1.265 -0.5125
-1.1625 -0.40625
-1.135 -0.355
-1.175 -0.29875
-1.155 -0.25
-1.1575 -0.23125
-1.115 -0.26625
-1.2175 -0.23125
-1.27 -0.2525
-1.2025 -0.22125
-1.2225 -0.20875
-1.135 -0.1975
-1.135 -0.26125
-1.1825 -0.28375
-1.325 -0.29375
-1.275 -0.20625
-1.275 -0.24375
-1.1 -0.1775
-1.255 -0.15875
-1.2675 -0.25
-1.26 -0.27875
-1.3175 -0.30375
-1.2625 -0.31125
-1.3075 -0.28375
-1.1575 -0.11625
-1.215 -0.1675
-1.21 -0.27625
-1.2625 -0.35625
-1.245 -0.27125
-1.1925 -0.0525
-1.1975 -0.21125
-1.1425 -0.14375
-1.21 -0.23125
-1.2725 -0.36125
-1.2625 -0.33875
-1.21 -0.34
-1.2575 -0.29375
-1.2275 -0.27375
-1.2975 -0.38125
-1.2175 -0.2875
-1.1075 -0.1575
-1.215 -0.20625
-1.1625 -0.24375
-1.225 -0.1775
-1.12 -0.10125
-1.085 0.04125
-1.16 0.04625
-1.09 -0.05125
-1.135 -0.00375
-1.1775 -0.1125
-1.12 -0.06875
-1.1325 -0.15375
-1.1375 -0.21
-1.145 -0.10875
-1.13 0.00375
-1.2 -0.00375
-1.2025 0.0575
-1.2025 0.03875
-1.1775 0.155
-1.285 0.2925
-1.3425 0.34
-1.265 0.33375
-1.2525 0.36125
-1.2675 0.37375
-1.2125 0.36
-1.2725 0.36375
-1.2875 0.3175
-1.2075 0.29625
-1.245 0.3575
-1.34 0.43875
-1.2825 0.385
-1.2775 0.44125
-1.285 0.47
-1.225 0.33625
-1.2375 0.38
-1.24 0.395
-1.1475 0.3275
-1.1475 0.29375
-1.205 0.3625
-1.135 0.3475
-1.2 0.36625
-1.1425 0.36625
-1.15 0.31875
-1.1925 0.44875
-1.26 0.54375
-1.24 0.42125
-1.225 0.4675
-1.2625 0.43875
-1.23 0.36125
-1.1875 0.335
-1.18 0.30875
-1.275 0.33
-1.1625 0.32125
-1.2175 0.33625
-1.1975 0.3825
-1.2925 0.45875
-1.13 0.36875
-1.26 0.4675
-1.1475 0.415
-1.0975 0.41375
-1.2675 0.49875
-1.2175 0.38
-1.2775 0.31875
-1.1275 0.33
-1.175 0.3825
-1.2575 0.505
-1.26 0.53125
-1.2875 0.39
-1.245 0.2925
-1.12 0.295
-1.2925 0.43375
-1.23 0.43625
-1.265 0.2675
-1.2225 0.31125
-1.1775 0.2225
-1.16 0.30125
-1.195 0.25875
-1.21 0.1475
-1.23 0.15875
-1.2475 0.235
-1.1525 0.205
-1.215 0.3
-1.23 0.3775
-1.21 0.22875
-1.24 0.26375
-1.1625 0.25625
-1.195 0.27375
-1.2375 0.24875
-1.23 0.1625
-1.2425 0.0875
-1.16 0.055
-1.0725 -0.03875
-1.2 -0.0725
-1.22 -0.11375
-1.14 -0.18875
-1.1375 -0.17375
-1.155 -0.14375
-1.1125 -0.0525
-1.11 0.10625
-1.215 0.09625
-1.21 0.14875
-1.19 0.16375
-1.1725 0.18
-1.175 0.25875
-1.1575 0.31625
-1.2675 0.33375
-1.1725 0.375
-1.14 0.35625
-1.2725 0.485
-1.245 0.4625
-1.3125 0.535
-1.3625 0.55625
-1.325 0.54375
-1.2425 0.58375
-1.2475 0.5875
-1.21 0.37875
-1.18 0.28125
-1.255 0.41625
-1.2425 0.40875
-1.255 0.3625
-1.205 0.36625
-1.1775 0.42375
-1.3175 0.49875
-1.2825 0.4125
-1.2575 0.4175
-1.2 0.395
-1.2675 0.3725
-1.205 0.245
-1.1475 0.16125
-1.08 0.19625
-1.1325 0.1525
-1.1875 0.2125
-1.27 0.24
-1.2075 0.22375
-1.1475 0.19625
-1.2175 0.3025
-1.115 0.26375
-1.1575 0.1575
-1.2575 0.12625
-1.2675 0.15875
-1.1575 0.16125
-1.11 0.1325
-1.1025 0.04875
-1.17 0.07875
-1.15 0.08625
-1.17 0.05
-1.09 0.07125
-1.2225 0.13125
-1.19 0.25875
-1.2325 0.235
-1.06 0.13875
-1.14 0.24
-1.1675 0.25875
-1.2375 0.38875
-1.245 0.4225
-1.205 0.39375
-1.3025 0.45
-1.2475 0.485
-1.2725 0.47125
-1.275 0.46
-1.25 0.425
-1.2625 0.43125
-1.2875 0.495
-1.2225 0.54875
-1.3125 0.635
-1.32 0.645
-1.3075 0.605
-1.315 0.55875
-1.27 0.5175
-1.27 0.52125
-1.18 0.3875
-1.1525 0.40875
-1.195 0.43625
-1.23 0.40125
-1.215 0.28875
-1.1725 0.11375
-1.165 0.10125
-1.1475 0.05125
-1.16 -0.015
-1.15 0.0325
-1.22 -0.1
-1.11 -0.11875
-1.205 -0.0875
-1.1425 0.04125
-1.125 0.17125
-1.16 0.08875
-1.21 0.24
-1.1025 0.25375
-1.1975 0.20125
-1.1375 0.26875
-1.135 0.2825
-1.15 0.3475
-1.0725 0.32875
-1.175 0.295
-1.0875 0.25125
-1.2 0.205
-1.1425 0.15875
-1.195 0.1975
-1.2075 0.1775
-1.25 0.12375
-1.1325 0.20625
-1.2875 0.15625
-1.17 0.19125
-1.1625 0.26
-1.0575 0.215
-1.1825 0.255
-1.1425 0.2825
-1.15 0.3
-1.1775 0.4
-1.19 0.30875
-1.165 0.3575
-1.2025 0.36875
-1.2125 0.36875
-1.1425 0.31875
-1.2025 0.3575
-1.1825 0.4125
-1.19 0.3975
-1.2275 0.4975
-1.195 0.35125
-1.175 0.2325
-1.18 0.29375
-1.0925 0.22375
-1.045 0.19875
-1.0725 0.3075
-1.175 0.3275
-1.1575 0.23375
-1.1775 0.235
-1.1725 0.25125
-1.2425 0.325
-1.22 0.27875
-1.21 0.285
-1.0875 0.2075
-1.14 0.18375
-1.1675 0.045
-1.2 -0.035
-1.17 -0.1125
-1.255 -0.07875
-1.2525 -0.06375
-1.3 0.01
-1.2175 -0.1075
-1.295 -0.09375
-1.1425 -0.025
-1.17 0.1425
-1.23 0.0975
-1.2975 0.10875
-1.1975 0.07
-1.1125 0.11
-1.12 0.135
-1.0725 -0.02
-1.2975 0.015
-1.1425 0.1025
-1.175 0.11625
-1.0925 0.0575
-1.1125 0.06125
-1.1525 0.12125
-1.2625 0.19875
-1.17 0.02875
-1.195 0.05625
-1.1375 -0.035
-1.255 -0.0525
-1.1325 -0.0925
-1.0775 -0.0275
-1.1 -0.08625
-1.235 -0.24375
-1.16 -0.27625
-1.1775 -0.27375
-1.2425 -0.26625
-1.18 -0.21625
-1.16 -0.2075
-1.175 -0.21
-1.19 -0.2775
-1.125 -0.21875
-1.2925 -0.12125
-1.2525 -0.14875
-1.1425 -0.04375
-1.1525 0.0675
-1.21 0.0025
-1.135 0.0125
-1.2375 0.0975
-1.155 0.215
-1.1675 0.19625
-1.1775 0.18375
-1.1725 0.3125
-1.2175 0.26
-1.225 0.2725
-1.3025 0.20625
-1.135 0.22625
-1.115 0.285
-1.185 0.22375
-1.135 0.20875
-1.1125 0.2125
-1.175 0.09375
-1.1125 0.08875
-1.155 0.10875
-1.1575 0.1
-1.12 0.05375
-1.1325 -0.0625
-1.185 -0.06
-1.235 -0.10125
-1.275 -0.17625
-1.2775 -0.15875
-1.255 -0.265
-1.1775 -0.335
-1.145 -0.2875
-1.165 -0.34
-1.1275 -0.2275
-1.125 -0.21875
-1.11 -0.32125
-1.2125 -0.44125
-1.1925 -0.37125
-1.175 -0.46
-1.18 -0.535
-1.3125 -0.5675
-1.225 -0.56125
-1.26 -0.545
-1.25 -0.4675
-1.2425 -0.5
-1.3825 -0.5925
-1.2875 -0.585
-1.215 -0.54125
-1.24 -0.49875
-1.255 -0.415
-1.2475 -0.39875
-1.2925 -0.44
-1.24 -0.45125
-1.2275 -0.4
-1.1725 -0.28375
-1.1775 -0.28
-1.08 -0.2125
-1.2125 -0.245
-1.165 -0.27375
-1.2575 -0.39625
-1.2775 -0.38875
-1.155 -0.45125
-1.2975 -0.48
-1.2025 -0.37125
-1.2025 -0.40875
-1.22 -0.4275
-1.2575 -0.3675
-1.2475 -0.5125
-1.2975 -0.43125
-1.1525 -0.36625
-1.145 -0.40875
-1.1325 -0.33625
-1.23 -0.25125
-1.2275 -0.0825
-1.24 0.04125
-1.1025 0.07625
-1.2175 0.0625
-1.215 0.17375
-1.2025 0.22375
-1.1925 0.22625
-1.08 0.215
-1.17 0.3025
-1.2125 0.30625
-1.1625 0.2525
-1.1575 0.26
-1.2875 0.36
-1.27 0.2925
-1.2525 0.2925
-1.0775 0.25125
-1.16 0.22625
-1.1725 0.2225
-1.16 0.1775
-1.2625 0.215
-1.21 0.2625
-1.215 0.24
-1.265 0.27875
-1.215 0.17625
-1.175 0.18
-1.1 0.04625
-1.1 -0.095
-1.1175 -0.1225
-1.1325 0.0025
-1.12 0.01
-1.1325 0.01875
-1.155 -0.05625
-1.0525 -0.0175
-1.1275 0.03875
-1.2125 0.06875
-1.1575 0.11
-1.12 0.08625
-1.1375 0.15
-1.1425 0.295
-1.1325 0.22875
-1.2775 0.3925
-1.1775 0.32125
-1.2775 0.28375
-1.165 0.31
-1.255 0.41
-1.2775 0.41125
-1.2875 0.39875
-1.265 0.405
-1.32 0.41375
-1.15 0.31375
-1.18 0.2675
-1.0775 0.2825
-1.12 0.235
-1.3 0.38
-1.245 0.425
-1.1525 0.2425
-1.08 0.16875
-1.2675 0.29375
-1.095 0.1925
-1.1325 0.22
-1.09 0.2125
-1.11 0.2025
-1.205 0.36
-1.215 0.27125
-1.0975 0.10375
-1.185 0.14875
-1.1625 0.24375
-1.17 0.13125
-1.18 0.18375
-1.2875 0.2025
-1.24 0.15375
-1.1475 0.215
-1.26 0.235
-1.105 0.215
-1.1625 0.31125
-1.2325 0.23625
-1.235 0.20125
-1.2 0.115
-1.19 0.08
-1.1575 0.07125
-1.1675 0.02375
-1.1775 0.005
-1.15 0.0875
-1.17 0.1525
-1.055 0.14625
-1.1675 -0.015
-1.2175 0.16375
-1.17 0.1525
-1.2175 0.08375
-1.1875 0.13375
-1.1875 0.16125
-1.225 0.22125
-1.1825 0.13125
-1.225 0.08
-1.2375 0.2675
-1.1925 0.25625
-1.295 0.3475
-1.2325 0.28125
-1.165 0.29625
-1.17 0.31875
-1.25 0.23875
-1.0675 0.26125
-1.1375 0.23
-1.185 0.35
-1.2025 0.2575
-1.1825 0.20125
-1.2125 0.2175
-1.1975 0.11
-1.2 0.0775
-1.2075 0.165
-1.155 0.2075
-1.2625 0.24875
-1.155 0.2275
-1.2175 0.26125
-1.2125 0.39375
-1.195 0.33875
-1.18 0.15
-1.12 0.16875
-1.205 0.2575
-1.24 0.26375
-1.235 0.2875
-1.1425 0.21125
-1.1975 0.18625
-1.2375 0.3225
-1.21 0.2925
-1.125 0.17
-1.1375 0.1925
-1.2125 0.36875
-1.205 0.3175
-1.1275 0.35625
-1.1775 0.28125
-1.185 0.355
-1.17 0.4025
-1.3175 0.44
-1.185 0.34875
-1.215 0.3125
-1.2225 0.2325
-1.205 0.19875
-1.1025 0.1675
-1.1475 0.19875
-1.2625 0.1425
-1.2375 0.1375
-1.18 0.1175
-1.05 0.10875
-1.1075 0.0575
-1.1475 0.0075
-1.11 0.04
-1.085 0.16875
-1.1075 0.23875
-1.215 0.23375
-1.12 0.16625
-1.1075 0.1925
-1.135 0.25125
-1.175 0.285
-1.165 0.365
-1.1575 0.3675
-1.1225 0.24375
-1.2525 0.27
-1.135 0.1025
-1.2675 0.11125
-1.11 0.0975
-1.185 0.14375
-1.17 0.1375
-1.08 0.17
-1.1825 0.15125
-1.1125 0.04875
-1.2125 0.0975
-1.285 0.09875
-1.1925 -0.0525
-1.135 -0.13875
-1.1925 -0.23
-1.135 -0.15875
-1.24 -0.19
-1.13 -0.1225
-1.2925 -0.22625
-1.1825 -0.23375
-1.17 -0.3
-1.2125 -0.2875
-1.2075 -0.1975
-1.1825 -0.15375
-1.15 -0.15
-1.2475 -0.22875
-1.06 -0.1675
-1.12 -0.22
-1.2025 -0.185
-1.2525 -0.145
-1.1975 -0.07125
-1.155 -0.00375
-1.285 -0.08
-1.1475 -0.0025
-1.1975 0.11
-1.2425 0.10375
-1.2325 0.18125
-1.1075 0.255
-1.1825 0.17875
-1.09 0.21875
-1.125 0.1475
-1.205 0.11875
-1.2275 0.14125
-1.1775 0.19875
-1.0075 0.18875
-1.145 0.15375
-1.1025 -0.06375
-1.175 -0.1375
-1.0975 -0.13625
-1.0275 -0.08625
-1.19 -0.05375
-1.2275 -0.04
-1.235 -0.22125
-1.215 -0.15375
-1.29 -0.205
-1.3225 -0.31125
-1.335 -0.31625
-1.1725 -0.3175
-1.225 -0.2175
-1.17 -0.01125
-1.17 0.09125
-1.1775 -0.03875
-1.1025 -0.14375
-1.0725 -0.11125
-1.2225 -0.2
-1.2725 -0.26
-1.2275 -0.34875
-1.195 -0.36125
-1.235 -0.4075
-1.2375 -0.445
-1.1925 -0.475
-1.34 -0.57625
-1.215 -0.50625
-1.285 -0.50625
-1.205 -0.43125
-1.21 -0.4575
-1.2825 -0.54125
-1.22 -0.48625
-1.265 -0.37
-1.17 -0.27
-1.255 -0.2325
-1.21 -0.38125
-1.19 -0.385
-1.1275 -0.33375
-1.19 -0.39
-1.19 -0.18875
-1.1525 -0.205
-1.225 -0.1475
-1.2025 -0.175
-1.1025 -0.03125
-1.22 -0.02875
-1.1825 -0.0975
-1.14 -0.08125
-1.2025 0.0275
-1.0975 0.0125
-1.09 -0.02625
-1.165 -0.085
-1.14 -0.18
-1.1175 -0.18375
-1.1275 -0.25625
-1.1075 -0.20875
-1.105 -0.205
-1.15 -0.11875
-1.11 -0.05875
-1.1775 0.02625
-1.3175 0.10375
-1.205 0.08125
-1.2075 0.05875
-1.185 -0.01625
-1.1225 0.04
-1.2025 0.08
-1.0825 -0.05625
-1.27 0.02875
-1.15 -0.01125
-1.1775 -0.02625
-1.065 -0.07375
-1.155 -0.17
-1.1625 -0.2075
-1.23 -0.18875
-1.24 -0.19125
-1.3175 -0.24375
-1.235 -0.25
-1.2575 -0.20875
-1.205 -0.2025
-1.12 -0.08625
-1.1475 -0.1575
-1.1075 -0.08
-1.1425 -0.10625
-1.14 -0.1075
-1.265 -0.12125
-1.165 -0.2125
-1.1625 -0.31625
-1.1575 -0.4
-1.275 -0.4325
-1.375 -0.45875
-1.19 -0.4325
-1.295 -0.42625
-1.215 -0.3775
-1.245 -0.425
-1.2575 -0.47875
-1.0875 -0.30625
-1.1825 -0.34375
-1.2775 -0.2775
-1.21 -0.12
-1.2 -0.22375
-1.2175 -0.24
-1.1475 -0.18
-1.2 -0.19125
-1.1725 -0.05125
-1.31 -0.17375
-1.24 -0.23375
-1.29 -0.24125
-1.23 -0.30125
-1.2025 -0.34
-1.2825 -0.44
-1.3225 -0.49625
-1.27 -0.49875
-1.2 -0.465
-1.2675 -0.375
-1.185 -0.25875
-1.2125 -0.1875
-1.16 -0.14625
-1.15 -0.24625
-1.2625 -0.44375
-1.3525 -0.60375
-1.28 -0.5075
-1.245 -0.52375
-1.1775 -0.49625
-1.1925 -0.455
-1.3125 -0.52125
-1.155 -0.47
-1.3175 -0.45375
-1.3475 -0.44875
-1.195 -0.44125
-1.2525 -0.47
-1.2425 -0.47
-1.3425 -0.59375
-1.35 -0.65125
-1.2775 -0.625
-1.3225 -0.65375
-1.2175 -0.49
-1.15 -0.49375
-1.275 -0.445
-1.205 -0.43
-1.1775 -0.28375
-1.215 -0.37625
-1.24 -0.45125
-1.2175 -0.3625
-1.2025 -0.3725
-1.2525 -0.42625
-1.195 -0.375
-1.1875 -0.255
-1.16 -0.22875
-1.21 -0.23125
-1.195 -0.19
-1.15 -0.2275
-1.2225 -0.255
-1.235 -0.265
-1.1575 -0.25
-1.1375 -0.2425
-1.0975 -0.2575
-1.1875 -0.37625
-1.2125 -0.52125
-1.3075 -0.54
-1.2575 -0.485
-1.33 -0.5125
-1.215 -0.445
-1.2325 -0.38125
-1.1475 -0.365
-1.1725 -0.39625
-1.2725 -0.345
-1.2225 -0.28
-1.2475 -0.37875
-1.1625 -0.35375
-1.2625 -0.4375
-1.135 -0.345
-1.28 -0.48125
-1.2225 -0.455
-1.1575 -0.3675
-1.295 -0.5225
-1.2525 -0.41
-1.2775 -0.36625
-1.0925 -0.27
-1.175 -0.27125
-1.165 -0.1775
-1.155 -0.105
-1.21 -0.20875
-1.2175 -0.14
-1.175 -0.2075
-1.2175 -0.29875
-1.2025 -0.2375
-1.3075 -0.42625
-1.1975 -0.39
-1.195 -0.285
-1.125 -0.13875
-1.095 -0.2225
-1.14 -0.265
-1.2025 -0.29
-1.1625 -0.32125
-1.195 -0.3775
-1.1525 -0.5025
-1.2325 -0.545
-1.3 -0.5775
-1.205 -0.49625
-1.25 -0.57875
-1.1625 -0.43125
-1.225 -0.4825
-1.1325 -0.42625
-1.21 -0.38375
-1.19 -0.455
-1.2125 -0.485
-1.13 -0.4625
-1.2075 -0.5275
-1.34 -0.63625
-1.3025 -0.62625
-1.2925 -0.68375
-1.29 -0.55125
-1.275 -0.62625
-1.2875 -0.58
-1.2175 -0.47
-1.2725 -0.5375
-1.3075 -0.57875
-1.395 -0.65375
-1.2875 -0.5575
-1.3375 -0.5875
-1.2225 -0.4925
-1.27 -0.4875
-1.3025 -0.52625
-1.305 -0.485
-1.1225 -0.37875
-1.255 -0.40625
-1.1925 -0.43375
-1.285 -0.48375
-1.33 -0.4725
-1.315 -0.49125
-1.305 -0.45875
-1.1925 -0.41375
-1.38 -0.48
-1.245 -0.35375
-1.1825 -0.19125
-1.145 -0.22
-1.1225 -0.1325
-1.1625 -0.24125
-1.2325 -0.2675
-1.2225 -0.285
-1.155 -0.245
-1.12 -0.16875
-1.22 -0.08
-1.175 -0.185
-1.0975 -0.11625
-1.105 -0.075
-1.08 -0.06
-1.19 0.02
-1.2325 0.13125
-1.1775 0.03625
-1.2325 0.08875
-1.14 0.05
-1.2275 0.07375
-1.21 0.0725
-1.1125 -0.02
-1.1975 -0.115
-1.165 -0.1125
-1.1925 -0.1075
-1.2625 -0.085
-1.165 -0.0675
-1.2425 -0.075
-1.1725 -0.09
-1.2775 -0.14
-1.175 -0.1875
-1.2575 -0.30875
-1.2425 -0.29
-1.21 -0.3125
-1.2625 -0.4125
-1.24 -0.2625
-1.3025 -0.38
-1.1375 -0.34125
-1.1825 -0.27875
-1.195 -0.1525
-1.11 -0.11875
-1.14 -0.00625
-1.1425 -0.11
-1.1525 -0.08875
-1.1425 -0.1875
-1.2725 -0.23625
-1.2425 -0.15875
-1.155 -0.21
-1.155 -0.17375
-1.205 -0.1525
-1.28 -0.4025
-1.315 -0.43875
-1.2825 -0.37625
-1.305 -0.33
-1.2425 -0.22125
-1.325 -0.25125
-1.19 -0.20625
-1.25 -0.18
-1.1825 -0.17125
-1.31 -0.1725
-1.25 -0.1825
-1.2975 -0.2975
-1.265 -0.225
-1.175 -0.0525
-1.15 -0.10625
-1.1875 -0.15125
-1.1575 -0.185
-1.1525 -0.24125
-1.21 -0.19625
-1.2025 -0.255
-1.15 -0.1675
-1.14 -0.25
-1.1875 -0.18625
-1.165 -0.1375
-1.305 -0.23125
-1.1725 -0.15375
-1.2 -0.18
-1.22 -0.22125
-1.27 -0.18625
-1.1875 -0.1
-1.1275 0.1125
-1.195 0.17875
-1.2675 0.00125
-1.1525 -0.05
-1.235 -0.07
-1.1925 -0.09125
-1.1575 -0.135
-1.0675 -0.1225
-1.21 -0.25375
-1.2375 -0.19875
-1.2575 -0.16125
-1.105 -0.0175
-1.0775 -0.1125
-1.1925 -0.13375
-1.2025 -0.17375
-1.1425 -0.17
-1.1525 -0.10875
-1.0225 -0.0175
-1.115 0.08125
-1.1775 0.10375
-1.13 0.11625
-1.2775 0.2125
-1.1775 0.34375
-1.245 0.34125
-1.26 0.4025
-1.2225 0.2725
-1.0925 0.35875
-1.045 0.3425
-1.22 0.47375
-1.2 0.41875
-1.1725 0.3125
-1.035 0.1975
-1.135 0.16625
-1.1475 0.235
-1.05 0.26
-1.09 0.2
-1.16 0.24375
-1.1175 0.24625
-1.17 0.13
-1.09 0.17
-1.2425 0.13375
-1.14 0.18875
-1.0825 0.195
-1.0575 0.1075
-1.155 0.025
-1.16 0.12625
-1.24 0.10875
-1.17 0.18125
-1.1825 0.20625
-1.1075 0.20125
-1.135 0.2475
-1.28 0.23875
-1.285 0.265
-1.1475 0.13875
-1.175 0.09625
-1.155 0.19125
-1.2275 0.20875
-1.1475 0.13375
-1.17 0.1875
-1.155 0.1525
-1.135 0.2075
-1.1475 0.135
-1.195 0.19375
-1.14 0.165
-1.2575 0.10375
-1.24 0.03875
-1.11 0.02625
-1.185 -0.0925
-1.0725 -0.1175
-1.16 -0.0575
-1.1625 -0.18375
-1.135 -0.1025
-1.085 -0.17125
-1.21 -0.06
-1.165 -0.1
-1.1525 -0.115
-1.1375 -0.15375
-1.2275 0.06875
-1.295 0.18625
-1.14 0.14
-1.17 0.1175
-1.1475 0.04125
-1.1975 -0.00375
-1.2475 0.08
-1.2325 0.03375
-1.21 0.01625
-1.235 -0.11625
-1.175 -0.16
-1.125 -0.05625
-1.1525 -0.045
-1.2375 -0.095
-1.1625 -0.065
-1.205 -0.1025
-1.155 -0.06625
-1.23 0.0025
-1.1175 0.165
-1.1875 0.155
-1.19 0.20875
-1.1325 0.23
-1.1325 0.2575
-1.1825 0.1225
-1.1275 0.1175
-1.1325 0.13875
-1.1775 0.07625
-1.13 0.155
-1.1725 0.205
-1.145 0.23125
-1.1275 0.135
-1.175 0.10625
-1.175 0.17625
-1.195 0.23375
-1.2225 0.22
-1.245 0.1625
-1.27 0.29875
-1.2025 0.20125
-1.185 0.21625
-1.135 0.21375
-1.1525 0.29875
-1.12 0.24875
-1.285 0.26375
-1.1975 0.1825
-1.2425 0.08625
-1.2025 0.045
-1.0925 -0.08125
-1.15 -0.09875
-1.1425 -0.005
-1.14 -0.0975
-1.19 -0.115
-1.1825 -0.23
-1.2375 -0.27875
-1.1275 -0.23
-1.2125 -0.17
-1.1875 -0.15125
-1.13 -0.185
-1.1175 -0.22625
-1.14 -0.105
-1.1875 -0.18875
-1.0825 -0.23125
-1.1525 -0.045
-1.09 -0.1175
-1.18 -0.24625
-1.15 -0.17375
-1.1625 -0.105
-1.2125 -0.0925
-1.145 -0.1225
-1.2475 -0.11125
-1.1425 -0.13125
-1.125 0.0825
-1.0975 -0.005
-1.18 0.08375
-1.1 0.06625
-1.1525 0.16125
-1.15 0.0425
-1.1125 0.16125
-1.2325 0.10625
-1.2425 0.145
-1.225 0.14
-1.22 0.19125
-1.235 0.23875
-1.2175 0.1675
-1.16 0.18625
-1.2125 0.1575
-1.175 0.1675
-1.1375 0.19625
-1.12 0.215
-1.155 0.18625
-1.2825 0.2425
-1.2425 0.26125
-1.0675 0.29375
-1.2775 0.33625
-1.2225 0.15125
-1.2325 0.05375
-1.1375 0.18375
-1.2125 0.20125
-1.225 0.24625
-1.1525 0.23375
-1.2575 0.19625
-1.205 0.1575
-1.2075 0.1125
-1.23 0.17125
-1.2425 0.18875
-1.1825 0.03
-1.2875 -0.00625
-1.205 -0.0025
-1.255 0.05375
-1.25 -0.05125
-1.185 -0.07875
-1.1625 -0.0725
-1.28 -0.12375
-1.18 -0.1025
-1.225 -0.115
-1.2075 0.005
-1.2025 0.01125
-1.275 0.04875
-1.1725 0.00375
-1.0625 0
-1.165 0.04875
-1.1625 -0.0375
-1.2375 -0.035
-1.195 -0.015
-1.1575 -0.13625
-1.195 -0.1075
-1.1575 -0.08625
-1.1075 -0.04625
-1.2225 -0.17
-1.1925 -0.0475
-1.0925 -0.095
-1.15 -0.015
-1.21 -0.105
-1.1825 -0.165
-1.2375 -0.105
-1.185 -0.0175
-1.1975 -0.14875
-1.18 -0.14125
-1.1625 -0.1
-1.2425 -0.09125
-1.1925 0.0175
-1.22 0.04875
-1.275 0.04875
-1.1575 0.1575
-1.2575 0.325
-1.1975 0.33125
-1.1075 0.2875
-1.13 0.28125
-1.075 0.10375
-1.2225 0.17
-1.2075 0.18125
-1.1475 0.1125
-1.1 0.005
-1.055 -0.0275
-1.065 0.04375
-1.1875 -0.0625
-1.115 -0.0725
-1.1925 -0.15375
-1.2475 -0.32625
-1.24 -0.41
-1.11 -0.32125
-1.1975 -0.365
-1.0125 -0.42
-1.2325 -0.49875
-1.3 -0.485
-1.2125 -0.36875
-1.24 -0.31875
-1.175 -0.17875
-1.1975 -0.185
-1.2375 -0.13
-1.2225 -0.15
-1.24 -0.13
-1.1875 -0.17875
-1.245 -0.105
-1.1525 0.06625
-1.1975 0.07125
-1.2325 0.06375
-1.2375 0.12
-1.2475 0.0875
-1.27 0.10875
-1.2375 0.085
-1.3525 0.145
-1.3025 0.19625
-1.1875 0.13375
-1.215 0.1275
-1.23 0.135
-1.1575 -0.0425
-1.0975 0.075
-1.275 0.20875
-1.15 0.205
-1.16 0.2225
-1.22 0.2475
-1.2125 0.0825
-1.1075 0.06875
-1.115 -0.0375
-1.125 0.045
-1.0975 -0.05
-1.1225 -0.0275
-1.0775 -0.22625
-1.3225 -0.26875
-1.2325 -0.28375
-1.2525 -0.32625
-1.2 -0.23
-1.175 -0.22625
-1.1925 -0.09625
-1.2475 -0.03625
-1.18 -0.06
-1.1175 -0.0875
-1.1975 -0.0575
-1.2375 -0.065
-1.1225 -0.07125
-1.2675 -0.2
-1.2275 -0.2425
-1.145 -0.08875
-1.1375 -0.1225
-1.16 -0.215
-1.185 -0.0925
-1.14 -0.14
-1.0875 -0.1175
-1.22 -0.1775
-1.175 -0.11625
-1.025 -0.22
-1.2125 -0.24625
-1.2 -0.195
-1.11 -0.35125
-1.125 -0.3175
-1.0725 -0.2675
-1.185 -0.185
-1.1625 -0.26125
-1.09 -0.17375
-1.1875 -0.25625
-1.15 -0.27125
-1.1225 -0.2475
-1.055 -0.2025
-1.08 0.00125
-1.1475 -0.05375
-1.0575 -0.08
-1.09 -0.03375
-1.17 -0.0175
-1.145 -0.0375
-1.0525 0.045
-1.15 -0.0025
-1.165 -0.0125
-1.2125 0.00125
-1.095 -0.05
-1.205 -0.03
-1.1725 -0.0175
-1.195 0.035
-1.1575 0.03
-1.1875 0.04125
-1.1625 0.07
-1.255 -0.07125
-1.2225 -0.02625
-1.1775 -0.04125
-1.17 -0.16375
-1.2 -0.20375
-1.19 -0.11375
-1.13 -0.0275
-1.14 -0.11625
-1.145 -0.10875
-1.185 -0.06625
-1.2 -0.02875
-1.08 -0.04375
-1.1625 0.05
-1.1975 -0.02
-1.2625 -0.0425
-1.1625 0.0075
-1.1975 -0.0575
-1.245 -0.085
-1.245 0.00875
-1.2575 0.07625
-1.165 0.12875
-1.15 0.2025
-1.1925 0.00125
-1.125 0.045
-1.165 -0.01625
-1.22 0.11625
-1.2775 0.2125
-1.2475 0.145
-1.2475 0.13875
-1.2575 0.17
-1.2625 0.1625
-1.2025 0.155
-1.1375 0.00875
-1.0975 -0.185
-1.215 -0.12125
-1.13 -0.095
-1.09 -0.05125
-1.05 -0.05625
-1.1225 -0.17625
-1.1625 -0.35
-1.24 -0.415
-1.2525 -0.41125
-1.165 -0.4125
-1.15 -0.34
-1.175 -0.365
-1.265 -0.345
-1.2 -0.41375
-1.115 -0.34625
-1.19 -0.3625
-1.2575 -0.34875
-1.2325 -0.46
-1.23 -0.34375
-1.18 -0.32625
-1.095 -0.29875
-1.2475 -0.40875
-1.275 -0.41375
-1.2225 -0.435
-1.3275 -0.39875
-1.3025 -0.58625
-1.305 -0.4775
-1.2325 -0.41625
-1.2025 -0.39
-1.25 -0.445
-1.325 -0.50875
-1.1675 -0.41
-1.15 -0.42125
-1.345 -0.50625
-1.32 -0.515
-1.1125 -0.405
-1.2575 -0.445
-1.14 -0.3475
-1.2425 -0.36625
-1.235 -0.33625
-1.2925 -0.2825
-1.2425 -0.32625
-1.19 -0.42125
-1.18 -0.32875
-1.2125 -0.2075
-1.1025 -0.2275
-1.145 -0.165
-1.1825 -0.23875
-1.17 -0.14625
-1.24 -0.16875
-1.225 -0.225
-1.2025 -0.2525
-1.2 -0.2475
-1.2425 -0.24625
-1.175 -0.29875
-1.27 -0.22625
-1.185 -0.23875
-1.1625 -0.34625
-1.15 -0.2525
-1.19 -0.25125
-1.255 -0.095
-1.14 -0.13875
-1.2775 -0.17125
-1.175 -0.18625
-1.2525 -0.2625
-1.2575 -0.23
-1.175 -0.30375
-1.2325 -0.32125
-1.255 -0.305
-1.2 -0.29875
-1.21 -0.29
-1.15 -0.25375
-1.065 -0.24625
-1.1925 -0.25
-1.175 -0.25875
-1.13 -0.22
-1.1125 -0.1775
-1.1225 -0.1675
-1.27 -0.21625
-1.165 -0.1625
-1.1875 -0.105
-1.1825 -0.11375
-1.195 -0.1025
-1.105 -0.08375
-1.2325 -0.18375
-1.1525 -0.15
-1.2075 -0.0025
-1.165 0.02875
-1.18 -0.0625
-1.16 -0.135
-1.1175 -0.0575
-1.1325 -0.0675
-1.0825 -0.0375
-1.1575 -0.155
-1.095 -0.235
-1.07 -0.18
-1.17 -0.14375
-1.1075 -0.13
-1.255 -0.2425
-1.1525 -0.27625
-1.1425 -0.25125
-1.095 -0.215
-1.12 -0.19125
-1.15 -0.23125
-1.0525 -0.14875
-1.14 -0.1425
-1.1975 -0.06125
-1.1875 -0.0775
-1.285 -0.08
-1.2125 -0.09125
-1.2025 -0.06375
-1.1075 -0.18625
-1.155 -0.09375
-1.0675 0.01625
-1.1375 0.11875
-1.11 0.055
-1.2325 -0.09875
-1.1125 -0.15
-1.155 -0.08375
-1.17 -0.16625
-1.1725 -0.10375
-1.1225 0.11
-1.0925 0.05125
-1.155 -0.015
-1.175 -0.1375
-1.26 -0.2275
-1.2 -0.24375
-1.2875 -0.27
-1.1725 -0.19
-1.21 -0.24
-1.0975 -0.11625
-1.2075 -0.07125
-1.175 -0.01375
-1.175 -0.2175
-1.3025 -0.2
-1.2375 -0.175
-1.1175 -0.09875
-1.0325 -0.1475
-1.1975 -0.23
-1.19 -0.1375
-1.1475 -0.1475
-1.1875 -0.23625
-1.1625 -0.2475
-1.1675 -0.29
-1.275 -0.36
-1.235 -0.42125
-1.215 -0.3975
-1.0775 -0.28625
-1.12 -0.15375
-1.0925 -0.16375
-1.1175 -0.235
-1.14 -0.25
-1.1375 -0.23625
-1.0875 -0.18875
-1.1775 -0.215
-1.2475 -0.23125
-1.15 -0.1575
-1.145 -0.18125
-1.16 -0.2725
-1.15 -0.24375
-1.335 -0.32375
-1.25 -0.38375
-1.1675 -0.4
-1.0975 -0.3175
-1.0925 -0.26625
-1.145 -0.23375
-1.145 -0.315
-1.2 -0.37
-1.18 -0.395
-1.2075 -0.46125
-1.175 -0.4275
-1.1575 -0.51
-1.365 -0.56
-1.1575 -0.47625
-1.2275 -0.4475
-1.19 -0.31375
-1.165 -0.41375
-1.2325 -0.43375
-1.2425 -0.2925
-1.24 -0.285
-1.26 -0.3575
-1.28 -0.35
-1.2325 -0.34375
-1.18 -0.31625
-1.235 -0.38875
-1.255 -0.48875
-1.205 -0.43
-1.2 -0.48875
-1.2225 -0.4
-1.1925 -0.36625
-1.22 -0.365
-1.2475 -0.3025
-1.255 -0.365
-1.22 -0.43875
-1.165 -0.4375
-1.1375 -0.35125
-1.1775 -0.3225
-1.1 -0.25375
-1.1475 -0.255
-1.24 -0.385
-1.3225 -0.49375
-1.2875 -0.4825
-1.225 -0.33125
-1.215 -0.47625
-1.2475 -0.55875
-1.2575 -0.4525
-1.31 -0.475
-1.22 -0.44
-1.1925 -0.4125
-1.3175 -0.4175
-1.22 -0.44
-1.215 -0.445
-1.13 -0.33875
-1.1525 -0.405
-1.1475 -0.30625
-1.195 -0.335
-1.24 -0.31875
-1.135 -0.195
-1.1925 -0.1775
-1.2525 -0.16875
-1.2675 -0.22875
-1.2275 -0.22875
-1.2125 -0.2675
-1.37 -0.21375
-1.1925 -0.2125
-1.2225 -0.2925
-1.1175 -0.22875
-1.145 -0.28
-1.1375 -0.385
-1.2375 -0.4075
-1.205 -0.375
-1.22 -0.275
-1.115 -0.2375
-1.18 -0.18375
-1.2325 -0.2625
-1.235 -0.26375
-1.2175 -0.22625
-1.18 -0.1025
-1.13 -0.0975
-1.1275 0.0125
-1.175 0.2075
-1.205 0.05375
-1.1975 -0.10625
-1.1925 -0.1725
-1.1775 -0.13125
-1.105 -0.08125
-1.0325 -0.10375
-1.1875 -0.06
-1.2425 -0.09375
-1.22 -0.0875
-1.1075 -0.10875
-1.1925 -0.05375
-1.18 -0.05625
-1.1425 -0.1
-1.2275 -0.1625
-1.2025 -0.15375
-1.1775 -0.1675
-1.13 -0.24375
-1.19 -0.21875
-1.195 -0.17125
-1.1425 -0.0575
-1.1375 0.0275
-1.1975 0.05125
-1.105 0.12625
-1.0925 0.1775
-1.1425 0.23625
-1.1675 0.3025
-1.2025 0.26
-1.165 0.2975
-1.2575 0.31125
-1.2875 0.30125
-1.2075 0.345
-1.1025 0.22
-1.225 0.335
-1.1375 0.3225
-1.14 0.2275
-1.125 0.16125
-1.1375 0.04875
-1.0875 -0.025
-1.1575 -0.07125
-1.2575 -0.215
-1.17 -0.2675
-1.205 -0.3075
-1.24 -0.2125
-1.1625 -0.17875
-1.1925 -0.2925
-1.2125 -0.35875
-1.3175 -0.505
-1.2425 -0.44625
-1.26 -0.37
-1.3225 -0.36125
-1.225 -0.4175
-1.29 -0.40125
-1.3375 -0.3675
-1.305 -0.28375
-1.2475 -0.24875
-1.17 -0.15625
-1.1825 0.0025
-1.2625 0.17875
-1.2075 0.0675
-1.165 -0.0125
-1.2075 -0.13125
-1.165 -0.10875
-1.19 -0.11625
-1.1925 -0.14125
-1.19 -0.01375
-1.09 -0.07
-1.095 -0.15875
-1.1675 -0.05375
-1.115 -0.0475
-1.1425 0.13125
-1.1125 -0.03
-1.165 -0.0125
-1.23 -0.00875
-1.2075 0.125
-1.1325 0.03
-1.145 -0.04125
-1.26 -0.0075
-1.1675 0.10875
-1.2375 0.26375
-1.25 0.37
-1.28 0.41
-1.185 0.31375
-1.0975 0.1775
-1.1475 0.0575
-1.1425 -0.01
-1.1575 0.055
-1.1975 0.0975
-1.2175 0.0375
-1.22 -0.1475
-1.2225 -0.055
-1.2175 0.055
-1.2675 0.1425
-1.1325 0.08625
-1.26 0.1025
-1.22 0.08375
-1.3275 0.3075
-1.265 0.4
-1.2225 0.3025
-1.2075 0.235
-1.0325 0.1925
-1.1975 0.24375
-1.155 0.24125
-1.2025 0.22125
-1.265 0.19625
-1.175 0.22875
-1.27 0.21625
-1.3 0.1725
-1.2375 -0.0125
-1.235 0.025
-1.1325 0.04
-1.1625 0.07375
-1.295 0.02875
-1.2525 0.0625
-1.2425 -0.11
-1.1675 -0.1125
-1.21 -0.2875
-1.17 -0.32375
-1.195 -0.4325
-1.2675 -0.45125
-1.2175 -0.47625
-1.2825 -0.53125
-1.2075 -0.50125
-1.27 -0.48375
-1.2725 -0.48
-1.2225 -0.5025
-1.225 -0.48375
-1.1925 -0.45625
-1.3575 -0.57
-1.18 -0.45625
-1.2725 -0.39125
-1.19 -0.3175
-1.0575 -0.2075
-1.0625 -0.14125
-1.2375 -0.1725
-1.1925 -0.2275
-1.1775 -0.165
-1.205 -0.17
-1.1225 -0.0725
-1.175 -0.16875
-1.105 -0.10125
-1.0725 -0.03625
-1.185 -0.0825
-1.16 -0.1125
-1.1125 -0.0625
-1.1025 -0.0625
-1.215 -0.26875
-1.1475 -0.1775
-1.1625 0.0375
-1.095 -0.06875
-1.0975 0.0225
-1.135 -0.08875
-1.1925 -0.1375
-1.1925 -0.22625
-1.1725 -0.155
-1.1925 -0.1625
-1.13 -0.22625
-1.125 -0.20875
-1.1575 -0.1575
-1.1775 -0.03875
-1.17 0.12375
-1.145 0.24875
-1.31 0.275
-1.1775 0.04125
-1.1875 0.08375
-1.205 0.0575
-1.21 0.125
-1.275 0.25375
-1.145 0.19
-1.1225 0.2025
-1.2075 0.195
-1.205 0.22125
-1.2425 0.3075
-1.2425 0.2975
-1.2725 0.31625
-1.1275 0.3
-1.2075 0.24125
-1.1725 0.36875
-1.155 0.315
-1.13 0.2225
-1.2025 0.3025
-1.225 0.3075
-1.2325 0.44
-1.2875 0.46875
-1.2575 0.45
-1.165 0.4475
-1.1375 0.39375
-1.2075 0.46625
-1.265 0.46875
-1.31 0.43
-1.245 0.47875
-1.22 0.35375
-1.1925 0.33625
-1.1075 0.2375
-1.09 0.22375
-1.225 0.25625
-1.2 0.23375
-1.22 0.3675
-1.2025 0.36125
-1.165 0.35375
-1.1825 0.27875
-1.175 0.35
-1.0975 0.31125
-1.22 0.3125
-1.13 0.27875
-1.1025 0.22375
-1.2525 0.1025
-1.205 -0.04875
-1.1775 0.02625
-1.195 0.085
-1.1475 0.08125
-1.2025 0.0675
-1.19 -0.07125
-1.215 -0.0625
-1.2025 -0.2075
-1.1075 -0.08875
-1.2175 -0.29875
-1.2075 -0.24875
-1.21 -0.32875
-1.215 -0.245
-1.1625 -0.17125
-1.1775 0.05
-1.285 0.0525
-1.095 0.1325
-1.275 0.165
-1.2125 0.1725
-1.2425 0.315
-1.1125 0.22
-1.1025 0.1525
-1.1975 0.16375
-1.185 -0.00875
-1.18 0.0575
-1.2575 0.1625
-1.1725 -0.0325
-1.17 -0.005
-1.1575 0.05125
-1.1875 0.075
-1.17 0.04375
-1.215 0.00125
-1.1925 -0.08375
-1.2625 -0.13
-1.135 -0.23375
-1.15 -0.11625
-1.23 0.02375
-1.1975 0.045
-1.0675 0.0475
-1.1125 0.0825
-1.0375 0.035
-1.19 0.325
-1.235 0.44625
-1.195 0.42
-1.2575 0.46875
-1.3525 0.55375
-1.25 0.5075
-1.1975 0.44625
-1.115 0.365
-1.21 0.45625
-1.325 0.4375
-1.26 0.3775
-1.265 0.36125
-1.2475 0.3125
-1.055 0.27625
-1.1925 0.34875
-1.2175 0.4125
-1.1675 0.45625
-1.235 0.515
-1.14 0.28625
-1.2275 0.37875
-1.2125 0.375
-1.2825 0.395
-1.2675 0.38625
-1.2625 0.3725
-1.34 0.39625
-1.3425 0.355
-1.3175 0.31625
-1.23 0.25
-1.2325 0.22
-1.23 0.24375
-1.26 0.2175
-1.3175 0.4025
-1.3075 0.42
-1.23 0.40125
-1.28 0.44
-1.2925 0.37375
-1.13 0.33875
-1.2325 0.345
-1.215 0.32
-1.17 0.22125
-1.215 0.30375
-1.2075 0.21875
-1.19 0.29125
-1.185 0.41125
-1.2625 0.34375
-1.2275 0.3975
-1.1225 0.35625
-1.175 0.41125
-1.23 0.445
-1.16 0.41875
-1.1675 0.43375
-1.295 0.51
-1.1775 0.3625
-1.2575 0.4725
-1.2225 0.54375
-1.2725 0.61375
-1.3475 0.595
-1.2125 0.4625
-1.2575 0.56625
-1.19 0.54125
-1.1575 0.46
-1.1275 0.4175
-1.1925 0.5125
-1.23 0.52125
-1.2925 0.59
-1.2475 0.5225
-1.2525 0.43375
-1.31 0.5475
-1.255 0.56
-1.33 0.6
-1.3225 0.53125
-1.3725 0.59875
-1.31 0.54375
-1.2525 0.5275
-1.1975 0.47125
-1.2775 0.56875
-1.2775 0.59125
-1.2525 0.6275
-1.1975 0.53
-1.2225 0.47125
-1.3725 0.6025
-1.33 0.61875
-1.2725 0.62
-1.22 0.5
-1.2425 0.53375
-1.2975 0.48875
-1.255 0.47875
-1.08 0.3975
-1.19 0.365
-1.14 0.3825
-1.2275 0.425
-1.205 0.46875
-1.13 0.2425
-1.08 0.13625
-1.145 0.17375
-1.0425 0.08625
-1.2425 0.06625
-1.2375 -0.03
-1.2375 -0.07625
-1.065 -0.09375
-1.135 -0.1025
-1.24 -0.14125
-1.2 -0.11875
-1.1975 -0.1725
-1.185 -0.34125
-1.1975 -0.2725
-1.115 -0.13125
-1.185 -0.0225
-1.1175 -0.00125
-1.18 -0.01125
-1.2025 -0.05
-1.1675 -0.12125
-1.0675 -0.1
-1.1975 -0.06875
-1.0525 -0.10875
-1.125 -0.07375
-1.1175 0.0525
-1.1275 0.01125
-1.15 0.02875
-1.1775 0.1475
-1.1175 0.055
-1.135 0.13375
-1.08 0.13125
-1.23 0.2025
-1.145 0.10375
-1.1475 0.16
-1.1325 0.1975
-1.1325 0.27375
-1.1025 0.2475
-1.065 0.15875
-1.125 0.14375
-1.275 0.3
-1.195 0.28875
-1.2475 0.33625
-1.2125 0.415
-1.2875 0.42375
-1.1875 0.2625
-1.2525 0.35125
-1.1025 0.33625
-1.2975 0.505
-1.18 0.445
-1.145 0.40625
-1.1725 0.38875
-1.08 0.30125
-1.125 0.2425
-1.205 0.34625
-1.2 0.31875
-1.155 0.17
-1.095 0.17875
-1.13 0.0925
-1.1875 0.0275
-1.1675 -0.065
-1.185 -0.07875
-1.21 -0.0375
-1.1325 -0.1275
-1.2075 -0.28
-1.1975 -0.20375
-1.155 -0.28125
-1.1725 -0.15125
-1.14 -0.23375
-1.205 -0.1125
-1.08 0.0075
-1.115 -0.13125
-1.22 -0.19875
-1.2 -0.27125
-1.185 -0.1475
-1.24 -0.12375
-1.2775 -0.16
-1.1 -0.1525
-1.1725 -0.13625
-1.2225 -0.1175
-1.2425 -0.075
-1.1175 -0.09625
-1.15 -0.1525
-1.1225 -0.04875
-1.05 0.06125
-1.23 0.1975
-1.2775 0.24875
-1.2375 0.1975
-1.1275 0.055
-1.125 0.1075
-1.125 0.14125
-1.19 0.18625
-1.205 0.2725
-1.1475 0.28375
-1.2125 0.35875
-1.19 0.38125
-1.22 0.375
-1.1825 0.32
-1.225 0.34625
-1.2625 0.24
-1.1575 0.2225
-1.1775 0.41125
-1.215 0.42
-1.1475 0.4425
-1.2975 0.5625
-1.35 0.55875
-1.2825 0.5
-1.235 0.4675
-1.2225 0.4275
-1.2925 0.49125
-1.2625 0.43375
-1.29 0.39375
-1.255 0.3825
-1.21 0.34625
-1.3275 0.31875
-1.2475 0.3375
-1.2625 0.28
-1.155 0.2625
-1.2125 0.295
-1.1875 0.2625
-1.1975 0.26125
-1.19 0.36375
-1.225 0.29875
-1.1375 0.2825
-1.185 0.32625
-1.2675 0.47
-1.31 0.52
-1.1575 0.3725
-1.1675 0.3825
-1.195 0.3825
-1.2675 0.3725
-1.1575 0.365
-1.315 0.39
-1.23 0.41125
-1.265 0.42875
-1.2075 0.255
-1.195 0.31125
-1.115 0.15375
-1.1275 0.06375
-1.1125 -0.0275
-1.165 0.00375
-1.1475 0.23125
-1.18 0.16125
-1.2225 0.11
-1.1175 0.015
-1.1425 -0.13625
-1.15 -0.08625
-1.17 -0.12375
-1.115 -0.14125
-1.05 -0.09
-1.115 -0.03375
-1.135 -0.04
-1.235 -0.1875
-1.1125 -0.1375
-1.1725 -0.15875
-1.2925 -0.21125
-1.22 -0.34
-1.215 -0.35625
-1.2375 -0.43
-1.1175 -0.34375
-1.195 -0.4725
-1.2475 -0.5525
-1.2925 -0.51875
-1.2425 -0.46625
-1.3225 -0.4625
-1.1875 -0.38375
-1.2425 -0.38
-1.2675 -0.38375
-1.3025 -0.48875
-1.2725 -0.45875
-1.2275 -0.43125
-1.3025 -0.46
-1.1975 -0.4
-1.1375 -0.305
-1.115 -0.355
-1.08 -0.1925
-1.075 -0.20875
-1.15 -0.2125
-1.2225 -0.2325
-1.2525 -0.18
-1.2775 -0.1675
-1.165 -0.09625
-1.1875 -0.1075
-1.115 -0.19875
-1.0775 -0.115
-1.1625 -0.1075
-1.2325 -0.09875
-1.1925 -0.13875
-1.135 -0.15875
-1.2075 0.025
-1.26 0.04625
-1.2625 -0.01
-1.38 -0.01375
-1.0375 0
-1.1125 -0.095
-1.0825 -0.19875
-1.185 -0.26875
-1.175 -0.1575
-1.125 -0.2875
-1.175 -0.3275
-1.2525 -0.34375
-1.21 -0.24875
-1.2075 -0.215
-1.055 -0.20375
-1.1325 -0.20375
-1.1525 -0.2475
-1.18 -0.1025
-1.215 0.02125
-1.115 0.11375
-1.23 0.04625
-1.1375 0.07875
-1.2075 0.06
-1.24 0.235
-1.29 0.0975
-1.21 -0.02625
-1.1575 -0.1025
-1.1425 -0.06875
-1.1625 -0.18
-1.2325 -0.33
-1.205 -0.3575
-1.265 -0.32625
-1.1875 -0.38
-1.285 -0.5475
-1.285 -0.5575
-1.22 -0.5525
-1.2 -0.5025
-1.2025 -0.28875
-1.2425 -0.36125
-1.185 -0.32625
-1.1975 -0.285
-1.155 -0.2
-1.125 -0.18125
-1.1675 -0.03625
-1.145 -0.03375
-1.105 0.085
-1.1625 0.08875
-1.1875 0.22875
-1.13 0.26
-1.2375 0.26125
-1.125 0.19875
-1.135 0.0775
-1.255 0.15375
-1.23 0.05125
-1.1775 -0.0825
-1.145 -0.155
-1.2125 -0.32
-1.1625 -0.32625
-1.25 -0.48375
-1.2075 -0.45
-1.2225 -0.4725
-1.1775 -0.25875
-1.1525 -0.1575
-1.1975 -0.27
-1.1275 -0.305
-1.12 -0.18375
-1.255 -0.23
-1.2625 -0.1925
-1.1525 -0.12625
-1.25 -0.14875
-1.2025 -0.2025
-1.235 -0.0775
-1.2375 -0.20625
-1.305 -0.24
-1.3275 -0.17875
-1.165 -0.135
-1.2875 -0.13
-1.23 -0.1275
-1.115 -0.13
-1.2025 -0.1475
-1.24 -0.23125
-1.2025 -0.1775
-1.15 -0.06
-1.145 0.01
-1.3 -0.12
-1.22 -0.22125
-1.255 -0.32
-1.0725 -0.25
-1.17 -0.16625
-1.1425 -0.17
-1.16 -0.16
-1.1975 -0.1075
-1.205 -0.1125
-1.0675 -0.165
-1.115 -0.22625
-1.1425 -0.05375
-1.0725 0.06125
-1.1075 0.265
-1.1425 0.24875
-1.1725 0.2075
-1.195 0.29125
-1.155 0.38375
-1.2075 0.47625
-1.2625 0.54875
-1.2575 0.53
-1.2625 0.45
-1.22 0.5
-1.33 0.61125
-1.2125 0.4875
-1.2075 0.36625
-1.27 0.48375
-1.3275 0.4775
-1.3 0.45375
-1.205 0.4125
-1.0675 0.395
-1.1975 0.28625
-1.1975 0.29125
-1.16 0.26
-1.1175 0.3025
-1.1975 0.23125
-1.1375 0.15375
-1.17 0.13375
-1.1125 0.255
-1.24 0.36375
-1.235 0.28375
-1.1525 0.2225
-1.24 0.06375
-1.215 -0.04875
-1.155 -0.0175
-1.15 -0.06375
-1.215 -0.03125
-1.21 0.05875
-1.15 0.15125
-1.1375 -0.06
-1.2525 -0.035
-1.16 -0.14875
-1.225 -0.08375
-1.255 -0.04875
-1.2125 -0.05625
-1.245 -0.055
-1.0975 0.005
-1.2525 -0.095
-1.1475 -0.09375
-1.265 -0.00375
-1.215 -0.0575
-1.2275 -0.035
-1.1575 0.00125
-1.225 -0.16625
-1.1375 -0.1125
-1.175 -0.04
-1.235 -0.0225
-1.13 -0.13625
-1.195 -0.2825
-1.13 -0.2625
-1.1475 -0.2825
-1.115 -0.22875
-1.18 -0.3425
-1.125 -0.33875
-1.2725 -0.37625
-1.215 -0.40625
-1.09 -0.29875
-1.245 -0.28125
-1.1575 -0.27375
-1.175 -0.28125
-1.1675 -0.22
-1.0725 -0.19625
-1.045 -0.27625
-1.1475 -0.26
-1.18 -0.27625
-1.17 -0.34
-1.14 -0.4025
-1.115 -0.41
-1.235 -0.39375
-1.2125 -0.355
-1.2125 -0.44
-1.2 -0.50875
-1.2525 -0.49375
-1.255 -0.455
-1.1875 -0.4825
-1.26 -0.52
-1.255 -0.4825
-1.235 -0.4375
-1.2175 -0.46
-1.215 -0.46
-1.2175 -0.36
-1.195 -0.26625
-1.2175 -0.34375
-1.235 -0.2625
-1.36 -0.1975
-1.1525 -0.16875
-1.12 -0.25
-1.18 -0.35
-1.1825 -0.375
-1.245 -0.45
-1.2525 -0.49375
-1.165 -0.52
-1.3325 -0.61125
-1.235 -0.4525
-1.225 -0.52125
-1.2325 -0.42125
-1.315 -0.59625
-1.22 -0.515
-1.265 -0.6075
-1.1975 -0.555
-1.24 -0.54875
-1.275 -0.5625
-1.1975 -0.56375
-1.2725 -0.60875
-1.225 -0.49375
-1.1875 -0.475
-1.27 -0.52875
-1.2575 -0.57125
-1.2225 -0.58
-1.205 -0.495
-1.2825 -0.5675
-1.235 -0.54125
-1.21 -0.48625
-1.12 -0.3425
-1.165 -0.37375
-1.23 -0.4025
-1.225 -0.35375
-1.26 -0.36
-1.23 -0.2575
-1.265 -0.34875
-1.2075 -0.36
-1.3075 -0.43875
-1.16 -0.4175
-1.3025 -0.48375
-1.2275 -0.4775
-1.2075 -0.45
-1.215 -0.48625
-1.2225 -0.51875
-1.1525 -0.37625
-1.1825 -0.3075
-1.175 -0.18125
-1.1225 -0.11625
-1.13 -0.035
-1.135 -0.04625
-1.1675 -0.07375
-1.1575 -0.08125
-1.075 0.1125
-1.1075 0.0725
-1.2575 0.0125
-1.1925 0.05875
-1.29 0.155
-1.2525 0.10875
-1.2125 0.14875
-1.24 0.08875
-1.19 0.14
-1.3175 0.1
-1.265 0.07875
-1.23 0.07625
-1.2725 0.05625
-1.1675 0.03625
-1.22 0.025
-1.1525 0.05125
-1.1325 0.025
-1.245 0.12125
-1.0475 0.1475
-1.1525 0.2425
-1.1325 0.2325
-1.2025 0.29375
-1.3525 0.2225
-1.19 0.22375
-1.2425 0.26375
-1.245 0.31875
-1.2525 0.4025
-1.2425 0.4625
-1.2275 0.35375
-1.2225 0.43375
-1.2375 0.38875
-1.1525 0.2525
-1.06 0.135
-1.185 0.19875
-1.2025 -0.01875
-1.0275 0.06875
-1.145 0.08
-1.0225 0.00625
-1.14 -0.0675
-1.105 -0.0775
-1.1575 -0.19125
-1.205 -0.1925
-1.25 -0.225
-1.245 -0.1625
-1.2425 -0.2175
-1.2025 -0.14625
-1.1175 -0.095
-1.18 -0.12
-1.27 -0.09875
-1.24 -0.14875
-1.1975 -0.255
-1.1625 -0.275
-1.2375 -0.23125
-1.2375 -0.22875
-1.18 -0.1925
-1.2675 -0.0775
-1.19 0.04
-1.2725 -0.01375
-1.1775 0.045
-1.28 0.02375
-1.2225 0.07625
-1.1525 0.11
-1.1775 0.04875
-1.23 0.1975
-1.24 0.23
-1.18 0.29125
-1.2475 0.30375
-1.295 0.3375
-1.19 0.43
-1.1425 0.29875
-1.265 0.37625
-1.155 0.3325
-1.0925 0.3875
-1.135 0.34375
-1.1875 0.52875
-1.29 0.5575
-1.3 0.6275
-1.445 0.71125
-1.42 0.61375
-1.275 0.59625
-1.2475 0.57875
-1.31 0.545
-1.2625 0.5175
-1.34 0.56375
-1.35 0.65625
-1.28 0.57
-1.2075 0.51
-1.365 0.49375
-1.3525 0.43
-1.2275 0.33125
-1.2 0.24875
-1.275 0.23875
-1.1975 0.11
-1.1725 0.09875
-1.29 0.09
-1.2725 0.2675
-1.2725 0.29875
-1.2425 0.31625
-1.14 0.31625
-1.1775 0.26375
-1.09 0.25625
-1.1775 0.3275
-1.1475 0.16
-1.1375 0.1725
-1.1325 0.35375
-1.1375 0.33
-1.355 0.47125
-1.19 0.38
-1.165 0.3025
-1.17 0.32875
-1.07 0.2825
-1.14 0.2075
-1.16 0.27125
-1.0975 0.24
-1.195 0.2825
-1.245 0.27
-1.2225 0.3325
-1.2625 0.385
-1.2325 0.4125
-1.1525 0.41875
-1.205 0.33625
-1.1325 0.30125
-1.1225 0.3425
-1.1475 0.3425
-1.145 0.265
-1.1625 0.36
-1.3025 0.3075
-1.095 0.20875
-1.07 0.25
-1.2075 0.19875
-1.21 0.215
-1.1 0.22875
-1.155 0.16625
-1.2825 0.22875
-1.2775 0.25875
-1.1675 0.08875
-1.1525 -0.12
-1.08 -0.14
-1.18 -0.035
-1.1325 0.10375
-1.1675 0.21125
-1.1025 0.25875
-1.2075 0.19375
-1.0875 0.18
-1.2 0.03875
-1.27 0.04875
-1.27 0.01375
-1.235 0.025
-1.175 0.0575
-1.15 0.09375
-1.07 0.0775
-1.14 0.09125
-1.1675 0.1375
-1.1375 0.2075
-1.1425 0.17625
-1.1875 0.14125
-1.275 0.14875
-1.1625 0.11125
-1.1975 -0.0225
-1.25 -0.02625
-1.1675 0.07375
-1.1475 0.16875
-1.1725 0.21375
-1.15 0.31
-1.1525 0.305
-1.1675 0.41375
-1.2625 0.38
-1.1425 0.34
-1.11 0.26875
-1.15 0.21375
-1.1125 0.0825
-1.1525 0.22
-1.0325 0.1775
-1.1 0.1525
-1.19 0.28125
-1.3275 0.23875
-1.1775 0.25
-1.1375 0.23375
-1.1975 0.19
-1.19 0.31625
-1.165 0.35875
-1.175 0.3525
-1.265 0.4375
-1.265 0.505
-1.3 0.48125
-1.2675 0.565
-1.3 0.53625
-1.1875 0.36125
-1.2275 0.39625
-1.1725 0.3925
-1.2525 0.41875
-1.245 0.3
-1.1275 0.34375
-1.2375 0.39125
-1.18 0.4025
-1.1775 0.33375
-1.2 0.4225
-1.1225 0.355
-1.1675 0.425
-1.2275 0.4925
-1.15 0.43
-1.2525 0.46625
-1.1575 0.42125
-1.15 0.3525
-1.1775 0.44
-1.2775 0.425
-1.355 0.39375
-1.265 0.30125
-1.2325 0.28875
-1.18 0.13375
-1.2275 0.1325
-1.21 0.04625
-1.1075 -0.02875
-1.0925 0.08375
-1.26 0.19
-1.18 0.12875
-1.2425 0.2925
-1.285 0.28875
-1.2425 0.15625
-1.1425 0.15625
-1.155 0.14875
-1.22 0.22
-1.215 0.2825
-1.215 0.41875
-1.2 0.3475
-1.2125 0.48375
-1.23 0.47625
-1.3125 0.4475
-1.245 0.34
-1.125 0.26625
-1.2575 0.285
-1.255 0.33375
-1.205 0.2575
-1.18 0.1825
-1.145 0.0525
-1.24 -0.02
-1.145 0.01
-1.25 0.02125
-1.1675 -0.15375
-1.0975 -0.1425
-1.145 -0.07875
-1.195 -0.105
-1.225 -0.09
-1.24 -0.09625
-1.2425 -0.085
-1.235 -0.15875
-1.2675 -0.25875
-1.0975 -0.26
-1.2125 -0.22
-1.2 -0.10875
-1.15 0.00125
-1.215 -0.00375
-1.1875 -0.0975
-1.1825 -0.04875
-1.1325 -0.0425
-1.0775 -0.0775
-1.075 -0.02375
-1.1425 -0.0375
-1.1225 -0.085
-1.1375 0.03875
-1.11 0.03125
-1.3 -0.07625
-1.07 -0.0125
-1.045 0.03
-1.13 0.06875
-1.17 0.02125
-1.1825 -0.00625
-1.1075 -0.09625
-1.09 -0.03625
-1.065 -0.06625
-1.19 -0.06875
-1.0725 -0.0125
-1.155 -0.2275
-1.1825 -0.25
-1.2275 -0.27375
-1.1325 -0.27375
-1.105 -0.18875
-1.1975 -0.3275
-1.255 -0.3575
-1.1475 -0.165
-1.1025 -0.1175
-1.2825 -0.28875
-1.1325 -0.3725
-1.155 -0.29
-1.1075 -0.2825
-1.2225 -0.36125
-1.2425 -0.24
-1.22 -0.1775
-1.2775 -0.195
-1.215 -0.25875
-1.1975 -0.2825
-1.1675 -0.2125
-1.17 -0.17375
-1.0975 -0.1475
-1.11 -0.145
-1.28 -0.0375
-1.2425 -0.01375
-1.19 -0.07
-1.2225 -0.05
-1.2175 -0.08
-1.22 -0.0225
-1.1525 0.0175
-1.1575 0.2175
-1.2575 0.2425
-1.27 0.2175
-1.24 0.285
-1.195 0.24875
-1.1775 0.20375
-1.1925 0.15125
-1.0375 0.16875
-1.1375 0.15375
-1.135 0.19125
-1.12 0.22
-1.3175 0.46125
-1.2325 0.4925
-1.255 0.51125
-1.2225 0.51625
-1.2075 0.4125
-1.24 0.5125
-1.1875 0.40875
-1.16 0.3975
-1.255 0.4675
-1.265 0.57125
-1.2075 0.49375
-1.2975 0.5825
-1.2025 0.46
-1.1775 0.27375
-1.1875 0.29
-1.1575 0.375
-1.2775 0.4825
-1.2125 0.4825
-1.1725 0.41
-1.15 0.41625
-1.1875 0.33375
-1.22 0.43125
-1.19 0.52375
-1.2675 0.51
-1.3575 0.59
-1.3075 0.59125
-1.24 0.375
-1.1975 0.48375
-1.2225 0.46
-1.295 0.49125
-1.235 0.47
-1.27 0.47625
-1.245 0.42
-1.175 0.42125
-1.21 0.3125
-1.2175 0.34625
-1.2225 0.29625
-1.2525 0.325
-1.1675 0.30875
-1.1375 0.255
-1.1225 0.1475
-1.09 0.1375
-1.225 0.02625
-1.18 0.03875
-1.2175 -0.03125
-1.195 -0.13625
-1.115 -0.19625
-1.22 -0.2075
-1.115 -0.195
-1.2425 -0.1975
-1.1625 -0.1725
-1.2425 -0.3225
-1.2475 -0.4325
-1.29 -0.515
-1.25 -0.5375
-1.24 -0.54375
-1.3725 -0.52625
-1.235 -0.505
-1.225 -0.4375
-1.23 -0.44
-1.2175 -0.39875
-1.2125 -0.3525
-1.145 -0.18
-1.1 -0.16375
-1.235 -0.31875
-1.24 -0.4325
-1.265 -0.47625
-1.2175 -0.49625
-1.275 -0.4425
-1.1975 -0.48625
-1.1925 -0.445
-1.28 -0.4325
-1.135 -0.30875
-1.255 -0.3375
-1.2225 -0.33
-1.2325 -0.24625
-1.265 -0.28375
-1.2 -0.285
-1.225 -0.38375
-1.2325 -0.42125
-1.245 -0.41875
-1.2275 -0.35
-1.2975 -0.29875
-1.2325 -0.34125
-1.1675 -0.31625
-1.2025 -0.315
-1.185 -0.2775
-1.2225 -0.2425
-1.16 -0.185
-1.205 -0.18375
-1.1825 -0.19375
-1.17 -0.0875
-1.2625 -0.25125
-1.1 -0.0725
-1.1125 -0.16375
-1.1275 -0.22875
-1.175 -0.21875
-1.145 -0.13875
-1.205 -0.04375
-1.1275 -0.00375
-1.1925 0.18
-1.1925 0.2375
-1.1775 0.1775
-1.1675 0.19875
-1.1675 0.1725
-1.16 0.05125
-1.145 0.165
-1.2575 0.22
-1.15 0.2025
-1.155 0.26
-1.11 0.2175
-1.115 0.21875
-1.0975 0.255
-1.1925 0.36375
-1.2025 0.285
-1.2425 0.3375
-1.19 0.37375
-1.235 0.32125
-1.0825 0.2875
-1.16 0.44
-1.19 0.43
-1.2475 0.425
-1.305 0.5125
-1.2725 0.525
-1.265 0.565
-1.195 0.51625
-1.2125 0.35125
-1.24 0.42
-1.3425 0.44375
-1.2 0.32375
-1.0825 0.315
-1.19 0.34875
-1.175 0.325
-1.215 0.4075
-1.34 0.38625
-1.2625 0.4075
-1.235 0.4075
-1.285 0.38
-1.14 0.35625
-1.1475 0.245
-1.1775 0.21375
-1.1175 0.2275
-1.09 0.17625
-1.0725 0.00375
-1.065 0.0325
-1.2325 0.08625
-1.1875 0.06375
-1.1425 0.055
-1.1425 -0.18625
-1.14 -0.18875
-1.1675 -0.21125
-1.1625 -0.2625
-1.0975 -0.2925
-1.105 -0.38125
-1.1875 -0.44375
-1.27 -0.47375
-1.205 -0.41
-1.23 -0.4925
-1.2525 -0.4525
-1.1725 -0.33
-1.21 -0.24375
-1.1675 -0.3
-1.08 -0.2625
-1.1975 -0.16
-1.2 -0.22875
-1.19 -0.1975
-1.2975 -0.1825
-1.16 -0.00375
-1.045 0.02875
-1.125 0.02125
-1.23 -0.11125
-1.11 -0.02125
-1.105 -0.08
-1.135 -0.13875
-1.1375 -0.16875
-1.1875 -0.25125
-1.2675 -0.31625
-1.2675 -0.36375
-1.2325 -0.39
-1.2575 -0.3225
-1.2325 -0.26625
-1.125 -0.28125
-1.1925 -0.34
-1.2575 -0.38875
-1.265 -0.3025
-1.2475 -0.45625
-1.27 -0.43
-1.2075 -0.28625
-1.2325 -0.28375
-1.12 -0.265
-1.235 -0.2225
-1.2375 -0.145
-1.18 -0.145
-1.21 -0.215
-1.185 -0.25
-1.145 -0.25125
-1.17 -0.30875
-1.1925 -0.3975
-1.155 -0.2425
-1.0775 -0.0875
-1.105 0.05375
-1.145 0.095
-1.125 0.11625
-1.1375 0.085
-1.1375 0.05875
-1.1025 0.08125
-1.075 -0.02
-1.145 0.02125
-1.1875 0.1075
-1.2425 0.00125
-1.2375 -0.01625
-1.225 0.095
-1.19 0.11
-1.1625 0.03
-1.1525 0.0825
-1.2525 0.08125
-1.065 0.06625
-1.155 0.15625
-1.16 0.09375
-1.1675 0.24875
-1.245 0.2375
-1.17 0.235
-1.155 0.23125
-1.41 0.38125
-1.28 0.35375
-1.2225 0.26625
-1.2025 0.395
-1.1575 0.29125
-1.3225 0.23
-1.2575 0.22375
-1.185 0.16
-1.1575 0.06875
-1.215 0.0575
-1.1875 0.1
-1.2225 0.22625
-1.3375 0.24
-1.24 0.29625
-1.245 0.25625
-1.1625 0.295
-1.28 0.2675
-1.265 0.30625
-1.2425 0.39125
-1.2075 0.43625
-1.18 0.36125
-1.24 0.295
-1.245 0.29875
-1.1275 0.05625
-1.2575 0.0975
-1.2075 -0.0225
-1.3 -0.035
-1.1725 -0.04
-1.205 -0.0375
-1.15 -0.0275
-1.185 -0.03125
-1.075 0.02125
-1.005 0.1
-1.1125 0.00125
-1.0875 -0.005
-1.18 0.08625
-1.25 0.05875
-1.1775 0.0625
-1.1975 0.12375
-1.2375 0.1775
-1.14 0.14125
-1.1025 0.0325
-1.1925 0.055
-1.1175 0.0425
-1.1725 -0.0525
-1.13 -0.09875
-1.12 -0.02875
-1.175 0.0275
-1.1925 -0.075
-1.1675 -0.1275
-1.145 0.04125
-1.11 0.13
-1.1625 0.1725
-1.2725 0.1175
-1.195 0.1925
-1.0925 0.18625
-1.1425 0.24
-1.1225 0.25625
-1.18 0.19625
-1.1125 0.26875
-1.25 0.24125
-1.23 0.28125
-1.235 0.285
-1.11 0.1775
-1.06 0.30375
-1.1925 0.4625
-1.18 0.465
-1.2325 0.41875
-1.175 0.2625
-1.115 0.25125
-1.18 0.09375
-1.22 0.105
-1.185 0.12875
-1.2525 0.18125
-1.26 0.2325
-1.2175 0.23375
-1.2075 0.355
-1.1725 0.3
-1.2 0.2975
-1.2525 0.34125
-1.185 0.265
-1.2375 0.3725
-1.2525 0.52875
-1.35 0.48125
-1.3175 0.49125
-1.3 0.3725
-1.155 0.25
-1.115 0.175
-1.2125 0.02625
-1.18 -0.02375
-1.19 -0.03875
-1.13 -0.11875
-1.1625 -0.1025
-1.1775 0.00125
-1.185 0.085
-1.1325 0.1725
-1.255 0.065
-1.265 -0.0225
-1.1875 -0.175
-1.185 -0.1825
-1.185 -0.09875
-1.0925 -0.0375
-1.11 -0.04875
-1.115 -0.0975
-1.225 -0.04625
-1.2625 -0.1025
-1.17 -0.01
-1.1125 -0.04
-1.0525 -0.0625
-1.1325 -0.0675
-1.12 0.00875
-1.1775 0.0575
-1.245 0.1
-1.2125 0.15875
-1.2025 0.00375
-1.13 -0.12375
-1.185 -0.02625
-1.115 0.0725
-1.1325 0.21125
-1.26 0.0425
-1.245 0.16375
-1.1175 -0.0025
-1.2025 0.03
-1.1875 0.03375
-1.19 0.1725
-1.2275 0.18125
-1.23 0.13125
-1.13 0.16375
-1.2825 0.20625
-1.185 0.21875
-1.2125 0.20375
-1.2025 0.34125
-1.195 0.2725
-1.2175 0.3125
-1.14 0.30625
-1.24 0.31375
-1.18 0.18375
-1.17 0.16625
-1.155 0.08125
-1.2675 0.14
-1.3475 0.1975
-1.3325 0.21125
-1.1625 0.2025
-1.2075 0.18375
-1.1775 0.2075
-1.225 0.24125
-1.085 -0.00125
-1.1075 -0.08375
-1.2225 -0.14875
-1.1425 -0.20375
-1.2425 -0.2675
-1.1625 -0.23125
-1.165 -0.285
-1.2525 -0.32625
-1.315 -0.39125
-1.17 -0.21625
-1.13 -0.2075
-1.225 -0.30625
-1.135 -0.34
-1.275 -0.47
-1.27 -0.44625
-1.295 -0.49625
-1.2625 -0.5425
-1.19 -0.485
-1.2625 -0.535
-1.2 -0.47375
-1.3175 -0.62125
-1.245 -0.4875
-1.13 -0.45875
-1.165 -0.45875
-1.1675 -0.48375
-1.21 -0.4925
-1.3175 -0.60875
-1.285 -0.605
-1.3175 -0.63375
-1.2825 -0.605
-1.275 -0.51875
-1.335 -0.63375
-1.325 -0.6625
-1.31 -0.58625
-1.26 -0.50875
-1.2925 -0.49
-1.29 -0.45875
-1.16 -0.3775
-1.2925 -0.3925
-1.1975 -0.3275
-1.185 -0.26
-1.18 -0.23
-1.2375 -0.315
-1.12 -0.20375
-1.1975 -0.3975
-1.255 -0.4475
-1.3275 -0.35
-1.22 -0.36875
-1.17 -0.4325
-1.21 -0.48
-1.295 -0.53
-1.3075 -0.47625
-1.255 -0.4625
-1.2775 -0.38625
-1.17 -0.3775
-1.135 -0.21625
-1.155 -0.21125
-1.1475 -0.0675
-1.2425 0.045
-1.145 0.13
-1.13 0.22125
-1.26 0.26875
-1.1775 0.25625
-1.2025 0.2225
-1.1625 0.2575
-1.1425 0.31375
-1.165 0.4
-1.2175 0.51
-1.2525 0.5175
-1.2975 0.5675
-1.295 0.525
-1.255 0.4275
-1.34 0.45625
-1.25 0.34875
-1.1475 0.31375
-1.1925 0.24375
-1.145 0.2775
-1.2525 0.2925
-1.175 0.33625
-1.22 0.2625
-1.3 0.13
-1.225 0.07875
-1.2525 0.03875
-1.2025 0.01875
-1.3325 0.02875
-1.275 0.03625
-1.265 0.07375
-1.1925 0
-1.21 0.05
-1.27 0
-1.185 -0.155
-1.205 -0.1025
-1.225 0.0225
-1.275 0.09875
-1.2975 0.25875
-1.3025 0.23
-1.1825 0.225
-1.19 0.27375
-1.215 0.345
-1.1575 0.25
-1.195 0.29
-1.165 0.3625
-1.2375 0.34375
-1.2425 0.2475
-1.2525 0.17625
-1.2475 0.2125
-1.2675 0.15375
-1.1875 0.19
-1.175 0.12125
-1.2125 -0.03
-1.1875 -0.075
-1.2525 0.115
-1.12 0.09875
-1.18 0.0625
-1.1975 0.0325
-1.2075 0.08
-1.185 0.26125
-1.255 0.1875
-1.12 0.31125
-1.1725 0.16625
-1.1275 0.10625
-1.14 0.10125
-1.1625 0.15375
-1.165 0.13
-1.255 0.12875
-1.1925 0.10125
-1.0975 0.07375
-1.2275 0.1675
-1.1625 0.18125
-1.1225 0.20125
-1.225 0.2475
-1.35 0.41375
-1.215 0.32125
-1.235 0.34875
-1.2325 0.30375
-1.165 0.3025
-1.2075 0.0975
-1.2025 0.2725
-1.2075 0.22
-1.2225 0.3175
-1.1825 0.1825
-1.17 0.12625
-1.1825 0.2
-1.115 0.22875
-1.195 0.23
-1.155 0.13125
-1.26 0.285
-1.27 0.02625
-1.2075 -0.0375
-1.1925 -0.0725
-1.21 -0.165
-1.235 -0.31625
-1.3225 -0.39125
-1.255 -0.34875
-1.325 -0.31
-1.2225 -0.33875
-1.25 -0.3875
-1.1125 -0.19625
-1.155 -0.17375
-1.1075 -0.17875
-1.1825 -0.145
-1.225 -0.15875
-1.0975 -0.20625
-1.12 -0.11125
-1.1475 -0.03375
-1.155 -0.1325
-1.0475 -0.05
-1.22 -0.2475
-1.21 -0.21625
-1.145 -0.185
-1.125 -0.13125
-1.24 -0.26375
-1.215 -0.1675
-1.19 -0.3
-1.2425 -0.25875
-1.175 -0.27625
-1.1925 -0.26
-1.18 -0.28625
-1.21 -0.365
-1.22 -0.365
-1.245 -0.3275
-1.15 -0.295
-1.2 -0.19
-1.2425 -0.2775
-1.345 -0.23625
-1.205 -0.16
-1.3 -0.19375
-1.14 -0.11625
-1.2725 -0.10875
-1.29 -0.135
-1.2325 -0.0525
-1.195 -0.01625
-1.225 -0.08375
-1.17 -0.02
-1.13 0.06875
-1.145 0.10875
-1.1225 0.05875
-1.22 0.12375
-1.21 0.09
-1.1475 0.11875
-1.165 0.11
-1.155 0.18125
-1.1275 0.0875
-1.115 0.09125
-1.2025 0.11
-1.2625 0.16625
-1.1025 0.26
-1.1125 0.15
-1.3 0.1375
-1.145 -0.0375
-1.2125 0.02875
-1.13 0.15375
-1.145 0.11125
-1.1575 0.0125
-1.2275 0.03875
-1.1825 -0.12125
-1.1975 -0.04125
-1.21 0.0525
-1.2275 0.0775
-1.1875 0.08
-1.0675 0.07
-1.025 0.0275
-1.1125 -0.02375
-1.195 -0.1075
-1.235 -0.1475
-1.265 -0.275
-1.21 -0.2125
-1.2925 -0.35625
-1.155 -0.24125
-1.17 -0.3175
-1.1625 -0.195
-1.1075 -0.24125
-1.175 -0.21375
-1.17 -0.21375
-1.1475 -0.17875
-1.16 -0.35875
-1.1725 -0.31875
-1.22 -0.37
-1.2725 -0.345
-1.1025 -0.2575
-1.1375 -0.23125
-1.2425 -0.185
-1.14 -0.02875
-1.175 -0.13125
-1.0775 0.05125
-1.1875 0.02625
-1.19 0.0725
-1.1425 0.0725
-1.2075 0.16125
-1.1775 0.11125
-1.355 0.24375
-1.225 0.25875
-1.1925 0.27375
-1.25 0.26125
-1.2725 0.205
-1.235 0.17125
-1.115 0.20625
-1.295 0.245
-1.2975 0.345
-1.2425 0.39875
-1.255 0.37375
-1.2175 0.40125
-1.31 0.485
-1.36 0.43875
-1.1525 0.29875
-1.1375 0.355
-1.1975 0.33625
-1.21 0.32
-1.23 0.38875
-1.1925 0.38125
-1.17 0.35375
-1.215 0.47
-1.19 0.5025
-1.1925 0.4525
-1.24 0.51125
-1.2575 0.4925
-1.295 0.525
-1.275 0.4575
-1.125 0.1975
-1.225 0.20875
-1.1925 0.265
-1.08 0.20125
-1.1275 0.16
-1.085 -0.06375
-1.145 0.025
-1.2575 -0.1225
-1.12 0.05125
-1.115 0.06625
-1.195 -0.0625
-1.085 -0.12625
-1.085 -0.1
-1.09 -0.075
-1.1425 0.05
-1.215 0.2175
-1.1575 0.14125
-1.155 0.125
-1.185 -0.00375
-1.085 -0.14875
-1.1775 -0.2375
-1.2525 -0.33125
-1.18 -0.35625
-1.15 -0.2125
-1.2325 -0.26875
-1.265 -0.3325
-1.255 -0.4
-1.345 -0.555
-1.35 -0.51875
-1.26 -0.53
-1.2225 -0.4325
-1.22 -0.41
-1.1475 -0.33625
-1.25 -0.3425
-1.2375 -0.32625
-1.255 -0.275
-1.1925 -0.21375
-1.2 -0.17625
-1.1975 -0.08875
-1.1775 -0.04375
-1.0925 -0.11
-1.135 -0.16125
-1.185 -0.25
-1.085 -0.1925
-1.105 -0.11
-1.2025 0.02625
-1.1625 -0.02375
-1.16 0.07125
-1.1575 0.1225
-1.18 0.1025
-1.2175 0.01375
-1.1625 0.00125
-1.1875 0.0525
-1.07 0.0175
-1.18 0.15625
-1.2175 0.1225
-1.2425 -0.09125
-1.1325 -0.135
-1.2825 -0.01625
-1.215 -0.10625
-1.1875 -0.15875
-1.215 -0.21
-1.2825 -0.2025
-1.2275 -0.075
-1.205 -0.115
-1.2075 -0.15
-1.1075 -0.25125
-1.16 -0.1975
-1.1925 -0.395
-1.22 -0.35375
-1.17 -0.2025
-1.11 -0.1525
-1.155 -0.2975
-1.165 -0.31875
-1.2475 -0.32
-1.2075 -0.36125
-1.4075 -0.4125
-1.2575 -0.42125
-1.25 -0.50625
-1.27 -0.565
-1.29 -0.50125
-1.1775 -0.41625
-1.1925 -0.39125
-1.2475 -0.35625
-1.1725 -0.23375
-1.2175 -0.1925
-1.085 -0.3425
-1.1975 -0.405
-1.2075 -0.39375
-1.3 -0.53375
-1.2325 -0.49125
-1.2925 -0.4775
-1.2875 -0.6
-1.2875 -0.59125
-1.235 -0.5275
-1.1525 -0.40125
-1.3025 -0.48125
-1.325 -0.5575
-1.3425 -0.505
-1.22 -0.4825
-1.175 -0.43625
-1.255 -0.495
-1.305 -0.485
-1.2675 -0.4575
-1.2825 -0.405
-1.1725 -0.47625
-1.1575 -0.39
-1.1525 -0.3325
-1.19 -0.45375
-1.2375 -0.39
-1.235 -0.255
-1.16 -0.12
-1.17 -0.2525
-1.045 -0.14125
-1.1575 -0.1425
-1.2925 -0.085
-1.275 -0.0725
-1.235 -0.005
-1.1375 0.0375
-1.2825 0.015
-1.245 0.0425
-1.2725 -0.0125
-1.2775 -0.03125
-1.155 -0.085
-1.19 -0.0375
-1.165 -0.0175
-1.245 -0.06625
-1.16 -0.06
-1.1625 -0.135
-1.255 -0.2275
-1.24 -0.25625
-1.1425 -0.27875
-1.2725 -0.31375
-1.2675 -0.2775
-1.1975 -0.35625
-1.21 -0.3875
-1.2425 -0.53
-1.195 -0.4225
-1.205 -0.35625
-1.2275 -0.35625
-1.2075 -0.3675
-1.105 -0.45
-1.2025 -0.4
-1.1825 -0.40125
-1.2075 -0.33625
-1.17 -0.35
-1.2175 -0.3925
-1.2925 -0.42375
-1.245 -0.40125
-1.2 -0.3975
-1.1725 -0.38625
-1.2 -0.39375
-1.1775 -0.435
-1.1675 -0.3
-1.195 -0.38125
-1.2525 -0.2925
-1.2 -0.2825
-1.325 -0.32875
-1.22 -0.235
-1.105 -0.295
-1.2125 -0.3575
-1.34 -0.44125
-1.23 -0.3225
-1.2325 -0.29875
-1.285 -0.27
-1.135 -0.24125
-1.2025 -0.27375
-1.185 -0.2475
-1.16 -0.30125
-1.3325 -0.4075
-1.1825 -0.39
-1.2175 -0.30125
-1.2825 -0.39125
-1.1775 -0.31625
-1.23 -0.325
-1.1875 -0.3475
-1.325 -0.3075
-1.0775 -0.205
-1.115 -0.1375
-1.1775 -0.1975
-1.1325 -0.115
-1.16 -0.17125
-1.1125 -0.18
-1.1725 -0.23625
-1.2025 -0.23375
-1.165 -0.1275
-1.1525 -0.19125
-1.1925 -0.12375
-1.1325 -0.095
-1.2375 -0.12
-1.235 -0.2425
-1.12 -0.25125
-1.1725 -0.28875
-1.2025 -0.3725
-1.18 -0.315
-1.2475 -0.29125
-1.055 -0.19625
-1.24 -0.22375
-1.0675 -0.15
-1.185 -0.00375
-1.0875 -0.055
-1.0875 -0.11875
-1.1775 0.19875
-1.2875 0.0625
-1.275 0.1025
-1.24 0.07375
-1.2025 0.10625
-1.1625 0.1675
-1.17 0.32375
-1.2775 0.40875
-1.1825 0.32
-1.1475 0.3275
-1.14 0.3575
-1.1525 0.37
-1.2 0.4675
-1.27 0.3725
-1.225 0.405
-1.2825 0.4075
-1.245 0.4575
-1.2325 0.46125
-1.18 0.3525
-1.2725 0.45625
-1.355 0.50375
-1.2025 0.43375
-1.2125 0.3825
-1.2325 0.44625
-1.2125 0.415
-1.31 0.40125
-1.23 0.26875
-1.19 0.3325
-1.3225 0.365
-1.2425 0.43
-1.205 0.3475
-1.1425 0.23375
-1.23 0.265
-1.2325 0.3325
-1.2575 0.3225
-1.18 0.36125
-1.1925 0.3875
-1.2375 0.465
-1.31 0.54625
-1.2625 0.5475
-1.27 0.57375
-1.2025 0.52375
-1.19 0.42125
-1.235 0.43875
-1.315 0.4725
-1.1825 0.42375
-1.2175 0.46375
-1.2325 0.40625
-1.28 0.46
-1.3125 0.50375
-1.21 0.47
-1.3175 0.45875
-1.2225 0.41375
-1.1575 0.29
-1.19 0.33875
-1.2725 0.30125
-1.2025 0.15375
-1.1575 0.1775
-1.2925 0.08625
-1.33 0.21875
-1.275 0.215
-1.205 0.095
-1.2175 0.16375
-1.285 0.345
-1.275 0.3425
-1.21 0.385
-1.17 0.345
-1.205 0.37125
-1.2125 0.4125
-1.29 0.51875
-1.2125 0.41625
-1.29 0.50125
-1.265 0.485
-1.3 0.57375
-1.2325 0.5525
-1.345 0.43875
-1.275 0.41625
-1.23 0.4425
-1.2475 0.43
-1.21 0.4675
-1.2325 0.45875
-1.2225 0.3975
-1.115 0.27125
-1.25 0.3575
-1.2375 0.49
-1.16 0.41625
-1.2325 0.37625
-1.2425 0.40375
-1.2625 0.4875
-1.2075 0.415
-1.2375 0.43125
-1.22 0.46125
-1.2325 0.36875
-1.2 0.32
-1.2275 0.21375
-1.1325 0.1425
-1.2225 0.165
-1.16 0.25125
-1.0675 0.19875
-1.1925 0.0575
-1.1525 0.03375
-1.2375 -0.02625
-1.16 0.03875
-1.2075 0.14375
-1.1675 0.18375
-1.185 0.19625
-1.1575 0.2475
-1.185 0.1875
-1.1 0.04625
-1.1125 0.07625
-1.175 0.0775
-1.1625 0.1425
-1.245 0.22625
-1.13 0.0875
-1.135 0.02125
-1.1675 -0.025
-1.1225 -0.11
-1.14 -0.08125
-1.1725 0.0375
-1.125 -0.04375
-1.24 -0.05375
-1.1175 -0.0375
-1.2175 -0.07625
-1.1225 0.0075
-1.01 -0.06125
-1.13 -0.19
-1.2225 -0.13125
-1.28 -0.18625
-1.2225 -0.20875
-1.2425 -0.26375
-1.1825 -0.2925
-1.2125 -0.3825
-1.1775 -0.37875
-1.2375 -0.4675
-1.3375 -0.43125
-1.335 -0.50875
-1.255 -0.42625
-1.34 -0.4925
-1.2475 -0.4275
-1.2675 -0.48
-1.2025 -0.37125
-1.1125 -0.2675
-1.2225 -0.275
-1.2225 -0.21125
-1.2625 -0.29125
-1.23 -0.3475
-1.165 -0.315
-1.2225 -0.30375
-1.1325 -0.3275
-1.1225 -0.25875
-1.115 -0.265
-1.1725 -0.34
-1.115 -0.25125
-1.155 -0.34625
-1.2025 -0.46375
-1.245 -0.4725
-1.15 -0.33875
-1.27 -0.3475
-1.17 -0.40625
-1.1875 -0.29
-1.0825 -0.18625
-1.1775 -0.16
-1.2 -0.18375
-1.11 -0.125
-1.24 -0.14375
-1.1225 0.07125
-1.1525 0.06125
-1.1525 0.1525
-1.1525 0.14625
-1.1 0.13
-1.0775 0.045
-1.2 0.06125
-1.0575 0.0175
-1.13 0.02125
-1.14 0.0825
-1.105 0.11375
-1.18 0.16375
-1.0275 0.12125
-1.115 0.085
-1.0825 -0.0375
-1.1325 -0.09625
-1.11 -0.17
-1.165 -0.15
-1.1525 0.0725
-1.14 0.07
-1.1425 0.18875
-1.1775 0.2425
-1.2325 0.43875
-1.275 0.435
-1.17 0.45625
-1.105 0.38875
-1.045 0.30625
-1.2175 0.295
-1.2875 0.36625
-1.1275 0.23625
-1.1625 0.32125
-1.145 0.3575
-1.1625 0.33875
-1.2 0.2225
-1.105 0.23875
-1.215 0.2425
-1.205 0.26
-1.1525 0.1725
-1.17 0.08
-1.2125 0.1525
-1.16 0.06875
-1.1625 -0.0875
-1.17 -0.0575
-1.185 -0.08
-1.1275 -0.08875
-1.0825 0.07625
-1.1225 0.17875
-1.2 0.245
-1.305 0.40125
-1.2775 0.37
-1.1475 0.43875
-1.18 0.4425
-1.1675 0.43625
-1.195 0.33625
-1.17 0.34625
-1.235 0.4125
-1.24 0.36875
-1.185 0.26125
-1.075 0.17875
-1.23 0.21625
-1.27 0.27875
-1.3075 0.0925
-1.11 -0.0075
-1.22 0.0275
-1.2475 0.0725
-1.13 -0.0575
-1.085 -0.00125
-1.2 -0.02
-1.19 0.05625
-1.2375 -0.015
-1.2525 0.04625
-1.3375 -0.01125
-1.185 0.10875
-1.1025 0.07125
-1.1575 0.06
-1.115 -0.08
-1.2 -0.1175
-1.2225 -0.235
-1.1975 -0.2575
-1.225 -0.35
-1.225 -0.2725
-1.24 -0.34625
-1.185 -0.3925
-1.29 -0.46375
-1.3275 -0.55125
-1.42 -0.67125
-1.21 -0.52625
-1.255 -0.5325
-1.295 -0.5425
-1.155 -0.4575
-1.305 -0.6375
-1.3225 -0.68875
-1.285 -0.64125
-1.1875 -0.5525
-1.32 -0.58375
-1.27 -0.57125
-1.3125 -0.36
-1.22 -0.39875
-1.175 -0.4325
-1.2725 -0.45125
-1.2425 -0.41
-1.3325 -0.48625
-1.27 -0.51
-1.175 -0.43125
-1.315 -0.44
-1.2575 -0.35625
-1.2325 -0.34375
-1.16 -0.3925
-1.2575 -0.28875
-1.295 -0.4075
-1.27 -0.395
-1.1875 -0.355
-1.13 -0.305
-1.1675 -0.41875
-1.2425 -0.44375
-1.2825 -0.5625
-1.32 -0.58375
-1.305 -0.55
-1.195 -0.5625
-1.2525 -0.5125
-1.2425 -0.5725
-1.24 -0.545
-1.2575 -0.5575
-1.325 -0.59625
-1.27 -0.59625
-1.4325 -0.70375
-1.335 -0.68875
-1.26 -0.6175
-1.3175 -0.64875
-1.295 -0.65125
-1.3275 -0.59375
-1.2425 -0.54375
-1.22 -0.45375
-1.205 -0.44
-1.3275 -0.4825
-1.22 -0.34
-1.245 -0.315
-1.1525 -0.28
-1.18 -0.34125
-1.0675 -0.23875
-1.115 -0.28625
-1.17 -0.28
-1.1525 -0.1825
-1.1425 -0.11
-1.08 0.015
-1.175 0.01375
-1.12 -0.13375
-1.0575 -0.08875
-1.23 -0.1325
-1.325 -0.05625
-1.165 -0.18125
-1.13 -0.2625
-1.195 -0.14625
-1.2 -0.125
-1.2025 -0.24
-1.2 -0.3725
-1.2775 -0.405
-1.145 -0.22125
-1.085 -0.13625
-1.1625 -0.04625
-1.095 0.0075
-1.21 -0.0425
-1.04 -0.045
-1.105 -0.0525
-1.2125 -0.15375
-1.1925 -0.005
-1.1725 -0.03375
-1.2125 -0.05625
-1.19 -0.14375
-1.2025 -0.0975
-1.2025 -0.0375
-1.19 -0.015
-1.295 0.055
-1.1375 0.125
-1.2625 0.135
-1.21 -0.0325
-1.14 -0.0575
-1.1725 -0.00375
-1.175 0.03
-1.1575 -0.03125
-1.12 -0.0975
-1.145 -0.15375
-1.1725 -0.24375
-1.1225 -0.185
-1.19 -0.285
-1.1675 -0.16625
-1.11 -0.14375
-1.12 -0.13
-1.1375 -0.16375
-1.1975 -0.17125
-1.215 -0.00375
-1.1525 -0.03125
-1.2125 -0.075
-1.205 -0.07625
-1.155 -0.05875
-1.1475 -0.13875
-1.2175 -0.10875
-1.195 -0.025
-1.2075 -0.1175
-1.185 -0.105
-1.13 -0.18625
-1.12 -0.1825
-1.085 -0.15375
-1.235 -0.2375
-1.145 -0.18625
-1.0675 -0.16875
-1.1375 -0.0725
-1.0975 -0.015
-1.18 -0.0175
-1.0975 -0.0575
-1.0375 0.015
-1.105 -0.02125
-1.215 -0.01125
-1.0975 0
-1.1325 -0.01625
-1.145 0.04875
-1.15 0.00875
-1.16 0.00875
-1.13 0.00625
-1.1525 -0.065
-1.1775 -0.04
-1.1225 -0.085
-1.1875 -0.06875
-1.225 -0.07625
-1.2475 -0.04875
-1.1675 -0.145
-1.1025 -0.17
-1.0975 -0.20375
-1.105 -0.14
-1.25 -0.2525
-1.2625 -0.3
-1.11 -0.39
-1.115 -0.39
-1.17 -0.49625
-1.1625 -0.47625
-1.175 -0.34875
-1.1675 -0.37125
-1.1825 -0.44
-1.245 -0.4175
-1.1725 -0.3925
-1.2 -0.3675
-1.3075 -0.5475
-1.3275 -0.525
-1.3475 -0.55
-1.3775 -0.62375
-1.24 -0.57
-1.17 -0.4475
-1.215 -0.40125
-1.235 -0.51625
-1.225 -0.47375
-1.1825 -0.43875
-1.2625 -0.45125
-1.14 -0.37375
-1.2125 -0.4525
-1.17 -0.45875
-1.155 -0.435
-1.195 -0.39875
-1.255 -0.43125
-1.2075 -0.39375
-1.2225 -0.415
-1.195 -0.275
-1.245 -0.15375
-1.195 -0.13625
-1.21 -0.14125
-1.1375 -0.11875
-1.1325 -0.1825
-1.185 -0.19625
-1.085 -0.145
-1.0975 -0.1475
-1.155 -0.1525
-1.3125 -0.24875
-1.1725 -0.33
-1.135 -0.2775
-1.1775 -0.25375
