-1.1625 -0.32
-1.265 -0.31125
-1.1775 -0.345
-1.26 -0.25625
-1.105 -0.15
-1.18 -0.2275
-1.195 -0.32375
-1.0725 -0.33125
-1.1225 -0.3575
-1.195 -0.37625
-1.23 -0.3625
-1.2775 -0.41375
-1.2625 -0.4475
-1.2375 -0.4075
-1.175 -0.3025
-1.235 -0.395
-1.165 -0.4275
-1.26 -0.44875
-1.2325 -0.51125
-1.2775 -0.58125
-1.23 -0.50875
-1.265 -0.6375
-1.365 -0.65
-1.3375 -0.65375
-1.2875 -0.62
-1.1825 -0.465
-1.215 -0.47625
-1.22 -0.4575
-1.24 -0.42
-1.185 -0.40375
-1.255 -0.405
-1.1725 -0.31125
-1.1875 -0.3525
-1.1075 -0.20375
-1.24 -0.425
-1.2025 -0.42375
-1.21 -0.40375
-1.28 -0.44
-1.27 -0.52375
-1.3075 -0.55
-1.2375 -0.535
-1.2475 -0.495
-1.1525 -0.4225
-1.22 -0.4425
-1.1625 -0.39
-1.25 -0.42125
-1.1325 -0.35375
-1.205 -0.39625
-1.1725 -0.35375
-1.1675 -0.44125
-1.1925 -0.4425
-1.1625 -0.40125
-1.26 -0.5525
-1.34 -0.55625
-1.09 -0.44
-1.2275 -0.54625
-1.2975 -0.57125
-1.26 -0.56
-1.21 -0.4675
-1.185 -0.41875
-1.18 -0.32875
-1.16 -0.275
-1.31 -0.27875
-1.3475 -0.26125
-1.225 -0.26875
-1.245 -0.26625
-1.1975 -0.1225
-1.0825 -0.04
-1.18 -0.0475
-1.2 -0.04375
-1.165 -0.0225
-1.205 -0.10875
-1.1225 -0.18125
-1.1925 -0.295
-1.165 -0.3975
-1.205 -0.4175
-1.1925 -0.39875
-1.19 -0.39625
-1.23 -0.3725
-1.3075 -0.35
-1.2875 -0.3425
-1.335 -0.39
-1.2875 -0.365
-1.2175 -0.2775
-1.26 -0.19875
-1.205 -0.1925
-1.2625 -0.1625
-1.0925 -0.115
-1.275 -0.09625
-1.2575 -0.12875
-1.1875 -0.1375
-1.175 -0.10125
-1.345 -0.01875
-1.3025 0
-1.26 0.035
-1.22 -0.035
-1.1575 -0.00625
-1.0875 -0.07
-1.17 -0.275
-1.2425 -0.40875
-1.2825 -0.33375
-1.1875 -0.3
-1.1675 -0.3375
-1.24 -0.3375
-1.2425 -0.2225
-1.265 -0.2325
-1.27 -0.31125
-1.265 -0.2475
-1.2225 -0.12625
-1.175 -0.18
-1.125 -0.19125
-1.11 -0.1975
-1.195 -0.20375
-1.21 -0.2875
-1.1175 -0.2675
-1.2625 -0.2725
-1.1925 -0.33875
-1.1325 -0.30625
-1.22 -0.29375
-1.1875 -0.32375
-1.1975 -0.33875
-1.2425 -0.345
-1.0925 -0.30375
-1.1075 -0.29875
-1.1825 -0.19625
-1.2 -0.3875
-1.15 -0.4175
-1.2025 -0.34875
-1.045 -0.22375
-1.1375 -0.24375
-1.13 -0.18125
-1.185 -0.2825
-1.1725 -0.27
-1.2875 -0.42625
-1.2375 -0.39375
-1.2825 -0.4625
-1.225 -0.33125
-1.2025 -0.31375
-1.19 -0.22875
-1.195 -0.1775
-1.25 -0.3075
-1.205 -0.20625
-1.1525 -0.2425
-1.2625 -0.16625
-1.2175 -0.0575
-1.09 0.005
-1.1425 0.01875
-1.1325 0.09375
-1.0175 -0.0675
-1.0775 0.02875
-1.2075 -0.18375
-1.185 -0.29375
-1.155 -0.35125
-1.13 -0.285
-1.11 -0.26375
-1.18 -0.20625
-1.165 -0.1425
-1.205 -0.15125
-1.2325 -0.00875
-1.185 0.03875
-1.13 0.05375
-1.1825 -0.00875
-1.2375 -0.01375
-1.2225 -0.1125
-1.1525 -0.05125
-1.1825 -0.05875
-1.23 -0.01875
-1.29 -0.08875
-1.2225 -0.10125
-1.18 -0.04
-1.23 -0.01875
-1.18 0.02875
-1.23 0.0075
-1.1075 0.135
-1.19 0.2125
-1.16 0.26125
-1.2075 0.26375
-1.24 0.205
-1.1775 0.22125
-1.2275 0.2175
-1.225 0.20625
-1.235 0.2425
-1.3175 0.23375
-1.2225 0.2575
-1.1475 0.1775
-1.2225 0.11
-1.2875 -0.00125
-1.3225 0.165
-1.235 0.2
-1.195 0.20875
-1.19 0.1925
-1.125 0.125
-1.245 0.27875
-1.15 0.30625
-1.225 0.345
-1.0825 0.24625
-1.135 0.165
-1.25 0.01125
-1.2475 0.04625
-1.2075 0.11375
-1.2 0.1125
-1.2875 0.06625
-1.2175 0.055
-1.2425 -0.0425
-1.1975 0.00625
-1.1825 -0.02375
-1.125 -0.07375
-1.105 -0.055
-1.1875 -0.06375
-1.1575 -0.1825
-1.18 -0.17375
-1.1825 -0.21125
-1.215 -0.0675
-1.23 -0.09125
-1.17 -0.16625
-1.16 -0.12375
-1.09 -0.07625
-1.09 0.01625
-1.165 0.02875
-1.21 0.0425
-1.2 0.12875
-1.2325 0.14
-1.2475 0.16625
-1.2075 0.20375
-1.29 0.31
-1.2725 0.35125
-1.1425 0.3125
-1.155 0.25375
-1.155 0.185
-1.14 0.14125
-1.2175 0.0625
-1.2675 0.0225
-1.19 -0.0575
-1.14 -0.05875
-1.1 -0.09
-1.215 -0.17125
-1.1475 -0.12
-1.1675 -0.16875
-1.2025 -0.2075
-1.165 -0.09625
-1.2325 -0.07125
-1.185 -0.22625
-1.26 -0.125
-1.235 -0.2775
-1.255 -0.215
-1.1975 -0.21
-1.25 -0.1175
-1.135 -0.1625
-1.2225 -0.1625
-1.165 -0.08875
-1.21 0.0325
-1.2425 0.1375
-1.245 0.10125
-1.2125 0.165
-1.2375 0.1575
-1.26 0.14
-1.2275 0.0675
-1.2325 0.0275
-1.2675 0.01625
-1.125 0.05875
-1.1125 -0.02
-1.2475 -0.12625
-1.1725 -0.0125
-1.2025 -0.05375
-1.095 -0.04625
-1.1775 0.02875
-1.1475 0.00625
-1.2125 0.09375
-1.1425 0.1375
-1.1225 0.07625
-1.13 0.15875
-1.1375 0.18375
-1.095 0.19125
-1.2225 0.2175
-1.2 0.1925
-1.2025 0.19125
-1.165 0.265
-1.25 0.34
-1.2925 0.43875
-1.2125 0.29625
-1.245 0.43
-1.1625 0.38625
-1.1075 0.205
-1.2325 0.30125
-1.1325 0.13875
-1.28 0.2025
-1.15 0.0925
-1.1225 0.11125
-1.19 0.10625
-1.2 0.17
-1.1275 0.28625
-1.1625 0.33125
-1.17 0.31875
-1.21 0.31875
-1.2825 0.36625
-1.18 0.45
-1.2025 0.5275
-1.1375 0.43125
-1.1925 0.3825
-1.2425 0.29625
-1.15 0.25125
-1.19 0.2
-1.26 0.25625
-1.155 0.2375
-1.1325 0.205
-1.2275 0.22125
-1.2325 0.14375
-1.215 0.2575
-1.16 0.30625
-1.22 0.25125
-1.185 0.32625
-1.21 0.28875
-1.09 0.27625
-1.1325 0.295
-1.175 0.28375
-1.1675 0.28625
-1.1675 0.1325
-1.2475 0.16125
-1.185 0.105
-1.19 0.19
-1.2325 0.25375
-1.2125 0.18875
-1.1275 0.08
-1.19 0.04625
-1.245 0.02125
-1.1375 -0.115
-1.175 -0.14875
-1.1525 -0.34
-1.26 -0.335
-1.2 -0.225
-1.2775 -0.23875
-1.245 -0.34125
-1.2675 -0.2825
-1.2025 -0.1825
-1.1375 -0.1375
-1.2175 -0.04
-1.1625 -0.015
-1.2125 0
-1.1925 0.04
-1.135 0.02
-1.17 -0.0575
-1.255 -0.08125
-1.2175 -0.11
-1.2125 0.04125
-1.255 0.1575
-1.115 0.1475
-1.0875 0.04
-1.1225 0.1225
-1.1875 0.18375
-1.2725 0.21375
-1.3175 0.145
-1.1775 0.19125
-1.125 0.34875
-1.1875 0.3225
-1.24 0.3375
-1.225 0.29375
-1.225 0.18
-1.1675 0.28875
-1.2775 0.25625
-1.1525 0.14625
-1.1825 -0.00125
-1.21 0.0125
-1.2175 0.06625
-1.08 0.07875
-1.2325 0.02625
-1.2725 0.04625
-1.2375 0.0275
-1.195 0.09625
-1.16 0.13875
-1.14 0.13375
-1.14 0.145
-1.2025 0.1575
-1.245 0.24875
-1.125 0.22625
-1.085 0.1225
-1.2175 0.20375
-1.1875 0.33625
-1.115 0.39125
-1.215 0.47125
-1.28 0.53375
-1.205 0.37375
-1.135 0.3
-1.2225 0.26875
-1.2175 0.3125
-1.2025 0.16125
-1.1225 0.155
-1.185 0.15
-1.21 0.31125
-1.1475 0.29625
-1.2025 0.3425
-1.245 0.32375
-1.245 0.3425
-1.31 0.28875
-1.2 0.185
-1.1825 0.115
-1.155 0.0675
-1.1575 0.0425
-1.1225 0.065
-1.1275 0.1675
-1.135 0.19875
-1.0975 0.16125
-1.2525 0.105
-1.125 0.06375
-1.1725 0.22375
-1.175 0.28
-1.19 0.325
-1.2 0.44
-1.285 0.5275
-1.28 0.6
-1.2725 0.51375
-1.32 0.53875
-1.2325 0.55625
-1.33 0.5375
-1.2325 0.45625
-1.2925 0.44
-1.3175 0.46625
-1.285 0.375
-1.245 0.40625
-1.2975 0.40375
-1.2775 0.375
-1.2525 0.41875
-1.29 0.4275
-1.255 0.485
-1.29 0.54125
-1.315 0.5525
-1.29 0.445
-1.2675 0.41375
-1.2225 0.33625
-1.1475 0.25
-1.15 0.36875
-1.1225 0.24
-1.07 0.22875
-1.1925 0.33375
-1.2875 0.35125
-1.235 0.26875
-1.19 0.11125
-1.14 0.11625
-1.1825 0.13
-1.19 0.10875
-1.18 0.135
-1.205 0.02375
-1.2125 -0.00625
-1.09 -0.1325
-1.1 -0.15
-1.19 -0.18375
-1.1575 -0.135
-1.1625 -0.06875
-1.095 -0.14875
-1.19 -0.165
-1.1875 -0.0725
-1.2475 -0.18125
-1.1675 -0.05875
-1.1125 -0.0525
-1.16 -0.00625
-1.1225 0.0175
-1.165 -0.12125
-1.0925 -0.0475
-1.0825 -0.01875
-1.2275 -0.14375
-1.25 -0.14125
-1.095 -0.12125
-1.1025 -0.08875
-1.1275 -0.10625
-1.2875 -0.0875
-1.2075 -0.16
-1.1325 -0.22375
-1.1475 0.02
-1.22 0.02
-1.23 -0.08625
-1.17 -0.1325
-1.3225 -0.09875
-1.255 -0.1525
-1.285 -0.25625
-1.275 -0.30125
-1.2325 -0.2375
-1.1325 -0.20375
-1.24 -0.2025
-1.2325 -0.175
-1.0725 -0.0425
-1.0625 -0.14
-1.3325 -0.11
-1.19 -0.2575
-1.17 -0.24875
-1.2325 -0.24625
-1.2625 -0.1325
-1.2175 -0.17875
-1.165 -0.16875
-1.145 -0.22
-1.1575 -0.17875
-1.2725 -0.38
-1.1025 -0.2825
-1.19 -0.25375
-1.17 -0.155
-1.29 -0.065
-1.13 -0.02875
-1.2 -0.1125
-1.285 -0.2425
-1.315 -0.21
-1.24 -0.2925
-1.17 -0.26375
-1.225 -0.25125
-1.1475 -0.20875
-1.2025 -0.19
-1.2 -0.17625
-1.15 -0.27
-1.065 -0.30875
-1.2575 -0.21375
-1.1 -0.0975
-1.095 0.0375
-1.235 0.0025
-1.2225 0.165
-1.225 0.1825
-1.1375 0.11625
-1.21 0.26875
-1.23 0.32375
-1.1125 0.1775
-1.2525 0.14
-1.205 0.2125
-1.14 0.16875
-1.1775 0.2775
-1.18 0.455
-1.3025 0.5725
-1.2875 0.43
-1.08 0.28
-1.1525 0.3525
-1.17 0.24375
-1.1925 0.365
-1.1375 0.335
-1.0825 0.35
-1.3075 0.50125
-1.355 0.47125
-1.1975 0.33625
-1.265 0.36625
-1.24 0.375
-1.205 0.36
-1.1925 0.31
-1.3 0.44625
-1.195 0.35
-1.225 0.2325
-1.165 0.22
-1.2 0.2475
-1.2125 0.295
-1.28 0.13875
-1.2325 0.0425
-1.255 0.01
-1.1825 0.0725
-1.1875 0.1275
-1.2175 -0.0175
-1.06 -0.0225
-1.175 0.1
-1.1875 0.135
-1.1125 0.17375
-1.1175 0.15125
-1.16 0.20125
-1.1175 0.14
-1.185 0.235
-1.2 0.105
-1.2025 0.11
-1.2425 0.2175
-1.2075 0.18625
-1.1425 0.2
-1.2 0.21875
-1.2725 0.23875
-1.235 0.2375
-1.2625 0.32625
-1.235 0.2425
-1.2075 0.27625
-1.1125 0.18625
-1.165 0.22125
-1.1725 0.345
-1.0425 0.23
-1.15 0.2075
-1.12 0.1725
-1.025 -0.0225
-1.1775 -0.0425
-1.2125 -0.06875
-1.1475 -0.13625
-1.1125 -0.19125
-1.22 -0.1425
-1.1275 -0.1575
-1.1175 -0.13375
-1.06 -0.1275
-1.1625 -0.1325
-1.1 -0.04375
-1.225 -0.0525
-1.2325 -0.04
-1.315 -0.1975
-1.18 -0.115
-1.3325 -0.2425
-1.225 -0.2375
-1.1225 -0.19125
-1.1125 -0.09
-1.215 -0.14125
-1.295 -0.2375
-1.2675 -0.1975
-1.15 -0.21625
-1.2075 -0.21375
-1.285 -0.27
-1.1425 -0.23875
-1.2425 -0.19875
-1.3075 -0.3
-1.305 -0.355
-1.185 -0.41875
-1.2125 -0.4825
-1.195 -0.39125
-1.2275 -0.4675
-1.2475 -0.3675
-1.2175 -0.31875
-1.185 -0.25125
-1.365 -0.35875
-1.2675 -0.32875
-1.3275 -0.52625
-1.2575 -0.525
-1.2725 -0.495
-1.3075 -0.38625
-1.1775 -0.36125
-1.26 -0.455
-1.165 -0.31375
-1.1575 -0.2075
-1.145 0.05125
-1.265 0.03
-1.305 -0.10625
-1.165 -0.12125
-1.1525 -0.01875
-1.1125 -0.00375
-1.1975 -0.035
-1.1475 0.0025
-1.19 0.01875
-1.1975 -0.12625
-1.15 -0.1125
-1.1775 -0.13
-1.1575 -0.15625
-1.235 -0.07875
-1.2225 -0.0825
-1.24 -0.05125
-1.25 -0.0025
-1.2075 0.12
-1.2025 0.1775
-1.185 0.245
-1.2125 0.28
-1.2325 0.23125
-1.2425 0.25125
-1.1425 0.2275
-1.21 0.05375
-1.0875 0.15875
-1.0625 0.1175
-1.1775 0.34875
-1.2375 0.43375
-1.115 0.34375
-1.12 0.29375
-1.1625 0.23875
-1.2275 0.44625
-1.28 0.45875
-1.2925 0.43625
-1.295 0.45625
-1.235 0.3925
-1.145 0.3575
-1.2875 0.4675
-1.22 0.38
-1.1625 0.4675
-1.14 0.42375
-1.2725 0.54125
-1.2375 0.4625
-1.255 0.40375
-1.1625 0.29375
-1.23 0.44625
-1.355 0.585
-1.2375 0.51625
-1.255 0.4675
-1.13 0.3225
-1.115 0.365
-1.2425 0.5
-1.2375 0.45875
-1.2375 0.39625
-1.2425 0.32375
-1.1875 0.30125
-1.2375 0.2425
-1.1725 0.19375
-1.1375 0.2275
-1.2 0.2175
-1.2 0.21375
-1.25 0.16875
-1.2625 0.2525
-1.175 0.19
-1.28 0.1625
-1.2725 0.30875
-1.285 0.49875
-1.235 0.52
-1.27 0.52125
-1.295 0.6575
-1.38 0.71
-1.45 0.75125
-1.3575 0.66125
-1.42 0.7275
-1.16 0.55625
-1.3125 0.5775
-1.2975 0.53125
-1.2925 0.53625
-1.32 0.485
-1.2325 0.48375
-1.105 0.385
-1.1975 0.505
-1.15 0.485
-1.2525 0.515
-1.1975 0.4375
-1.185 0.38
-1.275 0.40375
-1.3625 0.565
-1.2225 0.53
-1.2375 0.43
-1.2025 0.47375
-1.235 0.4675
-1.255 0.43375
-1.1775 0.36625
-1.265 0.28875
-1.1475 0.12125
-1.1775 0
-1.1725 -0.04875
-1.1675 -0.1225
-1.1275 -0.16875
-1.195 -0.19875
-1.1525 -0.23875
-1.23 -0.2525
-1.2575 -0.21125
-1.2 -0.19
-1.26 -0.2475
-1.1675 -0.24
-1.1775 -0.23
-1.1975 -0.3675
-1.24 -0.39625
-1.2075 -0.46875
-1.23 -0.44125
-1.2575 -0.455
-1.25 -0.49375
-1.175 -0.47625
-1.23 -0.4075
-1.195 -0.4025
-1.27 -0.3775
-1.2525 -0.415
-1.2525 -0.3875
-1.27 -0.48
-1.195 -0.385
-1.2575 -0.365
-1.2 -0.25125
-1.2325 -0.21375
-1.2125 -0.115
-1.2125 -0.115
-1.155 -0.23875
-1.18 -0.245
-1.1 -0.295
-1.23 -0.38375
-1.18 -0.41
-1.2225 -0.4675
-1.305 -0.5
-1.245 -0.4375
-1.265 -0.44375
-1.215 -0.42875
-1.2175 -0.3275
-1.145 -0.17875
-1.24 -0.375
-1.1975 -0.3475
-1.115 -0.25
-1.195 -0.27875
-1.22 -0.35125
-1.135 -0.26875
-1.1675 -0.27875
-1.2575 -0.2825
-1.24 -0.335
-1.2 -0.3675
-1.235 -0.40375
-1.26 -0.4925
-1.2 -0.47375
-1.285 -0.57625
-1.2925 -0.61375
-1.1375 -0.47
-1.25 -0.5525
-1.28 -0.55125
-1.1975 -0.51125
-1.2875 -0.6025
-1.2475 -0.54875
-1.255 -0.5575
-1.2025 -0.4975
-1.245 -0.50625
-1.3375 -0.4925
-1.265 -0.53625
-1.2675 -0.44
-1.21 -0.36375
-1.1925 -0.33625
-1.2525 -0.42125
-1.1975 -0.32125
-1.23 -0.25
-1.1925 -0.3625
-1.2525 -0.4275
-1.2725 -0.34
-1.3325 -0.3225
-1.2225 -0.325
-1.185 -0.2725
-1.21 -0.215
-1.16 -0.3
-1.2775 -0.365
-1.2625 -0.40625
-1.2425 -0.2925
-1.275 -0.26875
-1.1825 -0.31875
-1.165 -0.20125
-1.245 -0.12875
-1.0975 -0.0925
-1.1425 0.07625
-1.1125 0.035
-1.1675 0.19875
-1.1775 0.2225
-1.2325 0.1975
-1.055 0.20125
-1.2475 0.35
-1.105 0.34125
-1.255 0.3375
-1.1675 0.41125
-1.2275 0.41375
-1.0975 0.26875
-1.1875 0.25625
-1.1125 0.21625
-1.23 0.3275
-1.175 0.2075
-1.205 0.26
-1.2275 0.2425
-1.1775 0.1975
-1.1875 0.175
-1.2475 0.1125
-1.145 0.1025
-1.2025 0.1575
-1.18 0.14125
-1.26 0.10125
-1.22 0.1575
-1.2 0.02
-1.21 0.02875
-1.3 -0.0025
-1.16 -0.0175
-1.1725 0.04
-1.135 -0.0075
-1.22 0.06125
-1.2725 0.0925
-1.2825 0.12875
-1.1125 0.22125
-1.1975 0.1225
-1.2425 0.17375
-1.13 0.1475
-1.145 0.35
-1.135 0.29875
-1.1575 0.22125
-1.175 0.245
-1.1775 0.27125
-1.19 0.3575
-1.225 0.29375
-1.26 0.2275
-1.245 0.23375
-1.1575 0.235
-1.19 0.30875
-1.18 0.24125
-1.25 0.41875
-1.1625 0.425
-1.2125 0.46375
-1.095 0.2175
-1.1775 0.2025
-1.1025 0.165
-1.2525 0.115
-1.2375 0.14
-1.1925 0.065
-1.1625 0.07625
-1.2825 0.13
-1.2075 0.01375
-1.215 -0.1225
-1.165 -0.01125
-1.2025 0.01875
-1.205 -0.1525
-1.175 -0.23375
-1.1875 -0.28125
-1.12 -0.33375
-1.19 -0.2775
-1.2225 -0.31125
-1.0875 -0.305
-1.145 -0.27
-1.1325 -0.26875
-1.145 -0.225
-1.2225 -0.1225
-1.1575 -0.06625
-1.2275 -0.15875
-1.115 -0.01625
-1.21 -0.08375
-1.2425 -0.015
-1.1725 -0.0975
-1.15 -0.11625
-1.18 -0.1
-1.065 -0.0275
-1.175 0.04125
-1.195 0.06375
-1.165 0.01125
-1.1625 -0.025
-1.05 -0.10625
-1.08 -0.12125
-1.235 -0.05875
-1.23 -0.135
-1.1725 -0.0225
-1.1175 -0.17375
-1.175 -0.19
-1.2075 -0.1725
-1.2575 -0.21
-1.265 -0.125
-1.0875 -0.1925
-1.1325 -0.1075
-1.145 -0.03875
-1.155 -0.09875
-1.08 -0.1475
-1.1425 -0.14375
-1.2325 -0.1425
-1.2675 -0.28625
-1.2975 -0.2525
-1.2275 -0.23625
-1.3 -0.155
-1.1775 -0.175
-1.24 -0.185
-1.0975 -0.0725
-1.165 -0.1075
-1.19 -0.15625
-1.2525 -0.195
-1.175 -0.14125
-1.135 -0.1075
-1.225 -0.03625
-1.1525 0.0075
-1.2475 0.0025
-1.2525 -0.0975
-1.11 -0.125
-1.1475 -0.0775
-1.2 0.01375
-1.155 -0.0675
-1.2225 -0.16875
-1.15 -0.11625
-1.1725 -0.055
-1.0575 -0.0175
-1.095 -0.10125
-1.16 -0.02875
-1.1475 -0.06875
-1.085 -0.06625
-1.0625 -0.09375
-1.205 -0.2
-1.255 -0.29875
-1.2075 -0.25125
-1.2025 -0.33125
-1.1975 -0.35125
-1.2375 -0.3775
-1.235 -0.335
-1.2525 -0.365
-1.21 -0.37
-1.2275 -0.38
-1.17 -0.31625
-1.2325 -0.42875
-1.24 -0.43375
-1.225 -0.3675
-1.2525 -0.465
-1.1875 -0.465
-1.23 -0.48875
-1.255 -0.415
-1.3625 -0.53
-1.2625 -0.60875
-1.255 -0.58875
-1.2125 -0.455
-1.1375 -0.435
-1.1075 -0.4025
-1.28 -0.395
-1.2775 -0.3475
-1.14 -0.28875
-1.205 -0.07
-1.1825 -0.235
-1.2775 -0.25125
-1.2675 -0.29
-1.2175 -0.36625
-1.29 -0.3325
-1.2325 -0.365
-1.3175 -0.43375
-1.1425 -0.355
-1.1875 -0.37375
-1.18 -0.3475
-1.195 -0.405
-1.1575 -0.35875
-1.1925 -0.41
-1.2075 -0.42625
-1.2075 -0.32125
-1.16 -0.28875
-1.15 -0.1625
-1.2075 -0.1575
-1.2575 -0.19625
-1.1725 -0.18125
-1.2175 -0.195
-1.1725 -0.12875
-1.0525 -0.095
-1.105 -0.05625
-1.1025 0.01125
-1.175 -0.01625
-1.21 -0.10625
-1.0425 -0.09875
-1.245 -0.16375
-1.275 0.11625
-1.2025 0.2225
-1.24 0.255
-1.2125 0.2825
-1.1875 0.235
-1.15 0.21125
-1.21 0.23625
-1.19 0.14
-1.1825 0.045
-1.2075 0.0425
-1.1275 0.10125
-1.15 0.06
-1.145 0.10125
-1.1425 -0.05375
-1.0575 -0.00875
-1.1875 -0.0325
-1.155 -0.0675
-1.175 -0.115
-1.215 -0.145
-1.17 -0.08625
-1.145 -0.1025
-1.195 -0.05125
-1.2825 -0.115
-1.1975 0.005
-1.2 0.065
-1.2175 -0.055
-1.1975 -0.0925
-1.155 -0.01125
-1.215 0.1075
-1.185 0.155
-1.1325 0.18375
-1.295 0.2825
-1.1525 0.22375
-1.105 0.12125
-1.17 0.205
-1.1625 0.19
-1.38 0.32625
-1.195 0.25125
-1.095 0.25375
-1.1725 0.37125
-1.205 0.37
-1.17 0.31
-1.2425 0.34375
-1.295 0.46625
-1.255 0.35875
-1.185 0.30625
-1.1925 0.30375
-1.16 0.38
-1.2025 0.22875
-1.1575 0.145
-1.1525 0.24375
-1.22 0.225
-1.325 0.39625
-1.235 0.34
-1.175 0.31875
-1.2475 0.245
-1.23 0.165
-1.1975 0.295
-1.21 0.12125
-1.26 0.1675
-1.285 0.1675
-1.3175 0.04375
-1.23 -0.06625
-1.2175 -0.06
-1.1675 0.1425
-1.25 0.05625
-1.17 0.14
-1.065 0.14875
-1.065 0.02125
-1.135 0.0275
-1.0625 -0.16125
-1.0575 -0.065
-1.1175 -0.11
-1.2225 0.11375
-1.185 0.2075
-1.17 0.09625
-1.1975 -0.005
-1.2975 -0.0025
-1.19 -0.0525
-1.18 -0.13
-1.135 -0.115
-1.125 -0.06125
-1.3025 -0.105
-1.2025 -0.05125
-1.2475 -0.14875
-1.2 -0.05125
-1.1475 -0.09875
-1.19 -0.125
-1.1925 -0.0525
-1.1525 0.0125
-1.24 -0.13
-1.135 -0.02375
-1.0875 -0.125
-1.15 -0.1525
-1.275 -0.16
-1.12 -0.11125
-1.1875 -0.05
-1.19 -0.0125
-1.19 -0.00125
-1.1875 -0.03625
-1.1275 -0.06
-1.235 0.01625
-1.085 0.00125
-1.0975 -0.06
-1.135 -0.00375
-1.21 0.08875
-1.2475 -0.105
-1.32 0.02625
-1.2575 -0.045
-1.14 -0.12375
-1.1775 -0.16875
-1.1375 -0.1975
-1.1575 -0.19125
-1.235 -0.09625
-1.1625 -0.29875
-1.13 -0.28875
-1.18 -0.335
-1.1975 -0.18125
-1.0825 -0.0975
-1.1 -0.05875
-1.1825 -0.0775
-1.17 -0.105
-1.1425 -0.0975
-1.15 -0.17875
-1.15 0.0175
-1.0775 -0.07875
-1.1275 -0.04
-1.1 0.01125
-1.22 -0.01375
-1.1875 -0.0425
-1.185 -0.01125
-1.2 -0.01625
-1.2325 0.115
-1.115 0.06
-1.2475 -0.0275
-1.235 0.1
-1.195 0.20125
-1.23 0.165
-1.2625 -0.01875
-1.2625 -0.0025
-1.16 0.0525
-1.2325 0.07375
-1.185 0.02125
-1.0625 0.0275
-1.1 0.04875
-1.175 0.0125
-1.23 0.0475
-1.2325 0.13125
-1.185 0.22625
-1.08 0.15375
-1.14 0.27625
-1.1375 0.29625
-1.17 0.32375
-1.225 0.3675
-1.2425 0.36125
-1.2275 0.38375
-1.2175 0.42375
-1.345 0.5025
-1.15 0.365
-1.205 0.33875
-1.2675 0.42375
-1.1775 0.28125
-1.235 0.4025
-1.1975 0.37625
-1.2 0.2175
-1.1325 0.2025
-1.2025 0.18375
-1.1825 0.1
-1.18 0.19875
-1.2675 0.22625
-1.2775 0.2775
-1.21 0.23
-1.1525 0.14
-1.26 0.23125
-1.2475 0.2225
-1.2475 0.11875
-1.1575 0.135
-1.14 0.16375
-1.22 0.25
-1.2525 0.1975
-1.31 0.05625
-1.3 -0.01625
-1.13 0.1025
-1.125 0.09875
-1.1925 0.1675
-1.185 0.12
-1.215 0.115
-1.2125 0.13125
-1.1775 0.2075
-1.0775 0.155
-1.21 0.05875
-1.2775 0.14625
-1.3725 0.1725
-1.3275 0.10625
-1.145 0.05125
-1.215 0.0775
-1.155 -0.035
-1.19 -0.10375
-1.28 -0.11
-1.1225 -0.00375
-1.1675 -0.045
-1.22 -0.1025
-1.1975 -0.06625
-1.1725 -0.10625
-1.24 -0.13625
-1.2025 -0.18
-1.1875 -0.08625
-1.2325 -0.1
-1.1825 -0.075
-1.2175 -0.23
-1.2075 -0.075
-1.1725 -0.21625
-1.175 -0.20875
-1.2075 -0.30625
-1.245 -0.2575
-1.165 -0.25375
-1.24 -0.245
-1.1775 -0.1925
-1.25 -0.1225
-1.25 -0.21875
-1.24 -0.165
-1.1975 -0.1
-1.1925 -0.1025
-1.295 -0.02375
-1.2125 0.01875
-1.24 -0.0825
-1.145 -0.03625
-1.2075 -0.08125
-1.155 -0.15125
-1.1525 -0.225
-1.2 -0.07625
-1.15 -0.06875
-1.2175 -0.17375
-1.1825 -0.14375
-1.325 -0.3425
-1.15 -0.3425
-1.155 -0.31125
-1.1975 -0.42875
-1.1525 -0.3575
-1.1875 -0.26
-1.27 -0.515
-1.2475 -0.47375
-1.25 -0.47375
-1.18 -0.36
-1.245 -0.27625
-1.195 -0.3275
-1.26 -0.37125
-1.055 -0.2775
-1.1875 -0.215
-1.145 -0.27875
-1.1525 -0.23
-1.2375 -0.12625
-1.205 -0.1
-1.275 -0.10625
-1.26 -0.1125
-1.2025 -0.23625
-1.23 -0.19
-1.165 -0.22875
-1.125 -0.14125
-1.1725 -0.05625
-1.135 -0.1375
-1.1975 -0.04625
-1.08 -0.08625
-1.06 -0.08
-1.1425 -0.14625
-1.1025 -0.16
-1.09 -0.12375
-1.2425 -0.26875
-1.105 -0.25125
-1.2125 -0.17
-1.2675 -0.185
-1.3175 -0.32125
-1.2475 -0.165
-1.295 -0.12125
-1.2475 -0.2225
-1.225 -0.13875
-1.1025 -0.03875
-1.175 -0.21875
-1.125 -0.175
-1.2025 -0.2225
-1.26 -0.3025
-1.285 -0.3125
-1.255 -0.19875
-1.225 -0.1825
-1.1925 -0.24875
-1.125 -0.23625
-1.1975 -0.17875
-1.16 -0.0025
-1.205 -0.08375
-1.18 -0.14
-1.245 -0.13375
-1.1475 -0.1425
-1.2 -0.02625
-1.1675 -0.0675
-1.1625 -0.07875
-1.23 -0.03125
-1.235 0.055
-1.1325 -0.05625
-1.05 -0.03375
-1.14 0.0975
-1.2075 0.095
-1.1225 0.07875
-1.1175 0.125
-1.2225 0.19625
-1.18 0.06
-1.215 -0.03875
-1.175 -0.01125
-1.2325 -0.06
-1.1225 -0.01
-1.2425 0.05625
-1.155 -0.08125
-1.17 0.01125
-1.145 -0.10875
-1.1625 -0.0475
-1.115 0.02875
-1.215 0.055
-1.2425 0.02125
-1.1725 -0.0075
-1.1175 -0.00875
-1.2425 0.15375
-1.21 0.18125
-1.2825 0.20125
-1.095 0.14625
-1.2125 0.255
-1.1625 0.2675
-1.1925 0.19125
-1.19 0.24875
-1.135 0.16875
-1.1325 0.12625
-1.19 0.30125
-1.0925 0.34125
-1.2725 0.425
-1.1725 0.43125
-1.2025 0.39
-1.26 0.47625
-1.1575 0.3675
-1.2775 0.36375
-1.205 0.36625
-1.2675 0.3325
-1.175 0.3225
-1.19 0.35125
-1.1425 0.315
-1.1775 0.205
-1.1725 0.2425
-1.1 0.28375
-1.1325 0.40375
-1.245 0.34875
-1.2725 0.48
-1.2575 0.455
-1.21 0.50875
-1.2825 0.505
-1.2825 0.53375
-1.325 0.4975
-1.2775 0.5475
-1.32 0.525
-1.3225 0.52125
-1.215 0.44375
-1.25 0.36
-1.2 0.39625
-1.2275 0.3325
-1.255 0.2375
-1.24 0.29125
-1.1625 0.18125
-1.25 0.265
-1.11 0.15875
-1.1725 0.12125
-1.2575 0.23875
-1.2375 0.28
-1.2525 0.17
-1.2925 0.225
-1.175 0.19125
-1.265 0.3925
-1.1975 0.4475
-1.25 0.4175
-1.2025 0.3275
-1.2825 0.37875
-1.275 0.46125
-1.2625 0.38875
-1.1025 0.28875
-1.1325 0.28625
-1.2375 0.2675
-1.195 0.2575
-1.1725 0.15625
-1.2275 0.13
-1.1375 0.0625
-1.2025 0.1575
-1.215 0.23
-1.1775 0.23625
-1.2175 0.1075
-1.255 0.2
-1.225 0.18375
-1.2425 0.0825
-1.2775 0.06
-1.1875 0.04
-1.14 0.06
-1.145 0.0125
-1.17 0.08375
-1.175 0.04375
-1.2325 0.00375
-1.1075 -0.2075
-1.2825 -0.305
-1.195 -0.275
-1.245 -0.26
-1.13 -0.27375
-1.1825 -0.37375
-1.21 -0.36875
-1.1925 -0.21875
-1.14 -0.25375
-1.1825 -0.35375
-1.095 -0.37
-1.21 -0.48125
-1.2325 -0.4525
-1.365 -0.585
-1.19 -0.5125
-1.2275 -0.45
-1.185 -0.3325
-1.29 -0.30125
-1.2075 -0.27625
-1.1875 -0.24375
-1.1825 -0.24375
-1.1575 -0.3475
-1.3075 -0.42625
-1.2325 -0.36375
-1.35 -0.36125
-1.18 -0.32875
-1.1075 -0.40375
-1.1425 -0.35375
-1.1275 -0.29875
-1.225 -0.26125
-1.11 -0.24
-1.1675 -0.22875
-1.1975 -0.14625
-1.1825 -0.14375
-1.165 -0.17125
-1.195 -0.15
-1.2575 -0.22875
-1.2 -0.215
-1.2375 -0.1525
-1.2425 0.00125
-1.12 0.045
-1.2325 0.075
-1.24 0.01
-1.2 0.04375
-1.1575 0.06375
-1.2825 0.145
-1.1725 0.23625
-1.18 0.09625
-1.17 0.06875
-1.275 0.16375
-1.1925 0.07
-1.1725 0.005
-1.1775 0.10625
-1.1125 0.02625
-1.1975 -0.06625
-1.1325 -0.0625
-1.32 -0.14875
-1.25 -0.32125
-1.275 -0.305
-1.1325 -0.15125
-1.1975 -0.28
-1.1375 -0.26125
-1.08 -0.2
-1.1 -0.17375
-1.1425 -0.09875
-1.135 -0.1775
-1.1375 -0.23375
-1.2025 -0.1775
-1.2 -0.11875
-1.1425 -0.03375
-1.235 0.16125
-1.235 0.1025
-1.3025 0.1225
-1.255 -0.0225
-1.2625 -0.1575
-1.2725 -0.2375
-1.17 -0.24375
-1.1275 -0.195
-1.1775 -0.0775
-1.17 0.02
-1.1925 0.0125
-1.215 0.03125
-1.13 0.02125
-1.1625 0.09
-1.17 0.07375
-1.255 -0.06625
-1.145 -0.15375
-1.2575 -0.24375
-1.235 -0.21
-1.3075 -0.25125
-1.26 -0.18
-1.2875 -0.00375
-1.215 -0.05125
-1.2325 -0.07
-1.22 -0.06
-1.2925 -0.14875
-1.1975 -0.0725
-1.245 -0.0625
-1.2625 -0.01625
-1.1 -0.05625
-1.2075 0.11
-1.1075 0.15375
-1.1075 0.10625
-1.12 0.035
-1.2475 0.0425
-1.29 0.0225
-1.235 0.02875
-1.29 -0.0425
-1.2625 -0.08
-1.195 -0.09375
-1.2875 -0.26
-1.275 -0.3375
-1.255 -0.3425
-1.3425 -0.35125
-1.1925 -0.2425
-1.1525 -0.14875
-1.1975 -0.1475
-1.185 -0.1575
-1.2725 -0.2
-1.235 -0.11625
-1.285 -0.06625
-1.155 -0.1
-1.215 0.14625
-1.2175 0.1175
-1.225 0.07
-1.245 -0.07125
-1.2425 0.00625
-1.2275 -0.03125
-1.2275 -0.085
-1.155 -0.0825
-1.2425 -0.02875
-1.13 -0.0375
-1.1725 0.05625
-1.0775 0.10875
-1.145 -0.04625
-1.1975 -0.0075
-1.19 -0.03375
-1.2125 0.11375
-1.195 0.24375
-1.1 0.24875
-1.235 0.30625
-1.2575 0.34
-1.2025 0.3925
-1.23 0.4475
-1.155 0.40125
-1.2125 0.3825
-1.195 0.3925
-1.15 0.28
-1.1575 0.2675
-1.1425 0.20375
-1.2 0.255
-1.1975 0.2225
-1.22 0.285
-1.1575 0.225
-1.1825 0.48125
-1.21 0.53375
-1.245 0.4525
-1.265 0.49625
-1.22 0.30875
-1.2075 0.27625
-1.2425 0.10625
-1.1425 0.10625
-1.21 0.2025
-1.24 0.3325
-1.2475 0.31
-1.165 0.24625
-1.315 0.23625
-1.2425 0.31375
-1.1975 0.15
-1.1325 0.19875
-1.2525 0.29125
-1.2175 0.345
-1.2625 0.34625
-1.1425 0.31
-1.14 0.25375
-1.3125 0.37
-1.155 0.185
-1.17 0.105
-1.1125 0.0425
-1.1525 0.0875
-1.17 0.0725
-1.1775 0.05875
-1.1475 0.1675
-1.2025 0.165
-1.1425 0.08125
-1.1775 0.0225
-1.25 -0.0025
-1.215 0.0525
-1.2675 0.03125
-1.225 -0.11
-1.22 -0.14375
-1.175 -0.18375
-1.1475 -0.075
-1.2175 -0.03625
-1.2525 -0.06625
-1.2175 -0.145
-1.29 -0.19625
-1.25 -0.17
-1.26 -0.18375
-1.2425 -0.2525
-1.1625 -0.2675
-1.1425 -0.3825
-1.18 -0.34125
-1.255 -0.3825
-1.125 -0.3025
-1.1975 -0.20875
-1.0425 -0.26125
-1.2075 -0.38625
-1.185 -0.43875
-1.255 -0.3725
-1.2625 -0.4475
-1.345 -0.43875
-1.2375 -0.4
-1.145 -0.345
-1.2075 -0.44125
-1.2175 -0.495
-1.2275 -0.4425
-1.2 -0.33375
-1.26 -0.3575
-1.1625 -0.28125
-1.115 -0.19
-1.1875 -0.17875
-1.235 -0.1675
-1.2075 -0.23
-1.28 -0.22625
-1.1675 -0.23125
-1.12 -0.19375
-1.1575 -0.235
-1.1875 -0.25
-1.235 -0.245
-1.1525 -0.19625
-1.2525 -0.22125
-1.2425 -0.33625
-1.2175 -0.3175
-1.2375 -0.33375
-1.1775 -0.205
-1.24 -0.16875
-1.1925 -0.1125
-1.305 -0.26875
-1.2525 -0.32
-1.265 -0.44125
-1.2625 -0.3925
-1.1975 -0.33375
-1.1175 -0.33125
-1.25 -0.43625
-1.205 -0.39125
-1.215 -0.44625
-1.2025 -0.37875
-1.13 -0.22375
-1.1525 -0.15
-1.18 -0.09375
-1.2725 0.00375
-1.1075 -0.085
-1.17 0.01
-1.2475 0.10875
-1.195 -0.02625
-1.2025 -0.0725
-1.195 -0.125
-1.1925 -0.125
-1.2025 -0.15
-1.1175 -0.06
-1.055 -0.0775
-1.1325 0.02
-1.1325 0.1925
-1.065 0.145
-1.0725 0.22375
-1.1675 0.2775
-1.2725 0.23
-1.1075 0.23875
-1.1225 0.205
-1.13 0.18125
-1.155 0.22
-1.18 0.21375
-1.145 0.1475
-1.145 0.2275
-1.2875 0.29625
-1.1575 0.3175
-1.32 0.31125
-1.21 0.325
-1.285 0.29
-1.1825 0.2025
-1.2325 0.11
-1.205 0.10125
-1.1 0.08625
-1.2525 -0.0525
-1.2125 0.005
-1.205 -0.09625
-1.105 0.02375
-1.1625 -0.11
-1.12 -0.05125
-1.1 -0.09
-1.17 -0.27
-1.215 -0.28625
-1.1875 -0.38875
-1.2675 -0.41125
-1.2775 -0.4675
-1.3225 -0.54375
-1.2725 -0.4125
-1.2575 -0.36875
-1.3775 -0.4325
-1.125 -0.26125
-1.265 -0.3225
-1.2625 -0.3
-1.225 -0.32
-1.255 -0.2825
-1.24 -0.43875
-1.31 -0.49375
-1.17 -0.42375
-1.1375 -0.44375
-1.3025 -0.47875
-1.1875 -0.41375
-1.18 -0.4375
-1.24 -0.40375
-1.2525 -0.3375
-1.0975 -0.32875
-1.24 -0.3325
-1.235 -0.36875
-1.26 -0.45375
-1.1125 -0.4175
-1.185 -0.52875
-1.2075 -0.49375
-1.245 -0.47625
-1.2275 -0.5425
-1.3 -0.57375
-1.2875 -0.57125
-1.365 -0.5375
-1.2275 -0.41125
-1.1675 -0.39125
-1.2725 -0.46375
-1.2725 -0.48375
-1.3025 -0.4925
-1.2775 -0.425
-1.3 -0.4225
-1.2125 -0.36
-1.2075 -0.315
-1.165 -0.28875
-1.1675 -0.25875
-1.0975 -0.23625
-1.1475 -0.29125
-1.2175 -0.305
-1.2175 -0.28375
-1.1975 -0.33875
-1.2175 -0.22125
-1.2175 -0.22125
-1.23 -0.3175
-1.305 -0.32
-1.2275 -0.28
-1.2525 -0.32625
-1.17 -0.37
-1.1575 -0.29875
-1.2275 -0.385
-1.2325 -0.49625
-1.2675 -0.57
-1.145 -0.38875
-1.34 -0.50875
-1.225 -0.46875
-1.1975 -0.39375
-1.1475 -0.35125
-1.1375 -0.25125
-1.2 -0.26875
-1.1275 -0.1225
-1.175 -0.1875
-1.2475 -0.18125
-1.105 -0.1725
-1.1025 -0.235
-1.15 -0.23625
-1.0725 -0.27625
-1.0725 -0.1375
-1.1375 -0.2525
-1.16 -0.26
-1.2375 -0.165
-1.105 -0.22125
-1.1425 -0.13875
-1.095 -0.04875
-1.0975 -0.10875
-1.13 -0.165
-1.1 -0.07125
-1.085 -0.15125
-1.1175 -0.21375
-1.2625 -0.29875
-1.23 -0.35
-1.245 -0.3125
-1.2025 -0.315
-1.13 -0.29125
-1.285 -0.26875
-1.135 -0.31375
-1.26 -0.3325
-1.08 -0.265
-1.245 -0.18
-1.16 -0.12625
-1.2525 -0.185
-1.215 -0.2475
-1.1375 -0.23875
-1.1475 -0.28375
-1.17 -0.2225
-1.15 -0.105
-1.19 -0.00375
-1.1625 -0.11125
-1.2125 -0.12625
-1.1675 -0.1025
-1.135 -0.135
-1.235 -0.23125
-1.22 -0.3
-1.27 -0.41125
-1.1975 -0.485
-1.21 -0.50125
-1.2 -0.54125
-1.3575 -0.57875
-1.3575 -0.56125
-1.2125 -0.535
-1.3725 -0.66375
-1.2525 -0.59875
-1.24 -0.52375
-1.3025 -0.555
-1.1725 -0.47625
-1.2525 -0.54125
-1.2075 -0.425
-1.3225 -0.4075
-1.215 -0.38375
-1.22 -0.47
-1.2875 -0.55
-1.305 -0.50625
-1.3 -0.45875
-1.415 -0.5875
-1.3175 -0.5
-1.34 -0.44
-1.245 -0.23625
-1.24 -0.29375
-1.2925 -0.44125
-1.285 -0.4425
-1.275 -0.40875
-1.23 -0.2825
-1.25 -0.23625
-1.2425 -0.185
-1.185 -0.18125
-1.195 -0.2
-1.2025 -0.11875
-1.265 -0.14
-1.1625 -0.19375
-1.21 -0.15375
-1.2075 -0.05625
-1.215 0.03125
-1.23 0.1925
-1.295 0.26875
-1.175 0.16
-1.265 0.205
-1.2875 0.18125
-1.22 0.1825
-1.2 0.19625
-1.2025 0.2025
-1.275 0.27
-1.245 0.2
-1.2675 0.20125
-1.2475 0.27875
-1.16 0.365
-1.225 0.43125
-1.32 0.4
-1.2 0.39625
-1.14 0.3325
-1.24 0.45
-1.255 0.39
-1.28 0.4225
-1.2225 0.45125
-1.2575 0.48125
-1.1975 0.49375
-1.185 0.43375
-1.1525 0.3025
-1.24 0.49375
-1.3125 0.59875
-1.24 0.54875
-1.2675 0.585
-1.345 0.67
-1.3375 0.65875
-1.2725 0.59875
-1.2725 0.56
-1.24 0.53375
-1.2025 0.49875
-1.33 0.6125
-1.275 0.5875
-1.455 0.6925
-1.35 0.6
-1.24 0.46375
-1.115 0.3675
-1.1825 0.2925
-1.2575 0.2175
-1.195 0.15875
-1.2425 0.25125
-1.2775 0.2725
-1.27 0.31375
-1.1625 0.27375
-1.1825 0.185
-1.1575 0.06125
-1.09 -0.21625
-1.1975 -0.29125
-1.1975 -0.35125
-1.2425 -0.3975
-1.245 -0.3775
-1.305 -0.55875
-1.19 -0.56
-1.29 -0.63875
-1.285 -0.6025
-1.295 -0.56625
-1.2675 -0.45375
-1.1975 -0.405
-1.2925 -0.3825
-1.2425 -0.36875
-1.155 -0.3225
-1.1475 -0.26375
-1.0925 -0.075
-1.04 -0.085
-1.1575 -0.0775
-1.12 -0.135
-1.1475 -0.28125
-1.27 -0.415
-1.15 -0.40125
-1.2625 -0.43375
-1.3025 -0.3975
-1.2475 -0.4775
-1.2225 -0.44375
-1.1125 -0.3475
-1.1625 -0.3575
-1.1175 -0.24
-1.1925 -0.3775
-1.1675 -0.34625
-1.285 -0.50375
-1.11 -0.4775
-1.2475 -0.56875
-1.43 -0.54
-1.26 -0.42
-1.0875 -0.3475
-1.1475 -0.29125
-1.1625 -0.39875
-1.225 -0.5125
-1.1625 -0.4775
-1.29 -0.55125
-1.3275 -0.59625
-1.3575 -0.675
-1.3475 -0.64375
-1.365 -0.66875
-1.3475 -0.67
-1.375 -0.62125
-1.315 -0.57625
-1.325 -0.51875
-1.2175 -0.4475
-1.2025 -0.4725
-1.305 -0.55625
-1.3225 -0.59875
-1.3175 -0.64375
-1.4225 -0.6725
-1.255 -0.5425
-1.2675 -0.63
-1.345 -0.665
-1.2375 -0.54875
-1.285 -0.5975
-1.1975 -0.4775
-1.16 -0.465
-1.1775 -0.44625
-1.18 -0.4775
-1.165 -0.37625
-1.155 -0.39
-1.1125 -0.3325
-1.225 -0.34375
-1.2075 -0.375
-1.09 -0.31875
-1.1675 -0.15875
-1.165 -0.095
-1.105 -0.165
-1.2325 -0.1425
-1.195 -0.1175
-1.145 -0.16375
-1.11 -0.03375
-1.2725 -0.10125
-1.2425 -0.13
-1.1475 -0.25375
-1.21 -0.175
-1.2275 -0.165
-1.0975 -0.2025
-1.2025 -0.17625
-1.1875 -0.065
-1.22 -0.04625
-1.235 -0.05625
-1.2025 -0.015
-1.1 -0.01875
-1.24 0.0325
-1.15 0.09625
-1.215 0.125
-1.2275 0.0675
-1.2375 0.1275
-1.24 0.2025
-1.1925 0.16125
-1.185 0.05
-1.2325 0.09
-1.12 -0.02125
-1.1425 0.1125
-1.1275 0.08625
-1.1 0.06375
-1.1325 0.125
-1.255 0.14875
-1.32 0.145
-1.245 0.27125
-1.1825 0.2325
-1.215 0.16
-1.235 0.11875
-1.14 0.15375
-1.3025 0.25625
-1.22 0.23875
-1.145 0.09625
-1.09 0.08875
-1.125 0.23625
-1.2025 0.29125
-1.15 0.3975
-1.2425 0.3475
-1.2125 0.3775
-1.315 0.44375
-1.2675 0.47875
-1.345 0.5175
-1.265 0.4875
-1.3575 0.495
-1.2475 0.3925
-1.2575 0.35125
-1.36 0.38875
-1.2325 0.37875
-1.21 0.34
-1.24 0.35
-1.2675 0.46125
-1.1575 0.3725
-1.265 0.365
-1.19 0.31875
-1.1375 0.39125
-1.2025 0.375
-1.24 0.29625
-1.13 0.23875
-1.1325 0.12625
-1.235 0.22375
-1.28 0.22625
-1.295 0.255
-1.25 0.2775
-1.1975 0.2225
-1.24 0.26
-1.165 0.31
-1.1675 0.22125
-1.1825 0.27125
-1.205 0.25125
-1.225 0.24875
-1.135 0.1575
-1.16 0.1125
-1.2175 0.1675
-1.1 0.0625
-1.105 0.00625
-1.0875 -0.02875
-1.175 0.00875
-1.15 0.09625
-1.2125 0.24
-1.19 0.30875
-1.1625 0.34375
-1.2725 0.34
-1.305 0.44625
-1.2525 0.39625
-1.18 0.37
-1.1 0.33375
-1.17 0.2475
-1.1825 0.2775
-1.1025 0.32
-1.0875 0.36
-1.215 0.38875
-1.2175 0.46625
-1.115 0.4325
-1.2025 0.37375
-1.29 0.3975
-1.265 0.4025
-1.19 0.37625
-1.27 0.39125
-1.2875 0.50125
-1.27 0.48375
-1.27 0.44375
-1.1975 0.48125
-1.285 0.505
-1.245 0.505
-1.235 0.42
-1.1525 0.34875
-1.24 0.345
-1.175 0.35125
-1.2125 0.4725
-1.2275 0.45125
-1.3575 0.60125
-1.2575 0.4875
-1.2075 0.38625
-1.22 0.44125
-1.2525 0.39875
-1.315 0.53
-1.2175 0.48875
-1.305 0.55375
-1.1225 0.35125
-1.1675 0.27
-1.0075 -0.02625
-1.2075 -0.08
-1.175 -0.05125
-1.175 -0.125
-1.2025 -0.24875
-1.245 -0.17875
-1.0925 -0.14875
-1.0375 -0.14375
-1.1225 0.01375
-1.145 -0.0275
-1.06 0.04625
-1.2 -0.0675
-1.18 -0.0975
-1.1175 -0.18125
-1.215 -0.11375
-1.135 -0.18375
-1.24 -0.22375
-1.1375 -0.185
-1.1675 -0.19
-1.245 -0.1325
-1.2125 -0.095
-1.25 0.03125
-1.1975 0.035
-1.21 0.0225
-1.1725 0.05375
-1.2 0.0225
-1.145 0.055
-1.1925 -0.0175
-1.2175 0.05875
-1.145 -0.23875
-1.1725 -0.24125
-1.1525 -0.3025
-1.2175 -0.19375
-1.1975 -0.2525
-1.2075 -0.17
-1.1975 -0.13625
-1.1675 -0.19625
-1.1175 -0.20375
-1.2425 -0.31
-1.185 -0.34125
-1.225 -0.2675
-1.2875 -0.37125
-1.185 -0.2375
-1.14 -0.2325
-1.18 -0.1325
-1.13 0.055
-1.1675 0.1675
-1.2625 0.12125
-1.1475 0.18625
-1.175 0.30625
-1.18 0.2725
-1.295 0.205
-1.255 0.17
-1.1675 0.09625
-1.075 0.02
-1.03 0.18375
-1.1225 0.2975
-1.1775 0.2725
-1.21 0.34125
-1.225 0.285
-1.1925 0.155
-1.0775 0.27
-1.185 0.33875
-1.175 0.3825
-1.2 0.41625
-1.21 0.465
-1.225 0.41625
-1.2125 0.4025
-1.265 0.4975
-1.215 0.48125
-1.2575 0.53
-1.175 0.435
-1.12 0.35125
-1.19 0.3625
-1.265 0.5475
-1.15 0.51625
-1.255 0.56875
-1.245 0.555
-1.215 0.40375
-1.1575 0.36625
-1.185 0.475
-1.2725 0.53875
-1.2875 0.4475
-1.345 0.57625
-1.305 0.51125
-1.225 0.515
-1.2625 0.575
-1.3025 0.5375
-1.0925 0.43625
-1.2725 0.5725
-1.27 0.61125
-1.255 0.56125
-1.3475 0.64625
-1.34 0.6725
-1.385 0.60875
-1.3975 0.61375
-1.47 0.7275
-1.4175 0.7425
-1.275 0.67875
-1.29 0.56625
-1.2425 0.49875
-1.155 0.5175
-1.17 0.4675
-1.195 0.40375
-1.27 0.37
-1.2575 0.42125
-1.1525 0.315
-1.2125 0.385
-1.105 0.2825
-1.1925 0.43
-1.2025 0.4375
-1.2175 0.49375
-1.285 0.45125
-1.25 0.40375
-1.235 0.42875
-1.25 0.48125
-1.3 0.55875
-1.365 0.5975
-1.3425 0.48625
-1.2825 0.52625
-1.2225 0.49875
-1.24 0.46
-1.175 0.41125
-1.245 0.42875
-1.1725 0.42125
-1.2525 0.43375
-1.385 0.61125
-1.2275 0.5825
-1.35 0.65875
-1.3325 0.6475
-1.2725 0.5575
-1.305 0.5525
-1.2025 0.50125
-1.14 0.48875
-1.3 0.555
-1.2575 0.4675
-1.2675 0.285
-1.165 0.25
-1.21 0.3725
-1.2125 0.37
-1.2225 0.30625
-1.215 0.18125
-1.2275 0.26375
-1.2375 0.2075
-1.17 0.21125
-1.2125 0.315
-1.2575 0.2275
-1.1425 0.18
-1.17 0.11875
-1.18 0.1875
-1.2425 0.15
-1.1525 0.03625
-1.26 0.05625
-1.2425 0.09375
-1.1975 0.05375
-1.2375 0.075
-1.2225 0.15625
-1.36 0.0925
-1.29 -0.02625
-1.2325 0.0475
-1.15 0.0775
-1.1 0.00125
-1.0775 0.05
-1.1775 0.15625
-1.1725 0.12625
-1.0975 0.14125
-1.0825 0.07
-1.1525 -0.03125
-1.1225 -0.02125
-1.105 -0.10625
-1.2375 -0.2875
-1.2025 -0.325
-1.2175 -0.2
-1.1425 -0.22125
-1.19 -0.26
-1.095 -0.20125
-1.04 -0.07625
-1.11 -0.14875
-1.21 -0.08375
-1.245 -0.13375
-1.1925 -0.11625
-1.185 -0.19125
-1.2225 -0.1925
-1.245 -0.205
-1.175 -0.27875
-1.235 -0.30375
-1.175 -0.2925
-1.275 -0.3725
-1.2125 -0.295
-1.2175 -0.36625
-1.255 -0.4325
-1.2 -0.31375
-1.21 -0.37875
-1.24 -0.40625
-1.2625 -0.3475
-1.2475 -0.365
-1.26 -0.42375
-1.1525 -0.41875
-1.22 -0.4
-1.1325 -0.35375
-1.2375 -0.49375
-1.2 -0.40125
-1.2675 -0.3825
-1.1725 -0.37125
-1.195 -0.275
-1.2275 -0.2225
-1.1825 -0.25
-1.2075 -0.28375
-1.22 -0.23875
-1.1625 -0.31875
-1.12 -0.3075
-1.2125 -0.4125
-1.1675 -0.25625
-1.265 -0.2675
-1.2075 -0.23625
-1.2675 -0.3275
-1.215 -0.36
-1.2 -0.40125
-1.23 -0.445
-1.275 -0.4875
-1.3025 -0.46375
-1.295 -0.4875
-1.2625 -0.3425
-1.2575 -0.445
-1.2325 -0.38
-1.3125 -0.295
-1.2025 -0.37375
-1.1875 -0.38875
-1.2375 -0.48125
-1.1725 -0.40875
-1.215 -0.37625
-1.215 -0.4275
-1.255 -0.44875
-1.22 -0.39625
-1.22 -0.41875
-1.21 -0.4175
-1.1975 -0.3975
-1.2925 -0.3775
-1.2775 -0.26625
-1.2275 -0.31
-1.1975 -0.24125
-1.1175 -0.26625
-1.24 -0.18625
-1.1725 -0.09375
-1.22 -0.30375
-1.2825 -0.33125
-1.195 -0.1975
-1.1525 -0.1675
-1.175 -0.07375
-1.1325 0.01875
-1.1825 0.095
-1.1425 0.01625
-1.26 0.00125
-1.24 0.0275
-1.175 0.06375
-1.1675 0.21
-1.235 0.3225
-1.205 0.2975
-1.11 0.305
-1.265 0.29
-1.255 0.3675
-1.2325 0.3225
-1.1925 0.335
-1.23 0.2575
-1.25 0.31875
-1.275 0.2325
-1.31 0.295
-1.2175 0.3025
-1.2275 0.2775
-1.2325 0.30125
-1.125 0.2225
-1.1925 0.1025
-1.1825 0.0475
-1.22 0.04125
-1.2175 -0.0575
-1.2275 0.025
-1.105 0.03625
-1.23 0.15375
-1.185 0.12
-1.195 0.03375
-1.16 -0.05
-1.185 -0.0275
-1.1875 -0.1025
-1.2625 -0.05875
-1.195 -0.12375
-1.1725 -0.055
-1.29 -0.015
-1.17 -0.04625
-1.1775 -0.01125
-1.205 -0.0725
-1.25 -0.03625
-1.2725 -0.13125
-1.295 -0.0475
-1.255 0.01125
-1.25 0.07875
-1.2225 0.01375
-1.26 0.11
-1.185 0.145
-1.2775 0.00875
-1.295 0.06125
-1.1375 0.0675
-1.3025 0.0475
-1.23 -0.0575
-1.2225 -0.10875
-1.16 -0.1575
-1.16 -0.13625
-1.2225 -0.19625
-1.155 -0.17875
-1.2175 -0.06
-1.125 0.015
-1.2675 -0.09875
-1.22 0.01625
-1.2425 -0.055
-1.35 0.0025
-1.2075 -0.09
-1.205 -0.07875
-1.175 -0.11875
-1.225 -0.14875
-1.18 -0.1425
-1.205 -0.0825
-1.17 -0.0925
-1.18 -0.085
-1.26 -0.175
-1.1625 -0.13
-1.21 -0.365
-1.2525 -0.32875
-1.1825 -0.2825
-1.325 -0.31625
-1.2025 -0.1925
-1.1625 -0.27
-1.13 -0.31125
-1.23 -0.34875
-1.205 -0.37375
-1.07 -0.30375
-1.2475 -0.335
-1.1525 -0.465
-1.2825 -0.46875
-1.28 -0.42125
-1.245 -0.44
-1.2625 -0.40375
-1.235 -0.4525
-1.2575 -0.37375
-1.2475 -0.42375
-1.1275 -0.39125
-1.2025 -0.29625
-1.17 -0.3725
-1.16 -0.4175
-1.2475 -0.52625
-1.24 -0.4775
-1.275 -0.5675
-1.2 -0.50375
-1.2675 -0.58375
-1.2525 -0.54125
-1.2625 -0.475
-1.23 -0.48
-1.2975 -0.54875
-1.1925 -0.44375
-1.215 -0.34625
-1.21 -0.2825
-1.1575 -0.21625
-1.27 -0.37875
-1.1975 -0.32125
-1.245 -0.3725
-1.31 -0.40375
-1.245 -0.335
-1.21 -0.40625
-1.22 -0.2975
-1.16 -0.1825
-1.18 -0.185
-1.1325 -0.295
-1.1425 -0.145
-1.15 -0.05875
-1.085 -0.065
-1.1325 -0.07875
-1.0725 -0.06875
-1.2225 -0.28625
-1.2 -0.3375
-1.1775 -0.25625
-1.1825 -0.215
-1.16 -0.16375
-1.13 -0.19375
-1.1775 -0.20125
-1.37 -0.25625
-1.1525 -0.03125
-1.1625 0.0075
-1.245 -0.105
-1.0975 -0.0525
-1.1025 -0.0925
-1.175 -0.1075
-1.2325 -0.1075
-1.215 -0.01375
-1.1325 -0.04875
-1.12 0.055
-1.135 0.085
-1.2175 -0.01
-1.1275 -0.03625
-1.2375 -0.1175
-1.125 -0.21625
-1.2275 -0.1675
-1.125 -0.10875
-1.165 -0.15375
-1.0775 -0.06875
-1.0975 -0.06625
-1.0975 -0.1325
-1.2375 -0.0525
-1.215 -0.06125
-1.305 -0.085
-1.1875 0.0525
-1.16 0.15625
-1.09 0.17375
-1.11 0.19
-1.21 0.15875
-1.1425 0.105
-1.195 0.1575
-1.25 0.12375
-1.1925 0.02375
-1.16 0.0675
-1.255 0
-1.2 -0.03625
-1.0525 -0.03
-1.015 -0.03875
-1.185 -0.0025
-1.15 0.095
-1.275 0.13875
-1.23 0.16375
-1.21 0.1625
-1.21 0.16875
-1.3025 0.22375
-1.245 0.27625
-1.2025 0.25375
-1.2225 0.165
-1.145 0.16125
-1.235 0.2275
-1.355 0.29375
-1.19 0.3075
-1.1275 0.1775
-1.215 0.29
-1.2275 0.295
-1.145 0.34
-1.2125 0.395
-1.2625 0.4
-1.2275 0.22125
-1.3125 0.29125
-1.315 0.33
-1.2425 0.385
-1.1625 0.3025
-1.2925 0.35
-1.2025 0.32875
-1.18 0.31
-1.18 0.39375
-1.1275 0.2925
-1.1375 0.11625
-1.1975 0.15
-1.135 0.0725
-1.205 0.06125
-1.175 0.05875
-1.09 -0.03
-1.095 -0.06875
-1.15 -0.10875
-1.18 -0.04625
-1.1475 -0.18125
-1.18 -0.21875
-1.095 -0.31
-1.2275 -0.325
-1.21 -0.445
-1.23 -0.39875
-1.16 -0.3475
-1.195 -0.39375
-1.1975 -0.2975
-1.12 -0.33375
-1.335 -0.3975
-1.2375 -0.32
-1.2075 -0.42625
-1.14 -0.32125
-1.185 -0.25625
-1.265 -0.31
-1.2475 -0.38
-1.255 -0.46625
-1.2125 -0.435
-1.315 -0.405
-1.1575 -0.255
-1.1625 -0.165
-1.155 -0.26625
-1.195 -0.295
-1.18 -0.25875
-1.085 -0.23375
-1.185 -0.235
-1.1275 -0.18625
-1.245 -0.08625
-1.285 -0.03375
-1.17 -0.04625
-1.1575 0.05
-1.085 -0.00125
-1.1625 -0.025
-1.215 -0.0675
-1.18 0.0275
-1.225 -0.05875
-1.1975 -0.14125
-1.235 -0.27125
-1.1575 -0.3225
-1.2525 -0.375
-1.2725 -0.3375
-1.3325 -0.325
-1.265 -0.32875
-1.295 -0.4325
-1.1925 -0.4725
-1.205 -0.39875
-1.1975 -0.37125
-1.19 -0.36375
-1.135 -0.39
-1.11 -0.39
-1.1325 -0.3875
-1.115 -0.28
-1.1675 -0.3225
-1.285 -0.4175
-1.285 -0.4725
-1.1925 -0.41
-1.2525 -0.51375
-1.23 -0.52
-1.22 -0.4975
-1.1425 -0.36
-1.345 -0.4875
-1.2725 -0.45625
-1.3425 -0.5575
-1.2825 -0.62375
-1.265 -0.6125
-1.3125 -0.6275
-1.3525 -0.60375
-1.2875 -0.59375
-1.2375 -0.5375
-1.2075 -0.395
-1.2175 -0.41125
-1.335 -0.56625
-1.355 -0.58375
-1.315 -0.57625
-1.33 -0.57625
-1.2 -0.44375
-1.195 -0.3
-1.265 -0.47125
-1.2125 -0.455
-1.24 -0.56125
-1.2425 -0.43
-1.25 -0.45
-1.27 -0.4775
-1.11 -0.3625
-1.2675 -0.4625
-1.295 -0.52625
-1.3225 -0.435
-1.16 -0.39375
-1.24 -0.5325
-1.315 -0.47
-1.2375 -0.4325
-1.2575 -0.39875
-1.23 -0.40125
-1.16 -0.40125
-1.135 -0.38125
-1.2625 -0.46625
-1.3325 -0.42875
-1.135 -0.325
-1.2075 -0.245
-1.1525 -0.26125
-1.1725 -0.30625
-1.0775 -0.28125
-1.1425 -0.12125
-1.165 -0.14375
-1.16 -0.10375
-1.15 -0.18125
-1.165 -0.11875
-1.1475 -0.02125
-1.1275 -0.01
-1.065 0.12875
-1.1725 0.165
-1.16 0.3225
-1.1575 0.30875
-1.23 0.31875
-1.1675 0.22125
-1.0725 0.08
-1.1725 0.15625
-1.2325 0.115
-1.12 0.00875
-1.1275 -0.0725
-1.1 -0.1525
-1.1675 -0.18125
-1.175 -0.0825
-1.125 -0.04875
-1.1725 -0.18125
-1.1725 -0.34875
-1.2625 -0.41875
-1.21 -0.3425
-1.2125 -0.3925
-1.2525 -0.3175
-1.25 -0.26
-1.26 -0.3775
-1.245 -0.3875
-1.2475 -0.4225
-1.17 -0.27625
-1.22 -0.28125
-1.2375 -0.38
-1.205 -0.2475
-1.225 -0.34875
-1.235 -0.44
-1.215 -0.5
-1.275 -0.505
-1.2375 -0.51375
-1.2425 -0.5675
-1.24 -0.5675
-1.3 -0.51
-1.2525 -0.44625
-1.18 -0.405
-1.1825 -0.3
-1.095 -0.2425
-1.2125 -0.2675
-1.285 -0.19875
-1.245 -0.02875
-1.1325 0.06375
-1.1925 0.065
-1.2075 0.24875
-1.2025 0.22375
-1.2525 0.09125
-1.1325 0.075
-1.125 0.2275
-1.1375 0.13625
-1.225 0.14
-1.2225 0.045
-1.22 0.0875
-1.255 0.08375
-1.14 0.06875
-1.105 0.13125
-1.205 0.135
-1.11 0.15125
-1.19 0.2475
-1.1275 0.27125
-1.245 0.26625
-1.185 0.3725
-1.28 0.4
-1.23 0.44375
-1.1225 0.3875
-1.13 0.25125
-1.0325 0.13625
-1.16 0.085
-1.25 -0.0325
-1.24 -0.05125
-1.2825 0.01875
-1.2325 -0.0475
-1.3 -0.12125
-1.245 -0.12
-1.1925 -0.125
-1.185 -0.12125
-1.0725 -0.19
-1.21 -0.17625
-1.2375 -0.05625
-1.1825 -0.2075
-1.1975 -0.32125
-1.155 -0.255
-1.1925 -0.25375
-1.155 -0.30375
-1.2325 -0.34
-1.24 -0.3475
-1.2575 -0.35875
-1.26 -0.3875
-1.215 -0.36375
-1.19 -0.38
-1.2075 -0.345
-1.31 -0.44875
-1.245 -0.4175
-1.3 -0.57125
-1.3225 -0.5225
-1.2525 -0.42375
-1.24 -0.38625
-1.1625 -0.365
-1.195 -0.345
-1.1175 -0.245
-1.3025 -0.20125
-1.165 -0.1625
-1.15 -0.17125
-1.215 -0.2375
-1.1375 -0.27625
-1.2625 -0.3125
-1.16 -0.25125
-1.135 -0.15875
-1.2475 -0.2125
-1.1875 -0.2175
-1.15 -0.24875
-1.2075 -0.305
-1.265 -0.3925
-1.1075 -0.37
-1.155 -0.15875
-1.155 -0.15875
-1.0225 -0.17625
-1.1625 -0.135
-1.195 0.04125
-1.125 0.02875
-1.125 0.06125
-1.18 0.0375
-1.1625 0.04
-1.095 -0.00875
-1.0675 -0.13625
-1.15 -0.015
-1.1375 -0.12125
-1.065 -0.09625
-1.1775 -0.06125
-1.1275 0.0075
-1.2175 -0.07
-1.1025 -0.10125
-1.1275 -0.13625
-1.195 -0.2725
-1.1525 -0.1975
-1.2175 -0.23
-1.24 -0.06375
-1.2175 -0.1275
-1.22 0.0175
-1.2025 0.04875
-1.1825 -0.09
-1.16 -0.13625
-1.235 -0.1775
-1.14 -0.15375
-1.125 -0.14
-1.1875 -0.0725
-1.1975 -0.04875
-1.2325 -0.06875
-1.1675 -0.06375
-1.2375 -0.015
-1.1925 -0.06
-1.1675 -0.04125
-1.1825 -0.185
-1.2025 -0.1525
-1.1975 -0.195
-1.2475 -0.22375
-1.2525 -0.26125
-1.1925 -0.2325
-1.2125 -0.20625
-1.1825 -0.1725
-1.175 -0.1325
-1.11 -0.18875
-1.2 -0.2
-1.155 -0.33875
-1.1675 -0.29125
-1.1875 -0.3225
-1.2025 -0.4125
-1.1775 -0.30625
-1.22 -0.23875
-1.205 -0.305
-1.18 -0.28375
-1.0825 -0.3625
-1.205 -0.465
-1.305 -0.505
-1.2625 -0.5
-1.21 -0.43375
-1.2675 -0.48625
-1.2575 -0.46125
-1.2525 -0.51375
-1.2025 -0.51125
-1.26 -0.505
-1.175 -0.3575
-1.1475 -0.3125
-1.1775 -0.33875
-1.19 -0.405
-1.19 -0.3825
-1.2375 -0.42625
-1.2525 -0.4575
-1.2375 -0.49
-1.1525 -0.4
-1.345 -0.5025
-1.32 -0.4875
-1.295 -0.4475
-1.2575 -0.555
-1.1775 -0.47875
-1.365 -0.64125
-1.305 -0.47
-1.1725 -0.31875
-1.2625 -0.40625
-1.175 -0.32
-1.23 -0.375
-1.14 -0.35125
-1.2075 -0.33375
-1.2825 -0.2675
-1.28 -0.30375
-1.1675 -0.18375
-1.325 -0.12625
-1.195 -0.0475
-1.1925 -0.015
-1.22 0.05
-1.21 0.02625
-1.115 0.10375
-1.135 0.055
-1.095 0.0025
-1.2125 -0.085
-1.135 -0.17
-1.2025 -0.2275
-1.27 -0.09375
-1.2775 -0.14
-1.235 -0.19625
-1.205 -0.22875
-1.1625 -0.17625
-1.1225 -0.18
-1.28 -0.33125
-1.2225 -0.32875
-1.21 -0.1875
-1.1875 -0.20125
-1.1375 -0.1725
-1.135 -0.145
-1.195 -0.23
-1.1525 -0.24875
-1.1675 -0.225
-1.0775 -0.18625
-1.2025 -0.20125
-1.145 -0.20875
-1.2375 -0.2375
-1.1625 -0.19875
-1.2075 -0.28
-1.29 -0.33125
-1.285 -0.34125
-1.2475 -0.325
-1.21 -0.30875
-1.165 -0.23875
-1.2525 -0.40875
-1.36 -0.505
-1.2875 -0.39875
-1.2875 -0.36375
-1.2175 -0.41125
-1.255 -0.48
-1.265 -0.43125
-1.25 -0.51875
-1.2775 -0.54
-1.31 -0.51375
-1.1375 -0.43875
-1.2325 -0.44875
-1.185 -0.52
-1.315 -0.5375
-1.315 -0.58375
-1.255 -0.52625
-1.245 -0.535
-1.1725 -0.375
-1.175 -0.2475
-1.255 -0.29125
-1.2175 -0.315
-1.2475 -0.345
-1.225 -0.17375
-1.175 -0.16
-1.22 -0.12
-1.1925 0.01375
-1.19 0.03625
-1.23 0.10875
-1.2075 0.05375
-1.205 0.0275
-1.07 -0.0375
-1.175 -0.02625
-1.215 -0.00875
-1.19 0.0275
-1.24 -0.035
-1.1625 -0.06875
-1.1625 -0.0425
-1.24 -0.11
-1.2075 -0.17625
-1.1825 -0.36125
-1.24 -0.43
-1.225 -0.425
-1.2925 -0.445
-1.1625 -0.4375
-1.2425 -0.525
-1.2475 -0.4525
-1.2225 -0.39625
-1.335 -0.42625
-1.29 -0.395
-1.1825 -0.35625
-1.2525 -0.28875
-1.3125 -0.3525
-1.3 -0.35125
-1.2 -0.3275
-1.165 -0.2725
-1.1975 -0.265
-1.19 -0.2475
-1.2225 -0.29625
-1.125 -0.32375
-1.24 -0.39
-1.055 -0.34125
-1.15 -0.255
-1.19 -0.37625
-1.1225 -0.28875
-1.12 -0.255
-1.2375 -0.36
-1.15 -0.33375
-1.135 -0.3325
-1.2225 -0.3475
-1.21 -0.3375
-1.1975 -0.50125
-1.3025 -0.48125
-1.31 -0.40875
-1.2425 -0.375
-1.2225 -0.42125
-1.2725 -0.39875
-1.23 -0.41625
-1.1775 -0.505
-1.2075 -0.5025
-1.165 -0.4125
-1.205 -0.47
-1.2425 -0.4725
-1.145 -0.44125
-1.1725 -0.4175
-1.2575 -0.43875
-1.1175 -0.40625
-1.16 -0.24
-1.115 -0.3075
-1.2075 -0.41375
-1.2025 -0.46
-1.28 -0.5
-1.2225 -0.47625
