-1.19 0.03125
-1.205 -0.02875
-1.115 -0.06375
-1.2825 -0.07
-1.0975 -0.07875
-1.1925 0.135
-1.3025 0.155
-1.1275 0.1525
-1.2175 0.255
-1.2275 -0.0475
-1.16 0.0425
-1.2275 -0.0025
-1.2425 0.105
-1.2175 -0.0975
-1.15 -0.01375
-1.3125 -0.09625
-1.1175 0.0325
-1.14 0.07625
-1.065 0.09125
-1.1775 0.18
-1.215 0.10875
-1.1525 0.0725
-1.315 0.16625
-1.1925 0.13
-1.1875 0.135
-1.1525 0.23125
-1.135 0.09625
-1.2025 0.15375
-1.2525 0.1275
-1.2525 -0.05125
-1.175 -0.1175
-1.1825 -0.12125
-1.185 -0.095
-1.1975 -0.06875
-1.2 -0.12625
-1.2175 -0.10125
-1.21 -0.0025
-1.145 -0.01
-1.2475 -0.08
-1.1775 0.0275
-1.075 0.05625
-1.135 -0.04875
-1.1 -0.06875
-1.1925 -0.0625
-1.2175 0.11375
-1.2875 0.075
-1.1425 0.14125
-1.15 0.16125
-1.12 0.115
-1.235 0.1825
-1.2025 0.1275
-1.225 0.07
-1.1825 0.05125
-1.2775 0.095
-1.115 0.035
-1.2075 0.03375
-1.185 -0.0325
-1.1525 -0.09
-1.195 -0.08875
-1.1775 -0.16625
-1.2525 -0.1875
-1.1775 -0.2225
-1.3 -0.2425
-1.3625 -0.3475
-1.22 -0.215
-1.29 -0.2125
-1.315 -0.23
-1.2575 -0.31125
-1.2575 -0.2875
-1.2475 -0.315
-1.2575 -0.36125
-1.1575 -0.4
-1.1525 -0.34375
-1.13 -0.22
-1.2 -0.13375
-1.225 -0.1575
-1.2625 -0.0875
-1.1575 -0.10875
-1.145 -0.0625
-1.15 -0.14
-1.1925 -0.2375
-1.175 -0.16
-1.3 -0.15125
-1.22 -0.12625
-1.1975 -0.105
-1.2225 -0.3075
-1.2475 -0.285
-1.205 -0.29375
-1.2225 -0.2975
-1.36 -0.36875
-1.22 -0.3325
-1.2125 -0.415
-1.405 -0.55625
-1.375 -0.52375
-1.29 -0.39875
-1.31 -0.38
-1.285 -0.3525
-1.1575 -0.2825
-1.165 -0.25625
-1.2975 -0.2875
-1.2625 -0.21875
-1.2425 -0.2625
-1.19 -0.22
-1.3475 -0.3375
-1.28 -0.31625
-1.2975 -0.4075
-1.2825 -0.4225
-1.2925 -0.495
-1.24 -0.50875
-1.2625 -0.5375
-1.285 -0.595
-1.195 -0.5325
-1.23 -0.49
-1.23 -0.49625
-1.165 -0.5225
-1.305 -0.50875
-1.285 -0.44125
-1.1975 -0.33125
-1.1875 -0.155
-1.2 -0.26
-1.1825 -0.15125
-1.28 -0.16375
-1.1325 -0.1275
-1.115 -0.17625
-1.145 -0.2175
-1.2525 -0.23875
-1.115 -0.295
-1.205 -0.27625
-1.1625 -0.3125
-1.235 -0.49875
-1.2425 -0.52125
-1.2 -0.465
-1.22 -0.495
-1.345 -0.525
-1.2375 -0.41
-1.225 -0.435
-1.19 -0.4525
-1.215 -0.31
-1.1725 -0.13
-1.135 -0.06875
-1.15 -0.09
-1.185 -0.135
-1.1125 -0.23125
-1.2175 -0.4
-1.3925 -0.535
-1.235 -0.46875
-1.355 -0.6275
-1.365 -0.66
-1.32 -0.5675
-1.315 -0.51
-1.3525 -0.5375
-1.3 -0.4825
-1.32 -0.57875
-1.2775 -0.63
-1.2575 -0.6075
-1.3875 -0.6675
-1.295 -0.57375
-1.3075 -0.57875
-1.35 -0.675
-1.38 -0.67125
-1.235 -0.525
-1.2475 -0.56
-1.2525 -0.46125
-1.315 -0.45625
-1.31 -0.3975
-1.1325 -0.31875
-1.195 -0.3225
-1.2725 -0.155
-1.205 -0.1625
-1.215 -0.14
-1.215 -0.0775
-1.075 -0.0175
-1.29 -0.11125
-1.26 -0.16875
-1.265 -0.12625
-1.17 -0.18875
-1.095 0.02375
-1.24 -0.075
-1.1975 -0.02625
-1.205 0.0275
-1.21 -0.13
-1.22 -0.00375
-1.245 0.0075
-1.18 -0.135
-1.2375 -0.10375
-1.205 -0.035
-1.2375 -0.10875
-1.235 -0.15625
-1.22 -0.03375
-1.0975 -0.07125
-1.2175 -0.12
-1.155 -0.1425
-1.2275 -0.2925
-1.1675 -0.235
-1.0775 -0.14875
-1.085 -0.135
-1.1025 -0.24875
-1.1025 -0.12375
-1.17 -0.0925
-1.1875 0.055
-1.1275 0.09
-1.1625 0.08375
-1.2025 0.015
-1.145 -0.05375
-1.1375 -0.13375
-1.23 -0.1625
-1.1375 -0.28125
-1.225 -0.26875
-1.1475 -0.2075
-1.075 -0.01125
-1.1975 -0.0625
-1.2225 -0.085
-1.205 -0.16
-1.2225 -0.23
-1.125 -0.2825
-1.2575 -0.36
-1.2025 -0.28875
-1.2 -0.215
-1.1775 -0.36625
-1.17 -0.36
-1.195 -0.32875
-1.2575 -0.33625
-1.2975 -0.45375
-1.2025 -0.41125
-1.27 -0.4675
-1.2425 -0.38875
-1.205 -0.36
-1.1525 -0.34375
-1.185 -0.30375
-1.17 -0.32375
-1.315 -0.32375
-1.2175 -0.29125
-1.165 -0.1225
-1.145 -0.18875
-1.19 -0.13625
-1.1725 -0.09
-1.1375 -0.1225
-1.155 -0.18375
-1.155 -0.1125
-1.1725 -0.1025
-1.125 -0.0625
-1.1325 -0.11
-1.2025 -0.2475
-1.2225 -0.27875
-1.1 -0.2875
-1.135 -0.29625
-1.2825 -0.24
-1.175 -0.32
-1.1825 -0.34875
-1.27 -0.25125
-1.1225 -0.18625
-1.29 -0.23625
-1.2325 -0.32
-1.3175 -0.35625
-1.2475 -0.27875
-1.2275 -0.18375
-1.23 -0.1875
-1.2125 -0.185
-1.3475 -0.25375
-1.22 -0.2875
-1.23 -0.355
-1.27 -0.39625
-1.22 -0.33875
-1.24 -0.30125
-1.105 -0.23625
-1.225 -0.24125
-1.2275 -0.25
-1.19 -0.1375
-1.135 0.00125
-1.155 0.0575
-1.1775 -0.09
-1.2 -0.10375
-1.185 0.0025
-1.195 0.18875
-1.1825 0.09375
-1.15 0.11
-1.13 0.0475
-1.1725 -0.03125
-1.2325 -0.06
-1.185 -0.03125
-1.1625 0.02375
-1.08 0.0025
-1.0875 0.1
-1.1575 -0.0275
-1.1475 -0.14875
-1.235 -0.12
-1.1575 -0.075
-1.2075 -0.16
-1.08 -0.1825
-1.1475 -0.03375
-1.1325 0.14125
-1.095 0.09375
-1.2125 0.16
-1.215 0.2275
-1.175 0.14375
-1.2275 0.085
-1.1675 0.085
-1.125 -0.0075
-1.1325 -0.03125
-1.1375 0.00875
-1.2 -0.20625
-1.1775 -0.2275
-1.2375 -0.1725
-1.225 -0.3275
-1.24 -0.25375
-1.2525 -0.26125
-1.3125 -0.19625
-1.32 -0.26625
-1.2375 -0.1925
-1.2375 -0.19125
-1.2025 -0.16625
-1.21 -0.30125
-1.17 -0.39875
-1.28 -0.4625
-1.325 -0.5425
-1.3975 -0.6675
-1.305 -0.5675
-1.235 -0.54625
-1.25 -0.5325
-1.3175 -0.49
-1.3375 -0.48125
-1.3 -0.3825
-1.2225 -0.43375
-1.3275 -0.4775
-1.255 -0.40625
-1.235 -0.395
-1.325 -0.43
-1.28 -0.42125
-1.36 -0.5
-1.1725 -0.41375
-1.25 -0.50375
-1.2225 -0.57
-1.35 -0.70375
-1.415 -0.73
-1.245 -0.6
-1.3275 -0.625
-1.2525 -0.55875
-1.2575 -0.55125
-1.255 -0.51125
-1.27 -0.55375
-1.2275 -0.55375
-1.17 -0.39625
-1.33 -0.53125
-1.2425 -0.42625
-1.26 -0.445
-1.185 -0.31125
-1.18 -0.1925
-1.1475 -0.17875
-1.135 -0.2325
-1.2175 -0.20375
-1.2875 -0.23625
-1.2 -0.22
-1.25 -0.22
-1.2075 -0.295
-1.3075 -0.245
-1.2775 -0.40125
-1.27 -0.4525
-1.12 -0.305
-1.21 -0.265
-1.185 -0.18875
-1.2825 -0.37125
-1.2375 -0.29
-1.2175 -0.32125
-1.175 -0.41625
-1.3975 -0.455
-1.29 -0.535
-1.355 -0.63625
-1.325 -0.6125
-1.29 -0.555
-1.3275 -0.61375
-1.215 -0.5725
-1.2025 -0.40125
-1.1875 -0.44375
-1.22 -0.39
-1.0375 -0.36
-1.2525 -0.49125
-1.275 -0.55625
-1.3075 -0.60875
-1.3125 -0.56375
-1.21 -0.47125
-1.155 -0.335
-1.1575 -0.37875
-1.135 -0.32625
-1.225 -0.2775
-1.2525 -0.41625
-1.1875 -0.275
-1.205 -0.17875
-1.1225 -0.11
-1.145 0.02375
-1.1325 -0.12375
-1.245 -0.185
-1.225 -0.19
-1.29 -0.12
-1.2325 -0.275
-1.125 -0.31625
-1.21 -0.355
-1.2075 -0.3825
-1.32 -0.55375
-1.34 -0.5425
-1.26 -0.4625
-1.1825 -0.36125
-1.16 -0.1575
-1.1225 -0.2
-1.16 -0.27375
-1.2825 -0.14125
-1.18 -0.0675
-1.16 -0.14875
-1.15 -0.03
-1.1625 -0.08
-1.2575 -0.13875
-1.19 -0.14875
-1.195 -0.16875
-1.39 -0.2525
-1.225 -0.15
-1.13 -0.02125
-1.2525 -0.0475
-1.095 0.02125
-1.17 -0.045
-1.125 -0.0375
-1.1975 0.06875
-1.1625 0.1175
-1.1375 -0.07875
-1.21 -0.29125
-1.27 -0.435
-1.3275 -0.405
-1.2225 -0.31
-1.215 -0.35125
-1.205 -0.35
-1.1075 -0.145
-1.16 -0.18625
-1.205 -0.14375
-1.115 -0.20375
-1.16 -0.22125
-1.2325 -0.15
-1.2125 0.005
-1.175 -0.07125
-1.1425 -0.16375
-1.1475 -0.13625
-1.16 -0.165
-1.205 -0.1675
-1.255 -0.07
-1.21 -0.06875
-1.2075 -0.1225
-1.155 -0.195
-1.335 -0.3075
-1.28 -0.17625
-1.195 -0.1575
-1.1 -0.09375
-1.24 -0.105
-1.1775 -0.06125
-1.22 -0.1425
-1.155 -0.20875
-1.2325 -0.21875
-1.2125 -0.2475
-1.145 -0.275
-1.2425 -0.30625
-1.1525 -0.19125
-1.16 -0.23875
-1.235 -0.135
-1.3425 -0.15625
-1.19 -0.185
-1.175 -0.19
-1.2025 -0.2
-1.145 -0.11875
-1.105 -0.13875
-1.0575 -0.15875
-1.155 -0.05875
-1.185 -0.08625
-1.2025 -0.1175
-1.1975 -0.00375
-1.22 0.01125
-1.19 0.02625
-1.25 -0.005
-1.275 0.0975
-1.29 -0.0625
-1.2325 -0.1
-1.2825 -0.11375
-1.2375 -0.12
-1.11 -0.06625
-1.2025 -0.22125
-1.28 -0.21875
-1.29 -0.275
-1.2675 -0.26375
-1.1675 -0.24375
-1.225 -0.315
-1.23 -0.2925
-1.1525 -0.2975
-1.16 -0.2075
-1.1875 -0.245
-1.1375 -0.31125
-1.2275 -0.34625
-1.1825 -0.32
-1.1825 -0.29625
-1.2175 -0.34875
-1.195 -0.37125
-1.185 -0.4425
-1.29 -0.575
-1.3025 -0.5525
-1.3075 -0.55625
-1.2775 -0.58375
-1.32 -0.51875
-1.2275 -0.53625
-1.2575 -0.5475
-1.255 -0.56375
-1.2775 -0.56875
-1.2325 -0.455
-1.285 -0.3525
-1.155 -0.29875
-1.1775 -0.40875
-1.2375 -0.4225
-1.2775 -0.405
-1.285 -0.37875
-1.2075 -0.445
-1.2075 -0.335
-1.19 -0.33125
-1.19 -0.3375
-1.2475 -0.29125
-1.2925 -0.31875
-1.2625 -0.37
-1.3175 -0.4275
-1.31 -0.4075
-1.3625 -0.28875
-1.2425 -0.245
-1.115 -0.16375
-1.2475 -0.08
-1.21 -0.25625
-1.2125 -0.30375
-1.2175 -0.42
-1.1125 -0.26125
-1.2325 -0.25375
-1.3625 -0.23125
-1.2 -0.14125
-1.17 -0.095
-1.185 -0.275
-1.175 -0.22875
-1.2675 -0.37625
-1.3425 -0.54625
-1.3025 -0.5575
-1.3575 -0.505
-1.3725 -0.59
-1.2325 -0.52375
-1.39 -0.62125
-1.3725 -0.5475
-1.34 -0.60125
-1.3675 -0.59375
-1.34 -0.61375
-1.365 -0.63375
-1.37 -0.665
-1.2 -0.4975
-1.175 -0.465
-1.1875 -0.3925
-1.2175 -0.47875
-1.2025 -0.4175
-1.225 -0.49875
-1.2225 -0.5025
-1.25 -0.49
-1.295 -0.545
-1.325 -0.57625
-1.2225 -0.47125
-1.215 -0.3925
-1.19 -0.405
-1.2075 -0.35375
-1.1825 -0.2575
-1.1025 -0.24
-1.2325 -0.40625
-1.19 -0.355
-1.1875 -0.40625
-1.18 -0.44
-1.2125 -0.48125
-1.125 -0.4075
-1.115 -0.31875
-1.18 -0.33625
-1.1775 -0.4125
-1.275 -0.505
-1.28 -0.47125
-1.15 -0.39125
-1.21 -0.49125
-1.2875 -0.59875
-1.305 -0.53625
-1.3175 -0.57625
-1.2725 -0.485
-1.1675 -0.3925
-1.2625 -0.335
-1.1625 -0.22875
-1.21 -0.31625
-1.255 -0.4475
-1.32 -0.49125
-1.2525 -0.41125
-1.315 -0.415
-1.2525 -0.34375
-1.09 -0.27875
-1.1725 -0.3975
-1.2625 -0.33625
-1.2075 -0.34625
-1.245 -0.2675
-1.2025 -0.32
-1.1 -0.1875
-1.29 -0.19875
-1.2625 -0.2075
-1.1875 -0.29125
-1.2325 -0.21625
-1.2275 -0.18625
-1.1475 -0.16
-1.135 -0.2525
-1.1425 -0.27875
-1.12 -0.22375
-1.195 -0.3475
-1.305 -0.3975
-1.1875 -0.26125
-1.29 -0.1175
-1.2 -0.15125
-1.2675 -0.16375
-1.305 -0.23
-1.205 -0.19875
-1.2925 -0.15375
-1.145 -0.10625
-1.1475 0.06
-1.1225 0.1225
-1.175 0.07125
-1.17 0.01125
-1.26 0.00375
-1.285 0.02125
-1.1575 0.195
-1.13 0.1475
-1.17 0.255
-1.1575 0.13
-1.14 0.0025
-1.1575 0.08875
-1.2425 0.24125
-1.275 0.2
-1.2 0.175
-1.3225 0.215
-1.295 0.2675
-1.2775 0.2075
-1.2625 0.2975
-1.33 0.3075
-1.3175 0.30875
-1.235 0.25
-1.2575 0.26875
-1.2125 0.245
-1.225 0.17125
-1.2925 0.065
-1.1575 0.0525
-1.2325 0.15125
-1.14 0.105
-1.155 0.04875
-1.25 0.09125
-1.2075 0.0775
-1.2175 -0.05375
-1.2 -0.00625
-1.1875 0.0325
-1.17 0.125
-1.295 0.2225
-1.23 0.24
-1.2875 0.2325
-1.2425 0.12
-1.2025 -0.04
-1.2925 -0.0675
-1.255 -0.125
-1.1625 -0.1375
-1.2075 -0.1375
-1.2675 -0.08875
-1.215 -0.00875
-1.1575 -0.09125
-1.2125 0.05625
-1.245 0.04
-1.2875 0.13
-1.15 0.045
-1.1925 0.0175
-1.2125 0.02
-1.0975 -0.04125
-1.185 -0.1275
-1.2075 -0.1925
-1.2125 -0.31125
-1.2225 -0.365
-1.2025 -0.2625
-1.285 -0.305
-1.1525 -0.26125
-1.135 -0.31
-1.1275 -0.36
-1.1375 -0.30125
-1.1825 -0.185
-1.15 -0.15625
-1.165 -0.26625
-1.305 -0.2525
-1.23 -0.33
-1.275 -0.44
-1.2275 -0.4675
-1.235 -0.44
-1.26 -0.51
-1.2975 -0.56375
-1.43 -0.69
-1.35 -0.665
-1.405 -0.7275
-1.2675 -0.6675
-1.39 -0.6825
-1.3775 -0.61125
-1.27 -0.595
-1.3325 -0.55125
-1.29 -0.5175
-1.2 -0.4475
-1.195 -0.4475
-1.1675 -0.37125
-1.225 -0.44
-1.1675 -0.39125
-1.1625 -0.41125
-1.2775 -0.42375
-1.2925 -0.45375
-1.295 -0.495
-1.335 -0.48625
-1.2325 -0.42625
-1.37 -0.4875
-1.2675 -0.4325
-1.2975 -0.48375
-1.345 -0.57625
-1.2725 -0.50875
-1.235 -0.4775
-1.28 -0.50125
-1.2875 -0.51625
-1.3025 -0.56375
-1.225 -0.4575
-1.175 -0.37625
-1.1525 -0.30125
-1.2325 -0.41875
-1.2925 -0.51875
-1.335 -0.505
-1.24 -0.38625
-1.2175 -0.29375
-1.18 -0.3225
-1.145 -0.23375
-1.2 -0.20375
-1.2525 -0.21125
-1.165 -0.2025
-1.2025 -0.14625
-1.145 -0.265
-1.18 -0.3625
-1.3 -0.37
-1.34 -0.345
-1.235 -0.37875
-1.23 -0.25375
-1.295 -0.3325
-1.185 -0.3525
-1.2275 -0.35125
-1.2175 -0.2525
-1.175 -0.2625
-1.2225 -0.2925
-1.2025 -0.3075
-1.1975 -0.3325
-1.16 -0.2625
-1.25 -0.28375
-1.275 -0.2175
-1.205 -0.24
-1.1725 -0.30125
-1.14 -0.1725
-1.09 -0.09875
-1.1775 -0.125
-1.155 -0.12625
-1.1475 -0.2
-1.235 -0.315
-1.1975 -0.39875
-1.245 -0.45875
-1.1625 -0.34875
-1.255 -0.35
-1.12 -0.22375
-1.1975 -0.24625
-1.1575 -0.36375
-1.2675 -0.45125
-1.2225 -0.37875
-1.165 -0.41875
-1.1725 -0.40125
-1.23 -0.47125
-1.19 -0.3225
-1.185 -0.30875
-1.19 -0.265
-1.18 -0.09625
-1.235 -0.1475
-1.14 -0.19625
-1.0675 -0.17375
-1.2175 -0.11875
-1.205 -0.30375
-1.225 -0.38375
-1.17 -0.37625
-1.2625 -0.3
-1.2975 -0.4075
-1.23 -0.3625
-1.3 -0.315
-1.2725 -0.42875
-1.2575 -0.535
-1.2025 -0.485
-1.215 -0.45875
-1.26 -0.52375
-1.3275 -0.5675
-1.32 -0.645
-1.4025 -0.75
-1.4225 -0.69375
-1.39 -0.6775
-1.32 -0.655
-1.32 -0.63125
-1.2675 -0.615
-1.405 -0.67625
-1.36 -0.715
-1.4175 -0.75375
-1.435 -0.72625
-1.265 -0.63875
-1.29 -0.60625
-1.3325 -0.5725
-1.28 -0.5475
-1.3375 -0.5175
-1.295 -0.51875
-1.2675 -0.45625
-1.255 -0.505
-1.24 -0.49875
-1.2225 -0.42125
-1.305 -0.485
-1.2125 -0.3925
-1.22 -0.4175
-1.2325 -0.43375
-1.2625 -0.46
-1.2275 -0.3125
-1.1525 -0.16625
-1.1625 -0.1575
-1.2775 -0.29
-1.2675 -0.27375
-1.1725 -0.15
-1.1475 -0.16375
-1.205 0.01375
-1.2025 -0.00625
-1.205 0.115
-1.215 0.15875
-1.2 0.15125
-1.205 0.28625
-1.16 0.22625
-1.18 0.1
-1.2075 0.11375
-1.2075 0.12125
-1.25 0.13625
-1.26 -0.02
-1.19 -0.11625
-1.16 -0.2275
-1.175 -0.28125
-1.2225 -0.22125
-1.26 -0.3075
-1.2475 -0.16
-1.16 -0.125
-1.26 -0.17
-1.17 -0.17875
-1.265 -0.22125
-1.2625 -0.19875
-1.15 -0.1775
-1.1575 -0.01
-1.18 0.03875
-1.2125 0.08
-1.16 -0.13125
-1.21 -0.21125
-1.2125 -0.26125
-1.18 -0.2125
-1.2 -0.2075
-1.21 -0.1925
-1.1775 -0.245
-1.18 -0.255
-1.16 -0.325
-1.105 -0.30625
-1.1675 -0.27125
-1.1725 -0.20375
-1.205 -0.08875
-1.1775 -0.14
-1.2525 -0.1825
-1.145 -0.10875
-1.2025 -0.10875
-1.1725 -0.19
-1.265 -0.185
-1.22 -0.135
-1.2125 -0.2175
-1.2225 -0.24
-1.21 -0.1775
-1.205 -0.1675
-1.2275 -0.1925
-1.1425 -0.1675
-1.1875 -0.1775
-1.145 -0.18875
-1.2475 -0.24
-1.2975 -0.265
-1.2575 -0.22625
-1.2675 -0.16
-1.155 -0.1175
-1.295 -0.06875
-1.1975 -0.00375
-1.2275 0.00375
-1.195 0.0875
-1.1725 0.06
-1.22 0.27
-1.28 0.245
-1.0875 0.175
-1.28 0.3875
-1.2325 0.4275
-1.3 0.4575
-1.2425 0.40125
-1.1475 0.37
-1.195 0.4025
-1.33 0.36875
-1.3125 0.37875
-1.3175 0.3225
-1.2 0.23125
-1.1025 0.1725
-1.2 0.29375
-1.3 0.4025
-1.3 0.2825
-1.2225 0.32
-1.2075 0.29375
-1.16 0.23875
-1.2725 0.3625
-1.215 0.275
-1.165 0.27875
-1.2475 0.275
-1.24 0.2525
-1.2425 0.275
-1.275 0.26375
-1.26 0.25125
-1.2225 0.10625
-1.145 0.035
-1.1275 0.06
-1.115 0.2525
-1.13 0.29875
-1.205 0.37875
-1.1675 0.47625
-1.245 0.50875
-1.2275 0.52
-1.225 0.44
-1.2525 0.53125
-1.235 0.4625
-1.1025 0.2775
-1.205 0.21125
-1.1825 0.2125
-1.165 0.1325
-1.17 0.01
-1.23 0.14
-1.185 0.115
-1.0775 0.11375
-1.13 0.035
-1.1275 -0.07
-1.21 -0.235
-1.2875 -0.13625
-1.185 -0.05375
-1.1325 -0.02375
-1.23 -0.045
-1.205 -0.0675
-1.1025 -0.0825
-1.185 -0.1175
-1.19 -0.10875
-1.105 0.04375
-1.2175 -0.13625
-1.245 -0.18
-1.1675 -0.15625
-1.14 -0.15125
-1.1575 -0.29625
-1.155 -0.22875
-1.15 -0.38375
-1.1675 -0.4325
-1.2675 -0.40125
-1.23 -0.3225
-1.1875 -0.3025
-1.2575 -0.36625
-1.195 -0.31375
-1.17 -0.175
-1.1575 -0.255
-1.09 -0.21
-1.2 -0.135
-1.27 -0.06375
-1.1675 -0.0275
-1.18 0.04375
-1.1925 -0.0625
-1.1725 -0.13375
-1.18 -0.20375
-1.1975 -0.24
-1.1725 -0.27
-1.2375 -0.22875
-1.28 -0.2475
-1.255 -0.19125
-1.1875 -0.18625
-1.205 -0.2475
-1.25 -0.35
-1.2325 -0.34625
-1.2425 -0.315
-1.215 -0.30875
-1.2225 -0.31375
-1.215 -0.33875
-1.1025 -0.31125
-1.1725 -0.17375
-1.16 -0.38125
-1.25 -0.45375
-1.22 -0.47
-1.205 -0.46375
-1.2375 -0.55375
-1.2225 -0.5
-1.3475 -0.5525
-1.3925 -0.67
-1.2675 -0.5925
-1.3025 -0.54375
-1.2475 -0.4375
-1.335 -0.53125
-1.2725 -0.47625
-1.24 -0.4325
-1.2525 -0.48
-1.295 -0.58
-1.2325 -0.5525
-1.28 -0.52375
-1.2725 -0.5425
-1.2525 -0.46125
-1.2125 -0.48125
-1.215 -0.4525
-1.295 -0.53375
-1.355 -0.56125
-1.3325 -0.5075
-1.32 -0.52875
-1.3475 -0.51125
-1.255 -0.39125
-1.23 -0.2675
-1.165 -0.32125
-1.235 -0.43125
-1.2025 -0.41
-1.185 -0.37875
-1.165 -0.27375
-1.2 -0.2175
-1.125 -0.16125
-1.17 -0.255
-1.2025 -0.13
-1.2775 -0.1325
-1.2725 0.01
-1.1575 0.015
-1.1275 -0.01
-1.1575 -0.05125
-1.2475 -0.0575
-1.2125 -0.14625
-1.225 -0.0325
-1.155 -0.1
-1.1625 -0.1325
-1.3 -0.12625
-1.1725 -0.20375
-1.215 -0.1425
-1.18 -0.06875
-1.2025 -0.075
-1.1625 -0.07875
-1.2625 -0.26375
-1.2875 -0.2925
-1.2825 -0.24375
-1.3 -0.34125
-1.2725 -0.335
-1.21 -0.32875
-1.3675 -0.42375
-1.255 -0.4075
-1.235 -0.42125
-1.215 -0.45875
-1.3775 -0.52875
-1.235 -0.53875
-1.1825 -0.475
-1.2375 -0.405
-1.21 -0.405
-1.2875 -0.40125
-1.17 -0.3425
-1.1725 -0.2375
-1.2425 -0.2475
-1.29 -0.3325
-1.15 -0.34
-1.235 -0.3325
-1.1375 -0.36
-1.26 -0.36125
-1.2475 -0.37875
-1.25 -0.4675
-1.265 -0.47
-1.3725 -0.55875
-1.2425 -0.5375
-1.175 -0.535
-1.37 -0.535
-1.3325 -0.49875
-1.2675 -0.44
-1.2875 -0.4875
-1.2375 -0.515
-1.3475 -0.61125
-1.305 -0.5625
-1.315 -0.56125
-1.2375 -0.57625
-1.1925 -0.48625
-1.2925 -0.455
-1.265 -0.37125
-1.2125 -0.3375
-1.245 -0.34875
-1.175 -0.31
-1.09 -0.29625
-1.2225 -0.385
-1.2125 -0.4475
-1.315 -0.4575
-1.1425 -0.38
-1.3075 -0.4375
-1.2575 -0.38125
-1.205 -0.29875
-1.2625 -0.30875
-1.1675 -0.3475
-1.195 -0.37375
-1.23 -0.43875
-1.2275 -0.41875
-1.2825 -0.42625
-1.1975 -0.39
-1.21 -0.30125
-1.2025 -0.3225
-1.28 -0.385
-1.2825 -0.475
-1.3525 -0.4725
-1.27 -0.45125
-1.3075 -0.4425
-1.255 -0.4075
-1.215 -0.3525
-1.2225 -0.4325
-1.26 -0.53
-1.34 -0.58125
-1.28 -0.50875
-1.2875 -0.52
-1.3475 -0.54625
-1.345 -0.4675
-1.2525 -0.46625
-1.26 -0.3875
-1.2225 -0.315
-1.3025 -0.35625
-1.265 -0.50875
-1.2325 -0.49
-1.22 -0.49
-1.195 -0.58125
-1.3125 -0.62375
-1.21 -0.505
-1.2775 -0.48625
-1.2125 -0.44875
-1.15 -0.24375
-1.25 -0.4025
-1.28 -0.34
-1.19 -0.32125
-1.28 -0.36125
-1.225 -0.35125
-1.2125 -0.39375
-1.2825 -0.55375
-1.365 -0.61875
-1.3475 -0.59125
-1.33 -0.60625
-1.39 -0.59625
-1.3525 -0.565
-1.1875 -0.4575
-1.25 -0.435
-1.2625 -0.42875
-1.3575 -0.4675
-1.3625 -0.51
-1.245 -0.49125
-1.1525 -0.3675
-1.245 -0.40375
-1.265 -0.4725
-1.2075 -0.415
-1.245 -0.47125
-1.33 -0.52
-1.2725 -0.43875
-1.1775 -0.38875
-1.285 -0.4425
-1.1775 -0.3825
-1.21 -0.3775
-1.2875 -0.41625
-1.1275 -0.2825
-1.2025 -0.27875
-1.2 -0.30875
-1.1775 -0.2125
-1.125 -0.12875
-1.165 0.00125
-1.1425 0.015
-1.0825 0.0625
-1.11 0.025
-1.25 0.03
-1.2 0.1725
-1.1575 0.05375
-1.195 0.155
-1.22 0.16
-1.1675 0.26125
-1.195 0.27
-1.15 0.195
-1.145 0.28
-1.2625 0.32
-1.265 0.28875
-1.1925 0.29
-1.2 0.3775
-1.195 0.34
-1.2375 0.4525
-1.2175 0.41
-1.1775 0.44
-1.2025 0.42625
-1.2 0.3825
-1.195 0.37125
-1.2575 0.425
-1.3125 0.48
-1.2975 0.50875
-1.35 0.52375
-1.3075 0.59125
-1.3175 0.55625
-1.335 0.53125
-1.275 0.39
-1.355 0.4225
-1.3175 0.52375
-1.24 0.46625
-1.3375 0.5875
-1.2725 0.5375
-1.2775 0.4
-1.215 0.3725
-1.16 0.33375
-1.2425 0.29125
-1.1275 0.31375
-1.1825 0.385
-1.2225 0.41625
-1.2325 0.4725
-1.1525 0.39375
-1.2525 0.4025
-1.2325 0.57
-1.3225 0.60375
-1.3325 0.53125
-1.2875 0.5225
-1.245 0.4275
-1.2525 0.44375
-1.3075 0.5525
-1.2925 0.58375
-1.2775 0.56625
-1.295 0.59625
-1.35 0.53
-1.29 0.4975
-1.26 0.57125
-1.3025 0.48625
-1.29 0.4275
-1.2025 0.39875
-1.125 0.39625
-1.1625 0.40875
-1.1675 0.48625
-1.29 0.56375
-1.2525 0.48375
-1.315 0.42625
-1.1375 0.31625
-1.16 0.305
-1.1975 0.27375
-1.135 0.2125
-1.175 0.09625
-1.2675 0.255
-1.2175 0.34875
-1.255 0.37375
-1.205 0.395
-1.3025 0.3075
-1.205 0.38
-1.25 0.3675
-1.185 0.35625
-1.24 0.43375
-1.2575 0.44125
-1.305 0.49375
-1.295 0.50375
-1.1775 0.41375
-1.275 0.42
-1.26 0.365
-1.2575 0.42125
-1.275 0.41
-1.2675 0.4525
-1.235 0.43625
-1.335 0.41625
-1.29 0.41375
-1.3325 0.4825
-1.23 0.43
-1.245 0.535
-1.31 0.55875
-1.2425 0.4925
-1.2525 0.5275
-1.3 0.52375
-1.2575 0.505
-1.335 0.575
-1.2725 0.5275
-1.3625 0.6175
-1.2425 0.48625
-1.365 0.6075
-1.23 0.52875
-1.2625 0.61875
-1.2625 0.67625
-1.4225 0.7575
-1.3225 0.69375
-1.26 0.55
-1.3775 0.60875
-1.305 0.56125
-1.2625 0.5725
-1.35 0.605
-1.4025 0.72
-1.26 0.62125
-1.2975 0.6
-1.235 0.4875
-1.3275 0.5575
-1.305 0.55875
-1.4075 0.62375
-1.415 0.69375
-1.27 0.54625
-1.195 0.50375
-1.3775 0.59625
-1.4225 0.66125
-1.3025 0.61375
-1.2275 0.5675
-1.3 0.54
-1.2225 0.4925
-1.2475 0.515
-1.235 0.5875
-1.2675 0.53625
-1.2675 0.52125
-1.2325 0.4075
-1.2475 0.43875
-1.2325 0.335
-1.285 0.36
-1.165 0.37125
-1.2675 0.48125
-1.235 0.50125
-1.2925 0.4475
-1.2475 0.56625
-1.26 0.54875
-1.1475 0.4275
-1.21 0.45
-1.2425 0.2425
-1.255 0.295
-1.0925 0.2225
-1.22 0.13625
-1.17 0.085
-1.2275 -0.0875
-1.0625 -0.00625
-1.145 0.07125
-1.215 0.01625
-1.1825 0.04125
-1.1975 0.07125
-1.2275 0.07125
-1.1925 0.1125
-1.315 0.01875
-1.195 -0.06375
-1.19 -0.255
-1.1525 -0.17375
-1.2375 -0.205
-1.23 -0.07375
-1.1625 -0.07125
-1.2275 0.09
-1.2225 -0.03625
-1.2 -0.0375
-1.1825 -0.1025
-1.2325 -0.1125
-1.16 -0.00875
-1.1875 -0.0225
-1.175 -0.1225
-1.21 -0.2775
-1.155 -0.28
-1.21 -0.2
-1.2875 -0.22125
-1.315 -0.22125
-1.17 -0.22625
-1.2275 -0.3425
-1.225 -0.3825
-1.235 -0.37625
-1.225 -0.28625
-1.2325 -0.18375
-1.265 -0.125
-1.2075 -0.06
-1.2175 0.035
-1.205 -0.0475
-1.15 -0.0825
-1.29 -0.26625
-1.2425 -0.29125
-1.1875 -0.25875
-1.2025 -0.32625
-1.2425 -0.4075
-1.22 -0.34625
-1.2275 -0.27875
-1.185 -0.18875
-1.2275 -0.2275
-1.1825 -0.27875
-1.225 -0.1875
-1.26 -0.19875
-1.2775 -0.175
-1.225 -0.24875
-1.1525 -0.29125
-1.265 -0.17
-1.16 -0.3075
-1.225 -0.175
-1.1 -0.135
-1.0775 -0.1625
-1.16 -0.215
-1.2425 -0.29375
-1.225 -0.16625
-1.2075 -0.2125
-1.2 -0.19125
-1.1325 -0.23
-1.2 -0.25125
-1.1425 -0.20125
-1.2025 -0.18
-1.2675 -0.33125
-1.235 -0.35375
-1.2525 -0.33625
-1.23 -0.36
-1.1725 -0.16625
-1.145 -0.13875
-1.2125 -0.19
-1.355 -0.1725
-1.22 -0.19375
-1.2525 -0.20125
-1.1275 -0.19625
-1.31 -0.27625
-1.3125 -0.3375
-1.26 -0.27125
-1.2125 -0.24375
-1.245 -0.2175
-1.2175 -0.10875
-1.1925 -0.1175
-1.18 -0.27
-1.1925 -0.36625
-1.1975 -0.31875
-1.1875 -0.26125
-1.1575 -0.205
-1.0725 -0.12875
-1.14 -0.02875
-1.125 0.0125
-1.1125 -0.06
-1.2475 -0.05
-1.185 0.00375
-1.2625 -0.08375
-1.195 -0.2475
-1.095 -0.26125
-1.2275 -0.405
-1.2125 -0.3175
-1.2775 -0.41125
-1.2375 -0.33875
-1.1975 -0.31875
-1.1875 -0.21125
-1.225 -0.1875
-1.2425 -0.1175
-1.15 -0.175
-1.1475 -0.02875
-1.2025 -0.11875
-1.23 -0.0875
-1.1975 -0.19125
-1.165 -0.19
-1.2225 -0.14
-1.1425 0.0275
-1.19 -0.04125
-1.29 -0.04625
-1.1575 0.03375
-1.095 0.08625
-1.165 0.0275
-1.2225 0.12125
-1.1375 0.13875
-1.305 0.205
-1.2075 0.30125
-1.1675 0.3275
-1.26 0.33125
-1.32 0.32875
-1.14 0.25125
-1.15 0.22875
-1.1075 0.30125
-1.16 0.245
-1.1475 0.31
-1.145 0.3525
-1.185 0.265
-1.1725 0.365
-1.1975 0.295
-1.1225 0.0875
-1.0775 -0.01375
-1.1425 -0.02375
-1.1075 -0.06125
-1.12 -0.02
-1.155 -0.12375
-1.135 -0.15625
-1.1725 -0.11875
-1.225 -0.0725
-1.24 -0.06
-1.1625 0.05
-1.19 0.115
-1.2075 0.10625
-1.28 0.1225
-1.3125 0.2375
-1.2775 0.19125
-1.205 0.105
-1.1825 0.02875
-1.205 0.14625
-1.215 0.2175
-1.1875 0.25
-1.155 0.195
-1.2825 0.39875
-1.235 0.23125
-1.17 0.2525
-1.23 0.26
-1.225 0.2525
-1.215 0.33125
-1.2125 0.42125
-1.2325 0.44125
-1.3025 0.5275
-1.31 0.45125
-1.3 0.49875
-1.22 0.535
-1.3025 0.5125
-1.325 0.5675
-1.2775 0.5525
-1.2475 0.5
-1.25 0.5525
-1.3475 0.67375
-1.25 0.65875
-1.3225 0.59875
-1.1425 0.48
-1.22 0.46375
-1.3 0.51125
-1.295 0.51375
-1.35 0.55125
-1.2525 0.5275
-1.2325 0.43875
-1.285 0.375
-1.1975 0.39125
-1.25 0.47625
-1.295 0.52375
-1.35 0.50875
-1.35 0.60875
-1.2525 0.4925
-1.1625 0.45875
-1.19 0.45625
-1.3075 0.445
-1.27 0.4125
-1.335 0.36125
-1.31 0.39625
-1.2325 0.41
-1.1575 0.43125
-1.245 0.54125
-1.265 0.51
-1.175 0.35125
-1.2225 0.34125
-1.1875 0.30625
-1.22 0.2075
-1.1675 0.2675
-1.355 0.32375
-1.2775 0.435
-1.23 0.4575
-1.2225 0.44625
-1.15 0.42875
-1.2175 0.3875
-1.16 0.415
-1.2525 0.37
-1.115 0.2275
-1.2075 0.215
-1.2075 0.305
-1.19 0.25
-1.2425 0.25625
-1.19 0.14
-1.2425 0.17625
-1.255 0.1
-1.215 0.17
-1.2975 0.09375
-1.3 0.09375
-1.22 0.08875
-1.2625 0.1275
-1.2575 0.12
-1.225 -0.00625
-1.2125 -0.08875
-1.285 -0.165
-1.1925 -0.23375
-1.18 -0.2725
-1.2075 -0.18375
-1.22 -0.19375
-1.28 -0.29875
-1.23 -0.2775
-1.0625 -0.2275
-1.205 -0.19125
-1.1125 -0.12625
-1.2225 -0.1875
-1.1525 -0.195
-1.285 -0.29625
-1.1475 -0.29
-1.13 -0.22625
-1.115 -0.255
-1.15 -0.1375
-1.1925 -0.22625
-1.195 -0.2775
-1.0175 -0.3675
-1.1325 -0.35125
-1.29 -0.33625
-1.1975 -0.32125
-1.1675 -0.135
-1.1875 0.0725
-1.205 0.1575
-1.2075 0.1225
-1.24 0.09375
-1.195 0.17875
-1.21 0.1375
-1.14 0.13625
-1.2125 0.195
-1.25 0.08125
-1.2375 0.13625
-1.2425 0.05625
-1.185 -0.085
-1.1675 0.06
-1.1325 0.13125
-1.1225 0.21625
-1.2575 0.33
-1.175 0.24
-1.27 0.33375
-1.29 0.25375
-1.26 0.25625
-1.315 0.225
-1.23 0.2025
-1.21 0.2025
-1.205 0.09375
-1.145 0.085
-1.2025 0.2325
-1.125 0.2825
-1.1825 0.22875
-1.11 0.27875
-1.195 0.32
-1.14 0.2225
-1.185 0.2375
-1.21 0.19875
-1.27 0.18
-1.18 0.12875
-1.09 0.2475
-1.28 0.3625
-1.18 0.35
-1.2125 0.41
-1.2525 0.4175
-1.3 0.455
-1.2275 0.55125
-1.1825 0.5025
-1.2425 0.3575
-1.2675 0.40625
-1.205 0.44375
-1.265 0.45625
-1.1925 0.44875
-1.275 0.39875
-1.185 0.33
-1.2025 0.34625
-1.165 0.2825
-1.1175 0.1875
-1.1475 0.205
-1.11 0.29125
-1.215 0.28375
-1.2 0.30625
-1.2525 0.3625
-1.245 0.395
-1.115 0.285
-1.2125 0.32
-1.1425 0.3125
-1.3025 0.48875
-1.3675 0.53
-1.2575 0.48625
-1.21 0.33625
-1.2375 0.3475
-1.24 0.3075
-1.2425 0.34375
-1.1375 0.3425
-1.1525 0.34
-1.1325 0.18625
-1.1175 0.215
-1.3125 0.22375
-1.24 0.18125
-1.2725 0.24875
-1.17 0.14375
-1.225 0.12875
-1.21 0.22125
-1.165 0.1825
-1.2725 0.06625
-1.23 0.065
-1.1125 0.04125
-1.0525 -0.13125
-1.0575 -0.12125
-1.1775 -0.2275
-1.1075 -0.135
-1.04 -0.105
-1.1425 -0.09625
-1.26 -0.13
-1.1175 -0.105
-1.1775 -0.005
-1.1775 0.015
-1.1825 0.1075
-1.2125 0.14625
-1.18 0.0875
-1.19 0.05125
-1.355 0.06375
-1.2225 0.085
-1.3175 0.1025
-1.2425 -0.1125
-1.32 -0.11
-1.2425 -0.0675
-1.1525 -0.05375
-1.2375 0.06375
-1.2275 0.09
-1.1975 0.1
-1.305 0.1075
-1.205 0.0575
-1.1625 0.11125
-1.21 0.04625
-1.165 0.00625
-1.2325 -0.005
-1.1775 0.01625
-1.265 -0.08
-1.2075 -0.175
-1.2375 -0.18875
-1.27 -0.10625
-1.2575 -0.14875
-1.2875 -0.1875
-1.165 -0.2575
-1.23 -0.31875
-1.1725 -0.265
-1.2325 -0.3125
-1.2675 -0.3225
-1.27 -0.24125
-1.175 -0.25125
-1.185 -0.22375
-1.2775 -0.27125
-1.16 -0.2775
-1.215 -0.3375
-1.3225 -0.4175
-1.1775 -0.35125
-1.1075 -0.26125
-1.1675 -0.2275
-1.195 -0.32875
-1.145 -0.24375
-1.1725 -0.23375
-1.255 -0.23
-1.225 -0.07625
-1.0725 -0.13125
-1.165 -0.18875
-1.25 -0.225
-1.2875 -0.1325
-1.1775 -0.13
-1.165 -0.245
-1.1875 -0.2675
-1.24 -0.16125
-1.21 -0.19125
-1.195 -0.20625
-1.215 -0.23625
-1.205 -0.31125
-1.2825 -0.29
-1.08 -0.23875
-1.16 -0.275
-1.195 -0.15
-1.13 -0.2
-1.2025 -0.19125
-1.145 -0.155
-1.0875 -0.24625
-1.305 -0.3475
-1.275 -0.3425
-1.275 -0.3
-1.2375 -0.3575
-1.3425 -0.43
-1.245 -0.44125
-1.3275 -0.56625
-1.385 -0.53875
-1.3125 -0.55625
-1.335 -0.5975
-1.2575 -0.56125
-1.2325 -0.48625
-1.255 -0.39875
-1.2275 -0.51875
-1.425 -0.76875
-1.325 -0.64
-1.37 -0.66
-1.275 -0.625
-1.26 -0.5775
-1.145 -0.47375
-1.2575 -0.575
-1.335 -0.64625
-1.2775 -0.5825
-1.2475 -0.5075
-1.385 -0.495
-1.2025 -0.49375
-1.255 -0.545
-1.2975 -0.54
-1.2325 -0.46625
-1.2725 -0.51375
-1.1875 -0.40125
-1.2175 -0.51125
-1.25 -0.445
-1.18 -0.36625
-1.1725 -0.1925
-1.065 -0.0175
-1.2325 -0.05875
-1.1775 0.085
-1.21 0.135
-1.1225 0.11
-1.145 0.08625
-1.2475 -0.09125
-1.205 -0.07375
-1.25 -0.10125
-1.175 -0.2025
-1.275 -0.2675
-1.32 -0.20875
-1.18 -0.18
-1.2775 -0.13625
-1.215 -0.0825
-1.2675 -0.21875
-1.115 0.00875
-1.14 0.08625
-1.1675 0.1425
-1.145 0.11875
-1.1275 0.0925
-1.2925 0.0675
-1.235 0.11125
-1.2075 0.015
-1.26 -0.00125
-1.2225 0.02
-1.165 0.08
-1.27 0.0075
-1.1625 -0.09
-1.185 -0.00875
-1.285 -0.035
-1.1925 -0.08875
-1.205 0.08
-1.16 0.23
-1.305 0.35125
-1.3075 0.24
-1.155 0.1375
-1.21 0.14625
-1.2625 0.1875
-1.21 0.185
-1.2025 0.10625
-1.21 0.19875
-1.255 0.15125
-1.2275 0.1325
-1.3125 0.12375
-1.18 0.04625
-1.2475 0.0375
-1.1675 0.055
-1.1725 0.125
-1.2625 0.265
-1.33 0.14875
-1.225 0.21875
-1.3325 0.425
-1.1875 0.2825
-1.2225 0.30875
-1.2225 0.37
-1.32 0.39125
-1.2625 0.43
-1.215 0.37875
-1.3 0.30625
-1.275 0.2075
-1.18 0.25875
-1.155 0.235
-1.1475 0.0475
-1.205 -0.07875
-1.19 -0.09125
-1.2 -0.12125
-1.2675 -0.0575
-1.1975 0.02125
-1.2325 0.10125
-1.2625 -0.0925
-1.1675 -0.03
-1.2025 0.02625
-1.245 0.19375
-1.105 0.1325
-1.18 0.1625
-1.2475 0.0975
-1.2275 -0.01125
-1.225 -0.04125
-1.22 -0.0925
-1.155 -0.06625
-1.145 -0.0875
-1.1725 -0.05
-1.195 -0.0225
-1.1525 0.0725
-1.1575 0.09875
-1.18 0.2075
-1.2225 0.2
-1.325 0.1375
-1.1875 0.0275
-1.225 0.01875
-1.1125 0.01625
-1.0825 -0.03125
-1.0925 0.08625
-1.0825 0.08875
-1.2125 0.1525
-1.1775 0.17375
-1.1975 0.1475
-1.2525 0.17625
-1.195 0.1
-1.24 0.0425
-1.2625 -0.01625
-1.2025 -0.07375
-1.25 -0.07125
-1.195 -0.03
-1.13 -0.0075
-1.275 0.1325
-1.1725 0.20375
-1.175 0.16625
-1.125 0.15375
-1.17 0.11
-1.28 0.1025
-1.2075 -0.01625
-1.2475 0.0275
-1.165 -0.08125
-1.27 0.02875
-1.2825 -0.02625
-1.295 0.03625
-1.24 0.06625
-1.1675 0.02375
-1.2525 -0.00875
-1.1675 -0.0325
-1.2625 -0.13375
-1.2825 -0.20625
-1.2575 -0.25875
-1.2225 -0.29625
-1.2025 -0.255
-1.1375 -0.11875
-1.125 -0.01125
-1.1275 -0.045
-1.2375 -0.115
-1.23 -0.08
-1.2525 -0.09375
-1.2075 -0.07625
-1.17 -0.14625
-1.175 0.02375
-1.1275 0.0725
-1.2025 0.0875
-1.1975 0.13625
-1.19 0.31375
-1.3075 0.4275
-1.27 0.4625
-1.175 0.3
-1.2525 0.34125
-1.2375 0.2975
-1.235 0.39875
-1.1825 0.37875
-1.1975 0.35125
-1.18 0.4675
-1.2325 0.3775
-1.2725 0.43375
-1.35 0.465
-1.1925 0.35
-1.1725 0.4725
-1.415 0.51875
-1.2925 0.5525
-1.25 0.56625
-1.2275 0.53625
-1.2975 0.53375
-1.21 0.425
-1.1675 0.35875
-1.2275 0.41125
-1.265 0.3775
-1.2925 0.31375
-1.2525 0.21875
-1.2825 0.22875
-1.1825 0.2125
-1.165 0.2325
-1.205 0.19375
-1.1925 0.22875
-1.1 0.1
-1.265 0.09375
-1.2625 0.04125
-1.24 0.115
-1.16 0.045
-1.325 -0.21
-1.2225 -0.225
-1.1925 -0.22
-1.2475 -0.32875
-1.205 -0.36875
-1.2025 -0.3925
-1.2075 -0.4775
-1.1675 -0.46
-1.195 -0.36625
-1.1125 -0.2575
-1.11 -0.2175
-1.1025 -0.19625
-1.2025 -0.28875
-1.295 -0.3375
-1.2425 -0.36125
-1.22 -0.34625
-1.28 -0.35375
-1.19 -0.29
-1.2425 -0.3625
-1.2675 -0.4275
-1.3025 -0.5325
-1.255 -0.57125
-1.225 -0.57
-1.4125 -0.72125
-1.34 -0.62375
-1.265 -0.49125
-1.31 -0.6775
-1.455 -0.72125
-1.315 -0.68375
-1.4075 -0.67
-1.215 -0.55625
-1.26 -0.57625
-1.28 -0.595
-1.4275 -0.72875
-1.2925 -0.6375
-1.3375 -0.52625
-1.285 -0.59
-1.22 -0.56375
-1.285 -0.50875
-1.3075 -0.5075
-1.26 -0.47125
-1.2575 -0.5875
-1.2325 -0.53625
-1.23 -0.545
-1.215 -0.485
-1.2175 -0.46625
-1.105 -0.475
-1.1625 -0.3175
-1.1225 -0.335
-1.1775 -0.23125
-1.215 -0.32875
-1.2225 -0.19375
-1.175 -0.13875
-1.2525 -0.26
-1.225 -0.15125
-1.225 -0.1475
-1.185 -0.13375
-1.235 -0.2225
-1.19 -0.19375
-1.2575 -0.34625
-1.2425 -0.51125
-1.375 -0.525
-1.29 -0.51375
-1.405 -0.575
-1.37 -0.56125
-1.4025 -0.61
-1.3275 -0.635
-1.3775 -0.60625
-1.3 -0.60375
-1.3875 -0.57375
-1.235 -0.60375
-1.28 -0.5925
-1.4 -0.75125
-1.355 -0.67
-1.2125 -0.49875
-1.32 -0.61625
-1.335 -0.67125
-1.3325 -0.6425
-1.39 -0.6575
-1.2725 -0.59875
-1.26 -0.5725
-1.26 -0.56125
-1.2525 -0.485
-1.2075 -0.39375
-1.1375 -0.115
-1.2125 -0.19375
-1.29 -0.23125
-1.2275 -0.26375
-1.285 -0.30375
-1.2375 -0.31375
-1.2775 -0.30875
-1.1675 -0.20375
-1.225 -0.29125
-1.1275 -0.2675
-1.2125 -0.12
-1.19 0.0175
-1.05 -0.09375
-1.15 -0.035
-1.245 0.08375
-1.2 0.0075
-1.31 -0.0575
-1.16 -0.10125
-1.225 -0.04875
-1.305 0.075
-1.21 0.105
-1.2225 0.2175
-1.155 0.215
-1.2175 0.21625
-1.2575 0.31
-1.185 0.3475
-1.175 0.44375
-1.215 0.36875
-1.22 0.26875
-1.2025 0.225
-1.18 0.17375
-1.0775 0.11
-1.205 0.11125
-1.095 0.10625
-1.1675 0.18875
-1.165 0.17375
-1.18 0.03875
-1.275 0.0175
-1.14 0.0125
-1.2525 -0.06
-1.235 -0.12
-1.28 -0.0675
-1.215 0.07125
-1.1875 -0.17
-1.215 -0.12375
-1.2275 -0.2075
-1.085 -0.15375
-1.1725 -0.25875
-1.1825 -0.24875
-1.18 -0.37875
-1.1725 -0.31875
-1.205 -0.37875
-1.26 -0.47375
-1.2425 -0.47125
-1.25 -0.52125
-1.2975 -0.5
-1.2975 -0.49
-1.3525 -0.5325
-1.3225 -0.5475
-1.275 -0.58625
-1.21 -0.5525
-1.235 -0.565
-1.2025 -0.525
-1.235 -0.51
-1.29 -0.3625
-1.155 -0.325
-1.19 -0.26
-1.225 -0.20375
-1.105 -0.16625
-1.1075 -0.165
-1.1225 -0.18125
-1.18 -0.1
-1.155 -0.05875
-1.135 -0.07625
-1.1275 -0.2325
-1.2075 -0.36125
-1.135 -0.265
-1.185 -0.34125
-1.275 -0.38875
-1.145 -0.33125
-1.18 -0.30875
-1.1975 -0.36875
-1.2025 -0.25625
-1.235 -0.1775
-1.22 -0.22625
-1.265 -0.2525
-1.195 -0.16375
-1.1725 -0.175
-1.1675 -0.15625
-1.3325 -0.32375
-1.2175 -0.36
-1.265 -0.3425
-1.245 -0.35625
-1.19 -0.2825
-1.2675 -0.3475
-1.1775 -0.28875
-1.1825 -0.2775
-1.17 -0.24875
-1.2275 -0.2575
-1.2025 -0.2
-1.2625 -0.20625
-1.1175 -0.14
-1.1875 -0.145
-1.2 -0.19625
-1.23 -0.18125
-1.2475 -0.1675
-1.255 -0.10125
-1.1275 0.0725
-1.2275 -0.02
-1.1575 -0.07
-1.21 0.02625
-1.24 0.06375
-1.225 0.04875
-1.24 0.065
-1.1775 0.05875
-1.21 0.085
-1.175 -0.03875
-1.12 -0.1075
-1.1775 0.03875
-1.3175 0.21625
-1.295 0.16375
-1.315 0.0875
-1.2825 0.1375
-1.1 0.08875
-1.185 -0.0075
-1.2675 0.135
-1.24 0.1775
-1.27 0.21125
-1.2075 0.20875
-1.2425 0.20125
-1.2525 0.30875
-1.235 0.2325
-1.2375 0.27875
-1.135 0.30875
-1.09 0.265
-1.225 0.295
-1.17 0.20875
-1.0775 0.20375
-1.2275 0.25875
-1.19 0.16
-1.1925 0.1625
-1.29 0.0875
-1.295 0.0475
-1.3 0.05125
-1.2375 -0.0175
-1.2925 -0.05625
-1.285 0.08375
-1.2375 -0.0275
-1.1025 -0.07125
-1.1975 -0.02125
-1.085 0.12875
-1.2375 0.15375
-1.1775 0.06
-1.165 0.0425
-1.24 0.09
-1.2675 0.02875
-1.31 0.04125
-1.3175 0.10375
-1.3475 0.12
-1.2525 0.06
-1.18 0.03625
-1.2125 0.0675
-1.175 0.16375
-1.11 0.0325
-1.155 0.01
-1.1625 0.03
-1.2025 0.1225
-1.23 0.145
-1.1375 0.16375
-1.1775 0.0925
-1.2 0.19875
-1.1325 0.2725
-1.175 0.45
-1.285 0.5425
-1.31 0.44125
-1.215 0.3675
-1.2275 0.4125
-1.22 0.4025
-1.255 0.37875
-1.29 0.44625
-1.3 0.38375
-1.22 0.41875
-1.3275 0.53375
-1.3025 0.46125
-1.175 0.50125
-1.335 0.53625
-1.3075 0.49625
-1.3475 0.5075
-1.35 0.57
-1.2125 0.45
-1.26 0.54375
-1.31 0.5775
-1.2375 0.52375
-1.31 0.54625
-1.2225 0.48875
-1.1925 0.4475
-1.225 0.51
-1.2675 0.55125
-1.3825 0.615
-1.2825 0.54875
-1.2025 0.5275
-1.28 0.42375
-1.3025 0.52625
-1.275 0.48125
-1.2925 0.535
-1.295 0.44
-1.16 0.3925
-1.2425 0.3725
-1.2025 0.295
-1.155 0.25375
-1.2575 0.31625
-1.2575 0.29625
-1.17 0.3575
-1.245 0.38125
-1.2975 0.4725
-1.285 0.47625
-1.255 0.4325
-1.265 0.45375
-1.2475 0.4325
-1.2375 0.335
-1.2475 0.3975
-1.1725 0.435
-1.2925 0.4325
-1.11 0.27375
-1.3075 0.2275
-1.245 0.12375
-1.295 0.17375
-1.125 0.1525
-1.1175 0.27375
-1.1575 0.26125
-1.2 0.29625
-1.2275 0.2325
-1.2 0.295
-1.21 0.35
-1.3175 0.46
-1.3525 0.51625
-1.365 0.55125
-1.27 0.57125
-1.285 0.5525
-1.3475 0.64375
-1.3 0.64
-1.3525 0.64
-1.185 0.4875
-1.235 0.45625
-1.3075 0.51375
-1.275 0.57
-1.3225 0.5775
-1.2925 0.59375
-1.1675 0.4875
-1.24 0.5225
-1.2025 0.4625
-1.275 0.465
-1.33 0.605
-1.2375 0.56875
-1.3225 0.6075
-1.3525 0.61
-1.3975 0.64375
-1.41 0.64
-1.3175 0.5925
-1.2675 0.52875
-1.1675 0.39875
-1.15 0.2575
-1.1275 0.185
-1.1225 0.25625
-1.285 0.355
-1.12 0.33375
-1.2325 0.39625
-1.23 0.38625
-1.2275 0.31375
-1.175 0.32625
-1.1825 0.2825
-1.2225 0.27875
-1.1675 0.25125
-1.165 0.30625
-1.1775 0.33
-1.32 0.44
-1.23 0.41875
-1.2575 0.35875
-1.18 0.32625
-1.25 0.31
-1.2625 0.3775
-1.2825 0.38125
-1.2525 0.41
-1.32 0.385
-1.2875 0.37125
-1.295 0.36625
-1.195 0.265
-1.3075 0.3475
-1.295 0.4025
-1.2925 0.4375
-1.325 0.50125
-1.215 0.52375
-1.2175 0.52625
-1.25 0.39625
-1.2425 0.42875
-1.23 0.3875
-1.2075 0.35125
-1.13 0.24875
-1.0725 0.25
-1.225 0.3825
-1.2475 0.27625
-1.2275 0.28125
-1.0375 0.15125
-1.04 0.20625
-1.155 0.18875
-1.235 0.38
-1.3175 0.52625
-1.3025 0.47375
-1.1275 0.32
-1.1625 0.5175
-1.2075 0.52375
-1.2625 0.58625
-1.25 0.55375
-1.315 0.665
-1.33 0.54375
-1.26 0.55125
-1.1575 0.4425
-1.225 0.47375
-1.3 0.47125
-1.265 0.40625
-1.14 0.325
-1.325 0.4025
-1.295 0.5075
-1.3075 0.5275
-1.2275 0.43625
-1.185 0.41625
-1.215 0.435
-1.3 0.52
-1.2475 0.525
-1.1725 0.4
-1.3225 0.5975
-1.28 0.54375
-1.185 0.44
-1.2125 0.3775
-1.1875 0.32375
-1.27 0.36375
-1.155 0.28125
-1.3025 0.365
-1.3275 0.36875
-1.325 0.40875
-1.305 0.46875
-1.2725 0.43875
-1.2625 0.3175
-1.195 0.4575
-1.225 0.39375
-1.2875 0.31
-1.2275 0.365
-1.1625 0.36875
-1.1975 0.42375
-1.1775 0.37
-1.175 0.2875
-1.205 0.2575
-1.1475 0.265
-1.245 0.245
-1.285 0.36
-1.24 0.36625
-1.23 0.42
-1.295 0.415
-1.25 0.37875
-1.2075 0.3825
-1.13 0.23875
-1.26 0.2625
-1.195 0.24125
-1.155 0.23125
-1.1925 0.22
-1.23 0.26
-1.23 0.145
-1.235 0.23625
-1.19 0.24625
-1.15 0.195
-1.195 0.105
-1.1775 0.0975
-1.2625 0.2575
-1.2625 0.29375
-1.2225 0.3075
-1.2575 0.23375
-1.195 0.195
-1.305 0.21875
-1.235 0.15125
-1.2025 0.305
-1.155 0.255
-1.1875 0.29
-1.2375 0.3275
-1.2475 0.375
-1.3425 0.4175
-1.305 0.3825
-1.3425 0.37125
-1.2975 0.34875
-1.3225 0.3425
-1.4125 0.4075
-1.3425 0.415
-1.2525 0.3825
-1.175 0.3625
-1.225 0.4375
-1.295 0.43
-1.045 0.305
-1.235 0.315
-1.2925 0.37125
-1.305 0.49875
-1.265 0.395
-1.2575 0.3025
-1.1825 0.20875
-1.1625 0.0975
-1.0925 0.20875
-1.1425 0.08875
-1.0975 0.04375
-1.12 -0.05375
-1.2325 -0.095
-1.1475 -0.095
-1.23 -0.18125
-1.275 -0.27375
-1.205 -0.1925
-1.2 -0.08625
-1.2725 -0.14875
-1.195 -0.16375
-1.24 -0.13
-1.2775 -0.28375
-1.215 -0.16875
-1.1975 -0.16875
-1.1675 -0.2325
-1.2475 -0.29125
-1.13 -0.28375
-1.3575 -0.3875
-1.2075 -0.34375
-1.2875 -0.31875
-1.3 -0.3075
-1.2 -0.17
-1.1775 -0.125
-1.2225 -0.1025
-1.27 -0.2375
-1.25 -0.16625
-1.14 -0.1325
-1.1925 -0.03625
-1.26 0.0125
-1.2325 0.13125
-1.19 0.03625
-1.0875 0.1025
-1.1875 0.255
-1.2925 0.16
-1.1525 0.17375
-1.195 0.33625
-1.2175 0.365
-1.2175 0.25375
-1.1375 0.295
-1.305 0.32875
-1.21 0.3325
-1.2375 0.42875
-1.205 0.33125
-1.135 0.365
-1.07 0.235
-1.0775 0.12125
-1.135 0.10125
-1.17 0.0675
-1.165 0.11875
-1.1775 0.175
-1.1775 0.13625
-1.305 0.0875
-1.22 0.13875
-1.28 0.0925
-1.1975 0.04375
-1.165 -0.01875
-1.08 0.015
-1.2025 0.08375
-1.1625 0.08875
-1.12 0.08
-1.1175 0.13875
-1.145 0.16375
-1.19 0.0325
-1.2175 -0.09
-1.1775 -0.08375
-1.24 -0.0225
-1.2075 -0.025
-1.1 -0.08
-1.2075 -0.08125
-1.2825 0.12125
-1.23 0.145
-1.245 0.13125
-1.225 0.17375
-1.23 0.2675
-1.1925 0.30125
-1.14 0.3825
-1.0975 0.17625
-1.0575 0.05875
-1.1825 0
-1.17 0.1225
-1.2175 0.17125
-1.21 0.16125
-1.23 0.02
-1.18 0.04375
-1.3575 0.13
-1.23 0.14
-1.2375 0.20625
-1.255 0.21125
-1.26 0.29875
-1.2275 0.3675
-1.315 0.47375
-1.26 0.5
-1.22 0.41
-1.2925 0.48125
-1.26 0.41
-1.1075 0.3025
-1.235 0.30875
-1.165 0.2875
-1.265 0.33
-1.185 0.2525
-1.2425 0.3225
-1.2725 0.32625
-1.11 0.32125
-1.23 0.46125
-1.165 0.34625
-1.2025 0.44
-1.2125 0.47375
-1.1775 0.4225
-1.19 0.39125
-1.23 0.39875
-1.22 0.40375
-1.22 0.37
-1.2125 0.4175
-1.1525 0.35875
-1.11 0.32125
-1.225 0.305
-1.1925 0.20375
-1.08 0.19375
-1.13 0.085
-1.0825 0.08
-1.205 0.0775
-1.2625 0.1025
-1.225 0.1075
-1.165 -0.10375
-1.09 -0.12
-1.105 -0.18
-1.0575 -0.1425
-1.285 -0.17625
-1.1375 -0.11375
-1.2125 -0.03875
-1.055 0.075
-1.11 0.21625
-1.1775 0.205
-1.2625 0.07
-1.1875 0.145
-1.2375 0.125
-1.2525 0.28125
-1.1525 0.13375
-1.1625 0.0225
-1.15 0.05125
-1.1425 0.07
-1.195 0.1275
-1.145 -0.0175
-1.2325 0.08875
-1.2025 0.03
-1.27 -0.01625
-1.3125 0.03125
-1.185 -0.06125
-1.2125 -0.135
-1.145 -0.08
-1.245 -0.19
-1.245 -0.26
-1.215 -0.2725
-1.2325 -0.33375
-1.225 -0.3325
-1.27 -0.24125
-1.165 -0.1625
-1.225 0.0075
-1.155 0.06375
-1.19 0.0925
-1.2325 0.025
-1.315 0.07625
-1.265 0.08875
-1.235 0.04
-1.19 -0.1525
-1.17 -0.25125
-1.2975 -0.3425
-1.24 -0.2325
-1.255 -0.27
-1.185 -0.25125
-1.2425 -0.2325
-1.2975 -0.2175
-1.2625 -0.1525
-1.1475 -0.22625
-1.28 -0.155
-1.25 -0.07125
-1.1925 -0.06625
-1.145 0.03875
-1.195 0.11875
-1.25 0.11875
-1.135 0.03625
-1.15 0.09625
-1.185 0.03125
-1.1375 0.10375
-1.2325 0.23375
-1.2275 0.17875
-1.245 0.185
-1.215 0.1275
-1.2575 0.0225
-1.245 -0.00125
-1.1925 -0.0725
-1.2075 -0.02125
-1.27 -0.0625
-1.18 0.005
-1.1575 0.03625
-1.185 -0.10875
-1.18 -0.11125
-1.0725 -0.1425
-1.1975 0.02625
-1.1475 0.015
-1.2225 0.035
-1.1025 0.15625
-1.2725 0.06875
-1.2625 0.14125
-1.2375 0.0225
-1.1 0.0925
-1.14 0.29625
-1.1825 0.26625
-1.2 0.285
-1.1925 0.26125
-1.3075 0.275
-1.2 0.395
-1.1325 0.39
-1.2 0.37375
-1.3175 0.5025
-1.17 0.42875
-1.2975 0.35375
-1.215 0.2725
-1.1675 0.13875
-1.2075 0.04875
-1.15 0.0725
-1.2375 0.06
-1.1225 0.07875
-1.1725 0.19625
-1.2575 0.31
-1.28 0.39875
-1.0975 0.25
-1.075 0.19
-1.2225 0.1575
-1.04 0.06875
-1.0175 0.0525
-1.1175 0.10875
-1.1825 0.03625
-1.1125 0.13125
-1.25 0.39
-1.225 0.42375
-1.1675 0.32125
-1.2175 0.355
-1.205 0.23375
-1.2575 0.30875
-1.33 0.3125
-1.1575 0.31375
-1.285 0.41375
-1.2675 0.45875
-1.335 0.52125
-1.305 0.48375
-1.2675 0.49375
-1.29 0.49375
-1.3025 0.59
-1.255 0.57875
-1.2275 0.50625
-1.195 0.4575
-1.175 0.37625
-1.2925 0.3625
-1.3425 0.32875
-1.265 0.35625
-1.29 0.405
-1.245 0.4075
-1.265 0.40375
-1.3375 0.455
-1.25 0.4575
-1.25 0.53625
-1.1275 0.3875
-1.2325 0.42875
-1.23 0.50625
-1.2725 0.53875
-1.19 0.44625
-1.1325 0.435
-1.2225 0.51875
-1.245 0.52125
-1.345 0.61625
-1.3 0.6275
-1.315 0.57625
-1.265 0.57125
-1.3075 0.62
-1.3575 0.68875
-1.26 0.58125
-1.205 0.475
-1.1475 0.37875
-1.2425 0.4775
-1.33 0.55875
-1.2825 0.395
-1.2225 0.455
-1.195 0.49625
-1.2125 0.48
-1.2575 0.51125
-1.2725 0.5375
-1.265 0.5325
-1.19 0.46125
-1.315 0.555
-1.2175 0.42625
-1.42 0.52375
-1.265 0.4875
-1.28 0.44875
-1.2125 0.505
-1.1175 0.4575
-1.3125 0.525
-1.2825 0.53875
-1.15 0.41875
-1.365 0.51
-1.26 0.59
-1.355 0.665
-1.435 0.725
-1.395 0.70125
-1.415 0.74625
-1.3125 0.71125
-1.4575 0.75375
-1.37 0.6925
-1.3 0.61
-1.4375 0.69125
-1.2625 0.58875
-1.2925 0.46625
-1.1775 0.40625
-1.29 0.375
-1.175 0.27125
-1.19 0.21625
-1.205 0.26125
-1.2675 0.525
-1.21 0.3975
-1.3075 0.345
-1.2975 0.30625
-1.1725 0.19375
-1.1425 0.0675
-1.2275 0.155
-1.1775 0.3125
-1.24 0.415
-1.18 0.24
-1.0975 0.13875
-1.0575 0.20125
-1.255 0.2375
-1.26 0.32125
-1.2675 0.31875
-1.2 0.33875
-1.1425 0.29625
-1.275 0.26875
-1.21 0.145
-1.17 0.19375
-1.255 0.16625
-1.1725 0.21375
-1.1525 0.15375
-1.2075 0.23
-1.295 0.15625
-1.1375 0.15875
-1.2075 0.345
-1.2025 0.4625
-1.2125 0.435
-1.295 0.4425
-1.3 0.425
-1.29 0.40375
-1.17 0.28625
-1.255 0.37125
-1.1975 0.42
-1.2375 0.33625
-1.1825 0.35375
-1.1925 0.2025
-1.17 0.03375
-1.1275 0.11125
-1.2475 0.26
-1.0525 0.17625
-1.1625 0.2125
-1.185 0.31125
-1.2175 0.3875
-1.3175 0.47375
-1.2825 0.5425
-1.2625 0.54875
-1.39 0.675
-1.37 0.6225
-1.375 0.7
-1.3675 0.66125
-1.375 0.715
-1.3725 0.73
-1.275 0.57875
-1.255 0.62375
-1.2625 0.63
-1.3075 0.685
-1.37 0.66875
-1.335 0.66
-1.27 0.525
-1.4075 0.68625
-1.3525 0.685
-1.2975 0.6375
-1.26 0.57375
-1.305 0.52
-1.2525 0.55
-1.285 0.48625
-1.24 0.49
-1.2625 0.44875
-1.2925 0.50375
-1.1325 0.32125
-1.1775 0.3025
-1.1675 0.22125
-1.2125 0.235
-1.1575 0.1125
-1.22 0.09875
-1.1025 0.02875
-1.165 0.0125
-1.11 -0.12625
-1.19 0.01125
-1.1975 0
-1.1025 0.02875
-1.1225 0.10875
-1.24 0.05625
-1.2225 -0.04375
-1.1825 -0.10125
-1.15 -0.10375
-1.1775 -0.175
-1.2575 -0.22625
-1.1825 -0.2225
-1.165 -0.1475
-1.2025 -0.0675
-1.13 0.085
-1.165 0.105
-1.225 0.1325
-1.2925 0.255
-1.215 0.205
-1.2275 0.34875
-1.2475 0.42375
-1.3375 0.47
-1.2275 0.43875
-1.3275 0.37375
-1.26 0.33875
-1.235 0.30875
-1.2675 0.3025
-1.2 0.24
-1.23 0.2725
-1.2675 0.3925
-1.1925 0.36625
-1.24 0.31625
-1.26 0.40625
-1.225 0.45125
-1.1725 0.25125
-1.2175 0.22625
-1.205 0.25
-1.27 0.45875
-1.275 0.5175
-1.42 0.665
-1.325 0.52
-1.2975 0.4925
-1.365 0.4825
-1.3625 0.50625
-1.2325 0.435
-1.265 0.4675
-1.1625 0.43625
-1.2625 0.49875
-1.225 0.39875
-1.2825 0.41125
-1.23 0.37625
-1.3325 0.46125
-1.2025 0.42
-1.1825 0.3725
-1.16 0.39125
-1.29 0.34375
-1.335 0.3725
-1.315 0.5075
-1.3025 0.49375
-1.3925 0.5575
-1.2675 0.5825
-1.2675 0.55125
-1.23 0.55625
-1.375 0.5875
-1.3375 0.49875
-1.1775 0.4525
-1.36 0.5425
-1.2475 0.49625
-1.2525 0.43375
-1.22 0.43875
-1.2075 0.535
-1.2625 0.4925
-1.35 0.5775
-1.3275 0.55125
-1.305 0.5875
-1.19 0.485
-1.2775 0.4975
-1.29 0.5275
-1.34 0.58125
-1.2675 0.535
-1.25 0.605
-1.285 0.57875
-1.3525 0.50625
-1.1325 0.41
-1.24 0.445
-1.29 0.5325
-1.2175 0.40625
-1.3025 0.51375
-1.1725 0.39
-1.2425 0.41625
-1.22 0.4025
-1.33 0.36625
-1.265 0.39125
-1.2375 0.4425
-1.245 0.44875
-1.2725 0.4
-1.185 0.2375
-1.0975 0.18125
-1.315 0.28625
-1.2425 0.255
-1.2775 0.35375
-1.185 0.3225
-1.0975 0.25625
-1.175 0.1775
-1.14 0.3
-1.2575 0.34375
-1.16 0.385
-1.045 0.25375
-1.1725 0.385
-1.225 0.34125
-1.2625 0.4
-1.14 0.32
-1.23 0.27375
-1.2175 0.15125
-1.15 0.0925
-1.1875 0.22375
-1.3025 0.3075
-1.245 0.2075
-1.28 0.26625
-1.26 0.42
-1.22 0.415
-1.245 0.3425
-1.2125 0.2575
-1.2675 0.165
-1.2125 0.345
-1.1725 0.25125
-1.21 0.22375
-1.31 0.2275
-1.2525 0.17375
-1.1625 0.29875
-1.1025 0.11875
-1.1275 0.0975
-1.175 -0.0375
-1.2675 -0.17125
-1.15 -0.2025
-1.2525 -0.31125
-1.22 -0.32625
-1.1225 -0.26625
-1.1225 -0.23
-1.0975 0.0225
-1.07 0.12625
-1.1725 0.14375
-1.17 0.18375
-1.2225 0.11375
-1.1775 -0.02625
-1.215 -0.14
-1.1725 -0.08375
-1.145 -0.07625
-1.2425 -0.155
-1.19 -0.05125
-1.155 0.1225
-1.19 0.05875
-1.2225 -0.1025
-1.2625 -0.06375
-1.28 -0.045
-1.2475 -0.0975
-1.21 -0.17875
-1.175 -0.22125
-1.1375 -0.23875
-1.16 -0.20625
-1.185 -0.2
-1.15 -0.36875
-1.24 -0.50375
-1.2075 -0.5175
-1.235 -0.4175
-1.1875 -0.39
-1.24 -0.37625
-1.2275 -0.38
-1.2625 -0.34875
-1.1875 -0.43375
-1.3025 -0.475
-1.2825 -0.48
-1.335 -0.47125
-1.2125 -0.43
-1.2775 -0.44875
-1.22 -0.3375
-1.1325 -0.24
-1.15 -0.16875
-1.1375 -0.12375
-1.23 -0.2375
-1.22 -0.32125
-1.2275 -0.33625
-1.36 -0.4175
-1.2175 -0.365
-1.3025 -0.33375
-1.22 -0.3175
-1.185 -0.255
-1.1925 -0.1425
-1.215 0.06625
-1.1975 0.1475
-1.1175 0.095
-1.17 0.0625
-1.2425 0.01
-1.135 -0.0625
-1.12 -0.12625
-1.2025 -0.16
-1.085 -0.17375
-1.185 -0.1125
-1.2075 -0.11875
-1.18 -0.27875
-1.1725 -0.1975
-1.155 -0.305
-1.1875 -0.32875
-1.21 -0.20125
-1.1075 -0.12
-1.1875 -0.18125
-1.175 -0.29125
-1.2575 -0.2575
-1.1525 -0.20125
-1.1975 -0.2275
-1.1825 -0.1925
-1.17 -0.2325
-1.1075 -0.26875
-1.2325 -0.2675
-1.2475 -0.27375
-1.1525 -0.34125
-1.24 -0.33875
-1.19 -0.34375
-1.2275 -0.3775
-1.21 -0.28375
-1.1975 -0.38625
-1.145 -0.325
-1.0575 -0.10625
-1.2325 -0.26375
-1.255 -0.33
-1.2225 -0.52
-1.2525 -0.535
-1.155 -0.41125
-1.2 -0.43625
-1.305 -0.305
-1.1875 -0.07875
-1.1075 -0.0875
-1.175 -0.175
-1.2025 -0.22375
-1.165 -0.26875
-1.21 -0.215
-1.2075 -0.2025
-1.1475 -0.145
-1.15 -0.15625
-1.225 -0.27875
-1.105 -0.23375
-1.165 -0.36125
-1.1875 -0.21
-1.19 -0.34375
-1.2325 -0.35875
-1.2525 -0.4075
-1.2975 -0.3975
-1.315 -0.34125
-1.315 -0.39625
-1.2725 -0.36
-1.12 -0.2175
-1.1275 -0.2725
-1.16 -0.1975
-1.1825 -0.105
-1.2675 -0.21875
-1.2625 -0.34625
-1.305 -0.37625
-1.28 -0.2825
-1.22 -0.35125
-1.26 -0.2225
-1.2925 -0.18125
-1.28 -0.2475
-1.1025 -0.16125
-1.145 -0.11
-1.155 -0.2325
-1.1425 -0.21875
-1.12 -0.16
-1.1475 -0.09875
-1.1975 -0.18375
-1.17 -0.29625
-1.1925 -0.12875
-1.17 -0.12
-1.2275 -0.26
-1.2 -0.31125
-1.18 -0.31125
-1.185 -0.30625
-1.155 -0.19875
-1.1425 -0.13625
-1.1025 -0.11875
-1.07 -0.2175
-1.27 -0.18625
-1.1875 -0.1675
-1.175 -0.205
-1.215 -0.37875
-1.21 -0.38625
-1.1875 -0.40125
-1.195 -0.43
-1.205 -0.40625
-1.2475 -0.5375
-1.2225 -0.555
-1.3425 -0.60875
-1.24 -0.49125
-1.2775 -0.54375
-1.4175 -0.6
-1.1975 -0.48125
-1.2025 -0.4175
-1.1475 -0.32125
-1.1775 -0.21
-1.155 -0.25625
-1.25 -0.34375
-1.305 -0.33375
-1.2525 -0.3875
-1.275 -0.405
-1.2625 -0.42125
-1.2825 -0.49875
-1.315 -0.40375
-1.1725 -0.41125
-1.2775 -0.4225
-1.33 -0.49375
-1.3 -0.5075
-1.275 -0.41375
-1.2275 -0.37875
-1.1875 -0.27
-1.1875 -0.31875
-1.2525 -0.4125
-1.1875 -0.33375
-1.2775 -0.37375
-1.3025 -0.45125
-1.3 -0.4675
-1.2525 -0.37375
-1.265 -0.45375
-1.14 -0.34625
-1.1775 -0.195
-1.1375 -0.145
-1.17 -0.2425
-1.1425 -0.375
-1.155 -0.3875
-1.16 -0.4125
-1.23 -0.3925
-1.1875 -0.3525
-1.3925 -0.44375
-1.23 -0.3725
-1.2025 -0.45125
-1.3 -0.51125
-1.325 -0.42
-1.255 -0.365
-1.195 -0.37
-1.195 -0.34
-1.265 -0.4075
-1.2175 -0.31875
-1.2375 -0.41
-1.17 -0.48
-1.2525 -0.51
-1.2925 -0.5925
-1.38 -0.585
-1.345 -0.57875
-1.2975 -0.6125
-1.3425 -0.57375
-1.3 -0.57125
-1.2325 -0.45875
-1.2525 -0.4325
-1.32 -0.59625
-1.275 -0.555
-1.2875 -0.5125
-1.2475 -0.535
-1.335 -0.62
-1.3175 -0.63625
-1.3 -0.60875
-1.3325 -0.61625
-1.245 -0.61
-1.295 -0.50875
-1.2925 -0.4475
-1.18 -0.3475
-1.18 -0.4
-1.2025 -0.36125
-1.2175 -0.3825
-1.215 -0.3675
-1.2325 -0.38125
-1.2275 -0.3725
-1.1475 -0.3325
-1.3175 -0.41125
-1.225 -0.4175
-1.2525 -0.4025
-1.215 -0.395
-1.2375 -0.345
-1.1625 -0.38375
-1.2375 -0.35375
-1.1875 -0.36375
-1.17 -0.3475
-1.18 -0.32875
-1.245 -0.34375
-1.2075 -0.275
-1.1125 -0.21625
-1.145 -0.1225
-1.2225 0.025
-1.2075 0.0575
-1.1675 0.12
-1.1325 0.16625
-1.2025 0.2075
-1.3225 0.215
-1.24 0.21875
-1.235 0.17625
-1.21 0.21625
-1.305 0.26125
-1.28 0.375
-1.165 0.3625
-1.22 0.325
-1.3025 0.455
-1.29 0.46
-1.205 0.415
-1.2325 0.48625
-1.2725 0.55625
-1.205 0.42375
-1.2025 0.40375
-1.2625 0.295
-1.1375 0.27625
-1.1875 0.355
-1.2775 0.3375
-1.2675 0.305
-1.255 0.33125
-1.2325 0.3075
-1.21 0.2675
-1.145 0.38125
-1.2425 0.31
-1.18 0.35875
-1.2525 0.31125
-1.2 0.23125
-1.28 0.3725
-1.1825 0.36125
-1.34 0.3625
-1.1225 0.23875
-1.1175 0.15
-1.1475 0.10125
-1.1225 0.15625
-1.095 0.10875
-1.0825 0.09125
-1.1275 0.05125
-1.1825 0.10125
-1.125 0.15125
-1.14 0.16
-1.21 0.19
-1.15 0.00875
-1.1425 -0.1
-1.225 -0.05375
-1.24 -0.07
-1.185 0.05
-1.2375 0.08125
-1.25 0.00875
-1.345 0.09125
-1.2775 0.26375
-1.2075 0.25
-1.1275 0.2025
-1.2025 0.22
-1.1825 0.13
-1.2075 0.06
-1.135 0.08875
-1.22 0.12375
-1.205 0.16875
-1.1975 0.13
-1.16 0.09375
-1.2625 0.12875
-1.24 0.17625
-1.04 0.22
-1.195 0.15875
-1.2025 0.22625
-1.1325 0.20375
-1.195 0.20125
-1.2275 0.27125
-1.2375 0.375
-1.1775 0.41375
-1.1525 0.4175
-1.265 0.45625
-1.245 0.45
-1.2275 0.34125
-1.2375 0.4025
-1.245 0.46
-1.295 0.54125
-1.24 0.4025
-1.26 0.38375
-1.185 0.30625
-1.3475 0.42125
-1.295 0.49625
-1.36 0.57125
-1.2875 0.495
-1.25 0.49875
-1.335 0.46875
-1.22 0.34625
-1.2225 0.4
-1.165 0.4375
-1.2825 0.58875
-1.1975 0.47125
-1.3525 0.4775
-1.325 0.49625
-1.25 0.505
-1.1825 0.46
-1.4025 0.51125
-1.31 0.46
-1.2325 0.3925
-1.285 0.3975
-1.1975 0.405
-1.125 0.2575
-1.2525 0.195
-1.1625 0.12375
-1.1675 0.11
-1.1875 0.13875
-1.2175 0.15125
-1.1425 0.09
-1.1525 0.1925
-1.115 0.27125
-1.3 0.36375
-1.19 0.29875
-1.2625 0.2775
-1.205 0.215
-1.28 0.47375
-1.2825 0.5825
-1.25 0.555
-1.3825 0.69875
-1.3825 0.72125
-1.34 0.64125
-1.3175 0.6525
-1.3275 0.60125
-1.295 0.49125
-1.2275 0.51375
-1.3075 0.48625
-1.24 0.46125
-1.33 0.41875
-1.2525 0.3875
-1.1975 0.2175
-1.2475 0.15
-1.2475 0.13875
-1.3425 0.1875
-1.235 0.13625
-1.1675 0.235
-1.19 0.26125
-1.105 0.3075
-1.17 0.215
-1.25 0.15625
-1.18 0.09875
-1.045 0.08125
-1.125 0.02875
-1.21 0.185
-1.1475 0.105
-1.24 0.055
-1.1575 0.12125
-1.185 0.15125
-1.225 0.1575
-1.165 0.2625
-1.245 0.31875
-1.195 0.2725
-1.1175 0.2825
-1.1575 0.20875
-1.185 0.15
-1.2025 0.2275
-1.1675 0.1675
-1.15 0.17375
-1.2425 0.22125
-1.25 0.36875
-1.3075 0.41625
-1.225 0.3725
-1.2875 0.45375
-1.335 0.39875
-1.2075 0.3175
-1.335 0.28375
-1.165 0.17
-1.2875 0.22625
-1.155 0.2775
-1.1975 0.22
-1.1225 0.115
-1.2325 0.30875
-1.2325 0.27125
-1.2025 0.2375
-1.2525 0.23125
-1.225 0.405
-1.2025 0.47875
-1.2025 0.48
-1.32 0.66125
-1.305 0.6575
-1.26 0.60875
-1.2825 0.60625
-1.37 0.6925
-1.37 0.65625
-1.3575 0.63875
-1.3525 0.6525
-1.365 0.58
-1.37 0.68125
-1.3275 0.6975
-1.4775 0.76375
-1.4325 0.73125
-1.3525 0.66625
-1.3625 0.69
-1.2275 0.5525
-1.2925 0.61375
-1.2625 0.55125
-1.22 0.59
-1.345 0.58125
-1.275 0.63125
-1.4075 0.72125
-1.355 0.64875
-1.3575 0.65125
-1.3375 0.66
-1.2925 0.665
-1.2725 0.61375
-1.325 0.64625
-1.415 0.5975
-1.365 0.6425
-1.345 0.61125
-1.3 0.54625
-1.3225 0.5575
-1.22 0.49375
-1.2575 0.4275
-1.235 0.4025
-1.2925 0.46125
-1.26 0.49
-1.34 0.515
-1.22 0.4275
-1.2675 0.49625
-1.2775 0.57875
-1.245 0.50375
-1.25 0.46875
-1.2275 0.39125
-1.235 0.4725
-1.2675 0.42375
-1.2825 0.4025
-1.17 0.2675
-1.165 0.26125
-1.3025 0.28125
-1.3 0.1675
-1.21 0.18875
-1.185 0.1825
-1.285 0.26875
-1.28 0.305
-1.18 0.2725
-1.24 0.20125
-1.3175 0.12875
-1.285 0.2375
-1.2925 0.16
-1.145 0.27875
-1.2125 0.3625
-1.25 0.46375
-1.27 0.3825
-1.27 0.235
-1.2525 0.235
-1.22 0.25625
-1.265 0.31875
-1.195 0.17625
-1.1375 0.215
-1.1825 0.25
-1.225 0.19875
-1.1825 0.095
-1.1775 0.0425
-1.1675 -0.01875
-1.15 -0.0575
-1.1725 0.00625
-1.25 -0.1025
-1.2 -0.06375
-1.215 -0.04125
-1.2225 -0.09
-1.1475 -0.06125
-1.22 -0.23625
-1.18 -0.03625
-1.195 -0.07125
-1.1175 -0.0425
-1.1625 0.04875
-1.1325 0.08125
-1.2125 0.16
-1.28 0.20375
-1.285 0.1325
-1.2 0.075
-1.1825 0.13125
-1.1575 0.19
-1.1875 0.0475
-1.31 0.12875
-1.2725 0.1425
-1.2325 0.16375
-1.2225 0.265
-1.2275 0.18125
-1.22 0.24625
-1.17 0.39625
-1.2125 0.405
-1.2475 0.39875
-1.185 0.3125
-1.2225 0.45125
-1.195 0.40625
-1.16 0.3
-1.1375 0.42
-1.1925 0.4475
-1.125 0.415
-1.2025 0.52875
-1.3225 0.56
-1.2625 0.57125
-1.22 0.5175
-1.3625 0.545
-1.32 0.56625
-1.28 0.58625
-1.2775 0.515
-1.215 0.4025
-1.1625 0.22625
-1.175 0.1925
-1.145 0.0825
-1.1675 0.11625
-1.13 0.05125
-1.2225 0.0825
-1.17 -0.03875
-1.26 0.09625
-1.1675 0.14875
-1.105 -0.03875
-1.1825 -0.02625
-1.1775 -0.1875
-1.11 -0.09875
-1.235 -0.02
-1.285 -0.01375
-1.285 -0.06375
-1.235 -0.0925
-1.2375 -0.11875
-1.16 -0.03875
-1.21 -0.08
-1.1825 -0.1475
-1.145 -0.07125
-1.09 -0.23
-1.205 -0.2225
-1.2075 -0.17375
-1.175 -0.18
-1.215 -0.19625
-1.285 -0.215
-1.2975 -0.1475
-1.14 -0.14
-1.24 -0.21375
-1.225 -0.16625
-1.21 -0.20625
-1.2175 -0.1575
-1.2025 -0.18875
-1.2075 -0.37125
-1.325 -0.3875
-1.3525 -0.43
-1.305 -0.45125
-1.2725 -0.5225
-1.3175 -0.485
-1.2775 -0.44375
-1.2925 -0.37375
-1.2425 -0.3725
-1.2025 -0.36875
-1.235 -0.34375
-1.1025 -0.2225
-1.2175 -0.2375
-1.195 -0.19
-1.105 -0.18375
-1.17 -0.1875
-1.1525 -0.2
-1.2125 -0.3425
-1.1625 -0.375
-1.2575 -0.38
-1.1725 -0.31875
-1.3075 -0.3725
-1.205 -0.2975
-1.215 -0.20625
-1.2575 -0.40625
-1.175 -0.275
-1.17 -0.19375
-1.19 -0.21625
-1.2575 -0.13375
-1.19 -0.2125
-1.155 -0.2125
-1.1325 -0.235
-1.28 -0.25625
-1.2975 -0.3825
-1.33 -0.305
-1.215 -0.16875
-1.19 -0.215
-1.3075 -0.31875
-1.1225 -0.17125
-1.205 -0.18375
-1.1925 -0.2375
-1.225 -0.14875
-1.21 -0.11875
-1.11 -0.11875
-1.145 -0.09125
-1.1975 -0.1525
-1.1175 -0.0325
-1.155 -0.06875
-1.2275 -0.03375
-1.1275 -0.045
-1.1575 -0.15
-1.2325 0.01375
-1.25 -0.19125
-1.3275 -0.09625
-1.275 -0.21125
-1.1425 -0.13625
-1.26 -0.00875
-1.2975 0.01375
-1.225 0.085
-1.2175 0.12625
-1.29 0.2075
-1.2625 0.4025
-1.2875 0.3775
-1.325 0.36625
-1.28 0.38
-1.255 0.2025
-1.1925 0.15875
-1.2575 0.21125
-1.265 0.30125
-1.1575 0.2075
-1.1775 0.235
-1.245 0.16375
-1.2775 0.13375
-1.3 0.12875
-1.2525 0.23125
-1.195 0.1775
-1.2825 0.29
-1.205 0.24375
-1.15 0.1825
-1.1325 0.105
-1.2 0.17375
-1.23 0.26375
-1.245 0.42
-1.28 0.425
-1.235 0.39875
-1.1525 0.3625
-1.1675 0.36
-1.245 0.40375
-1.25 0.3175
-1.1975 0.3075
-1.2275 0.2275
-1.155 0.14375
-1.2625 0.095
-1.2325 0.15375
-1.1425 0.00875
-1.1875 0.06875
-1.175 0.0325
-1.215 0.07375
-1.2425 0.13125
-1.1775 0.17875
-1.2075 0.02
-1.21 -0.065
-1.1475 -0.195
-1.1925 -0.07375
-1.1425 0.12375
-1.125 0.075
-1.1725 0.15
-1.2075 0.24625
-1.1425 0.21375
-1.135 0.055
-1.175 0.13375
-1.1225 0.11
-1.14 0.14125
-1.145 0.2
-1.225 0.2275
-1.14 0.32125
-1.2275 0.22
-1.1775 0.22625
-1.19 0.0675
-1.275 0.0875
-1.24 0.1375
-1.2125 0.195
-1.19 0.06
-1.2325 0.18125
-1.28 0.26875
-1.225 0.23125
-1.205 0.175
-1.1325 0.095
-1.1675 0.16625
-1.155 0.00875
-1.1675 0.04125
-1.245 -0.05125
-1.2375 -0.04875
-1.2 0.07
-1.2575 0.1925
-1.11 0.1175
-1.1075 0.045
-1.115 0.22375
-1.2025 0.3125
-1.1375 0.2175
-1.0825 0.23875
-1.17 0.21625
-1.235 0.15875
-1.0975 0.14375
-1.0775 0.1025
-1.1725 0.09125
-1.1275 -0.0225
-1.1575 0.10375
-1.1675 0.1175
-1.1975 0.02875
-1.2925 -0.12875
-1.2475 -0.1975
-1.185 -0.20625
-1.2025 -0.2175
-1.1925 -0.04875
-1.1875 -0.13
-1.2175 -0.2725
-1.24 -0.17625
-1.1575 -0.11375
-1.3575 -0.27
-1.2275 -0.20875
-1.2125 -0.12375
-1.2375 -0.1325
-1.265 -0.2
-1.1675 -0.1675
-1.1275 -0.1575
-1.2175 -0.15125
-1.265 -0.0675
-1.165 0.0025
-1.13 -0.2075
-1.145 -0.24625
-1.0725 -0.16625
-1.0725 -0.16625
-1.1725 -0.19125
-1.1475 -0.175
-1.22 -0.18625
-1.3025 -0.2875
-1.1325 -0.13875
-1.1475 -0.0675
-1.1225 -0.035
-1.245 -0.00875
-1.16 0.115
-1.195 0.035
-1.28 0.14125
-1.185 0.19125
-1.1525 0.32
-1.15 0.39875
-1.2 0.37125
-1.2025 0.44375
-1.225 0.475
-1.3175 0.515
-1.2475 0.45
-1.2125 0.48375
-1.245 0.54125
-1.19 0.475
-1.2175 0.44125
-1.31 0.53375
-1.28 0.54
-1.14 0.45375
-1.205 0.41125
-1.225 0.46375
-1.35 0.45125
-1.2625 0.51
-1.2675 0.49375
-1.22 0.45875
-1.255 0.3975
-1.3075 0.46125
-1.2175 0.38
-1.36 0.4375
-1.315 0.47375
-1.3 0.46125
-1.3025 0.44125
-1.215 0.34375
-1.305 0.34625
-1.2325 0.3775
-1.3675 0.51125
-1.245 0.28875
-1.2375 0.21125
-1.19 0.19375
-1.2775 0.135
-1.2325 0.14
-1.16 0.25875
-1.2125 0.31
-1.2075 0.34
-1.2025 0.3375
-1.27 0.40875
-1.2575 0.42625
-1.2475 0.315
-1.24 0.3475
-1.21 0.27
-1.305 0.225
-1.035 0.0825
-1.21 0.01875
-1.2075 0.045
-1.3 0.08625
-1.305 0.01875
-1.1675 0.0125
-1.18 -0.02125
-1.18 -0.02875
-1.1875 -0.025
-1.2925 -0.10875
-1.2525 0.085
-1.265 0.18375
-1.185 0.1725
-1.2325 0.225
-1.225 0.23125
-1.2575 0.1575
-1.12 0.12375
-1.27 0.06875
-1.1025 0.0475
-1.105 -0.09375
-1.225 -0.21625
-1.1225 -0.24125
-1.22 -0.3225
-1.1775 -0.33125
-1.19 -0.25875
-1.14 -0.19875
-1.155 -0.205
-1.235 -0.37
-1.235 -0.39625
-1.2975 -0.4775
-1.225 -0.35625
-1.09 -0.29875
-1.26 -0.4025
-1.31 -0.33375
-1.22 -0.31
-1.2775 -0.4375
-1.2 -0.38
-1.2975 -0.3975
-1.1625 -0.31125
-1.2175 -0.45375
-1.2075 -0.3875
-1.3 -0.54625
-1.2125 -0.4125
-1.17 -0.48875
-1.275 -0.6175
-1.3975 -0.68125
-1.2825 -0.625
-1.21 -0.59
-1.3175 -0.61875
-1.4175 -0.6475
-1.3325 -0.56375
-1.2475 -0.4925
-1.225 -0.44125
-1.265 -0.50625
-1.235 -0.40375
-1.1525 -0.2475
-1.2525 -0.22125
-1.22 -0.20375
-1.1275 -0.2575
-1.1625 -0.3575
-1.26 -0.42875
-1.2975 -0.49375
-1.305 -0.3475
-1.1325 -0.18375
-1.2075 -0.44125
-1.3375 -0.58875
-1.435 -0.66125
-1.3125 -0.58
-1.2375 -0.48875
-1.1675 -0.4925
-1.0875 -0.39
-1.18 -0.46125
-1.165 -0.41625
-1.2575 -0.3875
-1.24 -0.47875
-1.21 -0.43375
-1.2325 -0.42125
-1.14 -0.36875
-1.2025 -0.3425
-1.2625 -0.335
-1.1825 -0.2775
-1.22 -0.3225
-1.2 -0.26625
-1.1975 -0.245
-1.1825 -0.33375
-1.23 -0.5075
-1.28 -0.535
-1.31 -0.5825
-1.27 -0.51375
-1.3175 -0.57
-1.2525 -0.51625
-1.2 -0.4175
-1.27 -0.3575
-1.165 -0.27625
-1.2625 -0.23875
-1.2725 -0.20375
-1.1725 -0.3075
-1.2025 -0.4175
-1.215 -0.495
-1.215 -0.56125
-1.1625 -0.49
-1.19 -0.3825
-1.205 -0.33625
-1.155 -0.2675
-1.3275 -0.335
-1.2975 -0.43
-1.315 -0.5
-1.3825 -0.58375
-1.285 -0.45375
-1.21 -0.44625
-1.265 -0.5575
-1.37 -0.5025
-1.2775 -0.44625
-1.23 -0.38875
-1.25 -0.41375
-1.2325 -0.44125
-1.33 -0.44
-1.215 -0.3925
-1.215 -0.3375
-1.1825 -0.29125
-1.195 -0.28125
-1.2575 -0.3325
-1.2525 -0.42125
-1.19 -0.43875
-1.2425 -0.51875
-1.3575 -0.5925
-1.265 -0.57
-1.18 -0.43
-1.235 -0.435
-1.1825 -0.295
-1.1925 -0.3075
-1.205 -0.46
-1.185 -0.46625
-1.225 -0.4675
-1.1825 -0.425
-1.195 -0.4425
-1.3175 -0.45
-1.2375 -0.41625
-1.19 -0.29125
-1.2675 -0.47875
-1.295 -0.54
-1.2775 -0.63
-1.3875 -0.70875
-1.3525 -0.61375
-1.335 -0.63
-1.2725 -0.49125
-1.18 -0.365
-1.2625 -0.30875
-1.25 -0.34
-1.1975 -0.22125
-1.1875 -0.325
-1.3975 -0.28875
-1.2875 -0.1875
-1.1775 -0.075
-1.2125 -0.03375
-1.195 0.07875
-1.3075 0.13625
-1.215 0.0925
-1.1975 -0.025
-1.1425 0.005
-1.0925 -0.1
-1.1575 -0.1575
-1.2075 -0.22875
-1.26 -0.085
-1.25 -0.18375
-1.245 -0.26625
-1.16 -0.1875
-1.195 -0.25125
-1.3025 -0.2325
-1.2275 -0.245
-1.205 -0.22625
-1.105 -0.2
-1.2175 -0.1475
-1.295 -0.16875
-1.2325 -0.0275
-1.215 0.01875
-1.19 0.0625
-1.2075 0.07375
-1.2 0.12
-1.215 0.0375
-1.2275 0.01375
-1.2775 0.035
-1.2475 -0.0175
-1.13 0.10625
-1.2 0.18375
-1.2175 0.23625
-1.2375 0.25125
-1.3575 0.265
-1.26 0.27375
-1.175 0.15375
-1.27 0.045
-1.1725 0.135
-1.1875 0.15625
-1.1975 0.04125
-1.1975 0.2025
-1.2275 0.1975
-1.2075 -0.01875
-1.2125 -0.00375
-1.27 -0.05
-1.2875 -0.12125
-1.2175 -0.20625
-1.17 -0.2425
-1.1875 -0.2625
-1.225 -0.26875
-1.23 0.03125
-1.235 0.12625
-1.135 0.03625
-1.12 0.22375
-1.235 0.125
-1.16 0.02875
-1.1975 0.06125
-1.19 0.0575
-1.2375 0.07875
-1.1825 0.04375
-1.0775 0.00125
-1.0975 -0.00125
-1.2375 0.00875
-1.12 0.07
-1.18 -0.03375
-1.2075 -0.1475
-1.1125 -0.2075
-1.1175 -0.2775
-1.1425 -0.23375
-1.2225 -0.40375
-1.34 -0.4125
-1.315 -0.49125
-1.335 -0.56375
-1.3975 -0.6525
-1.3275 -0.6025
-1.29 -0.55
-1.1875 -0.40875
-1.195 -0.505
-1.3575 -0.615
-1.31 -0.53625
-1.315 -0.51
-1.385 -0.465
-1.295 -0.39875
-1.195 -0.27875
-1.1275 -0.28625
-1.16 -0.1575
-1.2125 -0.1325
-1.1975 -0.1825
-1.1225 -0.10625
-1.095 -0.0925
-1.155 -0.0725
-1.1775 -0.07875
-1.12 -0.11125
-1.25 -0.12375
-1.28 -0.18125
-1.215 -0.29
-1.2475 -0.2525
-1.2175 -0.2725
-1.15 -0.21625
-1.2175 -0.36875
-1.3125 -0.4825
-1.38 -0.475
-1.2575 -0.5075
-1.245 -0.535
-1.295 -0.56875
-1.235 -0.5225
-1.2275 -0.51125
-1.2425 -0.54875
-1.2675 -0.575
-1.36 -0.6775
-1.365 -0.67
-1.305 -0.6025
-1.275 -0.5975
-1.2725 -0.585
-1.3225 -0.6375
-1.2675 -0.59125
-1.295 -0.54125
-1.365 -0.55
-1.2575 -0.4225
-1.24 -0.37875
-1.1725 -0.31125
-1.1725 -0.23125
-1.1975 -0.2575
-1.255 -0.37875
-1.2025 -0.4275
-1.2375 -0.4475
-1.225 -0.545
-1.085 -0.43875
-1.0775 -0.3175
-1.1275 -0.3225
-1.115 -0.37125
-1.185 -0.265
-1.2475 -0.3625
-1.145 -0.2875
-1.0775 -0.18125
-1.2525 -0.22875
-1.2425 -0.0925
-1.255 -0.01625
-1.395 -0.055
-1.175 -0.08625
-1.19 -0.125
-1.23 -0.05
-1.1925 0.0575
-1.1575 -0.01
-1.2375 0.005
-1.2675 0.04125
-1.125 0.17
-1.18 0.1225
-1.18 0.0475
-1.1625 0.05125
-1.2325 0.01875
-1.29 -0.06875
-1.2175 -0.00625
-1.075 -0.06625
-1.1675 0.05625
-1.0775 0.0825
-1.23 0.01125
-1.1975 0.02625
-1.0875 0.04875
-1.17 -0.01875
-1.1525 0.02125
-1.135 0.05
-1.095 -0.16125
-1.175 -0.33125
-1.165 -0.29875
-1.175 -0.2375
-1.1825 -0.29
-1.0975 -0.26125
-1.065 -0.11625
-1.18 -0.0225
-1.115 0.10875
-1.175 0.15375
-1.1725 0.25625
-1.235 0.27375
-1.2225 0.34
-1.2125 0.105
-1.155 0.1825
-1.16 0.15875
-1.1775 0.13375
-1.2475 0.185
-1.19 0.19875
-1.23 0.20625
-1.205 0.23125
-1.175 0.16
-1.2225 0.095
-1.195 0.18875
-1.2075 0.3125
-1.105 0.2075
-1.1725 0.18875
-1.2825 0.15875
-1.26 0.1575
-1.2 0.20375
-1.2425 0.3425
-1.2225 0.3325
-1.2675 0.35625
-1.2575 0.41125
-1.2925 0.63375
-1.33 0.65375
-1.2675 0.6425
-1.26 0.49875
-1.24 0.46
-1.2875 0.42375
-1.3 0.45875
-1.2225 0.4825
-1.3575 0.56
-1.3 0.4875
-1.35 0.50375
-1.3075 0.48125
-1.3175 0.51125
-1.3125 0.52875
-1.285 0.50125
-1.355 0.5625
-1.3425 0.555
-1.2775 0.5125
-1.31 0.465
-1.34 0.4125
-1.22 0.3675
-1.145 0.34125
-1.17 0.3775
-1.235 0.35
-1.32 0.375
-1.2025 0.32
-1.1125 0.1575
-1.1875 0.215
-1.165 0.03125
-1.2275 -0.065
-1.175 0.05625
-1.33 -0.0175
-1.285 0.04125
-1.195 0.05
-1.1725 0.125
-1.21 0.10625
-1.3275 0.15875
-1.1875 0.12125
-1.22 0.13875
-1.17 0.15875
-1.1225 0.28
-1.1525 0.29125
-1.255 0.2475
-1.2625 0.33375
-1.0875 0.2775
-1.2475 0.38375
-1.25 0.43
-1.31 0.4975
-1.375 0.56875
-1.385 0.62375
-1.36 0.65875
-1.3575 0.6075
-1.3175 0.5625
-1.3275 0.56
-1.1375 0.41875
-1.1575 0.3575
-1.255 0.3975
-1.245 0.36
-1.3275 0.47875
-1.21 0.40375
-1.2275 0.365
-1.155 0.33125
-1.29 0.46125
-1.2775 0.49125
-1.2925 0.38875
-1.2875 0.3925
-1.275 0.415
-1.1075 0.35375
-1.1675 0.44875
-1.2875 0.43
-1.24 0.4
-1.2675 0.40375
-1.1475 0.35
-1.2075 0.2525
-1.19 0.32375
-1.1275 0.28875
-1.2075 0.3425
-1.275 0.4025
-1.2725 0.4125
-1.33 0.53375
-1.2975 0.605
-1.41 0.67875
-1.185 0.535
-1.32 0.55875
-1.265 0.56875
-1.335 0.655
-1.3825 0.71125
-1.29 0.65625
-1.2775 0.57875
-1.2425 0.5075
-1.1925 0.36875
-1.25 0.44125
-1.1525 0.32875
-1.2175 0.32
-1.2125 0.46125
-1.285 0.45
-1.23 0.435
-1.2825 0.43875
-1.25 0.37375
-1.2625 0.305
-1.3275 0.3925
-1.3275 0.4875
-1.2325 0.50625
-1.32 0.47
-1.1825 0.39625
-1.14 0.3575
-1.1925 0.34875
-1.2375 0.31625
-1.3025 0.21
-1.22 0.22625
-1.2175 0.13
-1.2075 0.0425
-1.1975 0.0675
-1.1425 0.15125
-1.2275 0.15625
-1.12 0.1125
-1.2725 -0.0275
-1.3075 0.0075
-1.2625 -0.045
-1.275 -0.10125
-1.21 -0.08625
-1.25 -0.00875
-1.1 0.02125
-1.1075 -0.00875
-1.19 -0.20875
-1.1775 -0.10875
-1.2225 -0.115
-1.185 -0.16
-1.115 -0.1475
-1.205 -0.10375
-1.1725 -0.1275
-1.2575 -0.25375
-1.2075 -0.25625
-1.18 -0.2025
-1.1775 -0.37
-1.365 -0.43875
-1.2825 -0.43875
-1.24 -0.32875
-1.24 -0.2
-1.2375 -0.2475
-1.2425 -0.3525
-1.2275 -0.3575
-1.1425 -0.18125
-1.2025 -0.2375
-1.11 -0.23375
-1.1125 -0.0975
-1.1375 -0.08375
-1.175 -0.05
-1.1475 0.05125
-1.2125 0.17125
-1.255 0.12625
-1.25 0.0075
-1.195 0.095
-1.0975 -0.04875
-1.1575 -0.10375
-1.235 -0.16125
-1.2025 -0.08375
-1.2275 -0.07875
-1.24 -0.115
-1.18 -0.1275
-1.1625 0.09375
-1.23 0.0975
-1.2075 0.035
-1.3025 0.09125
-1.205 0.14
-1.23 0.12375
-1.19 0.1775
-1.24 0.27625
-1.2 0.37375
-1.23 0.4025
-1.1925 0.41875
-1.3075 0.4625
-1.27 0.49
-1.275 0.47125
-1.235 0.455
-1.155 0.325
-1.25 0.2825
-1.26 0.2375
-1.1025 0.175
-1.2275 0.16
-1.2025 0.075
-1.25 0.11625
-1.185 0.24125
-1.19 0.295
-1.22 0.39
-1.2275 0.2875
-1.09 0.205
-1.205 0.2375
-1.245 0.31375
-1.195 0.34375
-1.1025 0.25625
-1.16 0.2575
-1.2225 0.24375
-1.2475 0.26125
-1.21 0.30625
-1.2225 0.20625
-1.225 0.25125
-1.2825 0.13
-1.15 0
-1.175 0.015
-1.1975 0.09375
-1.135 0.17375
-1.155 0.07875
-1.08 0.105
-1.1625 0.0225
-1.165 0.00625
-1.25 0.01375
-1.1975 -0.0025
-1.1125 -0.1025
-1.235 0.00625
-1.1775 -0.0075
-1.1575 0.06
-1.1975 0.1625
-1.1675 0.20125
-1.1 0.15125
-1.2225 0.13
-1.16 0.1275
-1.085 0.1275
-1.23 0.11125
-1.165 0.185
-1.1525 0.18375
-1.19 0.1425
-1.185 0.185
-1.0825 0.095
-1.18 0.03625
-1.1275 -0.04875
-1.1075 -0.02625
-1.1675 -0.06375
-1.0975 -0.0925
-1.11 -0.18375
-1.225 -0.3525
-1.1275 -0.255
-1.2025 -0.24375
-1.2075 -0.35875
-1.1975 -0.305
-1.2775 -0.33
-1.13 -0.26
-1.1275 -0.3725
-1.21 -0.34625
-1.145 -0.2425
-1.1675 -0.2725
-1.105 -0.285
-1.15 -0.23625
-1.1575 -0.1
-1.21 -0.15
-1.1925 -0.13
-1.325 0.04625
-1.155 0.07875
-1.16 0.05375
-1.1575 0.12
-1.19 0.03375
-1.185 0.01375
-1.1525 0.00375
-1.1525 0.06625
-1.1625 0.03375
-1.24 -0.02375
-1.335 0.0275
-1.255 0.07
-1.245 -0.0675
-1.15 -0.12625
-1.2175 -0.19625
-1.2275 -0.38625
-1.135 -0.31625
-1.1775 -0.32375
-1.2125 -0.27625
-1.115 -0.255
-1.2575 -0.1675
-1.1775 -0.12875
-1.2 -0.195
-1.0675 -0.1575
-1.16 -0.05875
-1.195 0.00375
-1.18 0.1025
-1.1775 0.045
-1.16 -0.06
-1.17 0.0075
-1.2525 -0.045
-1.1725 -0.03
-1.1875 0.1425
-1.225 0.18125
-1.2075 0.14375
-1.2375 0.13
-1.2175 0.0475
-1.24 0.10625
-1.1375 0.0975
-1.1775 0.10625
-1.1425 -0.005
-1.1325 -0.05875
-1.27 -0.11875
-1.26 -0.09625
-1.155 -0.12625
-1.13 -0.15
-1.075 -0.145
-1.22 -0.24875
-1.2575 -0.20875
-1.2425 -0.21375
-1.2075 -0.245
-1.2875 -0.18625
-1.1925 -0.1425
-1.1975 -0.11875
-1.2375 -0.11375
-1.3225 -0.0225
-1.195 0
-1.2025 0.0275
-1.27 0.08375
-1.195 0.09
-1.17 -0.0175
-1.225 0.01125
-1.33 0.0225
-1.265 0.12375
-1.215 0.17375
-1.095 0.1525
-1.2475 0.2225
-1.165 0.12
-1.2775 0.08625
-1.195 0.0725
-1.23 0.115
-1.175 0.08625
-1.1425 0.02625
-1.2 -0.0375
-1.14 0.0975
-1.1375 0.0925
-1.215 -0.04125
-1.2725 -0.04875
-1.2075 -0.05125
-1.22 -0.2
-1.2525 -0.135
-1.3625 0.00875
-1.2675 -0.03375
-1.2825 -0.01625
-1.135 -0.03625
-1.12 0.17875
-1.1375 0.0775
-1.1825 0.09125
-1.2375 0.11875
-1.31 0.14125
-1.235 -0.0075
-1.1975 0.0475
-1.0875 -0.0575
-1.165 -0.1325
-1.195 -0.21875
-1.2075 -0.23375
-1.2575 -0.28
-1.135 -0.18875
-1.2125 -0.21375
-1.16 -0.275
-1.2225 -0.23375
-1.215 -0.25625
-1.16 -0.205
-1.2725 -0.2075
-1.235 -0.125
-1.205 -0.1825
-1.21 -0.0925
-1.2775 -0.1825
-1.2775 -0.21375
-1.245 -0.15875
-1.1325 -0.1525
-1.225 -0.01875
-1.18 -0.11
-1.1375 -0.165
-1.23 0.00125
-1.205 -0.03625
-1.16 0.01125
-1.1175 0.0025
-1.17 0.045
-1.1775 0.01125
-1.1725 -0.03375
-1.2325 -0.0425
-1.135 -0.1325
-1.1925 -0.13
-1.1175 -0.0425
-1.1375 -0.125
-1.1775 -0.135
-1.165 -0.29375
-1.0675 -0.13375
-1.19 -0.2875
-1.165 -0.24375
-1.1975 -0.32625
-1.2125 -0.22375
-1.085 -0.09875
-1.135 -0.1575
-1.17 -0.27625
-1.255 -0.435
-1.205 -0.4225
-1.23 -0.465
-1.27 -0.52625
-1.3525 -0.48625
-1.315 -0.4775
-1.28 -0.485
-1.26 -0.51125
-1.33 -0.5575
-1.235 -0.48
-1.345 -0.55125
-1.33 -0.52
-1.3775 -0.5525
-1.2375 -0.405
-1.3425 -0.3725
-1.29 -0.37
-1.1625 -0.41375
-1.1975 -0.43375
-1.315 -0.525
-1.325 -0.58875
-1.1925 -0.46125
-1.1975 -0.3575
-1.145 -0.12375
-1.085 -0.11375
-1.0625 0
-1.0725 0.0475
-1.2475 0.0825
-1.1925 0
-1.1575 0.05
-1.1925 0.2775
-1.26 0.24125
-1.2425 0.36
-1.325 0.28125
-1.31 0.35125
-1.2575 0.37
-1.24 0.375
-1.21 0.18
-1.19 0.18375
-1.2475 0.18875
-1.095 0.17375
-1.23 0.25
-1.1425 0.32625
-1.1425 0.375
-1.0525 0.3575
-1.1775 0.39625
-1.19 0.45
-1.2825 0.455
-1.27 0.41125
-1.295 0.41375
-1.215 0.355
-1.2775 0.46125
-1.2425 0.385
-1.3475 0.52125
-1.26 0.52125
-1.215 0.53125
-1.26 0.53875
-1.2725 0.50375
-1.185 0.525
-1.315 0.56125
-1.265 0.50625
-1.325 0.52
-1.265 0.495
-1.2725 0.4275
-1.22 0.3975
-1.2625 0.42125
-1.2925 0.435
-1.21 0.32125
-1.2775 0.31875
-1.1975 0.3
-1.165 0.31
-1.305 0.4575
-1.105 0.31875
-1.2425 0.39
-1.285 0.5475
-1.2475 0.505
-1.2275 0.47375
-1.1975 0.49
-1.3225 0.5675
-1.3375 0.59125
-1.345 0.5575
-1.2475 0.49
-1.36 0.5075
-1.3875 0.56125
-1.3925 0.60375
-1.3575 0.54625
-1.2525 0.4225
-1.26 0.44875
-1.295 0.4475
-1.2175 0.5
-1.19 0.50875
-1.21 0.47
-1.2975 0.5275
-1.235 0.39
-1.26 0.41375
-1.215 0.36375
-1.1575 0.20875
-1.1875 0.23
-1.2425 0.10875
-1.1875 0.06125
-1.25 -0.02375
-1.1225 0.035
-1.1925 0.03125
-1.0875 0.12125
-1.255 0.22375
-1.2625 0.36125
-1.265 0.38375
-1.265 0.40375
-1.2575 0.47125
-1.3175 0.57375
-1.3275 0.58625
-1.305 0.62
-1.29 0.61
-1.325 0.545
-1.25 0.46875
-1.225 0.34375
-1.155 0.1975
-1.275 0.27
-1.195 0.10125
-1.1975 0.105
-1.21 0.175
-1.2475 0.0725
-1.2225 -0.0625
-1.2325 -0.02625
-1.1275 -0.095
-1.18 0.05
-1.1875 0.02875
-1.08 0.15125
-1.0925 -0.02
-1.2225 -0.015
-1.1425 -0.0325
-1.1025 0.07625
-1.175 -0.03375
-1.14 -0.0625
-1.0875 -0.0375
-1.1225 -0.05375
-1.195 -0.05
-1.1375 -0.09125
-1.1925 -0.11
-1.1875 -0.02125
-1.295 -0.03
-1.185 -0.05375
-1.2725 -0.07625
-1.22 -0.125
-1.13 -0.11875
-1.165 -0.045
-1.225 0.05375
-1.15 0.1975
-1.225 0.20875
-1.2375 0.195
-1.1825 0.21875
-1.2425 0.1325
-1.1275 0.1725
-1.2125 0.10125
-1.1725 0.1225
-1.1575 0.155
-1.105 0.17625
-1.1375 0.26
-1.2525 0.19
-1.065 0.0575
-1.1975 -0.00375
-1.1525 0.0325
-1.175 0.12125
-1.1975 0.0425
-1.2625 -0.0625
-1.2675 -0.04875
-1.245 -0.0425
-1.26 -0.08625
-1.1875 0.0525
-1.1775 0.0025
-1.1 0.01125
-1.1675 -0.01125
-1.2175 -0.1
-1.1875 0.06625
-1.235 0.04625
-1.1575 0.17875
-1.1775 0.0925
-1.19 0.1525
-1.1575 0.1425
-1.15 0.0825
-1.1375 0.01625
-1.0975 -0.0175
-1.1525 0.03625
-1.1725 -0.055
-1.175 0.01625
-1.1375 -0.165
-1.2275 -0.09625
-1.1075 0.02125
-1.19 -0.06625
-1.1775 -0.23875
-1.1825 -0.215
-1.2225 -0.19375
-1.1475 -0.0925
-1.1625 -0.20375
-1.1625 -0.21625
-1.2325 -0.2675
-1.17 -0.14
-1.2275 -0.115
-1.2125 0.0375
-1.1775 0.03375
-1.1775 -0.0375
-1.1825 -0.04
-1.19 -0.07
-1.2125 -0.165
-1.22 -0.23
-1.2525 -0.28
-1.2 -0.18125
-1.21 -0.1925
-1.3625 -0.11
-1.1925 -0.13
-1.2775 -0.12375
-1.1575 -0.1625
-1.3 -0.185
-1.1825 -0.085
-1.185 0.04875
-1.1375 0.09
-1.275 0.11
-1.1875 0.0375
-1.1775 -0.07
-1.24 -0.08
-1.1825 -0.0925
-1.2325 -0.13125
-1.22 -0.1075
-1.165 -0.0075
-1.1925 0.07875
-1.215 0.08875
-1.2875 0.09375
-1.27 0.1275
-1.2775 0.08375
-1.3025 0.1025
-1.3125 0.1725
-1.2975 0.20625
-1.2275 0.11
-1.295 0.1425
-1.295 0.10125
-1.155 0.13
-1.2275 0.0875
-1.115 0.04125
-1.26 -0.005
-1.2575 -0.01125
-1.1675 -0.04625
-1.245 -0.05625
-1.11 -0.11125
-1.265 -0.07875
-1.215 -0.03875
-1.2075 -0.005
-1.2375 0.01625
-1.205 0.01375
-1.215 0.005
-1.1 0.04
-1.18 0.08
-1.1875 0.0325
-1.0875 0.1525
-1.1225 0.17375
-1.2475 0.18125
-1.1875 0.1775
-1.255 0.0875
-1.14 0.1825
-1.24 0.30375
-1.22 0.3175
-1.3275 0.435
-1.2675 0.4
-1.2075 0.34125
-1.23 0.40625
-1.245 0.4475
-1.215 0.49875
-1.2375 0.4725
-1.19 0.3975
-1.2025 0.4825
-1.2675 0.545
-1.34 0.62375
-1.36 0.6475
-1.4125 0.6875
-1.35 0.63
-1.395 0.645
-1.3175 0.59
-1.31 0.64375
-1.235 0.5875
-1.3775 0.63875
-1.3475 0.66125
-1.35 0.7025
-1.3925 0.69875
-1.4525 0.71875
-1.3575 0.655
-1.3875 0.6775
-1.39 0.565
-1.215 0.41625
-1.2875 0.44375
-1.32 0.4075
-1.2575 0.47
-1.1875 0.31125
-1.205 0.23375
-1.2275 0.24375
-1.1875 0.34125
-1.255 0.3425
-1.29 0.4575
-1.3625 0.47
-1.2 0.55375
-1.2725 0.58375
-1.2775 0.56125
-1.265 0.52625
-1.3125 0.46625
-1.3375 0.55875
-1.2875 0.49625
-1.2325 0.485
-1.3325 0.595
-1.3975 0.66375
-1.4075 0.68125
-1.4025 0.72875
-1.2375 0.6375
-1.2975 0.6675
-1.3625 0.66125
-1.455 0.69625
-1.2875 0.64125
-1.2375 0.59875
-1.3225 0.6325
-1.335 0.635
-1.345 0.6225
-1.22 0.52875
-1.265 0.505
-1.345 0.5625
-1.4075 0.6
-1.1675 0.34875
-1.18 0.3275
-1.1875 0.28875
-1.1725 0.21875
-1.1675 0.3025
-1.2775 0.47875
-1.2575 0.29875
-1.135 0.16625
-1.205 0.13375
-1.2525 0.18125
-1.22 0.2725
-1.19 0.3025
-1.2625 0.3225
-1.1625 0.23375
-1.315 0.17875
-1.18 0.22625
-1.19 0.23
-1.2625 0.215
-1.1675 0.03875
-1.1725 0.105
-1.205 0.22875
-1.1575 0.15
-1.1925 0.195
-1.315 0.31875
-1.225 0.28875
-1.2475 0.26125
-1.17 0.1
-1.26 0.2825
-1.1025 0.2575
-1.1275 0.15875
-1.125 0.00125
-1.255 0.06375
-1.1725 -0.035
-1.1725 -0.04125
-1.2175 -0.03
-1.0675 -0.0675
-1.0525 -0.105
-1.12 -0.1375
-1.2 -0.1425
-1.22 -0.17
-1.09 -0.23125
-1.27 -0.305
-1.2075 -0.23375
-1.1475 -0.19875
-1.1975 -0.27625
-1.235 -0.215
-1.1175 -0.205
-1.0875 -0.2275
-1.2025 -0.45375
-1.12 -0.42375
-1.1925 -0.425
-1.165 -0.325
-1.15 -0.295
-1.16 -0.32
-1.1525 -0.26875
-1.1525 -0.305
-1.245 -0.41375
-1.2425 -0.3575
-1.2375 -0.3725
-1.2375 -0.3625
-1.2275 -0.31
-1.2075 -0.34375
-1.2125 -0.48375
-1.2625 -0.4875
-1.2825 -0.45375
-1.295 -0.38875
-1.17 -0.35625
-1.1975 -0.3775
-1.1525 -0.35
-1.27 -0.5075
-1.2575 -0.5625
-1.3025 -0.6025
-1.265 -0.59875
-1.215 -0.485
-1.275 -0.4675
-1.215 -0.395
-1.205 -0.3425
-1.22 -0.39
-1.2425 -0.33
-1.245 -0.43875
-1.2875 -0.4575
-1.34 -0.3975
-1.2275 -0.3425
-1.21 -0.36375
-1.1925 -0.34625
-1.2 -0.2725
-1.3075 -0.35375
-1.2875 -0.33375
-1.2525 -0.32
-1.3 -0.39375
-1.2325 -0.37375
-1.21 -0.31
-1.3025 -0.25125
-1.215 -0.20125
-1.255 -0.225
-1.2375 -0.16125
-1.3075 -0.21125
-1.23 -0.15625
-1.1375 -0.08875
-1.245 -0.05
-1.215 0.01
-1.225 -0.12625
-1.21 -0.0875
-1.0975 0.00375
-1.2375 0.06125
-1.0925 -0.00125
-1.1325 -0.10375
-1.1925 -0.17
-1.2425 -0.18
-1.2375 -0.255
-1.21 -0.3575
-1.2425 -0.43875
-1.2425 -0.32375
-1.295 -0.395
-1.215 -0.42875
-1.1775 -0.41375
-1.305 -0.5525
-1.35 -0.545
-1.325 -0.54375
-1.2975 -0.45
-1.1775 -0.44125
-1.2475 -0.50625
-1.165 -0.41875
-1.17 -0.31375
-1.2375 -0.2375
-1.14 -0.19875
-1.1425 -0.175
-1.22 -0.185
-1.17 -0.06875
-1.185 -0.07
-1.22 -0.26375
-1.1875 -0.15125
-1.1625 -0.2675
-1.24 -0.31
-1.1975 -0.2875
-1.145 -0.335
-1.265 -0.3025
-1.1975 -0.26
-1.155 -0.265
-1.085 -0.22
-1.2575 -0.2775
-1.165 -0.3375
-1.21 -0.34125
-1.1375 -0.27
-1.14 -0.235
-1.16 -0.165
-1.1425 -0.1125
-1.14 -0.08
-1.14 -0.23375
-1.17 -0.255
-1.285 -0.25625
-1.2275 -0.29
-1.2525 -0.25875
-1.1825 -0.21
-1.12 -0.095
-1.14 -0.03625
-1.19 -0.13875
-1.165 -0.115
-1.23 -0.09
-1.2775 -0.105
-1.1275 -0.01875
-1.1425 -0.1375
-1.19 0.09125
