-0.89 -0.09
-0.83 -0.145
-0.98 -0.18
-1.03 -0.32
-0.82 -0.13
-0.99 0.25
-1.01 0.255
-1.03 0.15
-1.05 0.265
-1.02 0.255
-1.14 0.27
-1 0.2
-0.9 0.105
-1.16 -0.035
-1.02 -0.14
-1.01 0.06
-1.03 -0.035
-1.17 -0.37
-0.8 -0.235
-1.01 -0.255
-0.96 0.02
-0.97 -0.115
-0.9 -0.11
-0.93 -0.025
-0.94 0.11
-0.98 0.205
-0.86 0
-1.12 -0.025
-1.02 0.005
-0.91 0
-0.83 0.07
-0.88 0.095
-1.08 0.06
-1.13 -0.19
-0.9 0.185
-0.96 0.07
-0.83 0.17
-0.86 -0.025
-1.07 0.04
-0.91 0.195
-0.95 -0.03
-0.93 0.085
-1.09 0.275
-0.89 0.195
-1.23 0.615
-1.07 0.445
-1.12 0.41
-1.04 0.265
-1.1 0.565
-1.18 0.67
-0.99 0.48
-1.09 0.61
-0.94 0.455
-1.11 0.34
-0.95 0.42
-0.95 0.15
-1.01 0.405
-0.72 0.085
-0.99 -0.34
-0.9 -0.1
-1.01 0.15
-0.95 -0.065
-1.01 -0.07
-0.98 0.045
-0.93 0.025
-0.87 0.195
-1.02 -0.125
-0.95 -0.2
-1.01 -0.335
-0.96 -0.075
-0.91 -0.26
-0.85 0.055
-1.05 0.04
-0.98 0.285
-1.18 0
-1.04 0.24
-1.02 0.375
-1.02 0.225
-1.04 0.35
-0.93 0.19
-0.77 0.225
-1.04 0.425
-1.07 0.53
-1.07 0.37
-0.96 0.2
-0.95 -0.03
-0.76 0.155
-0.98 0.215
-0.95 0.195
-0.95 -0.1
-0.92 -0.26
-0.98 -0.185
-0.82 0.12
-1.03 0.205
-1.12 0.035
-0.96 0.085
-0.81 -0.015
-0.97 0.425
-0.88 0.29
-1.13 0.365
-0.89 0.325
-1.11 0.565
-0.94 0.31
-0.89 0.295
-1.05 0.425
-1.09 0.235
-1.14 0.455
-1.08 0.25
-1.01 -0.02
-0.97 -0.195
-1.04 -0.26
-0.94 -0.11
-1.05 -0.22
-0.76 0.095
-0.96 0.07
-0.95 0.04
-0.95 0.205
-0.94 0.155
-1.08 -0.005
-0.81 0
-0.96 0.005
-0.97 -0.145
-1.18 0.195
-1.1 0.07
-0.88 -0.195
-1.01 -0.35
-1 -0.215
-0.85 -0.2
-0.77 0.08
-0.92 -0.17
-0.9 0.005
-0.96 0.17
-1.07 0.09
-0.95 0.085
-0.95 0.135
-0.99 0.06
-0.85 0.085
-1.02 -0.245
-1.02 -0.105
-1.05 -0.275
-0.88 -0.025
-1.15 0.005
-1.08 -0.155
-1.01 -0.155
-0.97 -0.255
-0.97 -0.04
-0.94 0.09
-0.9 0.025
-0.95 -0.085
-1.01 -0.275
-1.12 -0.375
-1.01 -0.205
-1.05 -0.29
-1.09 -0.39
-0.84 -0.17
-1.14 0.015
-0.86 -0.135
-0.82 0.01
-0.83 -0.08
-0.85 -0.135
-0.98 -0.2
-1.03 -0.275
-1.05 -0.39
-0.99 -0.145
-0.73 0.07
-0.99 0.3
-0.8 0.235
-0.71 -0.12
-1.02 -0.33
-0.92 -0.22
-1.04 -0.36
-1.11 -0.38
-1.01 -0.32
-0.98 -0.045
-0.93 0.23
-1.08 0.14
-0.93 0.395
-0.99 0.145
-0.84 0.16
-0.94 0.045
-0.92 0.105
-0.98 0.19
-1.08 0.055
-0.95 0.015
-0.92 -0.04
-0.89 -0.12
-0.85 -0.14
-0.79 0.14
-1.08 0.27
-0.92 0.01
-0.98 0.085
-1.1 -0.02
-0.99 0.16
-0.97 0.26
-0.99 0.215
-0.99 0.21
-1.11 0.125
-1.03 0.29
-0.89 0.18
-0.92 0.26
-0.98 -0.15
-1.15 -0.31
-0.93 -0.215
-0.89 -0.105
-1.03 -0.03
-1.15 0.45
-0.96 0.275
-0.97 0.28
-1.09 0.225
-0.94 0.01
-0.95 0.05
-0.99 0.29
-1.03 0.365
-0.95 0.235
-1.06 0.53
-1.26 0.595
-1.08 0.28
-0.97 0.195
-0.93 0.02
-0.87 -0.24
-0.88 -0.385
-0.89 -0.07
-1.09 -0.225
-1.16 -0.575
-1.08 -0.39
-0.92 -0.235
-0.84 -0.3
-0.92 -0.145
-0.81 -0.305
-1.13 -0.51
-1.02 -0.335
-0.83 -0.015
-1.19 -0.295
-1.1 -0.225
-1.04 -0.345
-1.06 -0.445
-0.86 -0.31
-1 -0.46
-1.03 -0.07
-1.14 -0.335
-1.08 -0.5
-0.96 -0.325
-0.96 -0.165
-1.03 -0.185
-0.98 -0.225
-0.91 -0.195
-1.1 -0.445
-1.04 -0.37
-0.92 -0.315
-0.86 -0.195
-1.22 -0.495
-1.3 -0.595
-1.02 -0.345
-0.78 -0.23
-0.98 -0.29
-0.74 0.075
-1.02 -0.02
-0.95 0.105
-1.07 0.18
-1.07 0.065
-0.94 0.14
-1 -0.02
-1.04 0.295
-1.02 0.35
-0.97 0.245
-1 0.325
-1.12 0.52
-1.21 0.505
-0.9 0.39
-0.97 0.19
-1.14 0.23
-0.8 0.175
-0.95 0.105
-0.87 0.425
-0.88 0.205
-0.98 0.115
-1.21 0.41
-1.06 0.24
-1.13 0.27
-0.8 0.075
-1.17 0.02
-1.07 -0.28
-1.08 -0.44
-1.15 -0.57
-1.11 -0.37
-1.05 -0.565
-1.04 -0.52
-1.2 -0.54
-1.02 -0.355
-1.18 -0.235
-0.95 -0.18
-1.02 -0.185
-1.1 -0.015
-1.21 -0.22
-1.01 -0.195
-0.93 0.12
-0.94 0.11
-1.15 -0.18
-0.95 0
-1 0.05
-1.13 0.485
-1.09 0.435
-0.88 0.225
-1.02 0.16
-1.08 0.34
-1.05 0.15
-0.91 -0.24
-0.85 -0.01
-0.87 -0.1
-1.08 -0.06
-1 -0.145
-0.92 -0.325
-1.01 -0.415
-0.93 -0.38
-1.12 -0.015
-1.08 0.425
-1.13 0.515
-1.16 0.265
-1.03 0.385
-1.07 0.295
-0.81 -0.075
-0.84 -0.335
-0.95 -0.325
-1.08 -0.425
-0.88 -0.295
-1.04 -0.085
-0.89 -0.125
-1.01 0.275
-1.1 0.24
-0.93 0.13
-0.91 0.035
-0.96 0.295
-1.2 0.45
-0.92 0.36
-0.72 0.165
-0.9 0.18
-0.91 0.165
-0.89 0.085
-0.92 0
-0.93 0.045
-0.92 0.26
-0.9 0.18
-1.11 0.08
-1 0
-0.93 -0.095
-0.99 0.015
-0.94 -0.06
-0.85 -0.045
-0.9 -0.11
-0.99 -0.135
-0.82 0.14
-0.98 -0.065
-0.86 -0.22
-1.05 -0.19
-1.13 -0.295
-1.19 0.025
-1.05 0.21
-0.96 0.02
-0.89 0.115
-1 0.13
-0.92 0.05
-0.93 -0.14
-0.86 -0.22
-0.78 -0.06
-0.8 -0.275
-1.02 -0.445
-0.81 -0.11
-1.03 -0.055
-0.96 -0.015
-1.05 0.12
-0.95 0.055
-0.91 0.105
-0.85 -0.035
-0.99 -0.055
-0.99 0.105
-0.99 0.34
-1.01 0.285
-1.33 0.63
-1.12 0.58
-0.87 0.36
-0.98 0.25
-0.89 0.2
-0.95 0.145
-0.89 0.13
-0.96 0.14
-1.02 -0.14
-0.9 -0.2
-0.81 -0.08
-1.06 -0.065
-0.99 -0.05
-0.87 0.255
-1.22 0.625
-1.06 0.42
-1.07 0.445
-1.04 0.465
-1.13 0.6
-1.17 0.6
-1.31 0.68
-1.36 0.76
-1.03 0.465
-0.87 0.13
-1.02 0.44
-0.99 0.29
-1.15 0.14
-0.96 0.26
-0.95 0.045
-0.89 -0.03
-0.94 0.045
-1.01 0.215
-0.9 0.11
-0.9 0.095
-1.02 0.03
-0.88 -0.165
-1.07 -0.005
-0.92 0.03
-1.01 -0.065
-1.03 -0.165
-0.94 -0.075
-1.16 -0.225
-0.95 -0.04
-1.03 -0.03
-0.99 0
-0.91 0.01
-0.88 -0.09
-1.01 -0.1
-0.96 -0.015
-0.99 -0.13
-0.9 0.17
-0.99 0.03
-0.99 0.12
-0.94 0.31
-1.2 0.235
-1.26 0.225
-1.09 0.485
-1.02 0.115
-0.78 0.13
-0.93 -0.26
-1.02 0.035
-1.12 0.435
-0.77 0.32
-0.91 0.075
-0.89 0.09
-1.15 0.005
-1.09 0.08
-1.09 0.37
-1.13 0.38
-1.01 0.36
-1.03 0.23
-1.03 -0.015
-0.98 0.04
-0.99 0.09
-1.01 0.335
-1.01 0.45
-0.99 0.09
-1.08 0.375
-1.19 0.395
-0.93 0.235
-1.02 0.36
-1.17 0.255
-0.91 0.21
-1.17 0.26
-1 -0.105
-1.02 -0.12
-1.03 0.225
-0.94 0.045
-0.8 -0.22
-0.84 -0.095
-1.01 0.01
-1.13 -0.19
-1.13 0.085
-1.04 -0.07
-1 -0.125
-1.18 -0.1
-1.01 0.225
-1.07 0.235
-1.11 0.295
-1.14 0.165
-1.05 0.065
-1.09 0.22
-1 0.32
-1.06 0.395
-0.86 0.075
-1.12 -0.06
-1 -0.25
-0.94 -0.355
-1.09 -0.41
-0.97 -0.45
-0.96 -0.345
-0.92 -0.335
-0.96 -0.38
-0.84 -0.315
-0.93 -0.15
-1.03 -0.31
-0.86 -0.19
-0.98 -0.2
-1 0.105
-0.99 -0.015
-1.07 0.35
-1.13 -0.035
-1.07 0.08
-1.11 0.115
-0.94 0.23
-1.19 0.13
-1.03 0.05
-0.95 0.17
-0.98 0.11
-1.13 0.47
-1.04 0.47
-0.99 0.46
-1.01 0.295
-1.13 0.575
-1.01 0.43
-0.98 0.44
-0.98 0.105
-1 0.425
-1.08 0.305
-1.17 0.155
-1.04 0.335
-0.96 0.395
-1.02 -0.03
-0.97 -0.3
-1.03 -0.115
-0.93 -0.045
-1.01 -0.07
-0.93 -0.16
-0.97 0.005
-0.83 -0.015
-0.94 -0.3
-1 -0.125
-0.94 -0.16
-1.1 -0.38
-1.12 -0.355
-0.97 -0.41
-1.02 -0.5
-0.96 -0.425
-1.15 -0.42
-1 -0.115
-1.01 0.055
-0.87 0.12
-0.94 0.255
-1.02 0.07
-1.07 0.105
-0.91 0.135
-1.22 -0.105
-0.9 -0.075
-0.92 0.15
-0.9 -0.035
-0.87 -0.145
-0.83 0.16
-0.89 0.12
-1.15 0.615
-1.22 0.655
-0.93 0.285
-0.76 0.195
-0.87 0.08
-0.98 -0.175
-1.02 -0.155
-0.91 -0.04
-0.91 0.2
-0.92 0.335
-1.05 0.11
-1.17 0.205
-1.09 0.195
-0.99 0.31
-0.91 0.3
-0.94 0.055
-0.89 -0.12
-0.8 0.215
-1.07 0.195
-1.02 0.045
-0.89 0.06
-1.04 -0.04
-0.93 -0.11
-0.97 -0.085
-0.91 -0.255
-1.19 -0.6
-1.05 -0.445
-0.81 -0.415
-1.09 -0.345
-1.06 -0.34
-1 0.11
-0.95 -0.045
-0.78 0.175
-1.04 -0.13
-0.86 -0.02
-1.04 -0.025
-0.92 0.14
-0.81 -0.005
-0.9 -0.11
-0.98 -0.025
-0.88 -0.215
-1.08 -0.32
-0.98 0.185
-1.06 -0.05
-0.9 -0.195
-1.13 -0.47
-0.94 -0.15
-0.93 -0.18
-1.11 -0.43
-0.95 -0.08
-1.01 -0.32
-0.95 -0.36
-0.75 -0.005
-1.16 0.27
-1.05 0.01
-1.12 -0.17
-0.99 -0.175
-1.05 -0.305
-0.93 -0.08
-0.95 -0.1
-1.09 -0.195
-1.12 0.155
-0.96 0.025
-0.94 -0.02
-0.89 0.02
-1.07 0.2
-0.93 -0.075
-0.97 -0.185
-1 0.05
-1.01 -0.03
-1.03 0.055
-1.1 -0.07
-1.02 -0.145
-1.06 -0.195
-0.89 -0.03
-1 0.135
-0.89 0.12
-0.85 -0.23
-0.78 0.055
-1.05 0.075
-1.02 0.325
-1.07 0.335
-1.03 0.24
-1.14 0.26
-1.11 0.45
-1.07 0.37
-0.96 0.075
-1.16 0.165
-0.96 0.23
-1.11 -0.02
-0.96 0.01
-0.88 0.145
-1.01 -0.12
-0.98 -0.32
-1.19 -0.455
-0.98 -0.205
-0.78 0.035
-0.94 0.205
-1.09 0.325
-0.95 0.21
-0.98 0.405
-1.11 0.38
-1.02 0.435
-0.77 0.195
-0.96 0.35
-1.07 0.59
-0.98 0.485
-0.95 0.225
-0.92 0.135
-0.86 0.08
-0.92 0.055
-0.88 0.1
-0.98 0.015
-0.9 0.235
-0.95 0.065
-0.97 0.025
-0.97 0.03
-0.97 -0.11
-0.87 0.11
-1.04 0.465
-1.09 0.425
-1.16 0.38
-0.97 0.26
-1.07 0.4
-1.16 0.405
-1.08 0.345
-1.01 0.27
-1.16 0.255
-1.07 -0.04
-0.9 0.32
-0.97 0.515
-1.09 0.465
-1.06 0.25
-1.05 0.025
-1.05 0.095
-1.11 -0.07
-1.05 -0.36
-1.21 -0.19
-0.95 -0.15
-0.87 -0.21
-0.95 -0.015
-0.93 -0.02
-1.21 -0.025
-0.77 -0.06
-1.19 0.115
-1.06 0.035
-1.19 0.655
-1.16 0.515
-1.11 0.51
-1.14 0.55
-1.21 0.35
-0.91 0.21
-0.87 0.25
-0.89 0.165
-0.85 0.055
-0.96 -0.02
-0.78 -0.2
-0.82 -0.115
-1.05 0.215
-1.04 -0.16
-0.97 0.025
-1.01 0.285
-0.78 -0.09
-1.14 -0.095
-1.12 -0.445
-0.93 -0.195
-0.89 -0.245
-0.69 -0.23
-1.07 0.045
-1 0.16
-0.83 0.105
-0.89 -0.01
-0.88 -0.075
-0.79 0.21
-1.07 0.36
-0.85 -0.06
-0.91 -0.005
-1.06 -0.07
-1.14 -0.215
-1 -0.24
-0.99 -0.065
-0.95 -0.21
-1.07 -0.215
-0.97 -0.09
-0.76 -0.155
-1.09 -0.26
-0.88 0.155
-0.98 0.355
-0.96 0.195
-1.04 0.18
-0.99 0.155
-0.83 0.06
-1.12 -0.17
-1.2 -0.345
-1.04 -0.265
-0.96 -0.26
-1.11 -0.5
-1.11 -0.4
-0.94 -0.34
-1.07 -0.11
-1.02 0.04
-1.08 0.23
-0.86 0.28
-1 0.14
-1.01 0.195
-0.95 -0.1
-0.81 0.135
-0.96 0.335
-1.12 0.24
-1.19 0.4
-0.97 0.055
-1.07 0.23
-1.14 0.215
-0.93 0.275
-1.09 0.235
-0.99 0.33
-1.06 0.325
-1.24 0.47
-1.08 0.475
-1.08 0.255
-0.9 0.255
-1.04 0.35
-0.86 -0.025
-1.04 -0.02
-0.92 0
-0.85 -0.18
-0.9 0.215
-0.96 0.29
-0.84 0.32
-1.1 0.585
-1.25 0.445
-1.16 0.54
-1.01 0.46
-1.07 0.28
-1.02 0.115
-0.88 0.12
-1.13 0.025
-0.83 0.235
-0.91 -0.015
-1.06 -0.125
-0.97 -0.325
-0.83 -0.12
-1 -0.065
-1.17 0.25
-0.84 0.155
-1.02 0.02
-0.76 0.025
-1.01 -0.235
-1.07 -0.345
-0.97 -0.195
-0.96 -0.175
-0.91 -0.03
-0.86 -0.195
-1.17 0.075
-1.16 0.245
-0.88 0.185
-1.02 0.205
-1.09 0.2
-1.15 0.35
-0.87 0.305
-1.12 0.525
-1.11 0.49
-1.03 0.415
-0.87 0.2
-1.04 0.2
-0.98 0.045
-1.13 0.27
-1.17 0.505
-0.94 0.265
-0.92 0.29
-1.03 0.34
-1.06 0.1
-1.21 0.505
-1.17 0.375
-1.15 0.475
-1.14 0.53
-1.05 0.555
-1.27 0.685
-0.96 0.53
-0.95 0.37
-0.89 0.2
-1.06 0.21
-1.08 -0.02
-1.01 0.085
-0.94 0.205
-1.12 0.31
-0.86 0.125
-1.14 0.225
-0.99 0.285
-0.98 0.055
-0.97 0.1
-0.94 -0.11
-1.03 0.04
-0.92 -0.1
-1.04 -0.025
-1.01 -0.145
-1.19 0.27
-1.07 0.33
-1.15 0.54
-1.06 0.385
-1.05 0.14
-0.98 0.16
-1 0.335
-0.84 0.18
-1.11 0.375
-0.89 0.195
-0.87 0.31
-0.91 0.025
-1 0.395
-1.02 0.33
-1.17 0.375
-0.76 0.12
-1.05 0.22
-0.99 0.305
-1.13 0.245
-1.07 -0.035
-1.13 -0.385
-1.21 -0.68
-1.14 -0.515
-1.18 -0.23
-0.98 -0.175
-0.96 -0.2
-1.03 -0.205
-0.71 0.09
-0.99 0.14
-1.17 0.425
-1.06 0.46
-1.13 0.24
-1.18 0.64
-1.1 0.345
-1.03 0.235
-1.12 0.535
-1.04 0.25
-0.97 0.175
-0.99 -0.22
-1.02 -0.42
-1.07 -0.16
-1.01 -0.08
-0.98 0.16
-1.21 0.21
-1.19 0.285
-1.24 0.46
-1.14 0.005
-0.88 -0.005
-0.94 -0.335
-0.97 -0.18
-1.05 -0.29
-0.94 -0.36
-1.08 -0.085
-1.02 0.19
-1.1 0.21
-0.87 0.03
-0.91 0.215
-0.85 0.365
-0.95 0.285
-1 0.15
-0.89 0.05
-1.27 0.02
-0.96 0.025
-1.04 0.175
-0.89 -0.115
-1 0.11
-1.13 0.185
-1.23 0.245
-1.14 -0.195
-1.01 -0.085
-0.95 -0.03
-0.96 -0.285
-0.89 -0.11
-1.12 -0.385
-0.95 -0.295
-0.99 -0.345
-1.23 -0.545
-0.97 -0.34
-0.98 -0.31
-1.05 -0.335
-1.06 -0.1
-0.94 -0.305
-1.24 -0.59
-0.99 -0.325
-0.92 -0.135
-0.96 0.11
-1.04 -0.105
-1.02 -0.26
-1.05 -0.145
-0.93 -0.225
-1.07 -0.08
-1.04 -0.11
-1.07 -0.18
-0.99 -0.025
-0.97 0.305
-1.08 0.295
-0.9 0.3
-1.06 0.24
-1 0.34
-0.9 0.46
-0.98 0.23
-0.87 0.08
-1.21 0.14
-1.02 0.2
-1.01 0.04
-0.98 0.155
-0.91 -0.045
-0.91 0.05
-1 0.035
-0.87 0.065
-1.01 -0.045
-1.14 0.125
-0.97 0.235
-0.98 0.165
-0.97 0.18
-0.82 0.08
-0.87 0.155
-0.99 0.08
-1.06 0.27
-0.8 0.095
-1.03 -0.06
-0.99 0.095
-0.99 0.395
-0.95 0.425
-1.03 0.13
-1.06 0.12
-1.03 -0.17
-0.99 -0.24
-0.96 -0.025
-0.9 0.05
-1.02 0.175
-1 0.13
-0.97 -0.035
-0.94 0.02
-1.02 0.205
-0.99 0.28
-0.89 -0.095
-0.9 -0.035
-0.97 -0.025
-0.92 -0.12
-1.02 -0.175
-0.9 -0.175
-1.06 -0.265
-0.95 -0.155
-1.15 -0.15
-1.08 -0.185
-1.02 -0.055
-0.94 -0.185
-1.09 -0.32
-1.18 -0.43
-0.98 -0.205
-1 -0.08
-1.12 -0.145
-0.98 -0.065
-0.98 0.32
-1.05 0.23
-1.02 0.345
-1.02 0.31
-1.02 -0.095
-1.16 0.045
-1.14 -0.12
-0.99 0.125
-1.12 0.465
-1.23 0.485
-0.88 0.275
-0.74 0.06
-1.07 0.115
-1.05 0.13
-0.91 0.175
-1.02 0.26
-0.91 0.15
-0.95 0.21
-0.99 -0.075
-0.94 -0.195
-1.04 -0.2
-1 -0.065
-0.79 -0.07
-0.93 -0.06
-1 -0.215
-1.09 -0.4
-0.98 -0.315
-0.98 -0.385
-0.93 -0.07
-0.85 -0.225
-1.15 -0.515
-1.17 -0.52
-0.87 -0.325
-0.79 -0.125
-1.02 -0.435
-1.2 -0.55
-1.01 -0.405
-1.12 -0.34
-1.08 -0.16
-1.08 -0.035
-0.81 0.14
-0.84 0.09
-0.91 0.075
-0.89 0.22
-1.04 0.04
-0.97 0.225
-1.02 0.365
-0.91 0.31
-0.97 0.06
-0.92 0.12
-1.02 0.205
-1 0
-0.89 0.125
-0.87 0.155
-0.95 -0.02
-0.86 0.125
-1.03 -0.105
-0.97 0.025
-0.82 0.105
-1.08 0.08
-0.89 0.095
-1.02 -0.055
-0.9 -0.13
-1.13 -0.355
-0.9 -0.1
-0.93 -0.135
-1.09 -0.42
-1.05 -0.28
-0.99 -0.435
-0.9 -0.14
-0.93 0.09
-1.02 -0.07
-0.95 0
-1.1 0.085
-0.93 -0.015
-0.85 -0.215
-1.22 -0.515
-0.97 -0.465
-1.15 -0.355
-1.03 -0.12
-0.88 -0.27
-1.06 -0.475
-0.92 -0.295
-1.03 0.07
-0.96 0.215
-0.94 0.125
-1.22 0.265
-1.17 0.21
-1.06 0.29
-0.94 0.22
-0.87 0.29
-1.06 0.3
-1.04 0.435
-0.92 0.38
-0.89 0.185
-0.77 0.14
-0.95 0.185
-0.93 0.39
-1.05 0.555
-1.01 0.35
-0.96 0.16
-1.07 -0.01
-1.09 0.06
-1.12 0.145
-0.87 0.265
-0.87 0.2
-1.05 0.4
-0.91 0.335
-0.89 0.09
-1 0.005
-1.04 0.14
-1.09 0.14
-1.03 0.145
-0.99 0.145
-0.88 -0.17
-0.85 0.115
-0.96 0.02
-0.86 0.06
-0.98 0.175
-0.99 0.215
-1.12 -0.03
-1.01 -0.105
-0.95 -0.05
-0.88 0.125
-1.02 0.565
-1.1 0.535
-1.05 0.445
-0.95 0.35
-0.99 0.26
-0.82 0.215
-0.95 0.285
-1.15 0.505
-1.12 0.51
-0.85 0.26
-1.02 0.24
-0.9 0.02
-1.01 0.1
-1.07 0.285
-1.14 0.145
-1.07 -0.09
-1.06 -0.315
-0.99 -0.345
-1.1 0.075
-0.9 0.105
-0.96 -0.02
-0.89 -0.195
-1.03 -0.49
-1.1 -0.295
-0.92 -0.365
-0.83 -0.21
-0.87 -0.13
-0.86 -0.26
-0.94 -0.17
-0.99 -0.25
-1.06 -0.475
-1.05 -0.455
-0.94 -0.39
-0.98 0
-0.94 -0.22
-0.88 0.065
-0.92 0.235
-1.15 0.45
-1.06 0.36
-0.96 0.37
-1.08 0.26
-0.85 -0.07
-0.83 -0.04
-0.99 0.01
-1.03 -0.415
-0.97 -0.285
-0.93 -0.33
-0.87 -0.09
-0.98 -0.175
-1.04 -0.175
-0.85 -0.265
-1.03 -0.265
-0.83 0.075
-0.87 0.165
-0.96 0.11
-0.78 -0.05
-0.85 0.19
-1.18 0.27
-0.99 0.43
-0.87 0.265
-0.88 0.23
-0.9 -0.045
-1.04 -0.29
-1.13 -0.085
-1.05 -0.05
-0.89 0.02
-0.81 -0.22
-1.01 -0.34
-0.94 -0.38
-1 -0.33
-1.02 -0.465
-1.04 -0.58
-1.18 -0.6
-0.93 -0.165
-1.03 -0.215
-1.14 -0.175
-1.04 0.015
-1.03 -0.3
-0.97 -0.155
-1.01 0.18
-1.15 0.02
-0.97 0.155
-1.07 0.3
-0.98 -0.05
-1 -0.145
-1.06 -0.13
-0.99 -0.185
-0.91 -0.165
-1.05 -0.075
-0.99 0.06
-0.9 -0.085
-0.89 -0.01
-0.91 0
-0.89 -0.14
-0.97 -0.325
-0.79 -0.11
-0.91 -0.065
-1.19 0.35
-0.95 0.21
-0.87 0.115
-1.05 0.395
-1.06 0.46
-0.88 0.335
-1.08 0.26
-0.91 -0.15
-0.97 0.115
-0.97 0.16
-0.93 0.305
-0.93 0.075
-0.83 0.005
-0.9 0.055
-1.06 0.03
-0.91 -0.205
-0.83 -0.13
-1.08 0.035
-0.8 0.12
-1.06 0.37
-1.02 0.305
-1.04 0.19
-0.95 0.24
-1.09 0.305
-0.89 0.285
-0.77 0.185
-0.87 0.13
-0.94 0.08
-0.97 0.025
-1.02 0.115
-0.8 0.255
-0.85 0.13
-1.1 0.35
-0.86 0.26
-1.04 0.13
-1 0.02
-1.02 -0.07
-1.11 -0.035
-0.91 -0.065
-1.07 -0.12
-1.06 -0.25
-1.09 -0.475
-1.04 -0.34
-0.86 -0.045
-0.97 0.175
-1.05 0.42
-1.15 0.515
-1.24 0.565
-1.03 0.38
-0.98 0.395
-1.04 0.24
-1.15 0.31
-0.98 0.025
-1.16 0.06
-0.84 -0.025
-1.09 -0.165
-0.98 -0.135
-0.96 -0.26
-1.21 -0.28
-1.08 -0.19
-1 -0.05
-1.11 -0.135
-0.93 0.16
-1.09 0.49
-0.88 0.435
-1.02 0.355
-1.08 0.57
-0.99 0.46
-1.05 0.32
-1.09 0.405
-1.05 0.54
-1.22 0.595
-1.24 0.685
-1.25 0.59
-1.07 0.54
-0.99 0.365
-1.11 0.045
-0.94 -0.01
-0.88 -0.055
-0.92 0.08
-1.18 0.245
-1.09 0.045
-1 0.075
-0.96 0.295
-0.91 0.255
-1.06 0.27
-1.06 0.235
-1.03 0.29
-0.99 0.12
-1.09 -0.05
-0.86 0.08
-0.87 0.255
-1.15 0.2
-0.93 0.195
-0.98 -0.39
-0.83 -0.06
-0.82 -0.005
-1.08 0.025
-1.18 -0.155
-1 0.305
-1.25 0.545
-0.99 0.555
-1.07 0.355
-0.99 0.31
-1.13 0.41
-0.77 0.285
-0.9 0.165
-0.98 0.26
-1 0.35
-1.08 0.34
-1.09 0.4
-1.27 0.5
-1.22 0.555
-1.12 0.57
-0.88 0.39
-1.01 0.245
-1 0.41
-1.04 0.13
-1.14 0.425
-1.18 0.565
-0.81 0.085
-0.95 0.04
-1.03 -0.17
-0.95 -0.365
-0.84 -0.36
-0.78 -0.21
-1.04 -0.23
-0.87 -0.115
-0.93 0.135
-1.07 0.25
-1.28 0.44
-0.79 0.125
-0.99 -0.21
-1.17 -0.065
-0.94 -0.12
-1.14 -0.335
-1.04 -0.285
-0.88 0.11
-0.86 -0.085
-1.14 -0.325
-1.03 -0.17
-1 -0.42
-0.9 -0.225
-1.08 -0.145
-0.88 -0.055
-0.99 0.19
-1.11 0.34
-1.12 0.345
-0.99 0.38
-0.98 0.33
-1.14 0.03
-0.99 -0.2
-0.93 -0.17
-1.08 -0.35
-0.98 -0.15
-0.91 0.06
-1.04 -0.13
-0.79 -0.055
-1.13 -0.27
-1 -0.05
-1.05 0.005
-1.2 -0.03
-1.13 -0.015
-0.9 -0.29
-0.92 -0.295
-0.82 -0.185
-0.94 -0.135
-0.84 -0.135
-1.11 -0.29
-0.93 -0.26
-1.05 -0.175
-1.16 -0.225
-0.98 -0.01
-1.08 -0.095
-1.07 0.2
-0.82 0.085
-1.1 0
-1.07 -0.035
-0.95 -0.035
-0.98 -0.01
-1.07 -0.005
-0.96 -0.29
-1 0.05
-1.03 0.225
-0.95 0.24
-0.89 0.135
-1.01 0.275
-1.14 0.115
-0.97 0.215
-1.13 0.215
-0.82 0.13
-0.95 0.26
-1.1 0.555
-0.95 0.32
-1 0.16
-0.97 0.09
-0.99 -0.255
-1.06 -0.29
-1.08 -0.435
-0.99 -0.205
-1.09 -0.155
-1.07 0.145
-0.96 0.02
-0.92 -0.02
-0.92 0.03
-1.06 0.035
-0.99 -0.275
-0.94 -0.39
-0.83 -0.165
-0.98 -0.355
-0.98 -0.335
-0.9 -0.145
-0.92 -0.105
-0.8 0.115
-0.97 0.31
-0.98 0.195
-1 0.27
-1.06 0.305
-1.02 0.125
-0.93 0.055
-0.89 0.115
-1.01 -0.025
-1.02 0.145
-1.11 0.275
-1.09 0.07
-0.94 -0.15
-0.97 0.155
-0.85 0.01
-0.97 0.11
-0.98 -0.025
-0.94 -0.075
-0.85 -0.055
-0.8 -0.05
-1.01 0.05
-1.02 0.285
-1.02 0.305
-1.01 0.36
-0.94 0.115
-0.97 0.28
-1.05 0.1
-0.89 0
-0.91 0.16
-1.16 0.215
-1.1 0.25
-1.12 0.39
-0.99 0.3
-1.1 0.5
-0.9 0.39
-1.16 0.595
-1.16 0.56
-1.07 0.615
-1.3 0.625
-1.05 0.475
-0.95 0.055
-0.96 0.38
-1.09 0.315
-1.05 0.1
-0.93 -0.105
-1.03 -0.1
-0.79 0.01
-0.93 0.02
-1.06 0.295
-0.84 0.1
-1.06 0.105
-0.95 -0.215
-0.94 -0.34
-1.05 -0.51
-1.08 -0.335
-0.95 -0.225
-1.08 0
-0.83 0.07
-1 -0.06
-1.19 -0.215
-1.21 -0.245
-1.07 -0.25
-1.11 -0.305
-1 -0.43
-0.89 -0.255
-0.87 -0.135
-1.1 -0.535
-1.21 -0.525
-1.18 -0.655
-1.01 -0.42
-1.02 -0.18
-1.02 0.015
-1.04 0.21
-1 0.125
-0.96 0.265
-1.12 0.35
-1.02 0.37
-0.95 0.335
-0.87 0.14
-0.98 -0.015
-0.9 -0.275
-1.13 -0.095
-1.04 -0.24
-1.01 -0.28
-1.13 -0.4
-1.03 -0.305
-1.01 -0.08
-0.92 -0.2
-0.89 -0.41
-0.99 -0.445
-1.08 -0.485
-0.95 -0.525
-0.97 -0.425
-0.85 -0.195
-0.94 -0.235
-0.79 -0.1
-1.06 -0.215
-1.1 -0.27
-0.97 -0.43
-0.83 -0.1
-1.07 -0.145
-0.85 0.02
-0.87 0.2
-0.99 0.205
-0.74 -0.005
-0.87 0.145
-1.1 0.165
-0.91 0.2
-0.84 0.01
-1.11 -0.16
-0.92 -0.1
-0.95 0.16
-1.06 -0.12
-0.83 -0.145
-1.03 0
-0.91 -0.065
-0.81 0.31
-0.94 0.32
-1.09 0.25
-1.03 -0.07
-0.97 -0.09
-1.03 -0.01
-0.98 -0.025
-0.97 -0.115
-0.91 0.08
-0.84 0.265
-1 0.245
-0.83 0.08
-0.88 0.34
-0.86 0.025
-1.02 0.04
-0.99 -0.005
-1.04 0
-1.1 0.225
-1.12 0.38
-0.94 0.375
-1.06 0.065
-0.93 0.385
-1.06 0.355
-0.8 0.215
-0.92 0.44
-1.04 0.425
-1.02 0.33
-1.01 0.185
-0.82 0.16
-1.05 0.305
-0.96 0.065
-1.11 0.09
-1.18 0.14
-1.11 0.265
-0.96 0.1
-1.13 0.02
-1.06 0.26
-1.12 0.21
-0.89 0.04
-1.02 0.105
-1.16 -0.13
-1.08 -0.23
-1.12 -0.43
-1.15 -0.37
-0.89 -0.09
-0.94 -0.35
-0.88 -0.31
-0.91 -0.355
-0.98 -0.37
-0.83 0.13
-1.13 0.31
-1.03 0.275
-0.85 0.34
-0.99 0.135
-0.95 -0.125
-1 -0.495
-0.97 -0.315
-1.12 -0.26
-1.02 -0.02
-0.92 -0.25
-0.89 -0.245
-0.99 -0.185
-1.12 -0.39
-0.9 -0.14
-0.84 -0.17
-0.93 -0.135
-0.97 0.01
-1.01 0.33
-0.9 0.085
-0.81 -0.08
-0.84 -0.085
-0.83 -0.08
-0.97 -0.26
-1.02 -0.17
-1.01 -0.19
-1 -0.235
-1.06 -0.035
-0.94 -0.08
-0.95 -0.235
-1.02 -0.23
-1 0.315
-1.02 0.07
-0.99 -0.125
-0.97 -0.33
-1.07 -0.24
-0.96 -0.06
-0.92 0.125
-1.01 0.425
-0.95 0.265
-0.93 0.08
-0.9 0.185
-0.92 0.1
-1.06 -0.295
-1.09 -0.415
-1.17 -0.355
-0.98 -0.405
-0.98 -0.18
-0.89 -0.445
-0.96 -0.275
-1.05 -0.54
-0.96 -0.475
-1.01 -0.29
-1.03 -0.45
-1.15 -0.365
-1.22 -0.38
-1.12 -0.39
-1.16 -0.405
-1 -0.315
-1.15 -0.215
-1.02 -0.355
-1.06 -0.03
-1.08 -0.22
-1.05 0.175
-1.07 0.33
-1.01 0.43
-1.03 0.34
-0.91 0.135
-1.1 0.025
-0.98 0.145
-0.95 0
-0.84 0.12
-0.92 0.015
-0.92 0.025
-0.9 0.08
-1.14 0.08
-0.94 0.23
-1.12 0.265
-0.81 0.355
-1.16 0.565
-1.02 0.375
-1.08 0.295
-1.09 0.225
-0.87 0.18
-0.88 0.12
-1.04 0.115
-0.99 0.04
-0.9 0.025
-0.92 -0.14
-1.01 0.11
-1.09 -0.03
-1.01 -0.12
-0.91 0.035
-1.03 -0.36
-1.28 -0.655
-0.94 -0.415
-1.04 -0.25
-1.07 -0.455
-1.11 -0.325
-0.93 -0.355
-1.04 -0.305
-0.96 -0.1
-0.95 0.03
-0.91 0.005
-0.9 -0.035
-0.92 0.26
-1.18 0.43
-0.99 0.14
-0.97 0.4
-0.9 0.135
-1.02 -0.015
-1.05 0.07
-1.12 -0.04
-1.14 -0.22
-0.85 0
-0.91 0.05
-1 -0.175
-0.93 -0.05
-1.08 0.115
-1.08 0.39
-0.94 0.27
-1.15 0.46
-0.99 0.35
-0.88 0.23
-0.93 0.095
-0.84 0.145
-0.76 0.1
-0.86 -0.27
-0.92 -0.325
-0.99 -0.325
-1.03 -0.15
-1.03 -0.31
-1.11 -0.465
-1.15 -0.62
-1.13 -0.545
-0.92 -0.355
-0.83 -0.125
-0.91 -0.155
-1.08 -0.08
-0.99 -0.055
-0.94 -0.195
-1.26 -0.445
-1.07 -0.425
-1.04 -0.27
-1.11 -0.34
-1.04 -0.26
-1.13 -0.32
-0.8 -0.055
-1.01 -0.325
-1.14 -0.27
-0.96 0.045
-1.05 0.205
-1.04 0.45
-1.05 0.215
-0.96 0.07
-0.93 0.075
-1 0.255
-1.03 0.455
-1.03 0.35
-0.96 0.11
-0.88 -0.02
-1.02 -0.075
-0.98 -0.01
-1.08 0.08
-1.02 0.41
-1.18 0.435
-1.15 0.4
-1.03 0.355
-1.06 0.2
-0.97 0.11
-0.87 -0.08
-0.98 -0.26
-0.94 -0.075
-1.04 -0.495
-1.07 -0.26
-1.04 -0.265
-0.68 -0.07
-0.81 -0.265
-1.12 -0.42
-1.02 -0.305
-0.87 -0.195
-0.99 -0.21
-0.95 0.2
-0.93 -0.115
-1 0.03
-1.2 0.085
-0.93 0.045
-0.97 -0.05
-0.88 0.155
-1.01 -0.1
-0.92 0.155
-1.13 0.23
-0.91 -0.03
-0.9 0.045
-0.99 0.05
-1.1 0.13
-1.02 0.035
-1.02 -0.02
-0.88 0.08
-1.02 0.125
-0.92 0.05
-0.98 0.155
-1.1 0.065
-1.02 -0.18
-0.92 -0.17
-0.78 -0.015
-1 -0.435
-1.19 -0.55
-0.9 -0.335
-0.89 -0.255
-1 -0.06
-1.05 -0.07
-0.91 0.04
-0.99 0.15
-1.08 0.24
-1.03 0.2
-0.89 0.27
-1.11 0.195
-1.06 0.355
-0.82 0.155
-0.92 0.375
-0.89 0.16
-0.88 -0.28
-0.92 -0.27
-0.83 0.015
-0.89 -0.16
-0.9 0.28
-1.05 0.045
-0.97 0.18
-1 -0.215
-0.86 0.095
-1.05 0.25
-0.76 0.035
-0.94 -0.175
-1.06 0.05
-1.02 0
-1.05 -0.3
-0.87 -0.265
-0.9 -0.195
-0.84 -0.05
-1.02 0.025
-1.02 -0.08
-0.83 -0.22
-1.19 -0.515
-1.16 -0.475
-0.88 -0.295
-1.05 -0.12
-0.8 -0.135
-0.92 -0.255
-1.09 -0.095
-1.21 0.27
-0.99 0.225
-1.03 0.275
-0.96 0.16
-1.01 -0.03
-0.97 -0.165
-1.05 -0.095
-0.89 0.05
-1.11 0.145
-0.83 0.07
-0.96 -0.11
-0.88 -0.15
-0.95 -0.245
-0.89 -0.245
-0.88 -0.01
-0.96 -0.11
-1.03 0.145
-1.06 0.09
-0.89 0.07
-0.96 0
-0.81 0.045
-0.91 -0.155
-1.05 -0.155
-1.1 0
-1 0.315
-1.1 -0.045
-0.99 -0.015
-0.94 -0.02
-1.13 -0.125
-1.06 -0.225
-0.98 -0.45
-1.14 -0.41
-0.96 -0.515
-1.03 -0.48
-1.14 -0.345
-1.06 -0.245
-1.01 -0.09
-0.95 -0.175
-1.03 -0.095
-0.84 -0.02
-0.99 0.265
-0.86 0.085
-0.95 -0.175
-1.08 -0.12
-0.91 -0.4
-1.12 -0.42
-1.17 -0.53
-1.1 -0.54
-1.06 -0.41
-0.92 -0.385
-0.95 -0.33
-0.91 -0.3
-1.19 -0.24
-0.86 -0.1
-1.01 -0.25
-1.08 -0.12
-0.87 -0.175
-0.88 -0.09
-1 0.085
-1.16 -0.12
-0.88 -0.115
-0.95 -0.14
-1.06 -0.13
-0.98 0.05
-0.9 0.015
-0.77 0.065
-0.96 0.015
-1.1 -0.03
-0.96 -0.03
-0.93 -0.065
-1.08 0.32
-0.95 0.28
-0.96 0.235
-1.01 0.28
-1.04 0.29
-1 0.12
-0.97 -0.025
-0.93 -0.07
-0.89 0.105
-0.92 0.455
-1.16 0.475
-1.12 0.355
-0.97 0.435
-1.05 0.385
-1.07 0.47
-1.07 0.48
-0.94 0.35
-1.05 0.415
-0.97 0.4
-1.21 0.28
-1.14 0.24
-1.08 -0.08
-1.05 -0.42
-0.94 -0.16
-0.91 0.075
-1.01 0.135
-1.07 -0.095
-1 -0.07
-1 -0.195
-0.78 -0.395
-1.13 -0.45
-1.08 -0.54
-1.01 -0.415
-0.98 0.11
-0.96 -0.145
-0.95 -0.25
-1.13 -0.13
-1.09 -0.215
-1.13 -0.495
-1.03 -0.125
-0.95 -0.235
-1.18 -0.265
-0.99 -0.15
-1 -0.13
-0.86 -0.015
-1.01 -0.07
-0.9 -0.12
-1.1 -0.065
-0.99 0.04
-0.96 -0.155
-0.99 -0.305
-0.95 -0.425
-1 -0.07
-0.94 -0.11
-1.09 -0.15
-0.97 0
-0.85 -0.31
-1.17 -0.515
-1.2 -0.545
-1.14 -0.555
-1.13 -0.255
-1 -0.365
-0.99 -0.17
-1 -0.155
-0.98 -0.06
-0.99 0.15
-0.76 0.095
-1.21 -0.03
-0.95 -0.015
-1.11 -0.01
-1.07 0.28
-1.07 0.425
-1.09 0.275
-1.15 0.27
-1.01 0.335
-1.12 -0.145
-1.07 -0.36
-1.26 -0.33
-0.9 -0.18
-1.07 -0.33
-1.03 -0.255
