-1.12 0.245
-0.95 0.295
-0.9 0.045
-1.01 -0.05
-1 -0.15
-1 -0.02
-0.92 0.045
-0.96 -0.02
-1.04 -0.07
-0.99 0.145
-1.05 0.14
-1.09 0.005
-0.91 0.17
-1.12 0.065
-1.07 0.045
-1.14 0.445
-1.12 0.035
-0.99 -0.235
-0.95 -0.105
-0.96 -0.025
-1.03 -0.27
-0.99 -0.26
-1.04 -0.09
-1.14 -0.02
-1.04 -0.03
-0.94 -0.03
-1.04 -0.135
-1.01 -0.125
-0.97 -0.375
-0.98 -0.285
-1.03 -0.255
-0.87 0.075
-1.34 0.61
-1.2 0.615
-0.96 0.32
-0.97 0.175
-0.92 0.435
-0.92 0.25
-1.21 0.24
-0.96 0.245
-0.98 0.39
-1.02 0.165
-1.12 -0.03
-0.91 -0.015
-0.95 -0.165
-1.13 -0.37
-1.17 -0.21
-0.95 -0.065
-0.99 -0.16
-1.03 -0.325
-1.05 -0.13
-0.82 -0.07
-0.96 -0.17
-0.98 -0.07
-1.08 0.09
-0.95 0.065
-1.04 -0.185
-0.94 -0.265
-0.89 0.17
-0.93 0.115
-1.09 0.215
-1.1 0.325
-1.13 0.22
-1.06 -0.105
-1.02 -0.07
-0.98 -0.075
-0.83 -0.14
-0.83 0.075
-1.01 0.02
-0.97 0.155
-0.85 0.085
-1 -0.115
-0.98 -0.255
-0.91 -0.25
-1.04 -0.255
-1 -0.39
-0.95 -0.365
-0.96 -0.28
-0.87 -0.23
-0.96 -0.21
-0.95 -0.155
-1.17 0.15
-1.09 0.37
-1.13 0.175
-1.17 0.09
-0.88 0.26
-1.02 0.415
-1.24 0.35
-1.03 0.3
-1.19 0.375
-0.95 0.355
-0.9 0.005
-0.97 0.04
-1.11 -0.135
-0.92 -0.125
-1.09 -0.295
-0.93 -0.08
-1.07 -0.53
-1.12 -0.5
-0.97 -0.3
-0.86 -0.245
-1.04 -0.145
-0.86 -0.07
-1.03 -0.28
-1.11 0.11
-1.04 0.08
-0.91 0.005
-0.86 -0.09
-0.97 -0.265
-0.93 -0.125
-0.9 0.035
-0.99 0.17
-1.07 0.01
-0.82 0.08
-0.99 0.22
-1.13 -0.19
-0.85 -0.045
-1.05 -0.135
-1.09 -0.245
-0.91 -0.44
-1.01 -0.39
-1.2 -0.63
-1.3 -0.675
-1.36 -0.655
-1.15 -0.435
-0.98 -0.355
-0.9 -0.4
-0.9 -0.375
-1 -0.4
-1.02 -0.33
-1.06 -0.315
-0.82 -0.1
-0.94 -0.18
-0.88 0.085
-0.8 -0.035
-0.92 -0.12
-0.97 -0.01
-1.1 -0.18
-1.21 -0.22
-1.09 -0.28
-1.04 -0.255
-1.06 -0.2
-0.87 -0.1
-0.92 -0.115
-0.99 0.055
-0.96 0.14
-1.06 0.015
-1.07 -0.095
-0.82 -0.085
-0.96 -0.36
-1.1 -0.295
-1.09 -0.03
-1.17 -0.095
-1.14 0.13
-0.82 0.125
-1.09 -0.375
-1.05 -0.5
-1.1 -0.42
-0.97 -0.37
-0.92 -0.265
-0.87 -0.315
-1.16 -0.38
-0.76 -0.175
-1 -0.11
-0.86 0.235
-0.92 0.32
-0.87 0
-0.97 -0.2
-1.02 -0.115
-0.98 -0.13
-1.08 0.32
-0.94 0.185
-1.07 0.17
-1.25 0.41
-1.07 0.275
-0.86 0.37
-1.03 0.29
-0.97 0.16
-1.03 0.185
-0.98 0.34
-0.91 0.29
-0.97 0.365
-1.17 0.155
-0.99 0.09
-1.09 0.36
-1.06 0.29
-1.11 0.35
-1.04 0.535
-1.13 0.445
-0.98 0.31
-0.93 0.215
-1.08 0.14
-1.01 0.245
-0.99 0.33
-0.83 0.33
-1.06 0.395
-1.11 0.33
-1.05 0.505
-0.82 0.425
-1.07 0.365
-1.06 0.415
-1.21 0.395
-0.92 0.35
-1.09 0.41
-1.05 0.42
-1.01 0.36
-1.11 0.425
-0.93 0.255
-0.96 0.105
-0.94 -0.14
-0.94 -0.325
-1 0.08
-1.22 -0.01
-0.96 0
-0.91 -0.135
-1.04 -0.16
-1.02 -0.08
-1.02 -0.33
-0.92 -0.14
-1.02 -0.01
-0.93 0.125
-0.91 0.095
-0.99 0.2
-0.98 -0.02
-0.97 0.025
-0.84 0.02
-0.88 0.165
-0.82 0.045
-0.82 0.1
-1.02 0.01
-0.94 0.09
-0.8 0
-1.07 -0.02
-1.11 0.15
-1.04 0.135
-1.05 0.145
-0.83 0.11
-1.04 0.21
-1.08 0.355
-1.05 0.34
-1.09 0.48
-0.96 0.18
-0.99 0.16
-1.18 -0.11
-1.03 0.04
-1.19 -0.15
-1.1 -0.11
-0.89 0.035
-1.13 0.365
-0.97 0.26
-1.14 0
-0.97 -0.115
-0.99 -0.19
-0.96 -0.095
-1.02 -0.07
-0.84 -0.135
-1.22 -0.61
-1.24 -0.66
-1.21 -0.56
-1.16 -0.51
-1.06 -0.495
-0.88 -0.185
-1.04 -0.25
-1.09 -0.56
-1.14 -0.445
-1.27 -0.46
-1.22 -0.535
-1.18 -0.475
-0.93 -0.13
-1.17 -0.36
-1.08 -0.175
-0.83 0.155
-0.89 0.305
-1.14 0.24
-0.95 0.23
-0.93 -0.025
-1.07 0.02
-0.94 0.185
-1.14 0.405
-0.98 0.445
-1.08 0.245
-1.02 0.16
-1.17 0.45
-1.14 0.59
-1.16 0.435
-0.76 0.42
-1.14 0.55
-1.1 0.43
-1.08 0.335
-1.03 0.21
-1.01 0.285
-1.01 -0.23
-1.01 -0.265
-1.26 -0.425
-1.02 -0.35
-1.12 -0.21
-0.95 -0.34
-1.14 -0.555
-1.06 -0.415
-1.08 -0.225
-1.04 -0.245
-0.96 0.015
-1.01 -0.27
-0.94 -0.285
-1.12 -0.06
-1.02 -0.015
-0.95 -0.005
-0.96 0.21
-0.96 0.145
-1.21 0.22
-1.09 0.14
-1.12 0.11
-0.9 0.175
-0.77 0.085
-1.07 0.415
-1.01 0.305
-0.88 0.135
-1.01 0.075
-1 0.105
-0.99 -0.03
-0.97 0.135
-1 0.17
-0.91 0.225
-1.01 0.02
-0.92 -0.085
-0.91 -0.125
-1 0.205
-1.12 0.25
-0.94 0.2
-1.09 0.03
-1.05 0.2
-0.94 0.035
-1.2 -0.245
-1.01 -0.08
-0.88 -0.2
-0.85 -0.095
-1.13 0.19
-1.07 0.325
-0.86 0.355
-0.98 0.295
-1.11 0.3
-0.99 0.19
-0.95 0.235
-1.09 0.4
-1.06 0.375
-1.12 0.41
-1.14 0.05
-0.8 0.245
-1.04 0.32
-0.95 0.035
-0.78 -0.29
-0.96 0.22
-1.05 0.415
-1.09 0.315
-1.18 0.49
-1.24 0.45
-0.97 0.35
-1.03 0.285
-1.01 0.31
-1.05 0.44
-1.03 0.49
-0.97 0.11
-0.95 0.265
-0.89 0.18
-0.92 -0.02
-1 -0.035
-0.99 -0.15
-1.14 -0.17
-1.17 -0.24
-0.92 -0.05
-0.9 0.08
-0.94 0.22
-0.83 0.285
-0.95 0.325
-0.97 0.195
-1.02 0.365
-1.11 0.53
-1.07 0.51
-0.96 0.27
-0.86 -0.06
-0.94 -0.07
-0.74 0.14
-0.82 -0.19
-1.05 -0.345
-1.15 -0.485
-1.1 -0.455
-1.27 -0.6
-0.92 -0.365
-1.06 -0.475
-1.06 -0.435
-1.02 -0.52
-1.17 -0.32
-1.03 -0.245
-1.02 -0.295
-1.01 -0.35
-1.09 -0.125
-1.15 0.085
-1.12 0.06
-1.22 -0.13
-1.02 -0.195
-0.9 -0.27
-0.81 -0.225
-1.04 -0.34
-0.93 -0.215
-0.83 -0.13
-0.79 -0.16
-0.88 0.115
-1.08 -0.265
-1.02 -0.215
-0.96 -0.21
-1.02 -0.155
-1.02 -0.175
-1.02 0.03
-1.2 0.02
-1.09 -0.085
-0.82 0.22
-1 0.275
-0.95 0.145
-1.11 0.45
-0.91 0.2
-1.2 -0.045
-1.12 -0.17
-1.1 0
-0.94 -0.205
-1.06 -0.12
-0.9 -0.175
-1.08 0.06
-0.82 -0.06
-1.05 -0.045
-1.06 -0.165
-1.07 -0.385
-1.27 -0.52
-1.28 -0.685
-1.39 -0.755
-1.08 -0.46
-1.16 -0.63
-0.95 -0.335
-1.1 -0.265
-0.86 -0.03
-0.86 -0.36
-0.96 -0.38
-0.92 -0.22
-1.14 -0.215
-1.04 -0.245
-0.95 -0.125
-1.08 -0.34
-1.24 -0.6
-1.25 -0.58
-1.03 -0.235
-0.98 -0.23
-1.02 0.03
-1.03 -0.065
-0.98 -0.075
-1.02 0.37
-1.04 0.35
-0.99 0.265
-1.11 0.29
-1.1 0.25
-0.99 -0.005
-0.88 0.175
-1.23 0.125
-1.13 0.4
-1.15 0.295
-1.24 0.3
-1.03 0.22
-0.89 0.035
-0.92 0.175
-1.01 0.18
-1 -0.02
-1.03 0.115
-1.13 0.095
-0.94 0.405
-1 0.36
-0.97 0.375
-0.93 0.27
-0.91 0.055
-1.05 0.33
-0.95 -0.1
-0.89 0.215
-0.96 0.095
-1.01 -0.015
-0.98 0.29
-1.05 0.42
-1.12 0.47
-0.9 0.39
-1 0.345
-0.94 0.18
-0.88 0.14
-1.06 0.07
-1.01 0.135
-0.9 0.06
-1.02 -0.01
-1 -0.07
-0.76 -0.18
-1.05 -0.29
-0.95 -0.29
-1.09 -0.37
-0.92 -0.345
-1.04 -0.455
-1.08 -0.515
-1.09 -0.35
-0.91 -0.3
-1.24 -0.56
-1.2 -0.425
-1.11 -0.4
-1 -0.19
-1.02 -0.26
-1.04 -0.34
-0.93 -0.08
-0.88 0.135
-1.02 -0.125
-1.08 -0.275
-1.03 -0.135
-1.03 -0.135
-0.96 0.05
-0.91 0.085
-1.09 -0.045
-1.18 -0.245
-1.01 -0.24
-1.07 -0.245
-1.12 -0.28
-1.07 0.07
-1.24 -0.02
-1.02 -0.05
-1.07 0.005
-0.92 -0.08
-1 -0.185
-1.01 -0.26
-1.06 -0.44
-0.87 -0.195
-0.82 0.225
-1.16 0.265
-1.05 0.375
-1.06 0.14
-1.08 -0.065
-1 -0.08
-1.01 0.005
-0.88 0.025
-0.88 0.115
-0.9 0.045
-1.09 0.195
-1.15 0.445
-0.9 0.27
-0.96 -0.245
-0.95 -0.135
-0.92 0.065
-1.03 0.065
-0.94 -0.33
-1.02 -0.21
-0.99 -0.425
-1.05 -0.33
-0.98 -0.2
-1.01 0.035
-0.88 0.03
-1 0.175
-1.05 0.21
-0.89 0.295
-0.92 -0.03
-1.14 -0.035
-1.05 -0.155
-1.14 -0.095
-1.2 0.165
-1.11 -0.15
-1.11 0.24
-1.06 0.11
-0.91 0.325
-1.09 0.285
-0.94 0.025
-1.05 0.035
-1 -0.03
-1.01 -0.07
-1.04 -0.17
-1.19 -0.51
-0.91 -0.17
-0.88 -0.285
-0.93 -0.06
-0.97 -0.115
-0.9 -0.025
-0.96 0.245
-0.96 0.315
-1.11 0.455
-1.03 0.355
-0.81 0.02
-1.04 -0.105
-1.12 0.075
-1.01 0.005
-0.93 -0.145
-0.84 0.04
-0.87 0.05
-1.1 -0.265
-0.98 -0.335
-1.25 -0.485
-1.12 -0.205
-1.03 -0.275
-1.15 0.035
-0.98 0.075
-0.97 0.01
-1.2 0.045
-1.16 -0.09
-0.96 -0.015
-0.99 -0.06
-0.93 -0.215
-1.1 -0.24
-1.02 -0.06
-0.9 -0.095
-0.93 0.14
-0.94 0.305
-1.16 -0.02
-1.09 -0.265
-0.93 -0.145
-1.02 -0.165
-1.01 -0.26
-1.03 -0.19
-0.96 0.21
-0.95 -0.075
-1 -0.1
-0.98 -0.15
-0.92 0.055
-1.04 -0.255
-1.01 -0.075
-1.06 -0.145
-1 -0.32
-1.08 -0.2
-1.1 -0.07
-0.96 0.095
-1.15 -0.28
-0.9 -0.215
-0.93 -0.005
-0.85 -0.18
-1.04 -0.155
-1.28 -0.585
-1.13 -0.535
-1.11 -0.425
-1.02 -0.2
-1.02 -0.34
-0.94 -0.235
-1.04 -0.295
-1.1 -0.18
-1.06 -0.125
-1.17 -0.23
-1.13 -0.235
-1 -0.205
-0.92 -0.28
-1.04 -0.41
-1.08 -0.26
-1.02 -0.09
-1.04 0.07
-1.07 0.25
-1.02 0.035
-0.83 -0.12
-0.98 0.1
-1.22 -0.005
-0.97 -0.095
-0.98 -0.045
-1.1 0.005
-0.91 -0.15
-0.93 -0.19
-0.89 -0.02
-0.97 -0.125
-0.83 0.16
-1.11 0
-0.9 0.025
-0.97 0.04
-0.85 -0.035
-0.95 -0.195
-0.89 -0.39
-1.25 -0.46
-1.02 -0.4
-1.13 -0.435
-1.19 -0.355
-1.27 -0.465
-1.05 -0.13
-0.9 -0.275
-1.06 0.04
-1.17 0.21
-1.11 0.175
-0.89 0.17
-1.13 0.235
-0.98 0.42
-1.14 0.58
-1.15 0.415
-0.91 0.13
-1.06 0.02
-0.94 -0.25
-1.3 -0.71
-1.39 -0.735
-1.18 -0.52
-1.12 -0.345
-0.98 -0.365
-1.01 -0.27
-0.96 -0.145
-1.02 0.235
-0.97 0.01
-0.67 -0.17
-1.14 -0.54
-1.06 -0.24
-1.24 -0.325
-1.16 -0.52
-1.09 -0.475
-1.07 -0.315
-1.2 -0.36
-1.06 -0.12
-0.94 -0.27
-0.78 -0.31
-0.91 -0.105
-1.16 0.24
-0.91 0.105
-1.05 0.36
-0.98 0.46
-1.13 0.32
-1.08 0.025
-0.85 0.055
-0.91 -0.06
-0.88 -0.09
-1.02 -0.025
-1 -0.075
-0.91 0.165
-0.91 0.085
-1.13 0.155
-1.12 0.09
-0.99 0.095
-1.01 -0.085
-1.05 -0.045
-1.02 -0.375
-1 -0.185
-1.07 -0.35
-1.06 -0.48
-1.28 -0.61
-1.28 -0.69
-1.17 -0.445
-1.04 -0.54
-1 -0.305
-1.12 -0.415
-1.04 -0.515
-0.92 -0.415
-1.08 -0.305
-0.83 -0.105
-0.87 0.22
-0.96 -0.025
-0.95 -0.06
-1.12 0.055
-0.83 -0.065
-1.05 -0.075
-1.09 -0.165
-0.98 0.005
-0.87 0.205
-1.17 0.33
-1.27 0.645
-1.27 0.68
-1.1 0.32
-0.95 -0.06
-1.04 -0.12
-0.87 -0.065
-1.07 -0.39
-1.11 -0.4
-1.25 -0.175
-1.02 -0.125
-1.08 -0.28
-0.92 -0.23
-1.04 -0.375
-1.04 -0.335
-1.07 -0.14
-1.15 -0.075
-0.96 -0.03
-1.06 -0.01
-1.01 -0.075
-0.99 -0.26
-1.3 -0.65
-1.05 -0.505
-1.14 -0.585
-1.19 -0.575
-1.08 -0.45
-0.92 -0.115
-1.09 0.02
-0.92 0.13
-0.92 0.08
-1.04 0.01
-0.93 0.03
-0.99 0.14
-1.01 0.3
-0.76 0.175
-0.94 0.28
-0.95 0.295
-1.23 0.44
-1.22 0.62
-1.17 0.605
-1.27 0.55
-0.94 0.35
-0.92 0.425
-1.02 0.065
-1.05 -0.21
-0.88 0.005
-1.08 0.01
-1.06 -0.13
-0.9 0.035
-1.07 0.195
-0.9 0
-0.88 -0.19
-0.98 -0.05
-1.1 -0.18
-0.91 -0.02
-0.95 -0.405
-1.06 -0.58
-1.3 -0.505
-1.25 -0.5
-1.01 -0.16
-1.13 -0.25
-1.1 0.015
-1.12 -0.14
-1.07 -0.365
-0.89 -0.125
-1.09 -0.04
-0.96 -0.025
-0.89 -0.325
-1.11 -0.35
-0.99 -0.265
-0.98 -0.03
-1.08 0.16
-1.05 -0.09
-0.84 -0.1
-1.03 0.075
-1.16 -0.15
-0.99 0.015
-1.17 0.12
-1.15 0.2
-1.09 0.135
-0.99 0.215
-1.25 0.54
-1.11 0.515
-0.95 0.365
-1.09 0.43
-1.16 0.425
-0.97 0.46
-1.11 0.465
-1.11 0.435
-1.07 0.41
-1 0.24
-1.13 0.205
-1.04 -0.22
-1.02 -0.2
-1.01 0.26
-1.05 -0.005
-1.06 0.235
-0.96 0.3
-1.12 0.485
-1.32 0.67
-1.18 0.645
-1.07 0.585
-0.88 0.415
-0.97 0.45
-1.07 0.44
-1.06 0.37
-0.97 0.205
-0.97 0.18
-0.98 0.3
-0.92 0.235
-0.85 0.15
-0.96 -0.27
-0.85 -0.015
-0.87 0.18
-1 0.075
-0.88 0.33
-0.87 0.37
-1.18 0.235
-0.89 0.03
-1.13 0.13
-1.09 0.205
-0.97 0.01
-1.11 -0.1
-0.98 0.12
-0.96 0.175
-1.06 0.07
-0.94 -0.075
-0.74 -0.025
-0.88 -0.125
-0.99 -0.115
-0.97 0.185
-1.27 0.58
-1.15 0.185
-0.92 0.155
-1 -0.255
-1.14 0.2
-1.12 0.275
-1.09 0.285
-0.95 0.11
-0.93 0.11
-0.96 -0.115
-0.97 -0.08
-0.94 0.18
-1.03 0.155
-1.15 0.09
-1.16 -0.135
-1.04 -0.03
-0.79 -0.165
-0.87 -0.12
-1.12 -0.23
-1.07 -0.245
-1.01 -0.11
-1.03 -0.19
-0.95 -0.07
-0.83 -0.055
-0.96 0.035
-1.1 0.455
-1.11 0.295
-1.05 0.16
-1.16 0.305
-1.04 0.47
-1.39 0.655
-1.28 0.69
-1.24 0.605
-1.11 0.585
-1.2 0.505
-1.03 0.24
-0.99 0.33
-0.86 0.265
-0.89 0.05
-0.87 0.125
-1.01 -0.445
-0.96 -0.45
-1.17 -0.565
-0.93 -0.455
-1.1 -0.51
-1.32 -0.725
-1.17 -0.525
-0.89 -0.105
-1.02 -0.185
-0.98 -0.24
-0.91 -0.01
-1.09 0.335
-1.21 0.53
-0.98 0.415
-1.02 0.47
-1.02 0.325
-1.03 0.445
-1.06 0.375
-1.03 0.44
-1.06 0.27
-1.12 0.595
-1.08 0.41
-1.04 0.345
-1.01 0.46
-1.07 0.215
-0.97 0.03
-1.1 0.17
-0.94 0.125
-0.92 0.17
-0.89 0.205
-0.99 0.095
-1.24 0.08
-1.06 -0.07
-1.02 -0.025
-1.01 -0.115
-1.04 -0.135
-0.98 -0.1
-1.01 0.03
-0.98 0.135
-1.01 0.015
-1.08 0.33
-0.97 0.3
-1.16 0.275
-1.07 0.07
-1.1 -0.015
-0.96 0.03
-0.97 0.05
-0.99 0.06
-1.04 0.385
-1.14 0.41
-1.04 0.325
-1.03 0.315
-1.06 0.39
-1.13 0.475
-1.13 0.59
-1.14 0.275
-1.04 0.15
-1.08 0.125
-0.9 0.37
-0.98 0.35
-0.96 0.26
-0.98 0.36
-1.06 0.11
-1.1 0.02
-1.08 0.095
-0.88 -0.025
-0.96 0.28
-0.89 0.255
-0.97 0.04
-0.97 0.375
-1.19 0.415
-1.23 0.355
-0.88 0.175
-1.17 0.17
-1.02 -0.105
-1.03 -0.01
-1 -0.08
-0.99 -0.225
-1 -0.15
-1 -0.145
-0.96 -0.21
-1.12 0.02
-0.96 -0.095
-1.05 -0.18
-1 -0.19
-1.14 -0.03
-1.12 0.04
-1.06 0.16
-0.9 0.045
-1.24 0.385
-1.21 0.33
-1.1 0.51
-1.29 0.61
-1.04 0.425
-0.84 0.175
-0.95 -0.08
-0.98 -0.095
-1.04 0.315
-1.04 0.415
-1.12 0.325
-0.9 0.015
-1.17 0.04
-0.89 0.14
-1.03 0.19
-0.96 0.225
-0.97 0.195
-0.88 0.315
-1.04 0.45
-1.21 0.355
-0.82 0.06
-0.99 0.175
-0.9 0.17
-0.98 0.3
-0.9 0.325
-1.19 0.48
-0.83 0.285
-0.96 0.295
-0.97 -0.02
-1.04 0.16
-1.03 0.085
-1.05 -0.085
-1.03 -0.055
-1.06 0.01
-0.88 0.15
-1.02 0.295
-1.14 0.52
-0.84 0.43
-1.07 0.215
-1.19 0.39
-1 0.305
-1.04 0.445
-0.99 -0.025
-0.91 0.025
-0.95 -0.165
-0.98 -0.12
-1.02 0
-1.04 0
-1.03 -0.19
-1.15 -0.585
-1.06 -0.325
-1.02 -0.44
-1.02 -0.42
-1.2 -0.645
-1.05 -0.5
-1.21 -0.565
-1.14 -0.48
-1.31 -0.405
-0.89 -0.12
-0.89 -0.18
-1.17 -0.225
-1 -0.065
-0.97 0.03
-1.16 0.145
-0.94 0.295
-1.13 0.575
-1.24 0.65
-1.42 0.735
-1.01 0.465
-1.14 0.32
-1 0.275
-0.95 0.14
-1.07 0.18
-1.28 0.315
-1.05 0.455
-1.22 0.565
-0.95 0.305
-0.95 0.065
-0.99 0.295
-1.03 0.325
-1.15 0.32
-1.18 -0.06
-1.13 -0.105
-0.88 -0.07
-0.91 0.015
-0.99 -0.235
-1.01 0.115
-0.96 0.045
-0.95 -0.145
-0.99 -0.22
-1.07 -0.44
-0.95 -0.23
-1.08 -0.22
-1.01 0.05
-0.83 -0.05
-1.05 -0.13
-0.98 -0.41
-1.01 -0.1
-1.1 -0.065
-0.95 -0.2
-1.09 -0.2
-1.04 -0.055
-0.89 0.175
-0.94 0.145
-0.89 0.05
-1.07 0.2
-0.94 0.055
-0.89 0.24
-0.9 0.17
-0.9 0.225
-1.11 0.315
-0.94 0.47
-1.07 0.485
-1.03 0.425
-1.06 0.35
-0.97 0.21
-0.99 -0.105
-1.19 0.035
-0.95 0.095
-1.04 0.22
-0.93 0.195
-1.05 0.305
-0.88 0.045
-0.87 0.17
-1.04 0.18
-1.16 0.38
-1.12 0.21
-0.82 0.03
-1.01 0
-0.93 -0.01
-0.97 -0.045
-0.93 -0.07
-1.02 -0.35
-1.14 -0.55
-1.15 -0.53
-1.25 -0.645
-1.16 -0.39
-1.11 -0.605
-1.1 -0.59
-1.03 -0.53
-0.92 -0.25
-1.2 -0.255
-1.09 -0.005
-0.85 0.01
-0.93 0.285
-1.07 0.47
-1.07 0.375
-1.17 0.49
-1.13 0.465
-1.37 0.74
-1.1 0.635
-1.07 -0.1
-0.95 0.21
-0.84 -0.045
-0.99 0.16
-1.09 -0.28
-1.09 0.085
-1.11 0.025
-0.82 0.115
-0.98 0.335
-0.9 0.3
-1.06 0.305
-1 0.185
-0.96 0.095
-0.82 0.035
-1.06 -0.185
-1.04 -0.135
-1.05 -0.16
-1 -0.22
-1.1 -0.26
-0.84 -0.21
-1.03 -0.34
-1.14 -0.23
-0.89 0.01
-1.03 -0.18
-1.07 -0.22
-1.15 -0.36
-0.89 -0.2
-1.06 -0.025
-1.18 -0.015
-1.04 -0.015
-1.05 0.045
-0.89 0.205
-0.95 0.1
-0.86 -0.015
-1.09 -0.01
-1.11 0.03
-1.08 -0.065
-0.97 0.325
-0.97 0.22
-0.84 -0.28
-1.04 -0.46
-1.16 -0.455
-1.1 -0.465
-1.08 -0.33
-1 -0.31
-1.02 -0.32
-1.18 -0.555
-1.37 -0.755
-1.15 -0.46
-1.17 -0.53
-1.25 -0.57
-1.2 -0.45
-1.11 -0.525
-1.04 -0.52
-0.9 -0.275
-0.88 -0.035
-0.97 0.03
-1.03 0.09
-0.84 0.165
-1.07 0.22
-1 0.12
-0.95 0.05
-0.9 0.245
-0.93 0.355
-1.1 0.555
-0.94 0.38
-0.9 0.39
-0.95 0.16
-0.95 0.29
-1.05 0.345
-1.16 0.43
-0.9 0.365
-0.99 0.155
-0.98 -0.125
-1.03 -0.22
-0.93 0.02
-0.87 0.2
-1.07 0.31
-1.13 0.18
-0.97 0.195
-1.05 0.22
-0.96 0.08
-0.94 -0.255
-1.05 0.065
-0.98 0.27
-0.84 0.18
-0.97 0.135
-0.96 0.125
-0.97 0.05
-1.02 0.005
-0.9 -0.17
-1.03 -0.285
-1.08 -0.26
-1.14 -0.345
-0.88 -0.105
-0.79 0.01
-0.98 0.04
-0.93 -0.11
-0.99 -0.135
-0.84 -0.01
-1.05 0.2
-0.89 0.15
-1.17 0.255
-1.06 -0.12
-0.97 -0.07
-0.99 -0.1
-0.97 -0.155
-0.85 -0.21
-1.06 -0.355
-1.15 -0.365
-1.26 -0.38
-1.07 -0.345
-1.05 -0.47
-1.13 -0.44
-1.15 -0.625
-1.15 -0.595
-1.09 -0.435
-1.15 -0.53
-1.08 -0.525
-1.11 -0.48
-1.07 -0.315
-0.97 -0.435
-0.92 -0.41
-1.21 -0.32
-1.02 -0.515
-1.26 -0.435
-1.21 -0.525
-1.19 -0.37
-1.13 -0.48
-1.06 -0.425
-1.18 -0.475
-1.09 -0.505
-1.05 -0.325
-1.08 -0.495
-0.96 -0.125
-0.97 0.1
-0.87 -0.045
-1.08 -0.185
-1.04 -0.075
-0.98 -0.035
-0.87 -0.235
-1.15 -0.175
-1.02 -0.13
-0.96 0.18
-1.12 0.285
-1.28 0.31
-1 0.37
-0.96 0.095
-0.83 -0.065
-1.08 0.345
-1.11 0.205
-0.98 0.125
-0.97 -0.185
-1.06 -0.15
-1.03 -0.3
-1.03 -0.175
-1.08 -0.04
-0.98 0.09
-1.01 -0.14
-0.93 -0.225
-0.94 -0.195
-1.07 -0.44
-1.14 -0.495
-1.16 -0.54
-1.16 -0.36
-1.01 -0.215
-0.96 -0.29
-1.13 -0.08
-0.94 -0.09
-0.8 0.17
-0.93 0.32
-1.03 0.35
-1.04 0.415
-1.06 0.365
-1.08 0.55
-1.2 0.39
-1.18 0.16
-1.21 0.255
-0.92 0.075
-0.99 0.105
-1.03 0.165
-1 -0.2
-0.86 -0.15
-0.91 -0.13
-0.93 -0.325
-1.08 -0.155
-0.89 -0.04
-0.95 -0.03
-0.9 -0.175
-0.98 -0.075
-1.14 0.14
-0.86 0.235
-0.93 0.025
-1.12 -0.265
-1.18 -0.115
-0.8 -0.32
-0.93 -0.285
-1.15 -0.185
-1.13 -0.095
-0.87 -0.07
-0.85 -0.31
-1.08 0.08
-0.98 0.115
-1.15 0.06
-0.99 -0.285
-0.97 -0.095
-0.93 0.04
-1.19 0.1
-0.81 -0.065
-1.14 0.365
-1.2 0.56
-1.29 0.68
-1.05 0.555
-1.04 0.505
-1.12 0.335
-0.85 0.25
-1.04 0.025
-1.01 0.085
-1.04 -0.11
-0.83 0.035
-0.89 0.18
-0.97 0.37
-0.94 0.295
-1.02 0.38
-1.1 0.515
-1.03 0.26
-1.02 0.1
-0.87 0.105
-1.03 0.175
-0.78 0.06
-1.03 0.02
-0.87 -0.015
-1.03 -0.345
-0.95 -0.26
-1.15 -0.235
-1.17 -0.4
-0.9 -0.14
-0.96 0.145
-1.01 0.035
-0.96 0.06
-1.09 0.025
-0.98 -0.1
-1.01 -0.185
-0.94 -0.065
-1.16 -0.535
-1.05 -0.24
-0.98 0.185
-0.91 0.225
-1.02 0.255
-1.05 0.42
-0.92 0.465
-1.11 0.405
-1.17 0.285
-1.16 0.435
-0.96 0.295
-1.16 0.41
-0.99 0.295
-0.97 0.15
-1.13 0.215
-1.16 -0.07
-1.17 -0.215
-1.06 -0.14
-1.18 -0.135
-0.93 -0.105
-1.05 -0.405
-1.23 -0.44
-0.89 -0.415
-0.85 -0.04
-0.87 -0.15
-1.1 -0.15
-1.13 -0.185
-0.98 -0.1
-0.97 0.045
-1.16 -0.115
-0.82 0.015
-1.03 -0.14
-1.01 0.17
-0.88 -0.125
-0.98 -0.435
-1.03 -0.265
-1.05 -0.285
-0.98 -0.5
-1.06 -0.325
-0.92 -0.165
-0.95 -0.045
-1.1 0.28
-1.01 0.3
-0.99 0.14
-1.06 -0.195
-1.06 -0.26
-1.16 -0.27
-0.87 -0.24
-1 -0.2
-1.04 -0.17
-1.11 -0.35
-0.98 -0.245
-1 -0.31
-1.18 -0.64
-1.26 -0.5
-1.12 -0.26
-1.12 -0.24
-0.9 -0.2
-1 -0.02
-1.04 0.005
-1.05 0.075
-0.9 -0.115
-1.12 -0.295
-1.16 -0.55
-1.07 -0.54
-1.08 -0.39
-1.17 -0.295
-0.98 -0.44
-1.13 -0.595
-1.26 -0.415
-1.08 -0.445
-1.18 -0.435
-1.19 -0.45
-1.07 -0.6
-0.99 -0.37
-0.94 -0.435
-1.06 -0.03
-1.01 -0.155
-1.09 0.045
-0.91 0.19
-0.98 0.085
-1.08 -0.1
-0.9 -0.045
-0.99 0.205
-1.13 0.5
-1.09 0.31
-0.99 0.32
-1.02 0.47
-0.96 0.145
-1.03 0.275
-1.14 0.44
-0.93 0.165
-1.17 0.335
-1.1 0.335
-1.15 0.415
-1.29 0.52
-1.22 0.445
-0.95 0.475
-0.89 0.275
-1.28 0.365
-1.18 0.195
-1.08 0.03
-0.97 0.085
-1.03 0.11
-1 0.125
-1 -0.36
-1.12 -0.34
-0.95 -0.185
-1.16 0.07
-0.99 0.16
-1.06 0.25
-1.01 0.115
-1.17 0.535
-0.87 0.365
-1.15 0.185
-1.15 0.27
-1.16 0.425
-1.18 0.46
-0.94 0.275
-0.94 0.175
-1.02 0.075
-1.06 0.235
-0.82 0.26
-1.16 0.45
-0.98 0.485
-0.91 -0.165
-0.89 0.18
-1.04 -0.055
-0.97 -0.165
-1 -0.155
-0.97 -0.025
-0.84 -0.06
-0.97 0.135
-1.03 0.175
-1.04 -0.055
-0.85 0.26
-1.05 0.355
-0.8 0.105
-1.04 0.485
-1.23 0.51
-1.01 0.315
-0.9 0.21
-1.19 0.36
-1.11 0.21
-1.04 0.285
-1 0.15
-1 0.38
-1.01 0.345
-1.02 0.265
-0.85 0.03
-1.03 0.27
-0.95 0.38
-0.94 0.23
-1.13 0.51
-1.14 0.465
-0.98 0.09
-1 -0.1
-1.03 -0.16
-0.98 -0.08
-0.92 -0.165
-0.96 -0.125
-1.09 -0.03
-0.86 0.195
-1.05 -0.025
-1.07 -0.25
-1.14 -0.07
-0.96 -0.05
-1.01 0.175
-0.94 0.275
-1.01 0.1
-0.84 -0.165
-0.96 -0.415
-0.95 -0.37
-0.85 -0.32
-0.95 -0.05
-1.1 -0.065
-0.88 -0.06
-1.02 0.04
-0.97 -0.01
-1 0.18
-0.98 0.25
-1.15 0.255
-1.25 0.135
-1.07 -0.125
-1.14 -0.295
-1.22 -0.35
-1.07 -0.51
-0.93 -0.295
-1.14 -0.37
-1.16 -0.18
-0.96 -0.21
-0.92 -0.125
-1.13 -0.255
-1.01 -0.305
-0.86 -0.235
-0.97 -0.02
-1.04 0.205
-0.83 0.23
-1.11 -0.11
-1.02 -0.145
-1 0.23
-0.81 0.215
-1.01 0.01
-0.94 -0.11
-0.93 0.055
-1.01 -0.015
-0.96 -0.21
-1.02 -0.235
-0.9 0.05
-0.71 0.035
-1.01 -0.01
-0.77 0.1
-0.94 0.12
-0.74 0.065
-0.86 0.08
-1.05 -0.18
-1.08 -0.35
-0.92 -0.4
-0.86 -0.22
-0.99 -0.11
-0.9 -0.11
-0.97 -0.315
-1 -0.26
-0.98 0.065
-1.1 -0.16
-1.16 0.05
-1.12 -0.02
-0.92 -0.035
-0.95 0.06
-0.99 -0.065
-1.16 -0.04
-1.12 0.185
-1.01 0.005
-0.96 -0.03
-0.96 -0.15
-0.99 -0.165
-0.86 -0.2
-0.81 -0.19
-0.85 -0.12
-0.97 -0.065
-1.03 0.25
-0.96 0.335
-1.06 0.23
-1.22 0.15
-0.88 -0.06
-0.77 0.25
-0.96 0.365
-0.88 0.115
-0.93 0.155
-1.06 -0.045
-1.07 -0.18
-0.97 -0.045
-1.22 0.39
-1.26 0.565
-1.04 0.07
-1.08 0.12
-1.03 0.32
-0.93 -0.105
-0.98 -0.17
-1.04 -0.095
-0.9 0.19
-1 -0.22
-1.04 -0.4
-0.95 -0.46
-1.21 -0.555
-1.02 -0.4
-1.25 -0.62
-1.25 -0.595
-1.12 -0.445
-0.97 -0.435
-0.9 -0.155
-1.01 -0.235
-0.91 -0.13
-0.92 -0.315
-1.18 -0.43
-1.13 -0.41
-0.86 -0.44
-1.15 -0.235
-0.93 -0.095
-1.03 -0.09
-1 -0.105
-0.96 -0.06
-0.89 -0.115
-1.06 -0.175
-1.01 -0.205
-0.94 -0.175
-0.91 -0.26
-1.15 -0.065
-0.95 -0.125
-0.98 -0.08
-1 -0.21
-0.93 -0.17
-1.08 -0.065
-1.06 0.215
-1.14 0.105
-1.07 0.19
-1.1 0.395
-0.98 0.29
-0.78 0.3
-0.98 0.305
-1.05 0.4
-1.06 0.155
-1.01 0.1
-1.07 -0.285
-1.2 -0.43
-1.05 -0.455
-0.91 -0.31
-1.08 -0.525
-1.13 -0.495
-0.84 -0.09
-0.81 -0.15
-0.97 -0.385
-0.96 -0.265
-1.18 -0.31
-1.22 -0.4
-1.01 -0.32
-1.1 -0.37
-1.08 -0.24
-1.11 -0.1
-1.16 -0.37
-0.93 -0.45
-0.92 -0.12
-1.03 -0.355
-1.1 -0.295
-0.98 -0.37
-1.02 -0.44
-0.93 -0.405
-1.08 -0.32
-1.15 -0.33
-1.04 -0.08
-1.05 -0.1
-1.1 -0.045
-0.97 -0.04
-1.11 -0.165
-0.86 -0.005
-1.25 0.545
-1.05 0.515
-1.07 0.52
-1.16 0.505
-1.22 0.41
-1.17 0.015
-1.02 0.055
-0.97 0.205
-1.14 0.315
-1.22 0.3
-0.91 0.225
-0.86 -0.05
-0.95 -0.34
-1.11 -0.31
-0.96 -0.16
-0.92 -0.07
-0.87 -0.18
-0.95 -0.235
-0.96 -0.395
-0.91 0.14
-0.94 0.12
-0.98 -0.01
-0.96 -0.105
-1.06 -0.135
-0.97 -0.11
-1 -0.195
-1.13 -0.175
-0.95 0.02
-0.9 0.055
-1.12 -0.085
-1.02 0.08
-1.11 0.12
-1.04 0.03
-1.02 -0.235
-0.95 -0.055
-0.9 0.15
-0.93 0.075
-0.99 0.23
-0.93 0.275
-0.9 0.23
-1.1 0.34
-1.31 0.395
-0.97 0.14
-0.97 -0.195
-0.96 -0.38
-1.11 -0.595
-1.25 -0.64
-1.3 -0.645
-1.57 -0.845
-1.08 -0.5
-1.06 -0.37
-1 -0.27
-1.13 -0.04
-0.89 -0.025
-1.17 0.035
-0.96 0.14
-1.15 0.03
-0.89 0.11
-0.95 0.18
-1 -0.015
-1.08 0.21
-1.13 0.34
-1.13 0.355
-1.01 0.1
-1.07 0.045
-0.94 0.26
-1.26 0.465
-1.1 0.495
-0.84 0.11
-0.95 -0.04
-1.02 -0.215
-0.99 -0.065
-1.03 -0.18
-1.18 -0.2
-1.14 -0.36
-0.91 0.21
-0.94 0.39
-1.09 0.39
-0.88 0.075
-0.85 0.095
-1.07 0.15
-0.96 -0.12
-1.02 -0.305
-0.94 -0.19
-0.76 0.005
-0.93 -0.115
-1.05 -0.315
-0.95 -0.2
-1.02 -0.175
-1.06 -0.105
-1.05 -0.05
-1.03 0.13
-1.02 0.01
-0.93 -0.02
-0.91 -0.23
-0.96 0.025
-1.02 0.2
-0.84 -0.005
-1.06 0.15
-0.99 0.285
-0.93 0.165
-1.03 0.18
-0.92 -0.115
-1.08 -0.44
-0.92 -0.145
-0.98 -0.135
-0.99 0.35
-0.98 0.375
-0.83 0.185
-1.03 -0.015
-0.97 -0.185
-1.05 -0.355
-1.14 -0.315
-1.12 -0.085
-1.07 -0.105
-1.22 -0.555
-0.9 -0.28
-1.01 -0.26
-0.97 -0.495
-1.07 -0.445
-0.94 0.015
-0.97 0.19
-0.91 0.225
-0.93 0.215
-1.04 0.095
-0.98 -0.365
-1.17 -0.51
-1.12 -0.35
-0.87 -0.22
-1.06 -0.025
-0.92 0.025
-0.93 0.25
-1.01 0.145
-1.02 0.285
-0.96 0.11
-0.97 0.095
-1.23 0.17
-1.07 0.08
-0.97 0.025
-1.08 -0.01
-0.83 -0.03
-0.98 0.195
-1.04 0.235
-0.98 0.255
-1.13 0.475
-0.89 0.13
-1.02 0.03
-0.94 0.235
-1.13 0.25
-1.02 0.22
-0.91 -0.01
-0.97 -0.015
-0.99 0.34
-0.96 0.19
-0.99 -0.07
-0.95 0.16
-0.92 0.155
-0.95 -0.14
-0.91 -0.075
-1.12 0.33
-0.91 0.205
-1.16 0.19
-0.93 0.34
-0.99 0.345
-0.87 0.125
-1.06 -0.03
-1.04 -0.14
-1.02 0.055
-1.02 0.41
-1.06 0.27
-0.99 0.23
-1.05 0.05
-1.18 0.135
-1 0.085
-1.28 0.375
-1.08 0.52
-1.18 0.46
-1.02 0.255
-0.84 0.06
-1.01 0.065
-0.95 0.025
-0.98 -0.325
-1.15 -0.585
-1.1 -0.605
-1.18 -0.43
-0.94 -0.355
-0.98 -0.275
-0.98 -0.065
-1.01 0.205
-0.99 0.275
-1.02 0.15
-0.97 0.185
-0.98 0.265
-1.26 0.545
-1.1 0.565
-1.11 0.665
-1.2 0.565
-1.15 0.635
-1.17 0.605
-1.01 0.24
-1.04 0.23
-0.91 0.14
-1.25 0.25
-0.99 0.125
-0.94 0.035
-1.06 -0.05
-1.11 -0.325
-0.88 -0.135
-1.03 -0.04
-0.84 -0.16
-0.93 -0.21
-0.92 0.09
-0.78 -0.1
-1.18 -0.24
-0.99 0.11
-0.95 0.05
-0.93 0.115
-1.15 -0.215
-0.98 -0.42
-1.14 -0.53
-1.32 -0.73
-1.24 -0.595
-1.04 -0.275
-0.99 -0.245
-1.14 -0.465
-1.1 -0.555
-1.06 -0.48
-0.91 -0.305
-0.84 -0.29
-1.08 -0.545
-0.9 -0.145
-1.02 -0.325
-1 0.155
-0.85 0.08
-1 -0.335
-1.07 -0.115
-0.94 0.05
-1.01 0.09
-0.87 0.21
-0.9 0.03
-0.92 -0.27
-1.2 -0.125
-0.92 -0.02
-1.02 -0.135
-1.19 -0.23
-0.95 -0.38
-1.08 -0.345
-0.94 -0.245
-1 -0.085
-1.02 -0.18
-1 -0.285
-1.01 -0.215
-1.22 -0.45
-0.91 -0.46
-0.93 -0.245
-0.96 -0.41
-1.14 -0.45
-0.93 -0.235
-1.12 0.125
-1.12 0.165
-1.11 0.165
-1.06 0.25
-0.88 -0.07
-1.15 -0.455
