-1.3 -0.69
-1.51 -0.83
-1.46 -0.76
-1.57 -0.86
-1.61 -0.885
-1.34 -0.715
-1.31 -0.66
-1.56 -0.845
-1.78 -0.945
-1.44 -0.785
-1.56 -0.835
-1.55 -0.85
-1.42 -0.68
-1.46 -0.8
-1.55 -0.81
-1.47 -0.8
-1.53 -0.79
-1.43 -0.8
-1.4 -0.73
-1.47 -0.805
-1.39 -0.795
-1.51 -0.74
-1.56 -0.85
-1.47 -0.825
-1.5 -0.795
-1.36 -0.69
-1.38 -0.735
-1.62 -0.81
-1.36 -0.585
-1.34 -0.65
-1.45 -0.695
-1.49 -0.835
-1.53 -0.675
-1.33 -0.525
-1.39 -0.585
-1.41 -0.475
-1.08 -0.305
-1.15 -0.085
-1.2 -0.11
-1.34 -0.18
-1.07 0.04
-1.35 -0.19
-1.33 0
-1.23 0.155
-1.4 0.245
-1.27 0.02
-1.25 -0.07
-1.08 -0.015
-1.2 0.035
-1.3 0.07
-1.27 0
-1.18 -0.03
-1.32 0.105
-1.24 0.075
-1.02 -0.325
-1.09 -0.07
-1.14 -0.225
-1.19 -0.435
-1.2 -0.575
-1.12 -0.49
-1.37 -0.655
-1.33 -0.51
-1.37 -0.455
-1.31 -0.365
-1.43 -0.53
-1.31 -0.655
-1.33 -0.665
-1.53 -0.83
-1.53 -0.845
-1.54 -0.81
-1.41 -0.785
-1.42 -0.755
-1.5 -0.8
-1.47 -0.79
-1.6 -0.83
-1.55 -0.85
-1.29 -0.68
-1.33 -0.695
-1.45 -0.81
-1.57 -0.86
-1.45 -0.765
-1.63 -0.88
-1.32 -0.725
-1.58 -0.87
-1.53 -0.805
-1.43 -0.77
-1.33 -0.62
-1.36 -0.675
-1.26 -0.48
-1.51 -0.77
-1.44 -0.77
-1.5 -0.815
-1.53 -0.805
-1.54 -0.815
-1.57 -0.86
-1.52 -0.855
-1.23 -0.705
-1.43 -0.765
-1.35 -0.735
-1.54 -0.845
-1.27 -0.665
-1.29 -0.53
-1.19 -0.585
-1.45 -0.66
-1.48 -0.695
-1.35 -0.685
-1.42 -0.785
-1.36 -0.715
-1.5 -0.705
-1.45 -0.81
-1.63 -0.88
-1.41 -0.765
-1.56 -0.86
-1.4 -0.78
-1.63 -0.88
-1.55 -0.82
-1.68 -0.9
-1.54 -0.785
-1.34 -0.6
-1.23 -0.47
-1.33 -0.62
-1.58 -0.79
-1.56 -0.86
-1.57 -0.865
-1.61 -0.875
-1.53 -0.735
-1.22 -0.54
-1.24 -0.59
-1.45 -0.74
-1.55 -0.79
-1.33 -0.585
-1.36 -0.555
-1.27 -0.48
-1.34 -0.645
-1.43 -0.635
-1.43 -0.76
-1.23 -0.595
-1.6 -0.8
-1.58 -0.79
-1.53 -0.825
-1.12 -0.575
-1.29 -0.55
-1.29 -0.56
-1.57 -0.815
-1.4 -0.695
-1.63 -0.855
-1.56 -0.845
-1.43 -0.775
-1.59 -0.85
-1.2 -0.46
-1.35 -0.655
-1.55 -0.77
-1.51 -0.67
-1.44 -0.645
-1.34 -0.785
-1.47 -0.755
-1.44 -0.795
-1.54 -0.86
-1.65 -0.885
-1.46 -0.755
-1.54 -0.77
-1.48 -0.8
-1.32 -0.73
-1.49 -0.81
-1.36 -0.77
-1.42 -0.76
-1.2 -0.59
-1.12 -0.285
-1.32 -0.26
-1.22 -0.32
-1.24 -0.39
-1.23 -0.535
-1.4 -0.63
-1.21 -0.56
-1.37 -0.56
-1.35 -0.515
-1.34 -0.54
-1.31 -0.59
-1.31 -0.665
-1.38 -0.67
-1.25 -0.51
-1.15 -0.375
-1.18 -0.415
-1.19 -0.26
-1.16 0.045
-1.29 0.05
-1.4 -0.125
-1.14 -0.165
-1.3 -0.21
-1.19 -0.09
-1.13 -0.04
-1.26 0.015
-1.12 0.105
-1.11 0.22
-1.22 0.47
-1.33 0.65
-1.45 0.785
-1.38 0.69
-1.39 0.75
-1.37 0.77
-1.31 0.7
-1.46 0.74
-1.27 0.73
-1.59 0.835
-1.53 0.835
-1.39 0.74
-1.49 0.78
-1.46 0.77
-1.4 0.645
-1.35 0.605
-1.23 0.51
-1.12 0.385
-1.28 0.46
-1.37 0.48
-1.35 0.57
-1.46 0.635
-1.44 0.77
-1.6 0.825
-1.38 0.75
-1.66 0.895
-1.36 0.75
-1.3 0.7
-1.46 0.75
-1.41 0.785
-1.41 0.73
-1.36 0.64
-1.32 0.65
-1.24 0.6
-1.04 0.28
-1.14 0.245
-1.23 0.51
-1.25 0.67
-1.57 0.83
-1.61 0.845
-1.55 0.795
-1.62 0.855
-1.51 0.825
-1.65 0.895
-1.5 0.83
-1.55 0.795
-1.33 0.665
-1.44 0.735
-1.49 0.78
-1.53 0.81
-1.57 0.82
-1.35 0.715
-1.61 0.855
-1.36 0.72
-1.52 0.81
-1.49 0.81
-1.63 0.86
-1.49 0.755
-1.26 0.625
-1.25 0.515
-1.41 0.68
-1.31 0.74
-1.61 0.84
-1.54 0.81
-1.61 0.88
-1.48 0.725
-1.39 0.705
-1.4 0.775
-1.63 0.89
-1.57 0.855
-1.53 0.82
-1.57 0.845
-1.47 0.78
-1.62 0.87
-1.54 0.85
-1.51 0.805
-1.46 0.76
-1.39 0.75
-1.48 0.75
-1.41 0.78
-1.49 0.805
-1.5 0.795
-1.43 0.8
-1.53 0.84
-1.52 0.85
-1.4 0.73
-1.74 0.915
-1.42 0.765
-1.37 0.58
-1.28 0.61
-1.5 0.71
-1.16 0.365
-1.11 0.22
-1.17 0.32
-1.12 0.25
-1.06 0.105
-1.08 0.02
-1.04 -0.185
-1.31 -0.335
-1.18 -0.355
-1.21 -0.17
-1.27 -0.17
-1.42 -0.27
-1.32 -0.115
-1.09 -0.315
-1.5 -0.735
-1.54 -0.85
-1.32 -0.46
-1.36 -0.555
-1.3 -0.68
-1.51 -0.79
-1.29 -0.64
-1.15 -0.325
-1.08 -0.38
-1.4 -0.72
-1.35 -0.48
-1.34 -0.605
-1.16 -0.55
-1.13 -0.475
-1.27 -0.655
-1.29 -0.37
-1.22 -0.535
-1.3 -0.605
-1.44 -0.66
-1.47 -0.715
-1.13 -0.365
-1.27 -0.525
-1.19 -0.53
-1.13 -0.44
-1.44 -0.535
-1.36 -0.6
-1.45 -0.655
-1.24 -0.51
-1.18 -0.555
-1.4 -0.755
-1.6 -0.845
-1.51 -0.815
-1.55 -0.855
-1.44 -0.735
-1.34 -0.735
-1.24 -0.55
-1.44 -0.515
-1.17 -0.185
-1.18 -0.04
-1.12 -0.21
-1.27 -0.29
-1.27 -0.36
-1.22 -0.405
-1.36 -0.67
-1.52 -0.69
-1.31 -0.575
-1.55 -0.825
-1.42 -0.785
-1.43 -0.69
-1.32 -0.72
-1.24 -0.505
-1.23 -0.655
-1.38 -0.64
-1.45 -0.55
-1.43 -0.69
-1.4 -0.635
-1.71 -0.895
-1.41 -0.745
-1.32 -0.545
-1.18 -0.485
-1.33 -0.45
-1.4 -0.71
-1.47 -0.775
-1.51 -0.785
-1.48 -0.79
-1.5 -0.745
-1.33 -0.605
-1.28 -0.53
-1.52 -0.775
-1.72 -0.885
-1.54 -0.825
-1.31 -0.69
-1.29 -0.575
-1.22 -0.36
-1.22 -0.33
-1.34 -0.555
-1.31 -0.595
-1.27 -0.58
-1.58 -0.775
-1.55 -0.835
-1.41 -0.77
-1.32 -0.65
-1.51 -0.855
-1.4 -0.55
-1.19 -0.28
-1.26 -0.28
-1.32 -0.38
-1.44 -0.675
-1.17 -0.485
-1.45 -0.655
-1.35 -0.615
-1.4 -0.785
-1.43 -0.815
-1.39 -0.77
-1.44 -0.74
-1.45 -0.72
-1.23 -0.615
-1.52 -0.79
-1.59 -0.85
-1.54 -0.695
-1.52 -0.835
-1.39 -0.7
-1.36 -0.715
-1.44 -0.695
-1.25 -0.56
-1.4 -0.79
-1.33 -0.775
-1.61 -0.89
-1.5 -0.805
-1.43 -0.765
-1.23 -0.55
-1.24 -0.53
-1.41 -0.69
-1.18 -0.68
-1.52 -0.765
-1.17 -0.55
-1.25 -0.54
-1.41 -0.62
-1.46 -0.745
-1.43 -0.71
-1.19 -0.63
-1.53 -0.79
-1.56 -0.83
-1.55 -0.855
-1.37 -0.75
-1.25 -0.55
-1.5 -0.76
-1.73 -0.92
-1.47 -0.835
-1.65 -0.89
-1.45 -0.81
-1.54 -0.795
-1.58 -0.79
-1.48 -0.815
-1.55 -0.74
-1.46 -0.76
-1.47 -0.765
-1.35 -0.635
-1.51 -0.84
-1.41 -0.74
-1.36 -0.765
-1.35 -0.655
-1.67 -0.85
-1.55 -0.815
-1.45 -0.795
-1.37 -0.73
-1.38 -0.765
-1.72 -0.9
-1.64 -0.885
-1.49 -0.775
-1.4 -0.725
-1.49 -0.82
-1.63 -0.88
-1.55 -0.775
-1.35 -0.71
-1.62 -0.88
-1.53 -0.82
-1.51 -0.795
-1.4 -0.725
-1.33 -0.645
-1.23 -0.615
-1.65 -0.805
-1.52 -0.74
-1.59 -0.76
-1.37 -0.605
-1.36 -0.635
-1.24 -0.635
-1.28 -0.57
-1.49 -0.825
-1.32 -0.655
-1.35 -0.42
-1.29 -0.345
-1.25 -0.55
-1.3 -0.51
-1.37 -0.645
-1.45 -0.79
-1.54 -0.785
-1.36 -0.635
-1.23 -0.55
-1.42 -0.78
-1.45 -0.76
-1.38 -0.605
-1.29 -0.605
-1.27 -0.515
-1.25 -0.52
-1.33 -0.61
-1.39 -0.56
-1.41 -0.735
-1.6 -0.835
-1.38 -0.805
-1.39 -0.73
-1.48 -0.765
-1.42 -0.76
-1.6 -0.825
-1.24 -0.585
-1.46 -0.815
-1.6 -0.85
-1.74 -0.905
-1.51 -0.79
-1.48 -0.755
-1.42 -0.77
-1.59 -0.85
-1.42 -0.775
-1.67 -0.89
-1.46 -0.7
-1.32 -0.59
-1.39 -0.565
-1.37 -0.635
-1.35 -0.5
-1.27 -0.715
-1.46 -0.705
-1.48 -0.68
-1.3 -0.56
-1.23 -0.38
-1.49 -0.63
-1.08 -0.34
-1.24 -0.145
-1.11 -0.115
-1.27 -0.16
-1.04 -0.12
-1.25 -0.12
-1 0.09
-1.12 -0.01
-1.29 -0.11
-1.23 0.06
-1.14 -0.055
-1.22 -0.3
-1.14 -0.455
-1.36 -0.5
-1.25 -0.44
-1.16 -0.585
-1.23 -0.65
-1.59 -0.85
-1.47 -0.795
-1.63 -0.88
-1.45 -0.775
-1.55 -0.83
-1.33 -0.655
-1.4 -0.725
-1.43 -0.795
-1.42 -0.65
-1.39 -0.75
-1.78 -0.945
-1.44 -0.785
-1.64 -0.88
-1.36 -0.725
-1.36 -0.755
-1.34 -0.77
-1.34 -0.69
-1.25 -0.65
-1.32 -0.605
-1.47 -0.74
-1.31 -0.59
-1.35 -0.755
-1.27 -0.72
-1.46 -0.76
-1.48 -0.805
-1.25 -0.585
-1.36 -0.29
-1.25 -0.11
-1.26 -0.245
-1.19 -0.215
-1.33 -0.095
-1.2 -0.31
-1.34 -0.58
-1.36 -0.615
-1.42 -0.795
-1.57 -0.85
-1.29 -0.625
-1.47 -0.76
-1.72 -0.89
-1.46 -0.785
-1.69 -0.885
-1.59 -0.86
-1.42 -0.74
-1.5 -0.835
-1.66 -0.9
-1.55 -0.825
-1.28 -0.615
-1.44 -0.735
-1.58 -0.845
-1.53 -0.78
-1.67 -0.9
-1.3 -0.73
-1.4 -0.71
-1.48 -0.69
-1.56 -0.825
-1.5 -0.795
-1.3 -0.67
-1.36 -0.745
-1.47 -0.81
-1.48 -0.775
-1.69 -0.86
-1.62 -0.885
-1.65 -0.88
-1.53 -0.81
-1.47 -0.765
-1.57 -0.86
-1.46 -0.745
-1.62 -0.87
-1.52 -0.82
-1.51 -0.82
-1.65 -0.895
-1.62 -0.88
-1.53 -0.815
-1.41 -0.665
-1.37 -0.685
-1.21 -0.545
-1.35 -0.67
-1.45 -0.77
-1.6 -0.855
-1.45 -0.715
-1.55 -0.76
-1.32 -0.455
-1.15 -0.345
-1.2 -0.32
-1.16 -0.435
-1.31 -0.51
-1.27 -0.49
-1.42 -0.715
-1.52 -0.785
-1.58 -0.87
-1.47 -0.81
-1.44 -0.715
-1.46 -0.77
-1.44 -0.74
-1.56 -0.845
-1.52 -0.87
-1.33 -0.675
-1.42 -0.765
-1.41 -0.76
-1.58 -0.855
-1.42 -0.77
-1.38 -0.46
-1.46 -0.785
-1.47 -0.725
-1.4 -0.725
-1.61 -0.835
-1.28 -0.63
-1.43 -0.78
-1.64 -0.865
-1.76 -0.935
-1.33 -0.565
-1.13 -0.35
-1.32 -0.61
-1.32 -0.605
-1.31 -0.67
-1.33 -0.71
-1.62 -0.84
-1.45 -0.755
-1.29 -0.695
-1.56 -0.785
-1.49 -0.735
-1.27 -0.655
-1.29 -0.665
-1.66 -0.89
-1.51 -0.845
-1.25 -0.645
-1.4 -0.785
-1.47 -0.785
-1.36 -0.765
-1.32 -0.675
-1.53 -0.82
-1.56 -0.76
-1.43 -0.73
-1.32 -0.705
-1.56 -0.765
-1.49 -0.76
-1.34 -0.62
-1.25 -0.595
-1.57 -0.855
-1.53 -0.815
-1.46 -0.695
-1.39 -0.68
-1.37 -0.545
-1.44 -0.63
-1.35 -0.67
-1.29 -0.58
-1.21 -0.425
-1.3 -0.505
-1.23 -0.575
-1.72 -0.905
-1.42 -0.62
-1.39 -0.425
-1.13 -0.09
-1.23 -0.31
-1.21 -0.14
-1.2 -0.09
-1.23 -0.085
-1.03 -0.02
-1.12 -0.045
-1.19 -0.43
-1.37 -0.555
-1.43 -0.63
-1.25 -0.63
-1.4 -0.77
-1.69 -0.91
-1.64 -0.845
-1.61 -0.88
-1.52 -0.795
-1.47 -0.825
-1.68 -0.875
-1.32 -0.695
-1.67 -0.88
-1.28 -0.605
-1.16 -0.47
-1.44 -0.73
-1.29 -0.655
-1.31 -0.64
-1.28 -0.65
-1.42 -0.51
-1.35 -0.66
-1.56 -0.85
-1.48 -0.81
-1.53 -0.825
-1.71 -0.91
-1.37 -0.755
-1.32 -0.585
-1.22 -0.55
-1.45 -0.62
-1.61 -0.735
-1.37 -0.62
-1.41 -0.7
-1.39 -0.76
-1.57 -0.88
-1.47 -0.79
-1.42 -0.6
-1.31 -0.615
-1.39 -0.735
-1.46 -0.7
-1.42 -0.7
-1.12 -0.51
-1.53 -0.76
-1.39 -0.62
-1.4 -0.785
-1.59 -0.875
-1.45 -0.74
-1.26 -0.625
-1.36 -0.72
-1.38 -0.735
-1.56 -0.86
-1.54 -0.82
-1.32 -0.71
-1.38 -0.645
-1.46 -0.705
-1.37 -0.72
-1.41 -0.755
-1.58 -0.825
-1.42 -0.715
-1.48 -0.765
-1.59 -0.825
-1.38 -0.675
-1.58 -0.825
-1.59 -0.835
-1.54 -0.85
-1.55 -0.84
-1.6 -0.79
-1.17 -0.5
-1.22 -0.455
-1.36 -0.69
-1.64 -0.84
-1.33 -0.715
-1.51 -0.72
-1.68 -0.81
-1.35 -0.72
-1.38 -0.745
-1.48 -0.745
-1.52 -0.82
-1.43 -0.63
-1.38 -0.485
-1.47 -0.665
-1.4 -0.755
-1.32 -0.715
-1.24 -0.64
-1.23 -0.515
-1.38 -0.585
-1.46 -0.705
-1.49 -0.815
-1.37 -0.725
-1.44 -0.71
-1.38 -0.58
-1.24 -0.405
-1.24 -0.6
-1.52 -0.8
-1.7 -0.875
-1.62 -0.875
-1.37 -0.69
-1.66 -0.85
-1.16 -0.535
-1.18 -0.42
-1.37 -0.425
-1.36 -0.6
-1.09 -0.3
-1.24 -0.11
-1.04 0.015
-1.19 -0.175
-1.27 -0.32
-1.19 -0.195
-1.2 -0.28
-1.42 -0.515
-1.4 -0.71
-1.3 -0.62
-1.49 -0.835
-1.48 -0.78
-1.66 -0.87
-1.43 -0.795
-1.4 -0.775
-1.53 -0.785
-1.47 -0.79
-1.57 -0.76
-1.37 -0.69
-1.3 -0.545
-1.38 -0.55
-1.24 -0.625
-1.31 -0.705
-1.57 -0.78
-1.44 -0.755
-1.72 -0.91
-1.64 -0.88
-1.39 -0.695
-1.32 -0.59
-1.28 -0.49
-1.37 -0.575
-1.15 -0.34
-1.46 -0.49
-1.27 -0.455
-1.38 -0.61
-1.28 -0.625
-1.36 -0.695
-1.6 -0.85
-1.4 -0.71
-1.42 -0.76
-1.47 -0.745
-1.34 -0.68
-1.47 -0.81
-1.42 -0.7
-1.52 -0.76
-1.47 -0.775
-1.55 -0.715
-1.51 -0.79
-1.31 -0.575
-1.4 -0.765
-1.55 -0.725
-1.41 -0.615
-1.33 -0.65
-1.25 -0.575
-1.42 -0.685
-1.34 -0.595
-1.33 -0.71
-1.3 -0.71
-1.41 -0.73
-1.37 -0.695
-1.52 -0.775
-1.49 -0.8
-1.44 -0.775
-1.52 -0.765
-1.46 -0.755
-1.36 -0.75
-1.37 -0.685
-1.22 -0.6
-1.18 -0.57
-1.33 -0.72
-1.35 -0.66
-1.35 -0.705
-1.27 -0.61
-1.39 -0.63
-1.59 -0.81
-1.69 -0.785
-1.43 -0.795
-1.59 -0.78
-1.32 -0.68
-1.64 -0.89
-1.48 -0.81
-1.46 -0.755
-1.06 -0.535
-1.28 -0.5
-1.4 -0.66
-1.5 -0.75
-1.42 -0.6
-1.56 -0.76
-1.41 -0.805
-1.46 -0.75
-1.6 -0.835
-1.41 -0.725
-1.57 -0.82
-1.54 -0.825
-1.53 -0.825
-1.54 -0.775
-1.4 -0.72
-1.44 -0.645
-1.5 -0.705
-1.59 -0.765
-1.45 -0.695
-1.28 -0.565
-1.1 -0.485
-1.13 -0.47
-1.21 -0.455
-1.28 -0.41
-1.28 -0.47
-1.33 -0.65
-1.56 -0.82
-1.33 -0.605
-1.09 -0.535
-1.42 -0.725
-1.42 -0.78
-1.63 -0.88
-1.5 -0.815
-1.61 -0.85
-1.67 -0.9
-1.46 -0.775
-1.39 -0.635
-1.29 -0.65
-1.55 -0.77
-1.75 -0.9
-1.74 -0.92
-1.37 -0.665
-1.3 -0.665
-1.31 -0.405
-1.32 -0.47
-1.2 -0.37
-1.11 -0.145
-0.94 -0.11
-0.92 0.11
-1.15 0.21
-1.43 0.665
-1.38 0.675
-1.69 0.91
-1.51 0.715
-1.28 0.565
-1.3 0.54
-1.46 0.745
-1.38 0.765
-1.5 0.71
-1.32 0.67
-1.49 0.825
-1.47 0.78
-1.45 0.79
-1.32 0.605
-1.38 0.585
-1.5 0.705
-1.54 0.7
-1.52 0.735
-1.31 0.635
-1.22 0.515
-1.45 0.7
-1.37 0.695
-1.37 0.725
-1.42 0.725
-1.22 0.565
-1.34 0.435
-1.37 0.525
-1.34 0.505
-1.37 0.765
-1.45 0.775
-1.44 0.725
-1.5 0.775
-1.37 0.645
-1.45 0.695
-1.5 0.655
-1.29 0.47
-1.38 0.56
-1.37 0.555
-1.45 0.645
-1.2 0.57
-1.48 0.775
-1.53 0.81
-1.25 0.67
-1.43 0.745
-1.4 0.685
-1.24 0.535
-1.23 0.565
-1.23 0.59
-1.4 0.645
-1.44 0.65
-1.5 0.765
-1.45 0.705
-1.31 0.67
-1.3 0.63
-1.47 0.78
-1.33 0.76
-1.39 0.71
-1.55 0.83
-1.37 0.73
-1.31 0.66
-1.32 0.625
-1.48 0.705
-1.32 0.7
-1.54 0.82
-1.59 0.835
-1.77 0.92
-1.31 0.535
-1.48 0.43
-1.42 0.515
-1.44 0.59
-1.47 0.68
-1.5 0.76
-1.63 0.835
-1.43 0.715
-1.41 0.555
-1.44 0.735
-1.32 0.665
-1.49 0.77
-1.42 0.695
-1.4 0.71
-1.38 0.66
-1.47 0.62
-1.29 0.6
-1.48 0.645
-1.41 0.64
-1.3 0.54
-1.29 0.215
-1.22 0.42
-1.15 0.38
-1.41 0.68
-1.52 0.765
-1.27 0.69
-1.37 0.75
-1.29 0.68
-1.38 0.625
-1.33 0.575
-1.2 0.39
-1.31 0.47
-1.18 0.335
-1.06 0.395
-1.19 0.58
-1.39 0.71
-1.52 0.795
-1.23 0.645
-1.35 0.705
-1.34 0.77
-1.43 0.8
-1.66 0.89
-1.58 0.865
-1.42 0.735
-1.7 0.89
-1.58 0.865
-1.64 0.86
-1.33 0.68
-1.51 0.8
-1.58 0.84
-1.52 0.75
-1.39 0.71
-1.44 0.755
-1.53 0.79
-1.28 0.71
-1.47 0.745
-1.55 0.76
-1.26 0.69
-1.57 0.845
-1.5 0.8
-1.43 0.755
-1.38 0.735
-1.58 0.82
-1.55 0.82
-1.5 0.815
-1.41 0.74
-1.3 0.705
-1.27 0.585
-1.41 0.755
-1.4 0.68
-1.49 0.845
-1.3 0.645
-1.33 0.655
-1.42 0.745
-1.56 0.795
-1.32 0.635
-1.4 0.77
-1.51 0.755
-1.43 0.74
-1.5 0.82
-1.58 0.86
-1.48 0.755
-1.41 0.75
-1.43 0.735
-1.66 0.88
-1.38 0.795
-1.52 0.78
-1.4 0.68
-1.47 0.765
-1.51 0.71
-1.33 0.41
-1.24 0.245
-1.21 -0.04
-1.01 -0.145
-1.2 0.205
-1.32 0.135
-1.12 0.03
-1.39 0.09
-1.22 -0.165
-1.12 -0.075
-1.35 -0.19
-1.22 0.03
-1.12 0.27
-1.12 0.105
-1.23 -0.015
-1.24 -0.26
-1.21 -0.3
-1.39 -0.35
-1.43 -0.365
-1.31 -0.39
-1.25 -0.41
-1.3 -0.47
-1.44 -0.66
-1.31 -0.69
-1.47 -0.675
-1.44 -0.68
-1.32 -0.69
-1.46 -0.71
-1.44 -0.79
-1.35 -0.66
-1.41 -0.68
-1.54 -0.82
-1.62 -0.85
-1.46 -0.725
-1.61 -0.755
-1.46 -0.75
-1.27 -0.54
-1.41 -0.585
-1.36 -0.545
-1.48 -0.615
-1.34 -0.715
-1.66 -0.885
-1.36 -0.695
-1.34 -0.75
-1.53 -0.805
-1.58 -0.82
-1.34 -0.6
-1.33 -0.44
-1.38 -0.485
-1.36 -0.485
-1.37 -0.48
-1.43 -0.615
-1.36 -0.635
-1.37 -0.58
-1.18 -0.51
-1.31 -0.575
-1.19 -0.505
-1.29 -0.515
-1.33 -0.63
-1.45 -0.765
-1.52 -0.8
-1.49 -0.77
-1.47 -0.81
-1.35 -0.655
-1.46 -0.775
-1.49 -0.8
-1.51 -0.775
-1.45 -0.765
-1.45 -0.725
-1.47 -0.815
-1.22 -0.6
-1.42 -0.695
-1.59 -0.84
-1.56 -0.875
-1.58 -0.875
-1.56 -0.805
-1.59 -0.845
-1.43 -0.78
-1.45 -0.77
-1.45 -0.675
-1.45 -0.745
-1.48 -0.705
-1.44 -0.67
-1.4 -0.685
-1.51 -0.735
-1.33 -0.69
-1.33 -0.62
-1.44 -0.685
-1.28 -0.465
-1.26 -0.575
-1.25 -0.67
-1.29 -0.705
-1.26 -0.655
-1.44 -0.745
-1.32 -0.625
-1.24 -0.585
-1.44 -0.73
-1.2 -0.43
-1.11 -0.13
-1.24 0.245
-1.22 0.33
-1.35 0.62
-1.53 0.845
-1.48 0.795
-1.27 0.48
-1.37 0.555
-1.37 0.58
-1.41 0.52
-1.5 0.735
-1.34 0.66
-1.53 0.79
-1.27 0.63
-1.48 0.72
-1.41 0.695
-1.41 0.73
-1.4 0.765
-1.42 0.785
-1.41 0.735
-1.58 0.855
-1.51 0.74
-1.37 0.72
-1.41 0.785
-1.61 0.835
-1.68 0.915
-1.59 0.84
-1.51 0.815
-1.57 0.835
-1.75 0.92
-1.47 0.795
-1.6 0.775
-1.56 0.855
-1.57 0.845
-1.43 0.71
-1.33 0.59
-0.99 0.495
-1.44 0.785
-1.41 0.795
-1.59 0.855
-1.67 0.89
-1.46 0.795
-1.51 0.765
-1.43 0.75
-1.51 0.8
-1.6 0.88
-1.26 0.725
-1.29 0.595
-1.52 0.74
-1.45 0.78
-1.38 0.72
-1.34 0.7
-1.4 0.7
-1.55 0.82
-1.29 0.725
-1.48 0.71
-1.42 0.675
-1.42 0.595
-1.4 0.59
-1.18 0.465
-1.24 0.47
-1.43 0.515
-1.18 0.425
-1.36 0.71
-1.45 0.79
-1.38 0.71
-1.4 0.725
-1.34 0.715
-1.58 0.86
-1.27 0.665
-1.25 0.65
-1.39 0.78
-1.5 0.785
-1.36 0.615
-1.18 0.53
-1.19 0.485
-1.5 0.63
-1.27 0.555
-1.5 0.79
-1.3 0.71
-1.51 0.8
-1.39 0.595
-1.4 0.675
-1.31 0.345
-1.32 0.41
-1.47 0.675
-1.46 0.7
-1.54 0.85
-1.39 0.67
-1.43 0.625
-1.58 0.81
-1.53 0.87
-1.6 0.855
-1.69 0.87
-1.51 0.775
-1.53 0.835
-1.4 0.725
-1.47 0.785
-1.37 0.595
-1.41 0.545
-1.4 0.69
-1.31 0.625
-1.4 0.75
-1.11 0.55
-1.46 0.78
-1.62 0.885
-1.56 0.83
-1.65 0.885
-1.56 0.83
-1.32 0.66
-1.46 0.745
-1.41 0.765
-1.55 0.81
-1.58 0.86
-1.45 0.74
-1.62 0.885
-1.55 0.875
-1.44 0.765
-1.73 0.92
-1.41 0.745
-1.27 0.585
-1.32 0.445
-1.36 0.54
-1.31 0.67
-1.49 0.64
-1.6 0.735
-1.36 0.62
-1.5 0.79
-1.22 0.585
-1.39 0.705
-1.47 0.78
-1.64 0.865
-1.39 0.73
-1.67 0.905
-1.36 0.685
-1.49 0.675
-1.28 0.54
-1.28 0.685
-1.44 0.72
-1.42 0.8
-1.48 0.755
-1.39 0.57
-1.43 0.655
-1.39 0.615
-1.39 0.595
-1.14 0.415
-1.28 0.41
-1.22 0.32
-1.11 0.15
-1.02 0.23
-1.07 0.165
-1.2 0.06
-1.22 0.355
-1.32 0.28
-1.06 0.21
-1.21 0.085
-1.32 0.295
-1.45 0.435
-1.45 0.68
-1.47 0.8
-1.47 0.76
-1.49 0.805
-1.38 0.695
-1.47 0.775
-1.43 0.77
-1.44 0.79
-1.35 0.655
-1.5 0.71
-1.35 0.68
-1.44 0.68
-1.59 0.65
-1.2 0.43
-1.37 0.505
-1.44 0.67
-1.41 0.65
-1.25 0.615
-1.36 0.705
-1.43 0.575
-1.21 0.625
-1.34 0.56
-1.45 0.735
-1.54 0.855
-1.41 0.75
-1.66 0.86
-1.34 0.645
-1.29 0.505
-1.25 0.57
-1.37 0.41
-1.29 0.535
-1.35 0.565
-1.38 0.655
-1.4 0.745
-1.39 0.715
-1.22 0.475
-1.36 0.34
-1.29 0.445
-1.41 0.47
-1.21 0.44
-1.39 0.46
-1.28 0.32
-1.42 0.595
-1.35 0.47
-1.42 0.715
-1.71 0.87
-1.66 0.895
-1.52 0.81
-1.43 0.69
-1.47 0.755
-1.25 0.665
-1.17 0.635
-1.5 0.78
-1.37 0.73
-1.35 0.595
-1.2 0.53
-1.36 0.625
-1.45 0.55
-1.25 0.635
-1.54 0.845
-1.52 0.83
-1.37 0.68
-1.62 0.83
-1.61 0.865
-1.26 0.705
-1.48 0.74
-1.52 0.755
-1.38 0.735
-1.44 0.795
-1.6 0.855
-1.47 0.785
-1.39 0.63
-1.41 0.58
-1.5 0.835
-1.43 0.8
-1.44 0.76
-1.4 0.675
-1.45 0.725
-1.57 0.845
-1.39 0.675
-1.65 0.895
-1.47 0.755
-1.52 0.805
-1.65 0.89
-1.63 0.87
-1.33 0.705
-1.48 0.805
-1.54 0.845
-1.25 0.665
-1.37 0.76
-1.32 0.675
-1.2 0.45
-1.35 0.565
-1.23 0.55
-1.23 0.485
-1.41 0.745
-1.27 0.52
-1.29 0.64
-1.38 0.69
-1.53 0.725
-1.47 0.765
-1.3 0.74
-1.36 0.735
-1.6 0.875
-1.59 0.85
-1.4 0.71
-1.44 0.785
-1.6 0.825
-1.33 0.625
-1.42 0.79
-1.52 0.825
-1.53 0.795
-1.61 0.84
-1.56 0.845
-1.43 0.8
-1.41 0.74
-1.77 0.925
-1.48 0.82
-1.45 0.78
-1.54 0.765
-1.6 0.855
-1.5 0.81
-1.33 0.685
-1.35 0.62
-1.48 0.78
-1.41 0.73
-1.12 0.34
-1.13 0.375
-1.26 0.53
-1.51 0.675
-1.3 0.645
-1.47 0.78
-1.49 0.795
-1.45 0.795
-1.46 0.775
-1.42 0.705
-1.24 0.575
-1.51 0.675
-1.46 0.61
-1.25 0.675
-1.4 0.78
-1.34 0.705
-1.55 0.765
-1.43 0.695
-1.57 0.79
-1.36 0.74
-1.46 0.685
-1.48 0.795
-1.32 0.64
-1.69 0.9
-1.54 0.84
-1.48 0.75
-1.42 0.73
-1.43 0.795
-1.43 0.7
-1.53 0.815
-1.5 0.825
-1.46 0.805
-1.73 0.915
-1.53 0.835
-1.56 0.835
-1.66 0.855
-1.58 0.825
-1.41 0.815
-1.23 0.565
-1.51 0.76
-1.39 0.68
-1.43 0.785
-1.38 0.74
-1.57 0.8
-1.54 0.81
-1.47 0.785
-1.57 0.86
-1.39 0.745
-1.47 0.72
-1.57 0.84
-1.45 0.78
-1.04 0.405
-1.24 0.4
-0.99 0.245
-1.46 0.225
-1.3 0.29
-1.44 0.695
-1.58 0.74
-1.27 0.66
-1.33 0.59
-1.41 0.755
-1.51 0.825
-1.2 0.61
-1.43 0.69
-1.4 0.775
-1.05 0.56
-1.33 0.615
-1.45 0.78
-1.44 0.795
-1.67 0.865
-1.42 0.755
-1.4 0.78
-1.38 0.73
-1.57 0.835
-1.48 0.77
-1.35 0.68
-1.6 0.785
-1.27 0.575
-1.44 0.65
-1.32 0.525
-1.14 0.45
-1.27 0.59
-1.27 0.51
-1.3 0.475
-1.26 0.44
-1.32 0.63
-1.22 0.595
-1.33 0.64
-1.5 0.78
-1.4 0.665
-1.5 0.735
-1.43 0.805
-1.26 0.645
-1.55 0.825
-1.57 0.83
-1.31 0.615
-1.27 0.61
-1.22 0.525
-1.33 0.69
-1.43 0.79
-1.48 0.805
-1.77 0.935
-1.6 0.86
-1.48 0.635
-1.4 0.705
-1.46 0.575
-1.39 0.445
-1.44 0.455
-1.35 0.63
-1.46 0.77
-1.57 0.815
-1.49 0.8
-1.39 0.765
-1.45 0.83
-1.21 0.54
-1.22 0.39
-1.17 0.265
-1.33 0.645
-1.51 0.78
-1.38 0.685
-1.46 0.815
-1.37 0.75
-1.63 0.865
-1.59 0.86
-1.62 0.885
-1.72 0.91
-1.56 0.87
-1.44 0.8
-1.57 0.85
-1.7 0.92
-1.6 0.845
-1.38 0.745
-1.45 0.72
-1.44 0.755
-1.5 0.77
-1.28 0.64
-1.32 0.51
-1.26 0.475
-1.34 0.7
-1.56 0.845
-1.54 0.8
-1.15 0.615
-1.32 0.69
-1.39 0.75
-1.44 0.68
-1.31 0.66
-1.42 0.79
-1.48 0.77
-1.49 0.835
-1.26 0.6
-1.33 0.535
-1.42 0.765
-1.52 0.84
-1.51 0.835
-1.41 0.8
-1.45 0.74
-1.4 0.71
-1.09 0.48
-1.13 0.295
-1.11 0.215
-0.98 0.2
-1.24 0.32
-1.04 0.255
-1.25 0.425
-1.31 0.415
-1.36 0.63
-1.4 0.68
-1.48 0.705
-1.27 0.605
-1.4 0.67
-1.32 0.64
-1.32 0.51
-1.51 0.625
-1.42 0.67
-1.53 0.755
-1.63 0.875
-1.51 0.81
-1.56 0.83
-1.49 0.85
-1.52 0.8
-1.4 0.525
-1.22 0.28
-1.16 0.09
-1.35 0.215
-1.14 0.065
-1.09 -0.005
-1.27 -0.015
-1.3 -0.185
-1.3 -0.19
-1.21 -0.09
-1.25 0.05
-1.11 -0.025
-1.35 0.295
-1.4 0.465
-1.02 0.29
-1.25 0.205
-1.24 0.215
-1.2 0.28
-1.22 0.18
-1.37 0.52
-1.49 0.76
-1.4 0.72
-1.28 0.555
-1.29 0.715
-1.21 0.6
-1.53 0.82
-1.61 0.865
-1.43 0.695
-1.27 0.685
-1.45 0.69
-1.25 0.46
-1.31 0.635
-1.51 0.835
-1.46 0.815
-1.42 0.755
-1.34 0.575
-1.25 0.56
-1.49 0.58
-1.38 0.59
-1.36 0.685
-1.52 0.74
-1.57 0.82
-1.36 0.74
-1.49 0.785
-1.5 0.77
-1.29 0.62
-1.31 0.64
-1.39 0.67
-1.43 0.69
-1.38 0.62
-1.23 0.585
-1.19 0.52
-1.53 0.74
-1.27 0.65
-1.5 0.67
-1.45 0.705
-1.4 0.72
-1.56 0.825
-1.25 0.685
-1.52 0.79
-1.52 0.785
-1.06 0.63
-1.29 0.625
-1.52 0.845
-1.7 0.915
-1.49 0.845
-1.42 0.77
-1.4 0.725
-1.44 0.76
-1.38 0.72
-1.36 0.695
-1.56 0.835
-1.23 0.665
-1.32 0.46
-1.39 0.465
-1.47 0.65
-1.57 0.825
-1.57 0.86
-1.62 0.865
-1.56 0.78
-1.44 0.715
-1.4 0.78
-1.38 0.69
-1.38 0.715
-1.35 0.69
-1.42 0.785
-1.59 0.835
-1.47 0.7
-1.54 0.6
-1.56 0.825
-1.47 0.79
-1.58 0.8
-1.43 0.72
-1.35 0.745
-1.38 0.71
-1.65 0.875
-1.46 0.77
-1.4 0.755
-1.55 0.86
-1.65 0.845
-1.49 0.72
-1.47 0.77
-1.46 0.76
-1.31 0.73
-1.62 0.855
-1.26 0.6
-1.29 0.67
-1.46 0.81
-1.57 0.825
-1.52 0.795
-1.61 0.885
-1.39 0.765
-1.56 0.775
-1.44 0.81
-1.48 0.83
-1.37 0.67
-1.53 0.8
-1.22 0.555
-1.55 0.805
-1.45 0.73
-1.43 0.715
-1.56 0.785
-1.52 0.825
-1.46 0.745
-1.66 0.845
-1.34 0.625
-1.35 0.635
-1.47 0.77
-1.33 0.605
-1.4 0.675
-1.4 0.73
-1.48 0.755
-1.26 0.505
-1.11 0.245
-1.11 -0.165
-1.11 -0.255
-1.44 -0.59
-1.42 -0.77
-1.51 -0.775
-1.33 -0.635
-1.35 -0.69
-1.44 -0.805
-1.4 -0.705
-1.64 -0.855
-1.52 -0.81
-1.6 -0.86
-1.43 -0.745
-1.35 -0.58
-1.3 -0.62
-1.54 -0.795
-1.39 -0.735
-1.45 -0.79
-1.48 -0.68
-1.43 -0.695
-1.38 -0.745
-1.51 -0.81
-1.38 -0.67
-1.45 -0.66
-1.42 -0.695
-1.52 -0.815
-1.37 -0.68
-1.42 -0.69
-1.43 -0.675
-1.34 -0.615
-1.32 -0.66
-1.44 -0.755
-1.31 -0.65
-1.5 -0.805
-1.5 -0.795
-1.57 -0.85
-1.34 -0.68
-1.3 -0.56
-1.19 -0.525
-1.43 -0.635
-1.48 -0.795
-1.29 -0.545
-1.31 -0.71
-1.57 -0.79
-1.6 -0.86
-1.46 -0.815
-1.56 -0.83
-1.43 -0.74
-1.41 -0.745
-1.35 -0.69
-1.26 -0.465
-1.58 -0.81
-1.15 -0.495
-1.09 -0.325
-1.3 -0.435
-1.15 -0.045
-1.28 -0.025
-1.21 0.1
-1.1 0.005
-1.17 0.095
-1.22 0.225
-1.08 0.015
-1.27 0.16
-0.99 0.075
-1.31 0.195
-1.34 0.1
-1.17 0.225
-1.5 0.21
-1.27 0.205
-1.26 0.21
-1.24 0.285
-1.19 0.335
-1.34 0.6
-1.46 0.745
-1.42 0.735
-1.53 0.83
-1.63 0.88
-1.36 0.78
-1.35 0.63
-1.32 0.665
-1.51 0.82
-1.56 0.805
-1.42 0.69
-1.26 0.565
-1.33 0.6
-1.24 0.635
-1.66 0.885
-1.49 0.835
-1.45 0.77
-1.56 0.86
-1.66 0.91
-1.45 0.805
-1.38 0.75
-1.49 0.8
-1.46 0.675
-1.44 0.69
-1.25 0.565
-1.49 0.43
-1.06 0.2
-1.18 0.29
-1.31 0.305
-1.33 0.335
-1.35 0.29
-1.46 0.545
-1.49 0.605
-1.24 0.545
-1.38 0.54
-1.4 0.685
-1.42 0.685
-1.54 0.805
-1.59 0.845
-1.51 0.82
-1.65 0.89
-1.38 0.74
-1.46 0.795
-1.32 0.64
-1.22 0.595
-1.44 0.62
-1.31 0.69
-1.24 0.65
-1.46 0.79
-1.48 0.825
-1.56 0.835
-1.51 0.845
-1.4 0.795
-1.63 0.85
-1.47 0.73
-1.45 0.745
-1.33 0.545
-1.26 0.495
-1.17 0.445
-1.21 0.355
-1.43 0.61
-1.49 0.745
-1.55 0.845
-1.47 0.795
-1.33 0.615
-1.37 0.545
-1.34 0.635
-1.17 0.62
-1.49 0.765
-1.26 0.66
-1.15 0.475
-1.36 0.625
-1.46 0.79
-1.46 0.745
-1.28 0.64
-1.58 0.86
-1.41 0.755
-1.47 0.76
-1.47 0.715
-1.32 0.735
-1.39 0.695
-1.13 0.59
-1.68 0.855
-1.43 0.76
-1.45 0.755
-1.43 0.785
-1.43 0.745
-1.51 0.78
-1.22 0.64
-1.42 0.65
-1.29 0.67
-1.58 0.815
-1.66 0.845
-1.39 0.775
-1.54 0.815
-1.39 0.76
-1.49 0.755
-1.34 0.58
-1.41 0.8
-1.34 0.71
-1.33 0.66
-1.21 0.685
-1.6 0.87
-1.42 0.625
-1.38 0.695
-1.36 0.73
-1.38 0.68
-1.47 0.825
-1.59 0.86
-1.54 0.84
-1.39 0.75
-1.53 0.815
-1.45 0.725
-1.73 0.91
-1.59 0.84
-1.39 0.705
-1.4 0.72
-1.51 0.8
-1.38 0.595
-1.38 0.535
-1.26 0.515
-1.23 0.545
-1.16 0.36
-1.29 0.25
-1.26 0.07
-1.26 -0.02
-1.31 0
-1.15 0.335
-1.06 0.395
-1.23 0.355
-1.37 0.415
-1.4 0.44
-1.44 0.465
-1.39 0.44
-1.32 0.65
-1.32 0.475
-1.27 0.525
-1.26 0.525
-1.4 0.725
-1.46 0.75
-1.31 0.71
-1.59 0.8
-1.25 0.58
-1.46 0.745
-1.31 0.69
-1.41 0.73
-1.33 0.63
-1.51 0.765
-1.5 0.805
-1.64 0.85
-1.59 0.785
-1.55 0.855
-1.58 0.85
