-1 -0.265
-1.08 -0.08
-1.07 0.12
-1.17 0.035
-1.14 0.035
-1.01 0.08
-1.11 0.35
-1.11 0.14
-1.27 0.515
-1.11 0.4
-1.06 0.175
-1.2 0.405
-1.24 0.575
-1.44 0.79
-1.24 0.415
-1.08 0.22
-1.06 -0.025
-1.18 -0.02
-1.01 0.175
-1.07 0.205
-1.07 0.275
-1.07 0.4
-1.06 0.52
-1.2 0.655
-1.52 0.83
-1.34 0.725
-1.22 0.635
-1.4 0.77
-1.35 0.73
-1.09 0.475
-0.98 0.3
-0.96 0.005
-1.02 0.06
-1.14 -0.155
-0.99 -0.175
-1.12 -0.26
-1.01 -0.175
-0.97 -0.02
-1.05 -0.135
-1.21 0.1
-0.79 0.005
-0.91 0.135
-1.23 0.06
-1.1 0.21
-1.2 0.39
-1.11 0.515
-1.16 0.505
-1.43 0.635
-1.33 0.445
-1.28 0.585
-1.25 0.51
-1.07 0.3
-1.04 0.285
-0.97 0.065
-1.06 -0.035
-1.1 0.205
-1.06 0.07
-1.19 0.23
-0.94 0.03
-0.92 -0.015
-1.03 -0.175
-1.17 -0.03
-1.25 -0.415
-1.26 -0.61
-1.27 -0.57
-1.04 -0.52
-0.97 -0.13
-1.1 -0.295
-1.12 -0.505
-1.02 -0.405
-1.13 -0.35
-1.19 -0.52
-1.16 -0.355
-1.07 -0.355
-1.13 -0.285
-1.17 -0.11
-0.98 -0.135
-1.07 -0.395
-1.09 -0.335
-1.07 -0.295
-1.14 -0.27
-1.11 -0.48
-1.08 -0.495
-1.36 -0.67
-1.36 -0.61
-1.12 -0.435
-1.06 -0.51
-1.2 -0.57
-1.08 -0.425
-1.17 -0.635
-1.3 -0.72
-1.26 -0.565
-1.24 -0.58
-1.2 -0.545
-1.23 -0.675
-1.24 -0.68
-0.94 -0.52
-1.36 -0.76
-1.13 -0.6
-1.25 -0.55
-0.98 -0.34
-1.17 -0.45
-1.31 -0.45
-1.29 -0.645
-1.24 -0.615
-1.28 -0.7
-1.3 -0.64
-1.26 -0.66
-1.21 -0.375
-0.92 -0.01
-1.21 -0.18
-1.2 -0.185
-1.18 -0.235
-0.93 -0.105
-1.3 -0.21
-1.13 -0.395
-1.2 -0.09
-1.05 -0.115
-1.14 -0.035
-1.03 -0.04
-1.13 -0.245
-1.19 -0.135
-1.15 -0.16
-1.18 0.045
-1.16 0.145
-0.94 -0.015
-0.99 -0.25
-0.99 -0.105
-1 -0.03
-0.91 0.245
-1.04 0.055
-1.04 0.055
-1.08 0.06
-1.11 0.115
-0.94 0.32
-1.04 0.24
-0.98 0.19
-1.15 0.295
-1.23 0.32
-1.24 0.27
-1.02 0.11
-1.13 0.36
-1.25 0.31
-1.18 0.4
-1 0.34
-1.2 0.31
-1.16 0.425
-1.22 0.43
-1.06 0.495
-1.15 0.39
-1.4 0.44
-1.3 0.535
-1.41 0.75
-1.37 0.735
-1.12 0.54
-1.09 0.275
-1.12 0.34
-1.09 0.465
-1.08 0.315
-1.03 0.275
-1.21 0.475
-1.03 0.33
-1.09 0.255
-1.07 -0.18
-0.81 -0.045
-1 0.29
-1.12 0.365
-0.94 0.295
-1.23 0.415
-0.97 0.16
-1.1 0.395
-1.22 0.56
-1.17 0.575
-1.16 0.55
-1.09 0.295
-1.21 0.445
-1.1 0.27
-1.01 -0.01
-1.15 -0.05
-1.17 -0.06
-1 -0.2
-1.14 -0.27
-0.93 -0.09
-0.98 -0.18
-1.14 -0.255
-1.08 0.09
-1.13 0.085
-1.02 0.405
-1.23 0.355
-1.11 0.22
-1.07 0.205
-1.1 0.185
-1.16 0.355
-1.15 0.38
-1.09 0.28
-1.09 0.375
-1.24 0.285
-1.12 0.275
-0.96 0.035
-1.15 -0.03
-1.07 0.035
-1.05 0.14
-0.77 0.145
-1.27 0.565
-1.19 0.43
-1.16 0.43
-1.17 0.41
-0.98 0.265
-1.13 0.11
-1.03 0.165
-0.98 0.095
-0.84 0.215
-1.01 0.265
-0.93 -0.155
-1 -0.135
-1.21 -0.23
-1.19 -0.36
-1.27 -0.53
-1.14 -0.355
-1.08 -0.245
-0.98 0.14
-0.97 0.06
-1.04 0.055
-1.17 0.02
-1.12 -0.16
-1.01 0.19
-1.08 0.32
-1.09 0.08
-1.06 0.18
-1.07 0.24
-1.08 0.325
-1.14 0.48
-1.25 0.375
-1.03 0.33
-1.28 0.525
-1.41 0.73
-1.26 0.65
-1.21 0.605
-1.27 0.7
-1.44 0.725
-1.39 0.755
-1.27 0.625
-1.12 0.515
-1.19 0.51
-1.31 0.57
-1.26 0.58
-1.27 0.595
-1.31 0.715
-1.4 0.73
-1.36 0.77
-1.5 0.82
-1.39 0.73
-1.2 0.625
-1.15 0.635
-1.27 0.625
-1.09 0.385
-1.16 0.55
-1.27 0.445
-1.21 0.44
-1.07 0.29
-0.94 -0.07
-0.92 0.1
-1.19 0.465
-1.18 0.31
-1.17 0.44
-1.14 0.37
-1.12 0.365
-1.18 0.13
-0.93 -0.085
-1.02 0.16
-1.16 0.44
-1.15 0.525
-1.27 0.725
-1.13 0.49
-1.12 0.61
-1.17 0.56
-1.27 0.655
-1.33 0.725
-1.49 0.795
-1.16 0.58
-1.49 0.765
-1.21 0.545
-1.16 0.415
-1.2 0.655
-1.5 0.78
-1.07 0.59
-1.29 0.685
-1.34 0.775
-1.18 0.39
-1.02 0.46
-1.2 0.46
-1.04 0.48
-1.42 0.65
-1.25 0.615
-1.01 0.37
-1.1 0.23
-1.11 0.07
-1.11 -0.04
-1.01 -0.17
-1.1 -0.23
-1.05 -0.08
-1.02 0.05
-1.12 0.39
-0.94 0.225
-1.22 0.455
-0.99 0.23
-1.09 0.355
-1.03 0.38
-1.07 0.455
-1.36 0.55
-1.08 0.395
-0.98 0.335
-1.09 0.38
-1.06 0.44
-1.05 0.315
-1.22 0.2
-0.96 0.2
-1.07 0.17
-1.1 0.125
-1.07 -0.16
-1.11 -0.13
-1.05 -0.21
-1.06 -0.185
-1.09 -0.2
-1.09 -0.085
-1.15 -0.07
-1.03 -0.3
-1.05 -0.3
-1.32 -0.58
-1.43 -0.725
-1.24 -0.4
-1.3 -0.535
-1.21 -0.14
-1.16 -0.39
-0.91 -0.275
-1.14 -0.245
-1.06 -0.39
-1.21 -0.455
-1.05 -0.31
-1.01 -0.195
-0.99 -0.055
-0.97 0.22
-1.06 0.335
-1.31 0.58
-1.21 0.56
-1.43 0.765
-1.22 0.605
-1.13 0.365
-1.13 0.22
-1.12 -0.065
-1.02 -0.19
-1.25 -0.435
-1.08 -0.5
-1.24 -0.265
-1.21 -0.065
-1.27 0.085
-1.15 0.195
-1.14 0.01
-1.15 -0.295
-1 -0.285
-1.06 0.01
-1.21 0.07
-1.1 -0.18
-1.03 -0.31
-1.04 -0.24
-1 0.185
-1.07 0.275
-1.16 0.425
-1.24 0.46
-1.1 0.365
-1.02 0.445
-1.09 0.385
-1.14 0.26
-0.98 0.06
-1.1 0.13
-1.11 0.005
-1.13 0.035
-0.99 -0.135
-1.16 -0.105
-0.98 0.045
-1.1 -0.255
-1 -0.09
-1.09 0.105
-0.95 0.125
-1.14 0.255
-1.12 0.09
-1.23 0.09
-1.02 0.275
-1.31 0.18
-1.17 -0.02
-0.98 -0.065
-1.06 -0.08
-1.07 -0.03
-1.11 0.085
-1.11 -0.24
-1.14 -0.38
-1.26 -0.65
-1.57 -0.87
-1.4 -0.75
-1.22 -0.67
-1.18 -0.585
-1.01 -0.48
-1.26 -0.585
-1.25 -0.6
-1.06 -0.48
-1.05 -0.5
-1.42 -0.775
-1.44 -0.775
-1.26 -0.65
-1.11 -0.53
-1.2 -0.635
-1.11 -0.395
-1.01 -0.31
-1.32 -0.51
-1.09 -0.49
-0.94 -0.245
-1.27 -0.475
-1.22 -0.61
-1.14 -0.585
-1.1 -0.46
-1.14 -0.485
-1.18 -0.435
-1.08 -0.285
-1.03 -0.045
-1.02 0.305
-1.15 0.295
-1.03 0.18
-1.25 0.45
-1.25 0.43
-1.12 0.295
-1.27 0.325
-1.31 0.095
-1.17 0.035
-1.19 0.02
-1.04 0.065
-1.04 0.145
-1.09 -0.325
-1.03 -0.31
-1.17 -0.27
-0.88 -0.41
-1.06 -0.435
-1.19 -0.635
-1.36 -0.655
-1.42 -0.78
-1.28 -0.66
-0.98 -0.495
-1.24 -0.485
-1.03 -0.07
-1.09 -0.08
-0.94 -0.12
-0.98 -0.295
-1.33 -0.42
-0.94 -0.33
-1.12 -0.565
-1.13 -0.385
-1.17 -0.21
-0.99 -0.415
-1.2 -0.345
-1.2 -0.355
-0.91 -0.295
-1.3 -0.255
-1.02 -0.1
-1.14 0.04
-1.14 0.005
-1.2 0.08
-1.08 -0.015
-1 -0.14
-1.11 -0.18
-1.1 -0.055
-0.99 -0.135
-1.16 -0.295
-1.13 -0.45
-1.17 -0.42
-1.02 -0.285
-1.14 -0.22
-1.1 -0.21
-0.87 0.06
-1.11 0.285
-1.2 0.365
-1.07 0.335
-1.36 0.62
-1.11 0.44
-1.15 0.405
-1.09 0.48
-0.98 0.5
-1.29 0.63
-1.34 0.74
-1.36 0.64
-1.17 0.385
-1.07 0.23
-1.2 0.385
-1.29 0.575
-1.33 0.685
-1.22 0.49
-1.3 0.505
-1.07 0.485
-1.31 0.57
-1.12 0.35
-1.24 0.185
-1.09 0.28
-1.27 0.435
-0.93 0.335
-1.13 0.395
-1.37 0.645
-1.39 0.765
-1.39 0.72
-1.4 0.715
-1.32 0.71
-1.36 0.75
-1.24 0.64
-1.44 0.57
-1.12 0.415
-1.19 0.505
-1.19 0.41
-1.02 0.4
-1.34 0.625
-1.31 0.6
-1.22 0.485
-1 0.19
-1.16 -0.365
-1.12 -0.29
-1.12 -0.205
-1.24 -0.505
-1.27 -0.535
-1.13 -0.31
-1.26 -0.475
-1.12 -0.47
-1.13 -0.3
-1.02 -0.255
-0.97 -0.135
-1.01 0.105
-1.18 -0.015
-1.07 -0.14
-1.04 -0.225
-1.1 -0.415
-1.14 -0.42
-1.13 -0.37
-0.99 -0.17
-0.99 -0.04
-1.01 -0.185
-1.15 0.065
-1.33 0.045
-1.05 0.31
-1.17 0.39
-1.14 0.38
-1.16 0.59
-1.18 0.585
-1.16 0.42
-1.37 0.47
-1.19 0.18
-1.03 0.22
-1.02 0.125
-1.06 0.335
-0.75 0.16
-1.32 0.435
-1.05 0.31
-0.91 -0.07
-1.01 0.095
-1.09 0.075
-1.06 -0.025
-1.12 -0.395
-1.26 -0.575
-1.32 -0.68
-1.29 -0.595
-1.27 -0.575
-1.24 -0.395
-0.92 -0.175
-1.09 -0.28
-1.23 0.075
-1.27 0.21
-1.11 0.215
-1.11 0.235
-1.16 0.335
-1.15 0.225
-1.14 0.305
-1.17 0.435
-1.2 0.13
-0.94 0.125
-1.1 0.125
-1.07 0.005
-1.12 0.13
-1.34 0.1
-0.9 -0.29
-1.16 -0.265
-1.2 -0.21
-1.22 -0.235
-0.92 -0.18
-0.89 0.03
-0.91 -0.195
-1.17 -0.225
-1.07 -0.025
-1.25 -0.17
-1.23 -0.13
-1.15 -0.18
-1.15 -0.32
-1.14 -0.33
-1.12 -0.44
-1.23 -0.215
-1.3 -0.145
-1.18 -0.185
-1.07 0.115
-1.08 0.28
-1.15 0.335
-1.16 0.25
-1.02 -0.01
-1.16 -0.205
-1.14 -0.295
-1.22 -0.445
-1.13 -0.515
-1.23 -0.53
-1.13 -0.43
-1.45 -0.785
-1.18 -0.53
-1.02 -0.43
-1.06 -0.355
-1.07 -0.25
-1.02 0.025
-1.01 0.165
-0.99 -0.08
-1.08 0.025
-1.09 0.175
-0.94 0.175
-1.08 0.005
-1.15 -0.18
-1.17 -0.5
-1.37 -0.68
-1.49 -0.855
-1.15 -0.505
-1.06 -0.365
-1.25 -0.4
-1.23 -0.475
-1.22 -0.47
-1.37 -0.445
-1.27 -0.265
-1.05 -0.075
-1.05 -0.01
-1.03 -0.16
-0.84 -0.09
-1.12 -0.215
-1.17 -0.095
-1.24 -0.085
-1.09 -0.055
-1.01 -0.17
-1.16 0.13
-1.09 -0.02
-1.17 0.255
-1.06 0.26
-1.25 0.45
-1.27 0.615
-1.05 0.045
-1.1 -0.18
-1.18 -0.18
-1.14 -0.445
-1.04 -0.535
-1.18 -0.515
-1.19 -0.525
-1.13 -0.585
-1.14 -0.485
-1.12 -0.48
-0.9 -0.38
-1.1 -0.27
-1.1 -0.16
-1.08 -0.18
-1.04 -0.09
-1.13 0.435
-1.14 0.345
-1.11 0.415
-1.14 0.26
-1.21 -0.025
-1.14 0.04
-1.23 0.385
-1.19 0.45
-1.16 0.315
-1.12 0.305
-1.18 0.4
-0.91 0.16
-1.14 0.415
-1.16 0.42
-1.1 0.44
-1 0.28
-1.24 0.425
-1.06 0.24
-1.11 0.17
-0.99 0.15
-1.11 -0.045
-1.24 0.04
-1.03 0.06
-1.19 0.185
-1.08 0.225
-1.16 0.37
-1.1 0.405
-1.33 0.73
-1.32 0.62
-0.96 0.28
-1.06 0.495
-1.23 0.64
-1.34 0.545
-1.29 0.505
-1.09 0.355
-1.17 0.51
-1.25 0.505
-1.15 0.555
-1.53 0.8
-1.2 0.58
-1.08 0.375
-1.29 0.365
-1.04 0.525
-1.09 0.555
-1.18 0.53
-1.3 0.585
-1.18 0.525
-1.22 0.375
-1.02 0.245
-1.23 0.505
-1.43 0.565
-1.07 0.525
-1.11 0.345
-1.07 0.13
-1.14 0.21
-1.2 0.225
-1.17 0.4
-1.2 0.605
-0.95 0.265
-1.13 0.455
-1 0.245
-1.28 0.525
-1.22 0.21
-1.21 0.325
-1.1 0.05
-1.14 0.3
-1.04 0.16
-0.96 -0.05
-1.16 -0.285
-1.12 -0.435
-1.02 -0.35
-1.17 -0.385
-1.07 -0.395
-1.07 -0.46
-1.2 -0.64
-1.42 -0.735
-1.46 -0.71
-1 -0.355
-1.15 -0.45
-1.28 -0.51
-1.06 -0.205
-1.02 -0.34
-1.23 -0.155
-1.1 -0.035
-1.14 -0.21
-1.38 -0.685
-1.34 -0.59
-1.38 -0.625
-1.18 -0.59
-1.4 -0.765
-1.28 -0.685
-1.2 -0.355
-0.98 -0.135
-1.09 -0.2
-1.13 -0.365
-1.13 -0.215
-0.98 -0.145
-1.02 -0.095
-1.25 -0.145
-0.89 -0.03
-1.06 -0.05
-1.13 -0.165
-0.98 -0.105
-0.96 -0.045
-1.04 -0.2
-1.16 -0.315
-1.12 -0.3
-0.9 0.035
-1.05 0.325
-1.28 0.325
-1.33 0.445
-1.16 0.365
-1.16 0.35
-0.97 0.28
-0.95 0.375
-1.23 0.515
-1.3 0.655
-1.15 0.61
-1.09 0.415
-1.32 0.52
-1.17 0.525
-1.15 0.18
-1.39 0.02
-1.04 0.055
-1.05 -0.12
-1.32 -0.43
-1.21 -0.395
-0.96 0.11
-1.13 0.21
-1.14 0.205
-1.02 0.235
-1.1 -0.155
-1.02 -0.275
-1.16 -0.345
-0.97 -0.135
-1.11 -0.145
-1.13 -0.04
-1.06 0.06
-1.15 -0.125
-1.12 0.01
-1.21 0.08
-1.07 0.1
-1.25 0.215
-1.15 0.315
-1.24 0.385
-1.23 0.47
-1.13 0.305
-1.13 0.27
-1.07 0.28
-0.89 0.31
-1.07 0.27
-1 0.38
-1.2 0.215
-1.17 0.1
-1.07 -0.05
-1.06 -0.1
-1.12 -0.04
-1.17 0.01
-1.08 0.27
-1.19 0.24
-1.13 -0.01
-1.06 0.085
-1.08 -0.145
-1.26 -0.17
-1.16 -0.42
-1.12 -0.45
-1.16 -0.465
-1.34 -0.595
-1.25 -0.61
-1.23 -0.63
-1.28 -0.665
-1.28 -0.63
-1.07 -0.54
-1.21 -0.59
-1.18 -0.63
-1.09 -0.39
-1.38 -0.635
-1.33 -0.595
-1.37 -0.5
-1.21 -0.46
-1.18 -0.53
-1.09 -0.155
-1.04 -0.19
-1.04 0.05
-1.01 -0.18
-1.16 0.295
-0.99 0.13
-1.12 -0.06
-0.98 0.11
-1.09 0.095
-1.1 0.29
-1.01 0.405
-1.01 0.425
-1.27 0.235
-0.93 0.32
-1 -0.095
-1.09 -0.1
-1.07 -0.175
-1 -0.21
-1.05 -0.22
-0.98 -0.095
-1.16 -0.255
-1.39 -0.68
-1.07 -0.43
-1.34 -0.53
-1.13 -0.355
-1.33 -0.62
-1.24 -0.61
-1.14 -0.6
-0.84 -0.395
-0.91 -0.295
-1.2 -0.405
-1.31 -0.685
-1.13 -0.46
-1.41 -0.78
-1.26 -0.665
-1.38 -0.745
-1.36 -0.55
-1.14 -0.255
-1.08 -0.045
-1.08 -0.035
-1.24 0.29
-1.04 0.085
-1.15 0.285
-1.18 0.305
-1.29 0.26
-1.32 0.43
-1.52 0.685
-1.18 0.355
-0.98 0.36
-1.14 0.525
-1.22 0.35
-1.18 0.365
-1.22 0.185
-1.14 0.365
-1.33 0.525
-1.19 0.66
-1.23 0.65
-1.3 0.7
-1.27 0.59
-1.15 0.325
-1.19 0.24
-1.09 0.21
-1.41 0.59
-1.33 0.63
-1.24 0.525
-1.13 0.5
-1.3 0.44
-1.32 0.515
-1.16 0.285
-1.24 0.47
-1 0.27
-1.16 0.37
-1.06 0.37
-1.24 0.54
-1.44 0.745
-1.01 0.53
-1.16 0.58
-1.31 0.71
-1.4 0.66
-1.18 0.62
-1.39 0.76
-1.35 0.575
-1.13 0.46
-1.25 0.59
-1.21 0.5
-1.05 0.375
-1.12 0.3
-1.22 0.375
-1.04 0.325
-1.18 0.295
-1.1 0.415
-1.05 0.195
-1.19 0.35
-1.2 0.45
-1.17 0.485
-1.14 0.55
-1.4 0.7
-1.24 0.685
-1.25 0.62
-1.11 0.49
-1.03 0.45
-1.14 0.49
-1.22 0.44
-1.17 0.265
-1.15 0.36
-1.27 0.405
-1.25 0.4
-1.03 0.29
-1.06 0.485
-1.13 0.47
-1.13 0.525
-1.04 0.405
-1.18 0.215
-1.08 -0.105
-1.11 -0.035
-0.97 -0.115
-1.05 0
-0.98 0.235
-1.04 0.065
-1.17 0.195
-0.92 0.255
-1.17 0.245
-1.07 0.225
-1.16 0.245
-0.94 0.155
-1.05 -0.21
-1.01 -0.285
-1.27 -0.06
-1.23 -0.255
-1.16 -0.375
-0.91 -0.05
-1.07 0.13
-1.14 0.125
-0.92 0.15
-1.23 0.34
-1.15 0.21
-1.17 0.36
-1.05 0.31
-0.92 0.025
-1.11 0.13
-1.07 -0.07
-1.05 -0.18
-1.03 -0.24
-1.15 -0.36
-1.15 -0.255
-1.21 -0.22
-1.11 -0.32
-1.31 -0.075
-1.18 -0.21
-1.21 -0.295
-1.24 -0.525
-1.19 -0.58
-1.1 -0.4
-1.12 -0.345
-1.2 -0.175
-1.13 -0.195
-1.13 -0.37
-1.22 -0.265
-0.99 -0.205
-1.1 0.09
-1.01 0.09
-1.11 0.375
-1.24 0.155
-1.06 -0.11
-1.08 0.27
-0.96 0.335
-1 0.37
-1.1 0.445
-1.09 0.35
-0.95 0.12
-1.09 0.02
-0.84 0.03
-0.88 -0.18
-1.11 -0.43
-1.05 -0.435
-1.17 -0.525
-1.25 -0.605
-1.21 -0.445
-1.04 -0.075
-0.95 0.08
-1.12 0.1
-0.93 0.38
-1.04 0.29
-1.11 0.445
-1.06 0.185
-1.16 0.12
-1.22 0.205
-1.24 0.12
-1.2 0.195
-1.1 0.3
-1.19 0.195
-1.25 0.485
-1.23 0.49
-1.2 0.515
-1.33 0.62
-1.09 0.525
-1.2 0.425
-1.19 0.525
-1.04 0.425
-0.97 0.19
-1.21 -0.22
-1.19 -0.46
-1.25 -0.585
-1.1 -0.445
-1.16 -0.445
-1.35 -0.65
-1.3 -0.72
-1.4 -0.78
-1.29 -0.685
-1.25 -0.69
-1.14 -0.515
-1.02 -0.4
-1.07 -0.255
-1.13 -0.415
-1.11 -0.51
-1.06 -0.36
-1.14 -0.37
-1.24 -0.52
-1.29 -0.38
-1.28 -0.515
-1.35 -0.685
-1.3 -0.605
-1.39 -0.66
-1.09 -0.28
-1.02 -0.055
-1.16 -0.205
-1.13 -0.59
-1.18 -0.565
-1.39 -0.47
-0.92 -0.315
-1.09 -0.16
-1.15 0.175
-1 0.435
-1.05 0.365
-1.12 0.37
-1.11 0.46
-1.2 0.355
-1.14 0.215
-0.93 -0.025
-0.99 -0.24
-0.82 -0.185
-1.3 -0.55
-1.38 -0.65
-1.49 -0.835
-1.23 -0.555
-1.12 -0.49
-1.29 -0.755
-1.26 -0.715
-1.14 -0.585
-1.22 -0.54
-1.08 -0.475
-1.05 -0.445
-1.19 -0.39
-1.29 -0.505
-1.27 -0.64
-1.15 -0.57
-1.44 -0.81
-1.28 -0.7
-1.37 -0.715
-1.37 -0.735
-1.12 -0.61
-1.36 -0.63
-1.16 -0.425
-1.31 -0.515
-1.07 -0.285
-1.15 -0.365
-1.37 -0.67
-1.26 -0.54
-1.24 -0.585
-1.28 -0.675
-1.09 -0.42
-1.09 -0.425
-1.06 -0.51
-1.19 -0.625
-1.34 -0.76
-1.25 -0.62
-1.12 -0.395
-1.14 -0.44
-1.19 -0.39
-0.96 0.13
-1.02 0.035
-1.16 -0.115
-1.15 -0.17
-1.1 -0.13
-1.06 -0.015
-1.02 -0.03
-1.17 0.105
-1.06 0.175
-1.07 0.13
-1.11 0.07
-0.94 0.01
-1.14 -0.085
-1.17 -0.37
-1.14 -0.34
-1.04 -0.33
-1.06 -0.165
-0.96 -0.205
-1.01 -0.075
-1.06 -0.025
-1.12 0.055
-1.23 0.125
-1.16 0.12
-1.23 0.4
-0.99 0.11
-0.83 -0.065
-1.02 -0.095
-1.16 -0.05
-1.11 -0.06
-1.15 -0.215
-1.18 -0.15
-1.17 -0.075
-1.06 -0.205
-1.03 0.045
-1.13 -0.015
-1.11 0.17
-1.08 -0.03
-1.25 -0.21
-1.19 -0.135
-1.12 -0.115
-0.98 -0.18
-1.05 -0.09
-0.94 -0.085
-1.15 -0.01
-0.98 0.12
-0.98 0.055
-0.98 0.075
-0.94 -0.07
-1.21 0.02
-1.09 0.105
-1.13 0.145
-1.06 0.315
-1.02 0.3
-1.18 0.085
-1.24 -0.025
-1.05 -0.035
-1.07 0.04
-1.21 -0.165
-1.1 -0.295
-1.04 -0.335
-1.02 -0.305
-1.32 -0.49
-1.22 -0.355
-1.05 -0.215
-1.15 -0.19
-1.13 -0.305
-1.11 -0.475
-1.4 -0.65
-1.3 -0.625
-1.22 -0.42
-0.92 -0.08
-1.17 -0.21
-1.14 0.07
-1.16 0
-1.16 0
-1.19 -0.16
-1.08 -0.135
-1 -0.06
-1.3 -0.15
-1.19 0.07
-1 0.04
-1.1 -0.02
-1.21 -0.11
-1.07 -0.19
-1.24 -0.08
-1.13 -0.095
-1.12 -0.195
-0.96 0.01
-0.86 0.21
-1.09 0.365
-1.26 0.57
-1.17 0.61
-1.26 0.69
-1.29 0.52
-1 0.39
-1.15 0.365
-1.13 0.08
-1.08 0.08
-0.91 0.03
-0.86 -0.025
-1.18 -0.095
-1.09 -0.15
-1.16 -0.55
-1.24 -0.625
-1.19 -0.485
-1.13 -0.495
-1.38 -0.645
-1.1 -0.47
-1.13 -0.35
-1.15 -0.24
-1.14 -0.195
-1.1 -0.125
-1.05 -0.315
-1.04 0.035
-1.21 0.12
-0.98 0.02
-1.09 0.125
-1.03 0.16
-0.92 0.175
-1.16 0.335
-1 0.12
-1.07 0.26
-0.92 0.04
-0.97 -0.04
-0.96 0.02
-0.99 0.24
-1.07 0.155
-1.01 0.11
-1.01 0
-1.27 -0.065
-1.05 -0.03
-1.04 -0.06
-0.98 -0.335
-1.25 -0.215
-1.14 -0.16
-1 -0.075
-1.22 0.085
-1.16 0.355
-1.15 0.24
-1.12 0.105
-1.06 0.26
-1.02 0.22
-1.1 0.315
-1.27 0.295
-1.06 0.155
-1.09 0.235
-1.16 0.08
-1.07 0.205
-1.31 0.405
-1.06 0.21
-1.08 0.285
-0.94 -0.13
-1.06 0.15
-1.23 0.49
-1.15 0.515
-1.2 0.535
-1.1 0.33
-1.13 0.315
-1.25 0.59
-1.31 0.655
-1.25 0.54
-1.15 0.635
-1.3 0.635
-1.49 0.8
-1.27 0.715
-1.48 0.75
-1.43 0.81
-1.44 0.78
-1.43 0.745
-1.52 0.86
-1.3 0.675
-1.37 0.74
-1.16 0.62
-1.2 0.48
-0.98 0.25
-0.93 0.145
-0.88 0.055
-0.88 0.045
-1.12 0.115
-1.14 0.39
-1.04 0.375
-0.79 0.2
-1.24 0.485
-1.37 0.655
-1.43 0.75
-1.29 0.585
-1.23 0.455
-1.04 0.34
-1.09 0.525
-1.17 0.56
-1.15 0.515
-1.23 0.645
-1.21 0.535
-1.12 0.17
-1.02 0.055
-1.14 0.015
-0.94 -0.03
-1.06 0.085
-1.02 0.26
-1.15 0.255
-1.03 -0.06
-1.21 -0.29
-1.06 -0.125
-1.1 -0.025
-1.16 -0.05
-0.92 0.025
-1.34 -0.175
-1.09 -0.235
-1.24 -0.5
-1.2 -0.495
-1.28 -0.55
-1.27 -0.64
-1.2 -0.555
-1.21 -0.535
-1.37 -0.51
-1.03 -0.17
-1 0.135
-0.89 0.175
-1.18 0.37
-1.24 0.295
-1.32 0.52
-1.36 0.76
-1.45 0.76
-1.48 0.81
-1.15 0.56
-1.22 0.415
-1.47 0.65
-1.35 0.645
-1.02 0.465
-1.14 0.395
-1.14 0.34
-1 0.225
-1.01 0.3
-1.06 0.06
-1.19 0.355
-1.17 0.65
-1.47 0.78
-1.19 0.4
-1.05 0.21
-1.18 0.335
-1.18 0.29
-0.98 0.33
-1.18 0.355
-1.2 0.48
-1.27 0.495
-1.01 0.375
-1.28 0.55
-1.31 0.645
-1.17 0.54
-1.2 0.555
-1.16 0.415
-1.27 0.355
-1.28 0.58
-1.35 0.67
-1.2 0.61
-1.24 0.65
-1.29 0.525
-1.59 0.795
-1.49 0.755
-1.32 0.665
-1.1 0.565
-1.12 0.525
-1.02 0.465
-1.17 0.395
-1.14 0.555
-1.09 0.405
-1.18 0.565
-1.36 0.68
-1.22 0.605
-1.14 0.495
-1.08 0.355
-1.18 0.485
-1.12 0.26
-1.27 0.015
-1.24 0.05
-1.06 0.105
-1.02 0.105
-1.14 0.04
-1.06 0.375
-1.13 0.275
-1.14 0.3
-1.29 0.47
-1.18 0.33
-1.16 0.29
-1.25 0.34
-1.19 0.3
-1.19 0.47
-1.19 0.53
-1.29 0.495
-1.1 0.47
-1.08 0.415
-1.29 0.385
-1.17 0.44
-1.31 0.59
-1.2 0.335
-1.2 0.075
-0.96 0.015
-1.1 0.355
-1.13 0.475
-0.93 0.185
-0.96 0.215
-1.24 0.08
-1.2 -0.005
-1.06 0.125
-1.17 0.415
-1.26 0.345
-1.19 -0.15
-0.97 -0.125
-1.03 -0.12
-1.22 -0.525
-1.44 -0.78
-1.46 -0.75
-1.25 -0.7
-1.2 -0.605
-1.28 -0.71
-1.4 -0.755
-1.3 -0.73
-1.1 -0.535
-1.32 -0.58
-1.16 -0.4
-1.13 -0.315
-1.17 -0.3
-1.11 -0.32
-1.28 -0.255
-1.13 -0.52
-0.94 -0.465
-1.18 -0.405
-1.42 -0.735
-1.23 -0.65
-1.11 -0.605
-1.39 -0.705
-1.37 -0.625
-1 -0.25
-1.06 -0.235
-0.99 -0.11
-1.04 -0.02
-1.02 0.035
-1.1 0.155
-1.15 0.41
-1.26 0.51
-1.25 0.515
-1.25 0.49
-1.25 0.51
-1.21 0.51
-1.27 0.725
-1.2 0.61
-1.3 0.615
-1.18 0.615
-1.23 0.39
-1.36 0.655
-1.37 0.745
-1.28 0.61
-1.16 0.565
-1.18 0.45
-1.22 0.385
-1.3 0.535
-1.06 0.215
-1.04 0.07
-1.11 -0.07
-0.95 -0.05
-1.35 -0.37
-1.08 -0.37
-1.05 -0.215
-1.1 -0.315
-1.28 -0.635
-1 -0.33
-0.96 -0.25
-0.93 -0.085
-1.23 0
-1.23 0.085
-1.2 -0.275
-1.34 -0.62
-1.47 -0.695
-1.24 -0.61
-1.05 -0.51
-1 -0.25
-1.25 -0.265
-1.3 -0.505
-1.13 -0.5
-1.03 -0.42
-1.02 -0.065
-1.2 -0.27
-1.08 -0.255
-0.97 -0.35
-0.95 -0.41
-1.1 -0.15
-1.08 -0.215
-1.07 -0.495
-1.13 -0.585
-1.33 -0.635
-1 -0.42
-1.42 -0.64
-1.28 -0.47
-1.44 -0.785
-1.57 -0.825
-1.14 -0.52
-1.07 -0.38
-1.15 -0.135
-1 -0.055
-1.06 0.125
-1.15 0.355
-1.11 0.295
-0.92 0.295
-1.31 0.32
-1.21 0.35
-0.97 0.305
-1.26 0.375
-1.17 0.44
-1.12 0.53
-1.02 0.16
-1.06 0.325
-1.05 0.21
-1.14 0.13
-1.22 0.16
-1.05 -0.12
-1.13 0.005
-1.1 0.04
-1.1 -0.095
-0.82 -0.27
-1.03 -0.16
-1.06 -0.165
-1.16 0.085
-1.15 0.065
-1.07 0.23
-1.04 0.19
-1.2 0.325
-1.16 0.48
-1.19 0.315
-1.17 0.21
-1.08 0.16
-1.17 -0.305
-1.22 -0.535
-1.12 -0.445
-1.08 -0.33
-1.16 -0.295
-1.07 -0.38
-0.96 -0.22
-1.12 -0.145
-1.24 -0.38
-1.13 -0.355
-1.24 -0.43
-1.11 -0.21
-1.2 -0.21
-1.25 -0.07
-1.22 -0.18
-1.05 -0.42
-1.27 -0.525
-1.05 -0.53
-1.08 -0.39
-0.97 -0.195
-1.15 -0.45
-0.99 -0.38
-1.03 -0.39
-1.3 -0.625
-0.87 -0.18
-1.05 -0.055
-1.16 -0.335
-1.03 -0.175
-0.96 -0.095
-1.14 -0.105
-1.08 -0.22
-1.21 -0.435
-1.14 -0.335
-1.12 -0.35
-1.13 -0.345
-1.21 -0.45
-1.13 -0.165
-1.05 -0.18
-1.1 0.195
-1.16 0.33
-1.05 0.305
-0.98 0.26
-0.94 0.105
-0.99 0.19
-1.05 0.22
-0.97 0.265
-1.24 0.195
-1.06 0.265
-1.02 0.345
-1.11 0.415
-1.21 0.585
-1.14 0.52
-1.09 0.445
-1.24 0.525
-1.16 0.415
-1.32 0.76
-1.39 0.785
-1.19 0.605
-1.21 0.26
-1.03 0.13
-1 0.05
-1.06 0.36
-1.15 0.595
-1.3 0.625
-0.99 0.47
-0.92 0.315
-1.07 0.32
-1 0.14
-0.97 0.15
-0.98 0.015
-0.99 -0.17
-1.08 -0.26
-1.16 -0.48
-1.16 -0.425
-0.99 -0.235
-1.13 -0.34
-1.17 -0.345
-1.19 -0.175
-1.22 -0.485
-1.21 -0.47
-1.13 -0.35
-1.18 -0.325
-1.17 -0.555
-1.07 -0.49
-1.07 -0.38
-0.81 -0.17
-0.93 -0.105
-1.01 0.035
-1.01 0.185
-1.04 -0.035
-1.43 -0.365
-0.96 0.05
-1.03 0.21
-1.14 0.06
-1.16 0.215
-1.15 0.015
-1.17 0.195
-0.9 0.335
-1.08 0.295
-1.05 0.29
-1.31 0.53
-1.03 0.49
-1.26 0.61
-1.43 0.63
-1.34 0.675
-1.32 0.635
-1.35 0.6
-1.36 0.64
-1.23 0.535
-1.16 0.61
-1.37 0.775
-1.21 0.595
-1.37 0.65
-1.42 0.735
-1.32 0.635
-1.14 0.47
-1.2 0.515
-1.19 0.53
-1.17 0.285
-1.01 0.455
-1.09 0.45
-1.3 0.71
-1.12 0.375
-1.13 0.39
-1.28 0.565
-1.07 0.495
-1.01 0.43
-1.38 0.51
-1.19 0.535
-1.07 0.56
-1.16 0.33
-1.23 0.37
-0.86 0.415
-1.34 0.67
-1.16 0.52
-1.19 0.54
-1 0.245
-0.98 0.225
-0.96 0.39
-1.3 0.57
-1.03 0.415
-1.11 0.335
-1.35 0.66
-1.22 0.565
-1.52 0.81
-1.08 0.485
-1.07 0.455
-1.21 0.575
-1.17 0.52
-1.08 0.415
-1.06 0.19
-1.33 0.545
-1.19 0.37
-1.13 0.485
-1 0.38
-1.08 0.525
-1.06 0.42
-1.15 0.295
-1.23 0.31
-1.03 0.345
-1.13 0.38
-1.28 0.64
-1.29 0.695
-1.28 0.52
-1.29 0.695
-1.18 0.5
-1.36 0.68
-1.31 0.775
-1.21 0.665
-1.12 0.515
-1.18 0.515
-1.09 0.5
-1.15 0.62
-1.28 0.66
-1.3 0.59
-1.3 0.62
-1.23 0.57
-1.3 0.62
-1.42 0.665
-1.23 0.67
-1.15 0.605
-1.19 0.555
-1.33 0.69
-1.24 0.675
-1.2 0.535
-1.14 0.565
-1.44 0.665
-1.35 0.645
-1.39 0.685
-1.26 0.67
-1.15 0.485
-1.42 0.755
-1.01 0.345
-1.13 0.31
-1.02 0.35
-1.15 0.31
-1.2 0.03
-1.08 0.075
-1.02 -0.26
-1.14 -0.22
-1.04 0.01
-1.15 0.14
-1.11 0.055
-1.13 0.345
-1.13 0.44
-1.11 0.225
-1.17 0.35
-1.24 0.36
-1.43 0.785
-1.43 0.78
-1.2 0.625
-1.42 0.67
-1.16 0.52
-1.41 0.625
-1.13 0.455
-1.24 0.535
-1.09 0.465
-1.06 0.35
-1.15 0.24
-1.18 0.43
-0.98 0.155
-0.98 -0.28
-0.99 -0.235
-1.37 -0.605
-1.38 -0.76
-1.54 -0.775
-1.09 -0.52
-1.2 -0.565
-1.42 -0.765
-1.41 -0.695
-1.44 -0.78
-1.22 -0.61
-1.17 -0.3
-1.13 -0.175
-1.13 -0.19
-1.13 -0.105
-1.12 -0.095
-0.92 -0.1
-1.15 -0.315
-1.16 0.12
-1.26 0.23
-1.08 0.225
-0.92 0.32
-1.02 0.37
-1.27 0.44
-1.26 0.335
-1.15 0.49
-0.98 0.34
-1.16 0.455
-1.21 0.49
-1.18 0.565
-1.1 0.33
-1.21 0.455
-1.08 0.55
-1.03 0.57
-1.31 0.355
-1.21 0.33
-0.92 0.28
-1.12 0.47
-1.23 0.52
-1.07 0.47
-1 0.445
-1.23 0.41
-1.06 0.205
-1.1 0.135
-1.15 0.17
-1.01 0.23
-1.16 0.18
-1.1 0.195
-1.08 -0.1
-1.18 -0.155
-1.07 -0.2
-1.01 0.07
-0.92 0.23
-1.14 0.405
-1.18 0.555
-1.19 0.25
-1.09 0.315
-1.2 0.465
-1.16 0.25
-1.29 0.455
-1.17 0.575
-1.18 0.525
-1.16 0.63
-1.19 0.66
-1.23 0.56
-1.22 0.45
-1.12 0.345
-1.07 0.405
-1.16 0.53
-1.1 0.325
-1.07 0.235
-0.94 0.215
-1.03 -0.015
-1.24 -0.22
-1.22 -0.465
-1.26 -0.535
-1.23 -0.46
-1.2 -0.61
-1.32 -0.62
-1.18 -0.51
-1.37 -0.69
-1.23 -0.595
-1.32 -0.615
-1.21 -0.685
-1.13 -0.53
-1.1 -0.495
-1.29 -0.57
-1.33 -0.69
-1.34 -0.72
-1.46 -0.755
-1.24 -0.655
-1.28 -0.67
-1.2 -0.46
-1 -0.33
-1.1 -0.33
-1.14 -0.495
-1.2 -0.54
-1.21 -0.53
-1.06 -0.46
-1.26 -0.655
-1.27 -0.63
-1.25 -0.56
-1.39 -0.725
-1.34 -0.695
-1.32 -0.685
-1.08 -0.485
-1.03 -0.385
-1.11 -0.365
-1.06 -0.19
-1.07 0.005
-1.02 -0.015
-1.02 0.02
-1.01 0.005
-1.07 0.14
-1.06 0.025
-0.87 -0.235
-1.01 -0.19
-1.03 -0.235
-1.2 -0.405
-0.95 -0.345
-1.09 -0.41
-1.18 -0.56
-1.24 -0.455
-1.17 -0.42
-1.1 -0.435
-1.44 -0.65
-1.33 -0.6
-1.25 -0.615
-1.3 -0.625
-1.17 -0.615
-1.09 -0.435
-1.22 -0.495
-1.37 -0.63
-1.45 -0.715
-1.24 -0.69
-1.22 -0.625
-1.21 -0.555
-1.32 -0.735
-1.17 -0.53
-0.99 -0.53
-1.22 -0.49
-1.06 -0.125
-1.05 -0.135
-1.1 -0.285
-1.12 -0.54
-1.12 -0.34
-1.05 -0.135
-1 -0.05
-1.27 -0.29
-1.03 -0.265
-1.01 -0.295
-0.91 -0.075
-1.14 0.18
-0.95 0.005
-1.27 -0.145
-1.01 0
-1.19 -0.455
-1.21 -0.495
-1.05 -0.085
-1.11 -0.205
-0.99 -0.14
-1.03 -0.205
-1.02 -0.105
-1.33 0.025
-1.23 0.065
-1.03 0.1
-1.2 0.235
-0.92 0.26
-1.19 0.39
-1.15 0.42
-1.18 0.535
-1.17 0.515
-1.12 0.425
-0.91 0.44
-1.3 0.535
-1.13 0.26
-1.02 0.325
-1.09 0.405
-1.19 0.395
-1.13 0.495
-1.18 0.325
-1.3 0.48
-1.13 0.37
-1.03 0.265
-1.06 0.29
-1.2 0.505
-1.18 0.395
-1.08 0.44
-1.25 0.65
-1.43 0.69
-1.44 0.76
-1.25 0.675
-1.29 0.655
-1.24 0.665
-1.29 0.675
-1.25 0.535
-1.18 0.44
-1.17 0.345
-1.04 0.35
-1.23 0.58
-1.14 0.545
-1.24 0.42
-1.31 0.495
-1.11 0.45
-1.12 0.085
-1.13 0.085
-1.05 0.255
-1.14 0.035
-0.95 -0.015
-1.01 -0.065
-1.01 -0.285
-1.22 -0.18
-1.15 -0.17
-1.35 -0.365
-1.2 -0.46
-1.03 -0.35
-1.12 -0.54
-1.09 -0.475
-1.08 -0.5
-1.29 -0.355
-1.12 -0.47
-1.37 -0.59
-1.21 -0.45
-1.05 -0.04
-1.17 -0.49
