-1.39 0.685
-1.42 0.765
-1.32 0.7
-1.51 0.82
-1.44 0.76
-1.18 0.43
-1.21 0.385
-1.41 0.57
-1.42 0.52
-1.34 0.755
-1.46 0.765
-1.45 0.745
-1.11 0.505
-1.4 0.525
-1.51 0.655
-1.17 0.52
-1.19 0.51
-1.47 0.755
-1.22 0.59
-1.31 0.605
-1.26 0.465
-1.33 0.55
-1.18 0.565
-1.27 0.6
-1.45 0.73
-1.33 0.595
-1.17 0.475
-1.44 0.71
-1.44 0.635
-1.26 0.465
-1.23 0.63
-1.23 0.685
-1.42 0.575
-1.17 0.325
-1.11 0.18
-1.28 0.305
-1.02 0.275
-1.07 0.06
-1.31 -0.11
-1.26 -0.075
-1 0.09
-0.96 -0.11
-1.18 0.055
-1.04 -0.005
-1.1 -0.135
-1.15 -0.15
-1.42 -0.535
-1.48 -0.61
-1.41 -0.545
-1.42 -0.765
-1.38 -0.745
-1.32 -0.73
-1.37 -0.665
-1.26 -0.62
-1.27 -0.59
-1.08 -0.38
-1.25 -0.55
-1.3 -0.59
-1.27 -0.69
-0.97 -0.515
-1.28 -0.495
-1.27 -0.275
-1.33 -0.565
-1.16 -0.545
-1.47 -0.775
-1.22 -0.63
-1.21 -0.57
-1.28 -0.59
-1.2 -0.53
-1.13 -0.43
-1.2 -0.35
-1.19 -0.43
-1.24 -0.445
-1.28 -0.4
-1.2 -0.21
-1.06 -0.025
-1.11 -0.17
-1.08 -0.13
-1.04 -0.055
-0.93 -0.015
-1.04 -0.22
-1.22 -0.2
-1.14 -0.16
-1.26 -0.24
-1.17 -0.43
-1.1 -0.36
-1.2 -0.455
-1.07 -0.355
-1.11 -0.05
-1.01 -0.095
-1.1 -0.165
-1.08 0
-1.12 -0.03
-1.2 -0.02
-1.16 -0.215
-1.2 -0.43
-0.99 -0.48
-1.24 -0.605
-1.13 -0.56
-1.23 -0.53
-1.14 -0.465
-1.26 -0.505
-1.19 -0.57
-1.29 -0.585
-1.46 -0.81
-1.4 -0.805
-1.37 -0.685
-1.33 -0.69
-1.37 -0.65
-1.24 -0.64
-1.51 -0.825
-1.38 -0.695
-1.5 -0.715
-1.28 -0.695
-1.39 -0.71
-1.34 -0.655
-1.29 -0.545
-1.32 -0.405
-1.24 -0.33
-1.28 -0.355
-1.07 -0.09
-1.09 -0.16
-0.93 -0.05
-1.26 -0.1
-1.18 -0.32
-1.11 0.02
-1.09 -0.105
-1.03 0.055
-1.09 -0.115
-1.23 -0.145
-1.15 -0.25
-1.22 0.04
-1.07 -0.23
-1.13 -0.045
-1.1 0.115
-1.15 0.05
-1.16 -0.015
-1.27 -0.26
-1.36 -0.56
-1.19 -0.4
-0.92 -0.395
-1.36 -0.585
-1.25 -0.595
-1.57 -0.85
-1.38 -0.695
-1.35 -0.575
-1.34 -0.715
-1.65 -0.88
-1.51 -0.825
-1.26 -0.56
-1.33 -0.63
-1.29 -0.595
-1.36 -0.605
-1.29 -0.585
-1.21 -0.705
-1.42 -0.775
-1.59 -0.855
-1.36 -0.755
-1.45 -0.785
-1.18 -0.62
-1.35 -0.65
-1.49 -0.81
-1.18 -0.615
-1.4 -0.715
-1.19 -0.715
-1.32 -0.65
-1.23 -0.64
-0.86 -0.19
-1.17 -0.315
-1.18 -0.44
-1.17 -0.425
-1.3 -0.53
-1.34 -0.7
-1.17 -0.195
-0.98 -0.015
-1.06 -0.245
-1.11 -0.28
-1.21 -0.365
-1.03 -0.23
-1.17 -0.195
-1.12 -0.185
-1.01 0.215
-1.12 0.475
-1.23 0.335
-0.95 0.09
-1.04 -0.02
-1.18 0.07
-1.17 -0.15
-1.2 -0.18
-1.08 -0.355
-1.2 -0.29
-1.23 -0.41
-1.07 -0.235
-1.13 -0.095
-1.2 -0.275
-0.96 -0.275
-1.34 -0.455
-1.14 -0.52
-1.38 -0.74
-1.06 -0.4
-1.1 -0.4
-1.36 -0.52
-1.08 -0.5
-1.04 -0.42
-1.24 -0.6
-1.33 -0.655
-1.29 -0.515
-1.28 -0.43
-1.08 -0.26
-1.17 -0.245
-1.11 -0.255
-1.03 -0.235
-1.17 -0.435
-1.43 -0.725
-1.21 -0.635
-1.51 -0.765
-1.41 -0.795
-1.47 -0.795
-1.2 -0.615
-1.34 -0.68
-1.19 -0.665
-1.13 -0.265
-1.05 -0.05
-1.26 0.17
-1.07 0.12
-1.04 -0.055
-1.11 0.065
-1.13 -0.155
-1.09 -0.125
-1.1 -0.31
-1.17 -0.485
-1.11 -0.41
-1.37 -0.625
-1.47 -0.715
-1.58 -0.83
-1.46 -0.8
-1.44 -0.795
-1.52 -0.795
-1.41 -0.76
-1.43 -0.765
-1.19 -0.535
-1.17 -0.44
-1.13 -0.355
-1.09 -0.4
-1.33 -0.695
-1.25 -0.665
-1.54 -0.81
-1.35 -0.73
-1.46 -0.785
-1.45 -0.8
-1.66 -0.86
-1.38 -0.685
-1.12 -0.545
-1.22 -0.525
-1.39 -0.705
-1.26 -0.665
-1.36 -0.66
-1.39 -0.745
-1.49 -0.815
-1.46 -0.725
-1.37 -0.735
-1.15 -0.58
-1.33 -0.71
-1.52 -0.845
-1.44 -0.78
-1.52 -0.76
-1.44 -0.78
-1.54 -0.84
-1.28 -0.69
-1.4 -0.75
-1.3 -0.695
-1.37 -0.755
-1.43 -0.76
-1.25 -0.58
-1.15 -0.345
-1.13 -0.365
-1.24 -0.55
-1.09 -0.46
-1.29 -0.59
-1.03 -0.35
-1.37 -0.255
-1.18 -0.03
-1.18 -0.245
-1.09 -0.125
-1.25 -0.2
-1 -0.255
-1.18 -0.38
-1.21 -0.265
-1.2 -0.23
-1.16 -0.105
-1.08 0.165
-1.13 0.04
-1.12 -0.26
-1.22 -0.035
-1.07 0.04
-1.16 0.225
-1.22 0.305
-1.38 0.505
-1.22 0.65
-1.6 0.805
-1.54 0.84
-1.17 0.545
-1.18 0.44
-1.06 0.28
-1.26 0.175
-1.06 0.28
-1.3 0.63
-1.23 0.46
-1.26 0.605
-1.42 0.655
-1.22 0.55
-1.14 0.445
-1.12 0.275
-1.01 0.28
-1.1 0.305
-1.13 0.29
-1.05 0.525
-1.25 0.345
-1.26 0.465
-1.11 0.185
-1.21 0.36
-1.13 0.33
-1.25 0.505
-1.5 0.78
-1.46 0.815
-1.39 0.715
-1.23 0.555
-1.17 0.475
-1.31 0.635
-1.41 0.76
-1.51 0.77
-1.44 0.77
-1.35 0.715
-1.35 0.72
-1.13 0.61
-1.31 0.425
-1.22 0.535
-1.25 0.43
-1.24 0.445
-1.3 0.575
-1.39 0.75
-1.49 0.83
-1.6 0.83
-1.6 0.86
-1.4 0.79
-1.5 0.82
-1.29 0.6
-1.27 0.54
-1.27 0.75
-1.36 0.6
-1.22 0.64
-1.38 0.71
-1.34 0.605
-1.28 0.515
-1.29 0.555
-1.46 0.775
-1.29 0.605
-1.38 0.68
-1.18 0.61
-1.27 0.725
-1.29 0.705
-1.51 0.825
-1.53 0.82
-1.44 0.765
-1.44 0.69
-1.24 0.44
-1.03 0.31
-1.22 0.28
-1.23 -0.05
-1.19 -0.075
-1.06 0.06
-1.26 0.025
-1.08 -0.225
-1.14 -0.08
-1.07 -0.16
-1.03 -0.21
-1.09 -0.275
-1.1 -0.29
-1.16 -0.35
-0.94 -0.33
-0.99 -0.25
-1.13 -0.555
-1.23 -0.32
-1.06 -0.27
-1.25 -0.505
-1.2 -0.465
-1.49 -0.665
-1.09 -0.6
-1.49 -0.715
-1.31 -0.595
-1.2 -0.585
-1.34 -0.545
-1.06 -0.25
-1.1 -0.335
-1.11 -0.25
-1.07 -0.34
-1.26 -0.22
-1.32 -0.235
-1.2 -0.105
-1.11 -0.105
-1.1 -0.105
-1.11 -0.14
-1.21 -0.085
-1.32 -0.635
-1.4 -0.785
-1.32 -0.76
-1.59 -0.875
-1.5 -0.81
-1.4 -0.78
-1.17 -0.49
-1.27 -0.585
-1.3 -0.56
-1.17 -0.525
-1.32 -0.54
-1.12 -0.2
-1.02 0.115
-1.04 0.085
-1.15 0.005
-1.18 -0.12
-1.13 -0.19
-1.28 -0.38
-1.27 -0.485
-1.44 -0.77
-1.3 -0.755
-1.37 -0.7
-1.29 -0.385
-1.33 -0.535
-1.4 -0.795
-1.51 -0.82
-1.35 -0.77
-1.4 -0.775
-1.44 -0.755
-1.4 -0.77
-1.51 -0.74
-1.27 -0.62
-1.3 -0.545
-1.16 -0.095
-1.23 -0.2
-1.1 -0.37
-1 -0.445
-1.27 -0.67
-1.38 -0.675
-1.57 -0.825
-1.61 -0.84
-1.43 -0.78
-1.36 -0.685
-1.58 -0.845
-1.51 -0.795
-1.4 -0.705
-1.43 -0.765
-1.38 -0.635
-1.34 -0.69
-1.32 -0.555
-1.17 -0.5
-1.34 -0.5
-1.16 -0.185
-1.04 -0.115
-0.96 -0.14
-1.13 0.035
-1.14 -0.335
-1.09 -0.09
-1.28 -0.345
-1.38 -0.555
-1.4 -0.73
-1.39 -0.61
-1.27 -0.64
-1.33 -0.655
-1.33 -0.51
-1.09 -0.485
-1.51 -0.755
-1.41 -0.72
-1.27 -0.58
-1.31 -0.67
-1.43 -0.59
-1.28 -0.475
-1.37 -0.61
-1.31 -0.615
-1.2 -0.525
-1.27 -0.69
-1.29 -0.7
-1.32 -0.505
-1.3 -0.72
-1.26 -0.67
-1.29 -0.69
-1.3 -0.67
-1.35 -0.755
-1.31 -0.665
-1.43 -0.74
-1.22 -0.575
-1.08 -0.44
-1.32 -0.565
-1.15 -0.345
-1.21 -0.3
-1.13 -0.37
-1.29 -0.45
-1.23 -0.34
-1.26 -0.35
-1.15 -0.47
-1.27 -0.655
-1.29 -0.635
-1.53 -0.755
-1.12 -0.62
-1.68 -0.895
-1.45 -0.72
-1.32 -0.58
-1.15 -0.305
-1.29 -0.35
-1.19 -0.195
-1.02 -0.075
-1.07 -0.125
-1.29 -0.15
-1.24 -0.045
-1.35 -0.33
-1.25 -0.25
-1.17 -0.09
-1 0.08
-1.09 -0.1
-1.01 -0.125
-1.1 -0.075
-1.21 -0.36
-1.27 -0.45
-1.24 -0.49
-1.36 -0.72
-1.63 -0.845
-1.43 -0.805
-1.42 -0.725
-1.38 -0.7
-1.23 -0.47
-1.23 -0.465
-1.18 -0.445
-1.23 -0.45
-1.33 -0.505
-1.25 -0.275
-1.32 -0.415
-1.2 -0.355
-1.19 -0.39
-1.26 -0.37
-1.17 -0.52
-1.1 -0.435
-1.27 -0.23
-1.05 -0.305
-1.34 -0.575
-1.31 -0.7
-1.48 -0.765
-1.31 -0.7
-1.27 -0.715
-1.29 -0.715
-1.23 -0.585
-1.35 -0.7
-1.4 -0.79
-1.35 -0.66
-1.16 -0.5
-1.4 -0.76
-1.29 -0.71
-1.32 -0.695
-1.3 -0.585
-1.2 -0.395
-1.3 -0.335
-1.12 -0.365
-0.98 -0.185
-1.19 -0.22
-1.2 -0.455
-1.16 -0.35
-1.31 -0.265
-1.2 -0.205
-1.23 -0.17
-1.16 0.05
-1.22 0.39
-1.25 0.455
-1.37 0.58
-1.17 0.385
-1.32 0.48
-1.26 0.615
-1.19 0.44
-1.09 0.5
-1.44 0.73
-1.29 0.525
-1.13 0.495
-1.29 0.56
-1.24 0.52
-1.4 0.62
-1.34 0.685
-1.05 0.5
-1.21 0.39
-1.23 0.285
-1.19 0.295
-1.26 0.575
-0.96 0.115
-1.01 0.115
-1.14 -0.265
-1.07 -0.24
-1.44 -0.555
-1.32 -0.47
-1.27 -0.5
-1.26 -0.605
-1.49 -0.8
-1.53 -0.825
-1.32 -0.61
-1.62 -0.86
-1.48 -0.8
-1.48 -0.81
-1.44 -0.76
-1.54 -0.865
-1.53 -0.82
-1.3 -0.605
-1.26 -0.56
-1.07 -0.48
-1.25 -0.485
-1.19 -0.465
-1.44 -0.705
-1.35 -0.57
-1.43 -0.655
-1.24 -0.6
-1.13 -0.515
-1.18 -0.33
-1.21 -0.2
-1.09 -0.14
-1.01 -0.165
-1.18 -0.32
-1.28 -0.635
-1.49 -0.795
-1.24 -0.67
-1.2 -0.635
-1.49 -0.82
-1.41 -0.7
-1.3 -0.665
-1.35 -0.775
-1.26 -0.56
-1.25 -0.56
-1.45 -0.74
-1.58 -0.84
-1.31 -0.665
-1.21 -0.35
-1.36 -0.595
-1.2 -0.565
-1.39 -0.7
-1.57 -0.82
-1.26 -0.61
-1.34 -0.78
-1.43 -0.645
-1.35 -0.69
-1.17 -0.48
-1.21 -0.55
-1.44 -0.71
-1.39 -0.72
-1.37 -0.67
-1.36 -0.7
-1.67 -0.855
-1.51 -0.825
-1.18 -0.46
-1.37 -0.695
-1.54 -0.815
-1.29 -0.65
-1.3 -0.76
-1.55 -0.83
-1.46 -0.83
-1.26 -0.63
-1.33 -0.735
-1.18 -0.445
-1.13 -0.58
-1.25 -0.58
-1.48 -0.775
-1.47 -0.695
-1.25 -0.685
-1.35 -0.77
-1.36 -0.695
-1.32 -0.645
-1.44 -0.76
-1.26 -0.53
-1.39 -0.775
-1.29 -0.635
-1.29 -0.59
-1.15 -0.595
-1.24 -0.48
-1.4 -0.685
-1.26 -0.675
-1.29 -0.685
-1.31 -0.595
-1.29 -0.635
-1.24 -0.665
-1.59 -0.82
-1.4 -0.65
-1.4 -0.515
-1.22 -0.51
-1.34 -0.535
-1.33 -0.51
-1.21 -0.615
-1.42 -0.665
-1.26 -0.65
-1.37 -0.65
-1.33 -0.62
-1.2 -0.605
-1.41 -0.735
-1.14 -0.53
-1.34 -0.5
-1.34 -0.485
-1.3 -0.5
-1.42 -0.78
-1.51 -0.805
-1.42 -0.79
-1.48 -0.8
-1.22 -0.59
-1.34 -0.685
-1.37 -0.71
-1.18 -0.435
-1.26 -0.51
-1.06 -0.52
-1.11 -0.315
-1.13 -0.17
-1.27 -0.295
-1.15 -0.315
-1.2 -0.315
-1.13 -0.32
-1.27 -0.225
-1.28 -0.23
-1.24 -0.415
-1.13 -0.395
-1.22 -0.51
-1.31 -0.495
-1.23 -0.38
-1.16 -0.195
-1.18 0.13
-0.97 0.075
-1.06 -0.16
-1.12 -0.04
-1.16 -0.35
-1.1 -0.335
-1.3 -0.51
-1.21 -0.5
-1.04 -0.32
-1.21 -0.37
-1.2 -0.28
-1.15 -0.365
-1.21 -0.275
-0.96 -0.13
-1.21 -0.39
-1.08 -0.31
-1.14 -0.41
-1.22 -0.305
-1.32 -0.36
-1.26 -0.285
-1.08 -0.07
-1.29 -0.345
-1.15 -0.275
-0.96 -0.26
-1.05 -0.295
-1.27 -0.585
-1.43 -0.7
-1.38 -0.69
-1.38 -0.68
-1.42 -0.725
-1.61 -0.855
-1.33 -0.745
-1.45 -0.8
-1.52 -0.83
-1.35 -0.6
-1.28 -0.455
-1.05 -0.22
-1.26 -0.405
-1.32 -0.45
-1.06 -0.185
-1.24 -0.325
-1.44 -0.45
-0.99 -0.135
-1 -0.095
-1.03 -0.025
-1.19 0.13
-1.08 0.07
-1.13 0.125
-1.13 0.34
-1.25 0.515
-1.03 0.385
-1.1 0.475
-1.3 0.575
-1.29 0.52
-1.33 0.535
-1.49 0.74
-1.39 0.71
-1.37 0.77
-1.24 0.6
-1.23 0.67
-1.44 0.775
-1.37 0.78
-1.64 0.86
-1.51 0.83
-1.43 0.75
-1.58 0.82
-1.26 0.62
-1.21 0.515
-1.31 0.465
-1.22 0.61
-1.27 0.56
-1.21 0.45
-1.29 0.535
-1.35 0.62
-1.36 0.61
-1.22 0.52
-1.2 0.475
-1.26 0.505
-1.29 0.475
-1.27 0.52
-1.05 0.3
-1.3 0.6
-1.3 0.625
-1.34 0.45
-1.17 0.365
-1.38 0.705
-1.45 0.74
-1.42 0.64
-1.34 0.65
-1.26 0.56
-1.2 0.39
-1.27 0.6
-1.14 0.63
-1.44 0.76
-1.42 0.75
-1.57 0.805
-1.43 0.75
-1.23 0.435
-1.29 0.53
-1.23 0.445
-1.36 0.535
-1.35 0.55
-1.55 0.7
-1.37 0.615
-1.42 0.6
-1.32 0.68
-1.38 0.72
-1.45 0.835
-1.38 0.745
-1.19 0.5
-1.39 0.655
-1.16 0.585
-1.32 0.65
-1.31 0.63
-1.51 0.755
-1.27 0.55
-1.37 0.695
-1.34 0.68
-1.08 0.365
-1.27 0.44
-1.35 0.49
-1.45 0.695
-1.31 0.64
-1.23 0.53
-1.26 0.435
-1.18 0.51
-1.21 0.445
-1.05 0.39
-1.28 0.56
-1.32 0.71
-1.51 0.735
-1.21 0.685
-1.16 0.485
-1.42 0.665
-1.35 0.715
-1.25 0.735
-1.31 0.685
-1.28 0.59
-1.04 0.46
-1.25 0.515
-1.29 0.58
-1.22 0.345
-1.14 0.31
-1.12 0.57
-1.43 0.74
-1.56 0.75
-1.37 0.75
-1.56 0.765
-1.23 0.425
-1.46 0.645
-1.2 0.6
-1.42 0.75
-1.02 0.55
-1.2 0.55
-1.38 0.595
-1.26 0.5
-1.38 0.67
-1.67 0.88
-1.3 0.68
-1.33 0.575
-1.51 0.725
-1.29 0.545
-1.27 0.425
-1.16 0.33
-0.96 0.185
-1.26 0.625
-1.42 0.7
-1.46 0.755
-1.52 0.795
-1.59 0.77
-1.5 0.75
-1.21 0.69
-1.23 0.645
-1.27 0.695
-1.36 0.76
-1.36 0.7
-1.47 0.79
-1.33 0.715
-1.59 0.82
-1.07 0.425
-1.08 0.34
-1.27 0.455
-1.18 0.42
-1.48 0.8
-1.32 0.635
-1.49 0.7
-1.48 0.68
-1.4 0.625
-1.23 0.545
-1.1 0.515
-1.46 0.7
-1.55 0.77
-1.65 0.89
-1.24 0.54
-1.26 0.525
-1.1 0.365
-1.07 0.32
-0.97 0.275
-1.09 0.125
-0.93 -0.01
-1.06 -0.07
-1.2 -0.23
-1.38 -0.355
-1.19 -0.5
-1.42 -0.51
-1.22 -0.46
-1.06 -0.35
-1.21 -0.58
-1.5 -0.69
-1.15 -0.52
-1.4 -0.465
-1.14 -0.345
-1.2 -0.07
-1.18 -0.015
-1.15 -0.09
-1.08 -0.09
-1.02 -0.13
-1.11 0.145
-1.03 0.155
-0.94 -0.145
-1.19 0.045
-1.14 0.095
-1.22 0.075
-1.13 -0.075
-1.05 0.115
-1.14 0.11
-1.03 0.145
-1.13 -0.02
-1.2 -0.14
-1.31 -0.265
-1.05 0.03
-1.11 -0.085
-1.23 0.105
-1.22 0.07
-1.16 0.02
-1.12 0.105
-1.22 -0.135
-0.98 -0.01
-1.3 -0.215
-1.13 -0.255
-1.22 -0.26
-1.02 -0.155
-1.15 -0.105
-1.28 -0.205
-1 -0.08
-1.13 -0.235
-1.18 -0.08
-1.18 -0.185
-1.04 0.12
-1.19 0.115
-1.09 -0.03
-1.01 -0.23
-1.22 -0.31
-1.13 -0.295
-1.11 0.11
-1.1 0.215
-1.01 0.26
-0.92 0.285
-1.16 0.48
-1.13 0.41
-1.05 0.145
-1.21 -0.075
-0.95 -0.21
-1.21 -0.14
-1.18 0.03
-1.18 -0.11
-1.25 -0.075
-1.46 -0.18
-1.22 -0.105
-1.22 0.16
-1.08 0.16
-1.3 0.325
-1.19 0.3
-1.23 0.355
-1.4 0.31
-1.21 0.315
-1.14 0.36
-1.27 0.605
-1.24 0.6
-1.34 0.62
-1.38 0.685
-1.35 0.75
-1.24 0.64
-1.46 0.605
-1.2 0.39
-1.36 0.505
-1.33 0.425
-1.25 0.45
-1.37 0.405
-1.15 0.345
-1.1 0.28
-1.2 0.19
-1.2 0.175
-1.18 0.19
-1.17 0.14
-1.07 0.315
-0.92 0.385
-1.06 0.295
-1.2 0.455
-1.32 0.49
-1.19 0.46
-1.05 0.26
-1.05 -0.03
-1.1 -0.38
-1.35 -0.625
-1.1 -0.535
-1.24 -0.62
-1.18 -0.575
-1.31 -0.715
-1.59 -0.825
-1.41 -0.8
-1.34 -0.66
-1.46 -0.75
-1.41 -0.745
-1.51 -0.76
-1.26 -0.535
-1.38 -0.54
-1.36 -0.55
-1.33 -0.655
-1.33 -0.74
-1.53 -0.815
-1.41 -0.76
-1.22 -0.735
-1.36 -0.525
-1.39 -0.525
-1.13 -0.555
-1.37 -0.68
-1.22 -0.625
-1.3 -0.57
-1.27 -0.61
-1.31 -0.605
-1.28 -0.51
-1.23 -0.61
-1.32 -0.655
-1.19 -0.53
-1.16 -0.43
-1.28 -0.635
-1.36 -0.66
-1.29 -0.635
-1.15 -0.605
-1.41 -0.775
-1.32 -0.63
-1.63 -0.825
-1.32 -0.555
-1.47 -0.77
-1.36 -0.705
-1.45 -0.73
-1.26 -0.545
-1.29 -0.405
-1.23 -0.065
-1.15 -0.135
-0.98 -0.185
-1.21 -0.325
-0.98 -0.335
-1.4 -0.51
-1.26 -0.5
-1.21 -0.495
-1.34 -0.57
-1.3 -0.495
-1.18 -0.42
-1.06 -0.355
-0.98 -0.02
-1.21 0.17
-1.08 0.285
-1.12 0.485
-1.3 0.59
-1.68 0.89
-1.57 0.865
-1.37 0.67
-1.33 0.645
-1.38 0.75
-1.47 0.815
-1.35 0.715
-1.27 0.44
-1.41 0.54
-1.35 0.71
-1.42 0.775
-1.49 0.79
-1.44 0.715
-1.24 0.625
-1.61 0.815
-1.3 0.72
-1.56 0.835
-1.43 0.745
-1.3 0.66
-1.4 0.65
-1.22 0.585
-1.23 0.715
-1.24 0.725
-1.37 0.72
-1.54 0.8
-1.29 0.66
-1.54 0.83
-1.5 0.77
-1.28 0.605
-1.41 0.705
-1.22 0.67
-1.37 0.675
-1.28 0.64
-1.4 0.585
-0.94 0.38
-1.13 0.53
-1.24 0.475
-1.25 0.155
-1.09 0.205
-1.26 0.195
-1.25 -0.04
-1.19 0.11
-1.08 -0.01
-1.23 -0.225
-1.26 -0.375
-1.14 -0.285
-0.98 -0.145
-1.07 -0.21
-1.07 -0.08
-1.21 -0.295
-1.32 -0.265
-1.3 -0.375
-1.18 -0.405
-1.35 -0.57
-1.45 -0.785
-1.36 -0.665
-1.34 -0.765
-1.32 -0.75
-1.54 -0.81
-1.41 -0.79
-1.38 -0.62
-1.26 -0.5
-1 -0.45
-1.26 -0.45
-1.41 -0.75
-1.4 -0.755
-1.49 -0.835
-1.28 -0.62
-1.35 -0.655
-1.36 -0.735
-1.39 -0.755
-1.45 -0.765
-1.36 -0.645
-1.24 -0.6
-1.54 -0.815
-1.46 -0.78
-1.51 -0.83
-1.31 -0.715
-1.21 -0.535
-1.16 -0.58
-1.22 -0.315
-1.13 -0.415
-1.08 -0.44
-1.06 -0.455
-1.25 -0.61
-1.43 -0.725
-1.36 -0.755
-1.31 -0.655
-1.18 -0.64
-1.38 -0.76
-1.25 -0.595
-1.34 -0.42
-1.05 -0.225
-1.15 -0.15
-1.27 -0.05
-1.13 -0.1
-1.21 -0.485
-1.61 -0.89
-1.5 -0.775
-1.39 -0.655
-1.38 -0.675
-1.16 -0.605
-1.36 -0.725
-1.37 -0.71
-1.29 -0.66
-1.39 -0.75
-1.45 -0.75
-1.38 -0.725
-1.34 -0.73
-1.43 -0.76
-1.47 -0.67
-1.39 -0.62
-1.31 -0.515
-1.17 -0.475
-1.51 -0.635
-1.35 -0.63
-1.46 -0.755
-1.39 -0.745
-1.53 -0.8
-1.64 -0.84
-1.36 -0.74
-1.52 -0.795
-1.48 -0.795
-1.35 -0.67
-1.27 -0.605
-1.25 -0.41
-0.91 -0.32
-1.22 -0.585
-1.27 -0.445
-1.3 -0.56
-1.33 -0.6
-1.21 -0.54
-1.39 -0.6
-1.3 -0.6
-1.36 -0.7
-1.39 -0.755
-1.24 -0.685
-1.26 -0.495
-1.39 -0.62
-1.28 -0.73
-1.34 -0.65
-0.97 -0.37
-1.08 -0.35
-1.24 -0.345
-1 -0.335
-1.24 -0.3
-1.13 -0.44
-1.13 -0.37
-1.32 -0.415
-1.07 -0.295
-0.97 -0.135
-1.2 -0.39
-1.04 0.005
-1.38 -0.125
-1.09 -0.15
-1.16 -0.505
-1.38 -0.51
-1.22 -0.51
-1.38 -0.71
-1.27 -0.67
-1.37 -0.745
-1.36 -0.715
-1.17 -0.565
-1.15 -0.54
-1.15 -0.33
-1.14 -0.29
-1.16 -0.42
-1.11 -0.35
-1.31 -0.56
-1.18 -0.525
-1.39 -0.635
-1.3 -0.545
-1.29 -0.56
-1.16 -0.3
-1.23 -0.46
-1.25 -0.435
-1.36 -0.635
-1.34 -0.635
-1.24 -0.64
-1.45 -0.695
-1.52 -0.785
-1.49 -0.86
-1.51 -0.825
-1.53 -0.805
-1.34 -0.74
-1.51 -0.84
-1.37 -0.53
-1.17 -0.475
-1.02 -0.24
-1.32 -0.21
-1.06 -0.31
-1.14 -0.52
-1.11 -0.395
-1.25 -0.4
-1.21 -0.535
-1.39 -0.645
-1.46 -0.775
-1.51 -0.795
-1.38 -0.735
-1.44 -0.765
-1.45 -0.73
-1.33 -0.69
-1.39 -0.685
-1.54 -0.855
-1.39 -0.66
-1.52 -0.775
-1.34 -0.755
-1.29 -0.685
-1.6 -0.86
-1.41 -0.79
-1.44 -0.715
-1.41 -0.795
-1.52 -0.79
-1.31 -0.555
-1.4 -0.65
-1.51 -0.715
-1.35 -0.575
-1.48 -0.675
-1.22 -0.53
-1.29 -0.655
-1.36 -0.73
-1.62 -0.845
-1.26 -0.54
-1.42 -0.71
-1.21 -0.44
-1.24 -0.33
-1.07 -0.155
-1.04 0.205
-1.21 0.2
-1.12 0.04
-1.17 0.295
-0.97 0.11
-1.36 0.07
-1.33 0.1
-1.24 0.19
-1.15 0.44
-1.29 0.52
-1.17 0.41
-1.21 0.535
-1.34 0.765
-1.25 0.63
-1.3 0.645
-1.32 0.705
-1.44 0.655
-1.3 0.475
-1.33 0.46
-1.24 0.485
-1.36 0.39
-1.34 0.435
-1.28 0.335
-1.18 -0.1
-1.26 0.085
-1.04 0.08
-1.18 -0.085
-0.98 -0.12
-1.28 -0.28
-1.24 -0.25
-1.26 -0.485
-1.21 -0.44
-1.29 -0.42
-1.21 -0.125
-1 -0.43
-1.27 -0.7
-1.49 -0.775
-1.47 -0.73
-1.19 -0.69
-1.12 -0.3
-1.36 -0.485
-1.2 -0.475
-1.33 -0.625
-1.22 -0.52
-1.34 -0.52
-1.29 -0.44
-1.45 -0.495
-1.16 -0.245
-0.97 -0.085
-1.25 -0.26
-1.41 -0.46
-1.26 -0.485
-1.37 -0.545
-1.23 -0.605
-1.18 -0.5
-1.09 -0.385
-1.13 -0.085
-1.3 0.02
-1.1 0.045
-1.17 0.395
-1.17 0.425
-1.48 0.755
-1.39 0.76
-1.57 0.855
-1.27 0.695
-1.41 0.78
-1.61 0.86
-1.55 0.815
-1.49 0.76
-1.52 0.75
-1.3 0.68
-1.17 0.55
-1.14 0.495
-1.39 0.735
-1.19 0.495
-1.21 0.605
-1.25 0.59
-1.46 0.59
-1.46 0.51
-1.04 0.455
-1.16 0.465
-1.37 0.58
-1.25 0.53
-1.46 0.625
-1.46 0.745
-1.25 0.655
-1.52 0.795
-1.55 0.82
-1.37 0.735
-1.3 0.655
-1.42 0.72
-1.25 0.55
-1.08 0.205
-1.18 0.475
-1.18 0.43
-1.23 0.515
-1.19 0.37
-1.2 0.37
-1.25 0.435
-1.38 0.655
-1.33 0.705
-1.5 0.75
-1.29 0.665
-1.37 0.705
-1.52 0.825
-1.57 0.83
-1.14 0.515
-1.36 0.7
-1.28 0.695
-1.2 0.61
-1.2 0.66
-1.43 0.69
-1.12 0.365
-1.27 0.675
-1.06 0.365
-1.04 0.37
-1.4 0.63
-1.21 0.55
-1.2 0.57
-1.18 0.495
-1.19 0.48
-1.13 0.155
-0.98 0.145
-1.09 -0.155
-1.17 0.005
-1.21 -0.19
-1.29 -0.275
-1.07 -0.045
-1.17 0.055
-1.18 0.285
-1.28 0.525
-1.27 0.665
-1.32 0.4
-1.39 0.415
-1.07 0.13
-1.15 0.53
-1.2 0.42
-1.37 0.48
-1.28 0.45
-1.23 0.525
-1.39 0.715
-1.42 0.675
-1.28 0.655
-1.12 0.43
-1.31 0.63
-1.38 0.745
-1.54 0.805
-1.26 0.615
-1.34 0.655
-1.38 0.625
-1.41 0.595
-1.31 0.715
-1.51 0.81
-1.54 0.825
-1.42 0.76
-1.29 0.615
-1.22 0.315
-1.09 0.315
-1 0.055
-1.33 0.53
-1.28 0.575
-1.21 0.43
-1.22 0.515
-1.39 0.715
-1.31 0.6
-1.52 0.785
-1.3 0.7
-1.35 0.71
-1.23 0.585
-1.25 0.575
-1.37 0.61
-1.4 0.735
-1.35 0.685
-0.97 0.43
-1.28 0.45
-1.24 0.495
-1.24 0.185
-1.22 0.1
-1.17 -0.175
-1.27 -0.16
-1.25 -0.16
-1.33 -0.29
-1.26 -0.405
-1.31 -0.55
-1.13 -0.31
-1.04 -0.395
-1.5 -0.53
-1.23 -0.3
-0.91 -0.17
-1.18 -0.285
-1.23 -0.015
-1.08 -0.045
-1.17 -0.195
-1.02 -0.18
-1.1 -0.465
-1.25 -0.56
-1.44 -0.66
-1.2 -0.56
-1.03 -0.47
-1.3 -0.445
-1.07 -0.39
-1.41 -0.575
-1.19 -0.485
-1.42 -0.605
-1.47 -0.66
-1.2 -0.565
-1.33 -0.69
-1.43 -0.75
-1.17 -0.615
-1.1 -0.485
-1.3 -0.56
-1.21 -0.47
-1.02 -0.365
-1.3 -0.22
-1.28 -0.265
-1.05 -0.325
-1.04 -0.11
-1.18 -0.155
-0.96 -0.09
-1.07 -0.34
-1.3 -0.605
-1.31 -0.515
-1.18 -0.48
-1.25 -0.555
-1.08 -0.12
-1.07 -0.345
-1.3 -0.54
-1.11 -0.48
-1.08 -0.45
-1.26 -0.53
-1.25 -0.56
-1.33 -0.375
-1.24 -0.32
-1.07 -0.03
-1.32 -0.33
-1.01 -0.2
-1 -0.31
-1.23 -0.49
-1.09 -0.345
-1.07 -0.335
-1.19 -0.35
-1.28 -0.375
-1.16 -0.125
-1.15 0.075
-1.34 0.57
-1.14 0.645
-1.34 0.485
-1.19 0.53
-1.49 0.555
-1.21 0.51
-1.47 0.635
-1.1 0.345
-1.33 0.495
-1.36 0.62
-1.44 0.71
-1.32 0.59
-1.31 0.38
-1.2 0.325
-1.12 0.1
-1.09 0.095
-1.07 -0.205
-1.13 0.02
-1.15 0.085
-1.04 0
-1.06 0.03
-1.09 -0.035
-1.1 0.04
-1.14 -0.235
-1.2 -0.225
-1.18 -0.325
-1.13 -0.42
-1.3 -0.54
-1.27 -0.54
-0.98 -0.395
-1.15 -0.405
-1.46 -0.78
-1.6 -0.86
-1.45 -0.785
-1.31 -0.715
-1.41 -0.7
-1.41 -0.785
-1.45 -0.605
-1.32 -0.745
-1.46 -0.795
-1.36 -0.785
-1.27 -0.6
-1.5 -0.825
-1.48 -0.745
-1.08 -0.555
-1.32 -0.69
-1.27 -0.645
-1.36 -0.7
-1.28 -0.68
-1.35 -0.685
-1.36 -0.705
-1.44 -0.725
-1.16 -0.62
-1.39 -0.665
-1.43 -0.685
-1.23 -0.415
-1.34 -0.475
-1.08 -0.45
-1.16 -0.365
-1.05 -0.31
-1 -0.2
-1.11 -0.355
-1.19 -0.395
-1.08 -0.245
-1.25 -0.565
-1.01 -0.405
-1.37 -0.4
-1.13 -0.18
-1.2 -0.09
-1.19 -0.155
-0.94 0.025
-1.27 -0.5
-1.2 -0.355
-1.37 -0.395
-1.25 -0.255
-1.26 -0.59
-1.37 -0.695
-1.47 -0.75
-1.38 -0.695
-1.34 -0.71
-1.4 -0.685
-1.25 -0.735
-1.5 -0.77
-1.45 -0.605
-1.17 -0.415
-1.08 -0.35
-1.23 -0.1
-0.97 -0.07
-1.06 0.17
-1.28 0.235
-1.08 0.085
-1.05 0.015
-1.24 0.12
-1.15 0.515
-1.28 0.47
-1.37 0.53
-1.33 0.435
-1.17 0.415
-1.28 0.59
-1.25 0.53
-1.21 0.385
-1.47 0.765
-1.39 0.705
-1.57 0.85
-1.47 0.805
-1.23 0.595
-1.31 0.725
-1.25 0.72
-1.4 0.74
-1.56 0.875
-1.32 0.62
-1.22 0.665
-1.21 0.52
-1.26 0.59
-1.17 0.51
-1.29 0.66
-1.33 0.675
-1.38 0.7
-1.43 0.71
-1.22 0.685
-1.48 0.72
-1.14 0.57
-1.26 0.67
-1.58 0.865
-1.42 0.765
-1.37 0.78
-1.32 0.645
-1.45 0.65
-1.18 0.465
-1.23 0.595
-1.25 0.555
-1.08 0.245
-1.14 0.165
-1.21 0.345
-1.15 0.44
-1.26 0.585
-1.1 0.535
-1.55 0.795
-1.61 0.865
-1.5 0.85
-1.62 0.88
-1.13 0.55
-1.23 0.58
-1.33 0.59
-1.19 0.665
-1.24 0.67
-1.36 0.45
-1.24 0.415
-1.09 0.505
-1.32 0.58
-1.18 0.28
-1.25 0.47
-1.12 0.415
-1.32 0.63
-1.54 0.755
-1.22 0.68
-1.28 0.425
-1.32 0.6
-1.34 0.72
-1.57 0.845
-1.48 0.81
-1.39 0.73
-1.52 0.825
-1.32 0.705
-1.45 0.83
-1.27 0.61
-1.31 0.675
-1.16 0.575
-1.32 0.66
-1.4 0.765
-1.41 0.715
-1.28 0.475
-1.25 0.575
-1.17 0.51
-1.4 0.62
-1.38 0.7
-1.26 0.705
-1.16 0.53
-1.24 0.615
-1.31 0.6
-1.26 0.63
-1.3 0.7
-1.57 0.805
-1.34 0.545
-1.32 0.545
-1.26 0.67
-1.22 0.57
-1.53 0.81
-1.13 0.495
-1.18 0.595
-1.18 0.455
-1.29 0.42
-1.11 0.43
-1.21 0.39
-1.14 0.235
-1.21 0.125
-1.08 0.335
-1.06 0.235
-1.15 0.355
-1.16 0.37
-1.09 0.4
-1.11 0.3
-1.24 0.635
-1.29 0.665
-1.53 0.785
-1.36 0.69
-1.18 0.615
-1.48 0.685
-1.21 0.62
-1.22 0.525
-1.25 0.53
-1.36 0.755
-1.33 0.765
-1.34 0.69
-1.49 0.8
-1.33 0.605
-0.97 0.085
-1.13 -0.315
-1.17 -0.19
-1.35 -0.4
-1.21 -0.585
-1.57 -0.745
-1.38 -0.735
-1.49 -0.735
-1.45 -0.835
-1.49 -0.765
-1.5 -0.78
-1.44 -0.775
-1.42 -0.67
-1.2 -0.645
-1.23 -0.57
-1.28 -0.57
-1.23 -0.6
-1.09 -0.55
-1.23 -0.595
-1.19 -0.43
-1.27 -0.475
-1.11 -0.405
-1.16 -0.39
-1.15 -0.395
-1.39 -0.59
-1.18 -0.635
-1.47 -0.74
-1.47 -0.735
-1.54 -0.73
-1.46 -0.805
-1.3 -0.68
-1.34 -0.72
-1.45 -0.82
-1.25 -0.64
-1.38 -0.76
-1.34 -0.665
-1.4 -0.725
-1.22 -0.575
-1.26 -0.635
-1.13 -0.55
-1.29 -0.49
-1.36 -0.605
-1.36 -0.515
-1.15 -0.415
-1.14 -0.315
-1.15 -0.29
-1.06 -0.18
-1.18 -0.22
-1.05 -0.07
-1.17 -0.22
-1.25 -0.44
-1.18 -0.345
-1.28 -0.535
-1.09 -0.365
-1.17 -0.395
-1.3 -0.335
-1.23 -0.43
-1.3 -0.455
-1.07 -0.45
-1.09 -0.46
-1.17 -0.47
-1.05 -0.295
-0.98 -0.17
-1.21 -0.005
-0.92 0.02
-1.03 -0.145
-1.2 -0.24
-1.16 -0.425
-1.24 -0.38
-1.19 -0.36
-1.14 -0.23
-1.29 -0.305
-1.06 -0.145
-1.09 -0.225
-1.19 -0.085
-1.22 -0.245
-1.26 -0.415
-1.21 -0.395
-1.05 -0.2
-1.19 -0.12
-1.07 0.2
-1.2 0.28
-1.25 0.43
-1.24 0.635
-1.3 0.715
-1.35 0.77
-1.24 0.59
-1.16 0.5
-1.3 0.645
-1.44 0.7
-1.47 0.775
-1.48 0.765
-1.28 0.705
-1.4 0.765
-1.33 0.705
-1.38 0.66
-1.17 0.55
-1.09 0.43
-1.42 0.685
-1.17 0.615
-1.25 0.565
-1.38 0.67
-1.44 0.775
-1.62 0.875
-1.51 0.79
-1.51 0.84
-1.31 0.615
-1.6 0.84
-1.45 0.79
-1.28 0.6
-1.19 0.45
-1.42 0.595
-1.34 0.63
-1.53 0.845
-1.3 0.685
-1.32 0.665
-1.07 0.43
-1.28 0.62
-1.29 0.515
-1.14 0.53
-1.1 0.575
-1.32 0.485
-1.26 0.425
-1.38 0.525
-1.09 0.475
-1.09 0.315
-1.3 0.36
-1.18 0.19
-1.1 0.12
-1.14 -0.335
-1.05 -0.38
-1.05 -0.27
-1.08 -0.145
-1.17 -0.365
-1.19 -0.245
-1.15 -0.52
-1.33 -0.23
-1.02 -0.05
-1.06 0.04
-0.93 -0.095
-0.95 0.04
-1.07 0.02
-1.24 -0.39
-1.05 -0.235
-1.16 -0.035
-0.96 -0.06
-1.21 0.22
-1.23 0.095
-1.07 0.055
-1.03 0.05
-0.93 0.2
-1.03 0.04
-1.04 0.05
-1.15 -0.235
-1.17 -0.28
-1.26 -0.18
-1.17 -0.12
-1.26 0.255
-1.31 0.18
-1.09 0.43
-1.16 0.44
-1.08 0.54
-1.33 0.705
-1.12 0.49
-1.25 0.525
-1.33 0.425
-1.23 0.675
-1.24 0.63
-1.08 0.35
-1.24 0.445
-1.27 0.26
-1.18 0.44
-1.25 0.485
-1.18 0.535
-0.96 0.24
-1.1 0.35
-1.06 0.29
-1.21 0.42
-1.3 0.375
-1.27 0.26
-1.18 0.335
-1.22 0.505
-1.33 0.5
-1.27 0.42
-1.32 0.365
-1.16 0.11
-1.38 0.265
-1.34 0.62
-1.29 0.595
-1.38 0.75
-1.43 0.75
-1.44 0.72
-1.45 0.69
-1.33 0.695
-1.4 0.73
-1.42 0.735
-1.41 0.735
-1.36 0.7
-1.17 0.59
-1.28 0.695
-1.39 0.725
-1.42 0.79
-1.32 0.76
-1.68 0.895
-1.62 0.83
-1.43 0.705
-1.32 0.61
-1.11 0.535
-1.27 0.655
-1.16 0.53
-1.15 0.295
-1 0.335
-1.39 0.65
-1.35 0.695
-1.63 0.865
-1.46 0.775
-1.47 0.75
-1.29 0.695
-1.42 0.745
-1.34 0.76
-1.34 0.535
-1.43 0.575
-1.41 0.52
-1.27 0.415
-1.24 0.39
-1.29 0.585
