-0.91 -0.07
-0.85 -0.09
-0.92 -0.175
-1 -0.15
-0.87 -0.225
-0.83 -0.07
-1.02 0.21
-1.07 -0.22
-1.16 -0.24
-1.03 -0.13
-1.09 -0.1
-1.05 -0.24
-0.98 0.09
-1.13 0.08
-1.08 0.115
-0.96 -0.05
-0.93 -0.28
-1.08 -0.3
-0.92 -0.345
-1.17 -0.26
-1 -0.075
-1.09 -0.125
-1 -0.45
-1.16 -0.51
-1.01 -0.26
-1.02 -0.215
-1.04 -0.355
-1.05 -0.155
-0.95 -0.07
-0.82 0.095
-0.94 -0.07
-0.92 -0.145
-1.04 -0.28
-1.02 -0.03
-0.9 0.025
-0.84 -0.055
-0.88 -0.23
-0.93 -0.115
-1.03 -0.28
-0.85 -0.25
-0.98 -0.13
-0.92 0.01
-1.16 0.015
-0.98 0.065
-1.05 0.015
-1.05 -0.05
-0.96 0.095
-1.13 0.27
-1.13 0.235
-1.08 0.075
-1.1 0.28
-1.03 0.39
-1.02 0.065
-0.9 0.205
-0.79 0.115
-0.93 0.165
-0.77 -0.065
-0.87 -0.22
-0.85 -0.3
-0.98 -0.455
-1.12 -0.525
-1.28 -0.695
-1.13 -0.435
-1.12 -0.215
-0.98 -0.225
-0.91 -0.3
-0.89 -0.165
-1.01 0.08
-0.9 0.11
-0.83 0.17
-0.89 0.345
-0.95 0.15
-0.78 0.16
-0.99 0.485
-0.91 0.015
-0.96 0.105
-0.94 0.155
-1.05 0.31
-1.02 0.375
-0.91 0.195
-0.78 0.24
-0.99 0.21
-1.08 0.315
-1.07 0.365
-1.02 0.235
-0.92 0.275
-0.84 0.105
-0.94 -0.12
-1.2 0.05
-1.11 -0.35
-1.02 -0.3
-0.95 -0.415
-0.97 -0.18
-1.13 0.065
-0.94 -0.03
-1.06 0.055
-0.94 0.375
-1.16 0.475
-1.04 0.4
-0.97 0.405
-0.8 0.34
-1.04 0.23
-0.93 0.155
-1.01 0.135
-0.98 0.185
-0.98 -0.21
-0.99 -0.09
-1.03 0.28
-1.06 0.1
-1.01 0.095
-0.96 0.07
-1.01 0.39
-1.15 0.445
-0.93 0.41
-1.02 0.295
-0.91 0.22
-0.94 0.155
-0.88 0.15
-1.11 0.01
-0.94 0.06
-1.01 -0.315
-0.88 -0.105
-0.91 0.065
-0.92 -0.15
-0.88 -0.07
-0.92 0.14
-0.93 0.125
-0.74 -0.29
-0.93 -0.385
-1.16 -0.255
-0.84 -0.16
-1.1 -0.115
-0.89 -0.175
-0.88 -0.065
-0.84 0
-0.93 0.28
-0.92 0.36
-0.98 0.285
-1.06 0.08
-1.07 0.175
-0.97 0.165
-1.31 0.315
-1.08 -0.09
-0.95 -0.205
-0.92 -0.12
-1.13 -0.33
-1.06 -0.125
-0.9 0.185
-0.94 0.045
-0.98 -0.015
-1 -0.12
-1.14 -0.22
-1.19 -0.365
-1.18 -0.52
-0.92 -0.375
-0.99 -0.395
-1.05 -0.4
-0.92 -0.45
-1.02 -0.46
-0.91 -0.13
-1.12 -0.545
-1.17 -0.49
-0.89 -0.4
-1.05 -0.14
-0.81 0.185
-0.97 0.195
-1.08 0.14
-0.83 -0.175
-1.11 -0.365
-1.06 -0.475
-1.02 -0.33
-0.93 0.02
-0.91 -0.14
-0.9 -0.085
-0.8 -0.17
-0.92 -0.23
-0.92 0.01
-1.05 -0.11
-0.95 0.17
-0.88 -0.045
-0.98 0.22
-1.08 0.53
-1.07 0.405
-1.18 0.54
-0.9 0.345
-1.03 0.455
-1.16 0.545
-1.01 0.45
-1.22 0.42
-0.76 0.14
-0.9 0.24
-0.92 0.32
-1.15 0.365
-0.89 0.22
-0.92 0.255
-0.94 0.19
-1.19 -0.07
-0.97 -0.1
-0.97 -0.01
-0.97 0.135
-0.9 0.135
-1.04 0.15
-0.83 -0.06
-0.97 0.04
-0.94 0.12
-1.04 0.205
-1.1 0.355
-1.02 0.485
-1.21 0.495
-0.78 0.235
-0.88 0.01
-0.92 -0.225
-1.01 -0.395
-1.05 -0.495
-0.94 -0.455
-1.17 -0.475
-1.14 -0.37
-0.97 -0.18
-0.97 0.255
-1.02 0.315
-0.93 0.195
-0.96 -0.205
-0.98 -0.3
-0.92 -0.215
-1.05 -0.195
-0.85 -0.215
-0.97 -0.015
-0.93 -0.155
-0.8 0.035
-1.05 -0.295
-0.94 -0.44
-1.14 -0.58
-1.4 -0.68
-1.25 -0.64
-1.08 0.02
-0.98 -0.115
-1.04 0.045
-0.89 0.07
-0.96 0.03
-1 -0.01
-1.16 0.215
-0.81 0.06
-0.82 0.075
-1.03 0.13
-1.09 0.41
-1.12 0.44
-0.92 0.4
-0.8 0.125
-1.06 0.18
-0.9 0.235
-1.16 0.04
-0.97 -0.28
-1.03 -0.425
-1.03 -0.51
-1.1 -0.525
-0.85 -0.23
-0.97 -0.145
-0.94 -0.175
-0.95 -0.195
-0.95 -0.04
-0.87 0.135
-0.93 0.025
-0.96 -0.09
-1 -0.19
-0.84 0.065
-1.04 0.175
-0.94 0.055
-1.07 -0.25
-0.93 -0.375
-0.94 -0.43
-1.05 -0.085
-0.94 -0.015
-0.95 0.21
-1.11 -0.22
-0.95 -0.305
-0.98 -0.095
-1.24 -0.33
-1.07 -0.42
-1.1 -0.355
-0.83 -0.19
-1.06 -0.07
-0.92 -0.055
-1.14 -0.235
-0.83 -0.315
-1.2 -0.345
-1.02 -0.22
-1.04 -0.36
-1.04 -0.24
-0.93 0.08
-0.98 -0.155
-0.99 -0.1
-0.96 -0.025
-1.21 -0.015
-0.96 -0.01
-1.09 0.425
-1.03 0.485
-1.22 0.635
-1.05 0.535
-0.96 0.305
-0.99 -0.085
-0.94 -0.3
-0.83 -0.1
-0.95 -0.1
-1 -0.125
-1.02 -0.24
-0.98 -0.1
-1.03 -0.28
-0.89 -0.275
-0.85 -0.27
-1.01 -0.065
-0.88 -0.17
-0.96 0.255
-0.96 0.045
-0.94 0.15
-1.07 0.11
-0.91 -0.1
-0.97 0.11
-1.26 -0.19
-1.03 -0.19
-1.02 -0.31
-0.97 -0.315
-0.98 -0.405
-0.76 -0.13
-0.97 -0.025
-0.9 0.175
-0.93 0.03
-0.84 -0.04
-0.96 -0.435
-0.89 -0.35
-1.08 -0.15
-1.01 -0.245
-0.94 -0.21
-0.99 0.02
-1.15 -0.21
-0.82 -0.29
-1.1 -0.545
-0.97 -0.405
-1.17 -0.32
-0.96 -0.21
-0.95 -0.325
-0.99 -0.405
-1 -0.25
-1.16 -0.06
-1.08 -0.05
-0.88 0.01
-0.97 -0.22
-0.84 -0.025
-0.93 0.265
-0.93 0.105
-0.97 0.075
-0.7 -0.04
-0.83 -0.055
-0.89 0
-0.86 -0.02
-0.98 -0.195
-1.21 -0.4
-0.84 -0.255
-1.17 -0.49
-1.03 -0.495
-1.18 -0.54
-0.93 -0.205
-1.03 -0.21
-0.93 -0.3
-0.88 0.26
-1.01 0.27
-0.89 0.07
-0.68 -0.24
-1.01 -0.22
-1.11 -0.285
-0.79 -0.17
-0.97 -0.39
-0.94 -0.325
-0.92 -0.345
-0.91 -0.355
-1 -0.185
-0.9 -0.18
-1.06 -0.22
-1.04 -0.065
-1.18 -0.19
-0.63 0.015
-0.9 0.005
-0.9 -0.225
-0.93 0.035
-0.83 0.09
-0.95 0.325
-1.12 0.14
-1.16 0.195
-0.88 0.07
-1.03 0.15
-0.99 -0.16
-0.87 -0.285
-0.95 -0.165
-0.98 -0.06
-1.02 -0.39
-1.07 -0.43
-0.97 -0.11
-1.12 -0.065
-1.13 0.085
-1.13 0.265
-1 0.245
-0.99 -0.025
-0.71 -0.175
-0.85 0.095
-1.1 0.445
-0.98 0.485
-1.1 0.56
-0.97 0.44
-1.03 0.37
-1.08 0.375
-1.06 0.51
-1.1 0.31
-0.8 0.125
-0.94 0.055
-1.13 -0.13
-0.86 0.03
-0.97 -0.29
-0.82 -0.31
-1.07 -0.54
-1.05 -0.305
-1.03 -0.15
-0.97 -0.055
-1 -0.055
-0.95 -0.025
-0.79 -0.105
-0.93 0.04
-0.96 -0.11
-1.08 -0.015
-1.08 -0.06
-0.94 0.04
-0.88 -0.095
-1.06 -0.145
-1.14 -0.06
-0.96 -0.195
-1.11 0.225
-0.95 -0.06
-1.01 0.21
-0.9 0.12
-0.94 0.205
-1.02 0.175
-0.82 0.135
-0.84 0.305
-0.92 0.16
-1.12 0.36
-1.16 0.38
-0.99 0.27
-0.94 0.235
-0.87 0.31
-0.9 0.29
-0.99 0.06
-1.07 0.165
-0.91 0.31
-1.09 0.29
-1.07 0.465
-1.11 0.44
-1.08 0.515
-1.04 0.315
-1 0.32
-1.1 0.24
-0.9 0.035
-0.86 0.035
-1.2 0.27
-1.05 0.14
-1.11 0.435
-1.15 0.575
-0.96 0.355
-0.76 0.15
-0.97 0.145
-0.88 0.07
-0.86 0
-0.97 -0.225
-1.02 -0.185
-0.99 -0.235
-0.98 -0.155
-1.07 -0.32
-1.01 -0.15
-0.97 -0.245
-1.07 -0.29
-0.83 -0.265
-0.95 -0.455
-0.7 -0.135
-0.97 0.03
-0.75 0.195
-1.14 0.375
-0.91 0.33
-0.99 0.325
-1.03 0.32
-0.89 -0.04
-0.96 -0.265
-0.96 -0.08
-0.91 -0.21
-1.1 -0.11
-0.92 -0.12
-1 0.125
-0.89 0.09
-1.01 0.15
-1.01 0.135
-1.06 0.28
-1.01 0.275
-1.23 0.405
-1.18 0.265
-1.07 0.3
-0.76 -0.17
-0.99 -0.13
-1.08 -0.135
-1.04 -0.49
-1.13 -0.565
-1.02 -0.37
-0.99 -0.245
-0.87 -0.185
-0.93 0.045
-0.96 -0.08
-0.96 -0.26
-1.1 -0.39
-0.9 -0.165
-0.85 -0.24
-0.97 -0.125
-1.12 0.18
-1 -0.08
-0.88 -0.175
-0.96 -0.27
-1.14 0.095
-1.01 0
-1.04 -0.015
-1.06 -0.045
-1.08 0.035
-1.06 0.05
-0.86 0.1
-1.07 -0.215
-0.84 -0.105
-0.92 0.17
-1.01 0.14
-0.99 0.28
-1.07 -0.215
-0.98 -0.07
-0.83 0.175
-0.98 0.16
-1 0.275
-0.92 -0.045
-0.89 0.01
-1.14 -0.04
-0.99 0.01
-1.13 -0.345
-0.9 -0.17
-1.05 -0.25
-0.96 -0.225
-0.86 0.01
-0.77 0.085
-0.92 0.31
-1.02 0.345
-0.79 0.21
-0.86 -0.045
-0.93 -0.045
-0.88 -0.04
-0.84 0.02
-0.83 0.065
-0.98 0.115
-0.87 0.215
-0.94 0.25
-0.98 0.285
-0.84 0.36
-1.03 0.355
-1.13 0.48
-1 0.395
-1.08 0.35
-0.99 0.035
-1.02 0.395
-0.98 0.435
-0.92 0.115
-0.96 0.36
-0.95 0.215
-0.73 0.27
-0.97 0.25
-1.04 0.08
-1.11 -0.475
-0.97 -0.43
-1.04 -0.27
-1.01 -0.22
-0.92 -0.13
-0.95 0.06
-1.11 -0.16
-1.06 -0.11
-0.96 -0.205
-0.81 0.045
-1.01 0.05
-1.15 0.35
-1.07 0.37
-0.99 0.465
-0.86 0.37
-0.94 0.4
-0.99 0.29
-0.99 0.355
-1.18 0.36
-1.21 0.48
-1.22 0.54
-1.09 0.345
-0.98 0.095
-0.95 0.26
-0.96 0.045
-1.17 0.17
-1.06 0.19
-1.02 0.44
-1.18 0.6
-1.16 0.51
-0.97 0.355
-0.99 0.31
-1.05 0.105
-0.99 0.175
-1.03 0.135
-1.11 0.04
-0.97 0.125
-1 -0.12
-1.05 0.01
-1.06 0.09
-0.91 0.175
-0.86 0.2
-0.95 0.17
-0.96 -0.365
-0.85 -0.175
-0.82 -0.14
-0.99 -0.08
-0.97 0.09
-1 0.05
-0.96 -0.085
-1.06 0.02
-0.83 -0.235
-0.88 -0.11
-0.95 -0.34
-1.08 -0.44
-0.99 -0.5
-1.01 -0.23
-0.92 0.135
-0.87 0.08
-1.1 0.205
-1.04 0.275
-0.93 0.13
-1.07 -0.075
-0.96 -0.06
-0.94 0.07
-0.96 -0.065
-1.09 -0.255
-0.96 -0.18
-0.95 -0.07
-0.96 -0.18
-1.09 0.075
-1.14 0.095
-1.06 0.1
-0.94 0.07
-1.03 -0.125
-1.01 0.26
-0.88 0.135
-0.87 0.175
-1.08 -0.15
-0.88 -0.285
-0.86 -0.15
-1.01 -0.495
-0.97 -0.56
-0.96 -0.355
-0.85 -0.2
-0.92 -0.15
-0.75 -0.285
-0.96 -0.145
-1 -0.06
-0.95 -0.15
-1 -0.235
-1.02 -0.345
-1.01 -0.05
-1 -0.01
-0.98 -0.4
-0.88 -0.29
-0.98 -0.06
-1.02 0.13
-1.04 0.22
-1.1 -0.165
-0.92 -0.12
-0.98 -0.225
-1.04 -0.245
-1 -0.135
-1.15 -0.33
-1.1 -0.465
-0.96 -0.285
-0.93 -0.12
-0.88 0.03
-0.81 -0.055
-1.01 0.07
-1.13 -0.005
-0.99 -0.26
-0.88 -0.205
-1.15 -0.485
-1.01 -0.29
-0.96 -0.19
-1.09 0.01
-1.1 0.03
-1.07 -0.195
-0.64 0.07
-0.91 0.065
-1.01 0.14
-1.22 0.265
-1.24 0.385
-0.99 0.27
-0.91 -0.135
-1.13 -0.415
-0.93 -0.19
-1.33 -0.66
-1.19 -0.345
-0.9 -0.26
-0.94 -0.34
-0.8 -0.11
-0.95 -0.255
-1 -0.115
-1.07 -0.215
-0.94 0.01
-0.93 0.175
-0.89 0.22
-0.96 0.03
-1.11 0.065
-0.84 0
-0.97 0.01
-0.84 -0.085
-1.13 -0.225
-1.09 -0.375
-0.96 -0.18
-0.91 -0.035
-0.74 -0.11
-0.95 0.1
-1.01 0.09
-0.91 -0.105
-1.1 0.085
-1.15 -0.075
-0.92 0
-0.91 -0.085
-0.79 0.015
-0.94 -0.165
-1.03 -0.42
-0.81 -0.27
-0.9 -0.235
-1.02 -0.09
-0.85 0.09
-0.82 0.055
-1.09 -0.255
-1.07 -0.23
-1.21 -0.185
-0.81 -0.245
-0.93 -0.29
-1.11 -0.44
-0.97 0.005
-0.89 -0.015
-1.05 -0.19
-1.01 -0.005
-1.15 -0.1
-1.05 0.13
-0.98 0.13
-0.93 0.31
-0.88 0.045
-0.85 0.095
-1.2 -0.015
-0.98 0.26
-1.06 0.315
-1.09 0.405
-1.04 0.2
-1.06 0.19
-0.98 -0.085
-1.08 0.155
-1.1 0.03
-0.97 0.12
-1.04 0.08
-1.14 0.33
-0.89 0.285
-0.85 0.03
-0.93 0.255
-1.03 0.265
-1.03 0.36
-1.04 0.335
-0.79 -0.045
-1.04 0.25
-0.98 0.225
-0.93 0.26
-0.95 0.44
-0.98 0.295
-0.95 0.105
-1.04 -0.095
-1.05 -0.35
-0.96 0.105
-0.87 -0.07
-0.88 -0.04
-0.9 0.08
-0.99 0.31
-1.11 0.25
-0.92 0.02
-0.92 -0.085
-0.95 0.115
-1.05 0.12
-0.79 -0.075
-1.09 0.16
-1.02 0.225
-0.94 0.215
-0.99 0.38
-0.95 0.305
-1.04 0.175
-0.98 0.32
-1.05 0.175
-0.94 0.325
-0.88 -0.015
-0.93 -0.16
-0.9 0.06
-1.13 0.325
-1.07 0.465
-0.96 0.12
-1.01 0.215
-1.16 0.39
-0.93 -0.045
-1 0.345
-0.97 0.295
-1.02 0.31
-0.86 0.285
-0.96 0.125
-0.95 -0.05
-1.09 -0.005
-0.92 -0.215
-0.89 -0.23
-0.85 -0.255
-0.9 -0.08
-1.02 -0.055
-1.13 0.155
-1.12 0.16
-1.09 0.39
-1.19 0.43
-0.9 0.35
-1.07 0.375
-0.95 0.425
-0.96 0.265
-0.83 0.125
-0.97 0.115
-0.87 0.16
-1.02 0.115
-0.85 0.05
-0.92 0.075
-0.93 0.045
-1.14 -0.18
-0.9 0.005
-0.94 0.15
-0.98 -0.085
-1.09 -0.245
-1.02 -0.05
-1.02 -0.03
-1.08 -0.35
-1.03 -0.265
-1.15 -0.065
-0.94 0.04
-0.83 0.01
-0.78 0
-0.88 -0.07
-1.01 -0.3
-0.95 -0.245
-0.89 -0.145
-0.99 0.22
-0.92 -0.045
-0.92 -0.235
-0.88 0.15
-0.99 -0.03
-0.98 0.16
-1.03 0.29
-0.74 0
-0.94 -0.03
-0.93 0.215
-0.95 0.06
-1.11 -0.35
-1.04 -0.04
-0.88 0.085
-1.14 0.065
-0.99 0.125
-1.18 0.4
-0.99 0.27
-0.95 0.165
-0.63 0.025
-0.92 0.3
-1.08 0.45
-0.95 0.09
-1.12 -0.405
-1.15 -0.455
-0.99 -0.24
-0.91 -0.08
-1.14 -0.1
-1.14 -0.415
-1.07 -0.41
-0.89 -0.16
-0.99 -0.395
-0.94 -0.2
-0.95 -0.38
-1.1 -0.31
-1.02 -0.315
-1.07 -0.135
-1.19 -0.19
-0.99 -0.125
-0.84 -0.205
-1.01 -0.24
-1.09 -0.195
-1.03 -0.465
-1.05 -0.435
-1.04 -0.295
-1.03 -0.275
-0.85 -0.315
-0.88 -0.22
-0.92 -0.095
-1 -0.135
-0.9 -0.135
-0.95 0.125
-0.86 0.125
-1.03 0.025
-1.02 0.225
-1.12 0.11
-0.99 0.135
-0.94 -0.015
-0.97 0.15
-1.04 0.175
-0.89 0.18
-0.95 0.175
-0.94 -0.085
-1.04 -0.04
-1.01 -0.05
-1.11 -0.085
-0.79 -0.065
-1.01 -0.29
-1.05 -0.21
-0.88 -0.315
-0.94 -0.315
-0.98 -0.215
-0.89 -0.225
-0.94 0.11
-0.79 0.11
-0.95 0.04
-1 0.1
-0.91 0.06
-0.92 -0.28
-0.93 -0.115
-1 -0.15
-0.89 -0.455
-1.1 -0.445
-1.03 -0.17
-1.11 -0.25
-1.05 0.02
-0.93 -0.275
-1.03 0.045
-0.91 0.05
-1.13 0.39
-0.98 0.49
-1.11 0.33
-0.96 0.145
-0.81 -0.005
-1.12 -0.135
-0.92 -0.33
-1.07 -0.295
-0.83 -0.355
-0.91 -0.305
-0.8 -0.14
-0.94 0.02
-0.99 -0.305
-0.95 -0.21
-0.98 -0.03
-0.87 0.235
-0.98 0.14
-1.01 0.315
-1.02 0.45
-0.88 0.28
-0.85 0.21
-0.91 0.075
-0.9 -0.025
-1.03 0.06
-0.98 -0.055
-1 -0.345
-0.87 -0.29
-1.05 -0.08
-0.96 -0.21
-1 -0.14
-0.96 -0.08
-0.98 0.095
-0.8 0.06
-1.04 -0.12
-1 -0.255
-0.98 -0.37
-1.08 -0.345
-1.07 -0.48
-0.98 -0.525
-0.91 -0.325
-0.79 0.02
-0.97 -0.27
-0.91 -0.39
-1.03 -0.225
-1.04 -0.105
-0.85 -0.155
-0.81 0.065
-0.96 -0.07
-0.95 0.335
-1.03 0.37
-0.9 0.395
-0.97 0.275
-1.05 0.225
-0.89 0.145
-0.84 0.13
-0.82 0.11
-0.95 0.155
-0.97 0.365
-1.1 0.065
-1.16 0.01
-0.87 0.075
-1.03 0.09
-0.79 0.15
-1.13 0.29
-1.18 0.395
-0.95 0.005
-0.9 0.03
-0.87 0.045
-0.77 -0.055
-0.94 -0.06
-1.06 -0.245
-0.99 -0.395
-1.01 -0.245
-1.08 -0.335
-0.91 0.025
-1.12 -0.26
-0.89 -0.2
-0.89 -0.09
-0.89 0.025
-0.91 0.17
-0.93 0.3
-0.8 0.11
-1.01 0.05
-1 -0.185
-0.91 -0.02
-0.89 0.055
-0.92 -0.1
-0.92 -0.04
-0.94 0.33
-0.98 0.04
-1.05 -0.155
-0.79 0.18
-0.89 -0.005
-1 -0.22
-0.91 -0.08
-1.05 -0.165
-1.11 -0.46
-0.84 -0.25
-1.07 -0.27
-0.88 -0.16
-0.85 -0.075
-1.08 -0.24
-1.07 -0.395
-0.96 -0.195
-0.94 0.105
-0.92 -0.13
-0.92 0
-0.95 0.22
-0.92 -0.065
-0.91 -0.12
-0.98 -0.095
-1.04 -0.035
-1.05 -0.145
-0.93 0.07
-0.96 0.03
-0.92 0.09
-0.91 -0.04
-0.9 0.11
-1.05 0.095
-1.01 0.31
-1.21 0.56
-0.96 0.215
-0.91 0.23
-1 0.365
-1.07 0.44
-1.04 0.405
-1.16 0.335
-1.06 0.59
-1.11 0.565
-1.09 0.485
-1.13 0.435
-0.99 0.56
-0.75 0.075
-0.98 -0.105
-0.95 0.355
-1.03 0.45
-1.14 0.355
-1.06 0.255
-0.9 -0.08
-0.84 0.005
-1.02 0.125
-1.03 0.125
-0.9 -0.05
-1.2 -0.01
-1.16 0.155
-1.07 0.055
-1.03 -0.04
-1 -0.1
-0.87 -0.19
-1.06 -0.07
-0.78 0.195
-0.85 0.075
-0.92 -0.115
-0.95 -0.105
-1.01 -0.225
-1.14 -0.17
-1.04 -0.38
-1.03 -0.415
-1 -0.17
-0.97 -0.19
-1.07 0.355
-1.03 0.155
-0.85 0.1
-0.82 0.26
-0.87 0.15
-0.97 0.045
-1.11 -0.115
-0.86 -0.06
-0.98 0.025
-0.96 -0.03
-0.85 -0.005
-0.95 -0.34
-0.86 -0.115
-1.08 -0.405
-1.03 -0.555
-1.16 -0.51
-1.08 -0.43
-0.91 -0.37
-0.93 0.035
-0.99 0.045
-1.01 0.09
-0.83 -0.155
-0.94 -0.17
-0.83 0.12
-0.96 0.085
-1.08 -0.105
-0.96 -0.225
-0.87 -0.095
-1.19 -0.485
-1.12 -0.465
-0.99 -0.16
-0.88 -0.17
-0.94 0.235
-0.91 0.08
-0.99 0.22
-1.05 0.35
-0.98 0.34
-1.02 0.295
-1.03 0.355
-1 0.43
-0.96 0.275
-1.02 0.27
-0.9 0.165
-0.83 -0.045
-1.02 0.08
-0.97 -0.155
-0.79 -0.255
-0.73 -0.135
-0.88 -0.09
-1.11 -0.16
-1.04 -0.25
-1.08 -0.005
-1.08 -0.045
-0.96 -0.2
-1.04 -0.365
-0.84 -0.175
-0.88 -0.045
-0.85 -0.235
-1.08 -0.13
-0.92 -0.02
-0.99 0.02
-1.05 -0.375
-0.94 -0.3
-1.03 -0.35
-1.08 -0.205
-0.93 -0.05
-1.03 -0.03
-0.9 0.24
-0.77 0.105
-1.05 0.28
-0.97 0.1
-0.81 -0.115
-0.94 0.02
-0.91 0.25
-1.07 0.165
-0.99 0.015
-0.77 -0.1
-0.89 0.105
-1.01 0.195
-1.03 -0.01
-0.86 -0.06
-0.89 0.125
-1.12 0.055
-1.14 -0.045
-0.87 -0.075
-0.93 -0.175
-0.96 0.095
-0.89 0.385
-1.02 0.37
-1.2 0.555
-0.97 0.38
-0.82 -0.02
-1 0.15
-0.98 -0.005
-1.02 -0.075
-1.02 -0.245
-0.91 -0.125
-1.19 -0.365
-1.15 -0.35
-1.04 -0.34
-0.98 -0.33
-1.19 -0.495
-0.89 -0.075
-1.03 -0.145
-1.12 -0.475
-1.06 -0.27
-1.14 -0.25
-0.99 0.105
-0.91 -0.025
-1.02 -0.07
-0.97 0.1
-0.91 0.08
-0.91 0.155
-1.15 0.075
-1.1 0.385
-1.01 0.15
-1.14 0.12
-0.83 0.09
-0.84 -0.015
-0.87 -0.21
-0.81 -0.22
-1.07 -0.14
-0.93 -0.22
-0.8 0.165
-0.99 0.04
-0.87 0.205
-1.04 0.385
-1 0.265
-0.89 0.165
-0.91 0.175
-0.93 -0.005
-0.96 0.07
-0.99 0.345
-0.87 0.15
-0.83 0.295
-1.03 0.35
-0.82 0.245
-0.97 0.235
-0.83 0.07
-1.02 0.22
-0.98 -0.02
-0.96 0.22
-1.02 -0.175
-1.04 -0.025
-0.89 0.005
-1.08 -0.2
-0.86 -0.035
-1.09 -0.275
-0.89 0.16
-1.09 -0.035
-1.23 -0.365
-0.83 -0.065
-0.98 -0.3
-0.9 -0.155
-1.05 0.23
-0.91 -0.075
-0.99 -0.045
-0.91 -0.035
-1.04 -0.17
-1.06 -0.115
-0.96 -0.27
-1.01 -0.05
-0.93 0.16
-0.94 0.045
-1.11 -0.015
-1.09 0.035
-1 -0.145
-1.06 -0.185
-0.88 -0.155
-0.95 -0.31
-1.13 -0.37
-1.02 -0.165
-0.81 -0.085
-1.09 -0.105
-0.95 -0.25
-0.93 -0.185
-0.79 -0.17
-0.93 -0.065
-0.95 -0.285
-1.16 -0.28
-0.9 -0.195
-1.15 -0.38
-0.88 -0.275
-1.02 -0.48
-1.01 -0.43
-1.03 -0.475
-1.05 -0.325
-0.93 -0.35
-0.98 -0.24
-0.99 -0.25
-0.98 -0.41
-1.09 -0.405
-1.12 -0.435
-1.13 -0.53
-1.13 -0.385
-1.09 -0.29
-0.9 -0.065
-0.85 -0.17
-1.02 -0.05
-1.15 0.04
-0.95 -0.16
-0.88 -0.17
-0.74 -0.075
-1.08 0.055
-1.19 -0.18
-0.98 -0.065
-0.95 -0.09
-1.16 0.075
-0.87 -0.085
-0.97 -0.065
-1.08 -0.23
-1.03 -0.16
-1.01 0.01
-0.84 0.125
-0.83 -0.02
-0.9 0.03
-0.97 -0.135
-0.98 -0.15
-0.94 -0.065
-1.03 0.03
-0.97 0.24
-0.97 0.12
-0.95 0.03
-0.69 -0.02
-0.9 0.14
-1.14 0.41
-1.09 0.44
-1.11 0.405
-1.04 0.295
-1.3 0.64
-1.15 0.29
-1.13 0.3
-0.85 -0.17
-0.87 0.065
-1.01 0.125
-0.94 0.095
-1.19 -0.525
-1.14 -0.565
-0.97 -0.405
-1.07 -0.43
-1.01 0.225
-0.93 0.155
-0.99 0.24
-0.78 0.235
-1.04 0.13
-0.85 0.155
-1.05 -0.015
-1.04 0.01
-1.16 -0.19
-0.75 0.175
-0.91 0.115
-1.07 0.185
-0.89 0.125
-0.82 0.02
-0.97 0.03
-0.9 -0.3
-0.81 -0.1
-1.13 -0.095
-1.06 -0.27
-0.89 -0.27
-0.86 0.04
-1.05 0.385
-0.88 0.3
-1.13 0.32
-1.02 0.285
-0.97 0.205
-0.9 0.295
-0.79 -0.105
-0.9 0.045
-1.14 0.06
-0.95 0.345
-0.91 0.335
-1.06 0.32
-0.96 -0.08
-0.94 0.025
-0.81 -0.02
-0.93 -0.2
-1.05 -0.12
-0.87 -0.03
-1.11 0.11
-0.9 -0.15
-0.86 -0.055
-0.87 0.06
-0.8 -0.04
-1.19 -0.375
-1.03 -0.405
-0.9 -0.175
-1.04 -0.165
-1.06 -0.11
-1.1 -0.17
-0.79 -0.125
-0.97 -0.09
-0.99 -0.17
-0.84 -0.06
-0.9 0.01
-0.95 -0.005
-0.94 0.135
-1.08 0.5
-1.15 0.17
-1.06 0.12
-0.93 0.045
-1.04 0.165
-1.06 0.105
-1.01 -0.21
-0.93 -0.08
-1.05 -0.195
-1.08 -0.015
-0.9 -0.065
-0.81 -0.095
-1.15 -0.17
-1.09 -0.135
-0.91 0.06
-1.17 0.375
-1.06 0.46
-1.31 0.725
-1.24 0.685
-1.21 0.625
-1.11 0.47
-1.2 0.55
-1.01 0.305
-0.81 0.185
-0.88 -0.19
-1.14 -0.345
-0.95 -0.185
-1.08 -0.05
-0.84 0.04
-0.91 -0.34
-0.83 -0.26
-0.82 0.02
-1.09 -0.08
-0.98 0.26
-1.15 0.57
-1.01 0.455
-0.85 0.275
-0.82 0.34
-0.95 0.28
-0.98 0.035
-0.88 0.14
-0.95 -0.12
-1 -0.21
-1.07 -0.205
-1.04 -0.145
-0.94 -0.315
-1.03 -0.215
-0.89 -0.045
-0.95 -0.145
-0.9 -0.08
-0.98 -0.14
-1.07 -0.29
-1 -0.37
-0.84 -0.345
-1.1 -0.405
-1.08 -0.195
-0.9 0.175
-0.97 0.235
-0.96 0.22
-1 -0.08
-1.08 -0.375
-1.25 -0.57
-1.02 -0.49
-1.18 -0.41
-1.05 -0.34
-0.94 -0.28
-1.09 -0.03
-0.96 -0.17
-0.91 -0.2
-1.09 -0.025
-1.06 0.08
-1.05 -0.08
-0.96 0.075
-1 0.125
-1.08 0.175
-1.04 0.22
-1.06 0.24
-0.93 0.19
-1.03 -0.1
-0.94 -0.2
-0.84 0.185
-0.98 -0.055
-1.13 -0.23
-0.99 -0.255
-1.13 -0.145
-1.01 -0.01
-0.99 -0.125
-0.81 -0.205
-0.97 -0.29
-0.82 -0.105
-1.08 -0.115
-1.03 0.02
-0.76 0.125
-1.09 -0.045
-1.03 -0.085
-1.04 -0.16
-1.05 -0.075
-0.99 -0.02
-0.8 -0.12
-0.97 0.3
-1.03 0.005
-1.11 -0.205
-0.86 -0.005
-0.98 -0.095
-1.29 0.245
-1.03 0.145
-1.03 0.175
-1.03 0.29
-0.86 0.095
-0.93 -0.21
-1.05 -0.015
-0.88 0.045
-0.86 0.035
-1.21 0.43
-0.86 0.105
-1.04 -0.11
-1.01 0.115
-1 0.32
-0.94 -0.03
-0.87 -0.335
-0.96 -0.155
-1.09 0.165
-0.85 -0.01
-0.93 -0.015
-0.96 -0.09
-0.89 -0.14
-0.96 -0.475
-0.9 -0.18
-1.15 -0.24
-0.95 -0.135
-0.96 -0.305
-0.95 -0.385
-0.72 -0.175
-1.05 0.08
-1.02 0.14
-0.92 0.215
-0.76 0.17
-1.11 0.25
-0.86 0.17
-1.06 0.34
-1.13 0.315
-0.89 0.06
-0.99 0.005
-1.05 0.165
-0.96 0.225
-0.87 0.225
-1.07 0.465
-0.83 0.355
-0.98 0.475
-1.18 0.45
-0.75 0.185
-0.91 0.33
-1.04 0.225
-0.89 0.19
-1.03 0.485
-0.94 0.38
-1.11 0.535
-0.99 0.47
-1.04 0.49
-1.09 0.625
-1 0.405
-0.96 0.32
-0.93 0.36
-0.93 0.22
-1.06 0.405
-1.03 0.5
-1 0.11
-1.02 -0.06
-1.04 -0.345
-0.97 -0.235
-1.03 0.17
-0.84 0.22
-1.08 0.545
-1.04 0.535
-0.95 0.265
-0.92 0.255
-0.89 0.16
-0.88 0.24
-0.78 -0.095
-0.73 0.15
-1.03 0.135
-0.91 0.17
-1.08 0.305
-1.25 0.315
-0.96 0.325
-0.9 0.32
-0.97 -0.205
-0.88 -0.27
-1.04 0.015
-1.04 -0.025
-0.96 -0.195
-0.94 -0.035
-1.01 -0.18
-1.09 0.015
-0.94 -0.24
-0.81 -0.115
-0.88 0.2
-0.94 -0.02
-0.79 0.05
-0.96 0.05
-0.98 0.07
-0.84 0.1
-0.86 0.135
-0.95 0.42
-1.07 0.375
-1.05 0.29
-0.87 0.355
-0.94 0.11
-1.04 0
-0.79 -0.2
-0.77 -0.235
-1.06 -0.18
-0.85 0.035
-0.88 -0.12
-0.86 -0.155
-0.91 -0.155
-0.86 -0.19
-1 -0.28
-0.76 -0.05
-0.89 0.03
-0.93 0.035
-0.92 -0.11
-0.9 0.195
-0.87 0.055
-1.15 -0.175
-1.09 0.065
-1.17 -0.33
-1.03 -0.435
-0.79 -0.33
-1.03 -0.425
-1.04 -0.345
-1 -0.05
-0.99 -0.065
-0.89 0.055
-1.02 0.03
-0.92 -0.04
-1.09 0
-1.13 0.04
-1.02 0.015
-0.85 -0.125
-1.06 -0.56
-0.92 -0.37
-0.99 -0.095
-1.09 0.235
-1.08 -0.045
-0.81 -0.165
-0.92 -0.27
-0.88 -0.32
-0.99 -0.29
-0.99 -0.065
-0.82 -0.09
-0.92 -0.065
-1.07 0.005
-1.04 0.245
-0.96 0.03
-0.94 0.12
-0.93 -0.055
-1.02 0
-1.03 -0.085
-0.94 0.15
-0.85 0.145
-0.96 -0.015
-1 0.02
-0.86 0.11
-0.79 -0.08
-1.03 0.05
-1.05 0.03
-0.99 0.135
-1.11 -0.225
-1.11 0.005
-0.87 -0.12
-0.99 -0.03
-0.93 -0.225
-0.9 0.03
-0.74 -0.25
-0.86 -0.275
-0.96 -0.225
-0.8 -0.01
-1.1 0.015
-0.88 0.17
-1.04 0.07
-1.03 0.075
-1.11 0.17
-0.81 -0.055
-1.25 -0.31
-1.11 -0.32
-0.87 -0.245
-0.95 -0.185
-1.08 -0.35
-0.97 -0.255
-0.96 -0.235
-0.89 -0.205
-0.85 -0.04
-0.9 0.01
-0.94 -0.215
-1.12 -0.4
-1.05 -0.355
-1.01 -0.4
-0.95 -0.17
-0.89 -0.095
-0.99 0.19
-1.01 0.165
-1.05 0.19
-1.02 0.33
-0.81 0.08
-1.15 0.315
-0.94 0.19
-0.92 -0.015
-0.97 0.265
-1 0
-0.86 0.085
-0.82 0.075
-1.09 0.4
-0.97 0.12
-1.01 0.075
-1.1 0.36
-1.08 0.16
-1.23 0.16
-0.97 0.025
-1.03 0.265
-1.02 -0.015
-0.89 0.36
-0.88 0.13
-0.84 -0.18
-0.91 -0.285
-0.96 -0.22
-1.1 -0.335
-0.98 -0.255
-0.87 -0.415
-0.88 -0.075
-1.03 -0.005
-0.83 -0.045
-1.13 0.135
-0.89 -0.02
-0.9 0.105
-0.89 0.26
-0.9 0.05
-1.06 0.045
-0.98 0.38
-1.04 0.33
-1.07 0.425
-0.95 0.225
-1.17 0.58
-1.14 0.64
-0.93 0.375
-1.01 0.32
-0.87 0.365
-0.88 -0.06
-0.81 0.165
-1.08 0.41
-0.94 0.32
-1.02 0.01
-1.02 0.28
-0.87 0.34
-1.01 0.36
-1.06 0.405
-1.06 0.45
-1.13 0.355
-0.93 0.13
-1 0.08
-0.99 0.14
-0.98 0.2
-1.08 -0.075
-1.07 -0.055
-1.1 -0.1
-1.07 -0.165
-1.01 0.185
-1.11 -0.09
-1 -0.275
-1.11 -0.535
-1.07 -0.455
-1.08 -0.41
-1.04 -0.335
-1.06 -0.205
-0.95 -0.14
-0.84 -0.205
-0.93 -0.255
-1.23 -0.385
-1.01 -0.43
-1.11 -0.365
-0.86 -0.22
-1.03 0.06
-0.98 0.005
-1.09 0.03
-1.17 0.22
-1.13 -0.05
-0.94 0.08
-0.81 -0.22
-1 -0.08
-0.95 -0.12
-1.11 0.02
-0.93 0.04
-0.93 -0.1
-0.96 0.18
-1.07 0.31
-0.91 0.18
-1 -0.06
-0.89 -0.04
-1.01 0.04
-0.74 0.175
-0.96 0.105
-1 0.15
-1.02 0.07
-0.93 0.31
-0.82 0.345
-0.84 -0.04
-0.97 -0.17
-0.91 -0.115
-0.96 -0.19
-1.16 -0.05
-1.07 -0.16
-1.08 -0.305
-0.95 -0.25
-0.99 -0.45
-1.05 -0.45
-1.1 -0.635
-1.11 -0.46
-1.04 -0.335
-0.78 0.155
-0.89 0.045
-0.93 0.1
-0.98 0.05
-0.92 -0.085
-0.97 -0.095
-0.88 -0.015
-1.01 0.29
-0.95 0.315
-0.95 0.2
-1.05 0.375
-1.09 0.205
-1.02 0.375
-0.98 -0.24
-0.96 -0.005
-0.87 0.05
-0.85 0.035
-0.97 -0.2
-0.92 -0.335
-1.01 -0.47
-0.9 -0.345
-0.86 -0.12
-1.09 -0.175
-1.11 -0.27
-1.11 -0.245
-1.06 -0.3
-0.84 -0.22
-0.97 -0.28
-0.94 -0.4
-0.96 -0.125
-1.07 -0.1
-0.94 -0.135
-0.91 -0.045
-0.95 -0.19
-0.85 0.15
-0.93 0.065
-0.93 0.18
-1.03 0.295
-1.16 0.465
-1.04 0.325
-0.76 0.005
-0.86 0.15
-0.95 0.12
-1.07 -0.08
-0.93 0.055
-0.96 0.175
-1.21 0.505
-1.05 0.3
-1.04 0.33
-0.85 0.195
-1.06 0.46
-0.81 0.285
-1.01 0.545
-1.02 0.375
-1.35 0.385
-0.92 0.175
-0.91 -0.04
-0.95 -0.135
-1.03 -0.1
-0.98 -0.02
-1.05 0.035
-0.86 0.11
-0.89 0.025
-0.88 -0.125
-0.9 0.025
-1.02 -0.19
-1.02 -0.2
-1.09 -0.17
-0.78 -0.055
-1.1 -0.35
-0.98 -0.38
-1.05 -0.35
-0.97 -0.055
-0.94 -0.09
-0.82 -0.11
-1.02 -0.095
-0.94 -0.225
-1.17 -0.4
-0.9 -0.195
-0.95 -0.38
-0.8 -0.42
-0.8 -0.305
-0.97 -0.255
-1.04 -0.225
-1.19 -0.475
-1.23 -0.465
-0.92 -0.135
-0.92 -0.215
-0.87 -0.195
-1.16 -0.415
-1.26 -0.515
-0.99 -0.315
-1.17 -0.39
-0.94 -0.28
-1.05 -0.05
-0.97 0.22
-0.87 0.005
-0.79 0.195
-0.88 0.225
-1.04 0.14
-0.95 0.01
-0.89 0.285
-0.94 0.38
-0.85 0.125
-0.97 0.405
-0.96 0.2
-1.01 -0.005
-1.08 -0.095
-0.9 -0.17
-0.82 0.12
-0.85 0.01
-0.96 0.215
-1.02 0.32
-0.84 0.385
-0.94 0.39
-0.97 0.25
-0.9 -0.005
-0.78 -0.15
-0.99 -0.31
-0.99 -0.33
-1.16 -0.27
-1.12 -0.425
-1.06 -0.39
-1.11 -0.285
-0.9 -0.045
-1.11 0.015
-1.09 -0.005
-0.97 0.19
-0.97 0.095
-0.84 0
-0.72 0.015
-0.9 -0.015
-1.02 0.19
-0.99 0.335
-1 0.225
-0.93 0.07
-0.89 0.075
-1 0.22
-0.91 -0.09
-0.95 0.175
-1.04 0.33
-0.95 0.105
-1.16 0.085
-0.82 -0.05
-0.94 -0.055
-0.85 0.05
-0.87 0.26
-1.02 0.09
-0.88 -0.09
-0.93 0.065
-1.07 -0.29
-0.96 -0.02
-0.85 -0.015
-0.85 0.2
-0.91 0.225
-1 0.25
-0.98 0.365
-0.99 0.365
-0.97 0.41
-1.23 0.625
-1.1 0.555
-0.99 0.25
-1 0.255
-0.95 0.295
-0.99 0.315
-1.06 0.51
-0.86 0.13
-1.07 0.01
-1.17 0.255
-1.03 0.1
-1.04 -0.015
-0.99 -0.265
-0.88 -0.25
-1.03 0.08
-1.04 -0.1
-0.71 0.1
-1.03 0.22
-1.05 0.285
-1.2 0.33
-1.06 0.07
-1 -0.325
-1.01 -0.44
