-1.13 -0.205
-1.2 -0.41
-1.13 -0.155
-1.27 -0.4
-1.3 -0.27
-1.08 -0.185
-0.96 -0.135
-1.11 0.245
-1.42 0.185
-1.12 0.185
-1.27 0.315
-1.29 0.175
-1.13 0.1
-1.21 -0.005
-1.43 0.25
-1.16 0.33
-1.2 0.42
-1.27 0.415
-1.34 0.635
-1.43 0.775
-1.36 0.685
-1.32 0.63
-1.37 0.57
-1.35 0.675
-1.37 0.65
-1.33 0.68
-1.25 0.65
-1.51 0.765
-1.67 0.905
-1.49 0.795
-1.47 0.82
-1.41 0.785
-1.4 0.54
-1.25 0.265
-1.15 0.12
-0.98 0.03
-0.99 -0.045
-1.16 -0.115
-1.37 -0.155
-1.32 -0.185
-1.16 -0.015
-1.23 -0.335
-1.45 -0.67
-1.34 -0.74
-1.55 -0.78
-1.5 -0.73
-1.49 -0.735
-1.58 -0.795
-1.48 -0.765
-1.55 -0.86
-1.36 -0.71
-1.34 -0.765
-1.53 -0.75
-1.3 -0.59
-1.33 -0.605
-1.22 -0.6
-1.34 -0.7
-1.37 -0.66
-1.2 -0.51
-1.11 -0.315
-1.31 -0.46
-1.5 -0.65
-1.44 -0.7
-1.38 -0.62
-1.55 -0.835
-1.36 -0.75
-1.51 -0.8
-1.41 -0.74
-1.44 -0.78
-1.46 -0.77
-1.44 -0.815
-1.35 -0.73
-1.48 -0.82
-1.47 -0.79
-1.65 -0.855
-1.56 -0.835
-1.29 -0.69
-1.26 -0.595
-1.34 -0.72
-1.5 -0.83
-1.35 -0.6
-1.49 -0.71
-1.27 -0.55
-1.45 -0.715
-1.28 -0.32
-1.12 -0.295
-1.13 -0.295
-1.09 -0.22
-1.13 -0.205
-1.06 -0.205
-1.18 -0.415
-1.21 -0.385
-1.24 -0.36
-1.25 -0.495
-1.25 -0.66
-1.45 -0.78
-1.3 -0.755
-1.37 -0.735
-1.29 -0.735
-1.4 -0.65
-1.18 -0.505
-1.38 -0.59
-1.42 -0.77
-1.43 -0.755
-1.56 -0.84
-1.51 -0.855
-1.51 -0.85
-1.27 -0.66
-1.45 -0.73
-1.43 -0.785
-1.62 -0.87
-1.41 -0.77
-1.53 -0.85
-1.27 -0.69
-1.58 -0.86
-1.43 -0.69
-1.47 -0.74
-1.52 -0.78
-1.36 -0.66
-1.38 -0.715
-1.48 -0.725
-1.51 -0.74
-1.53 -0.845
-1.59 -0.86
-1.42 -0.75
-1.41 -0.71
-1.26 -0.63
-1.29 -0.605
-1.33 -0.665
-1.46 -0.77
-1.26 -0.545
-1.42 -0.62
-1.34 -0.54
-1.33 -0.63
-1.2 -0.53
-1.37 -0.695
-1.3 -0.755
-1.55 -0.75
-1.54 -0.755
-1.37 -0.62
-0.94 -0.11
-1.26 -0.205
-1.24 -0.285
-1.3 -0.375
-1.22 -0.19
-1.24 -0.545
-1.47 -0.75
-1.56 -0.82
-1.58 -0.845
-1.23 -0.555
-1.31 -0.62
-1.39 -0.57
-1.3 -0.21
-1.26 -0.28
-1.08 -0.4
-1.29 -0.565
-1.3 -0.585
-1.35 -0.7
-1.51 -0.71
-1.22 -0.45
-1.28 -0.58
-1.39 -0.545
-1.31 -0.47
-1.15 -0.41
-1.2 -0.69
-1.43 -0.69
-1.11 -0.53
-1 -0.285
-1.35 -0.415
-1.18 -0.33
-1.31 -0.67
-1.46 -0.805
-1.5 -0.68
-1.3 -0.535
-1.33 -0.44
-1.33 -0.43
-1.28 -0.5
-1.55 -0.825
-1.58 -0.875
-1.47 -0.795
-1.46 -0.725
-1.4 -0.615
-1.38 -0.68
-1.28 -0.585
-1.41 -0.735
-1.46 -0.71
-1.43 -0.77
-1.35 -0.72
-1.34 -0.65
-1.14 -0.555
-1.45 -0.725
-1.41 -0.705
-1.42 -0.775
-1.5 -0.75
-1.31 -0.6
-1.19 -0.175
-1.2 -0.14
-1.1 -0.055
-1.07 0.045
-1.25 -0.17
-1.15 0.105
-1.27 0.14
-1.1 -0.015
-1.28 -0.03
-1.04 0.115
-1.3 0.53
-1.33 0.42
-1.45 0.56
-1.31 0.26
-1.09 0.06
-1.04 0.08
-1.1 0.165
-1.22 0.015
-1.28 -0.01
-1.27 -0.16
-1.4 -0.12
-1.06 0.09
-1.28 0.4
-1.16 0.205
-1.46 0.365
-1.17 0.385
-1.02 0.305
-1.18 0.34
-1.24 0.625
-1.43 0.785
-1.35 0.745
-1.4 0.765
-1.36 0.73
-1.3 0.505
-1.23 0.375
-1.23 0.475
-1.08 0.41
-1.52 0.49
-1.34 0.675
-1.59 0.86
-1.59 0.86
-1.43 0.75
-1.48 0.79
-1.47 0.79
-1.64 0.865
-1.39 0.71
-1.33 0.72
-1.34 0.695
-1.45 0.7
-1.51 0.8
-1.33 0.715
-1.54 0.805
-1.36 0.75
-1.51 0.81
-1.5 0.825
-1.66 0.86
-1.47 0.74
-1.2 0.57
-1.18 0.595
-1.45 0.81
-1.32 0.725
-1.48 0.74
-1.42 0.76
-1.51 0.825
-1.46 0.725
-1.4 0.745
-1.27 0.64
-1.35 0.53
-1.42 0.495
-1.34 0.6
-1.37 0.52
-1.33 0.55
-1.56 0.85
-1.41 0.785
-1.42 0.76
-1.3 0.7
-1.39 0.73
-1.49 0.8
-1.32 0.615
-1.35 0.735
-1.33 0.63
-1.18 0.52
-1.3 0.6
-1.44 0.66
-1.29 0.66
-1.64 0.89
-1.37 0.74
-1.31 0.565
-1.24 0.585
-1.46 0.64
-1.21 0.53
-1.13 0.495
-1.28 0.535
-1.2 0.47
-1.38 0.585
-1.32 0.66
-1.25 0.555
-1.27 0.55
-1.23 0.515
-1.14 0.15
-1.15 0.16
-1.12 0.13
-1.3 0.51
-1.43 0.715
-1.57 0.78
-1.45 0.775
-1.28 0.565
-1.23 0.495
-1.25 0.565
-1.31 0.595
-1.18 0.6
-1.19 0.46
-1.21 0.495
-1.33 0.7
-1.45 0.7
-1.26 0.62
-1.14 0.46
-1.19 0.21
-1.11 0.435
-1.11 0.425
-1.16 0.5
-1.21 0.67
-1.51 0.77
-1.28 0.545
-1.27 0.41
-1.14 0.455
-1.08 0.355
-1.16 0.315
-1.4 0.29
-1.3 0.545
-1.46 0.77
-1.34 0.675
-1.3 0.635
-1.39 0.775
-1.47 0.8
-1.53 0.82
-1.54 0.845
-1.34 0.7
-1.38 0.74
-1.14 0.51
-1.37 0.345
-1.14 0.405
-1.23 0.37
-1.15 0.45
-1.32 0.595
-1.44 0.8
-1.51 0.83
-1.49 0.765
-1.66 0.885
-1.37 0.77
-1.55 0.85
-1.29 0.69
-1.22 0.565
-1.24 0.57
-1.35 0.64
-1.28 0.63
-1.45 0.665
-1.49 0.78
-1.38 0.685
-1.37 0.715
-1.61 0.865
-1.34 0.735
-1.45 0.695
-1.2 0.635
-1.14 0.295
-1.13 0.36
-1.35 0.67
-1.55 0.83
-1.52 0.82
-1.51 0.755
-1.36 0.455
-1.26 0.36
-1.22 0.47
-1.32 0.485
-1.34 0.575
-1.2 0.54
-1.48 0.74
-1.42 0.74
-1.27 0.58
-1.47 0.63
-1.46 0.755
-1.36 0.675
-1.51 0.7
-1.44 0.7
-1.3 0.675
-1.25 0.61
-1.33 0.735
-1.38 0.645
-1.41 0.62
-1.29 0.545
-1.38 0.71
-1.31 0.58
-1.04 0.355
-1.22 0.21
-1.13 0.31
-1.23 0.415
-1.23 0.31
-1.15 0.165
-1.19 0.515
-1.23 0.495
-1.18 0.53
-1.39 0.605
-1.49 0.64
-1.41 0.51
-1.39 0.725
-1.34 0.72
-1.35 0.71
-1.39 0.675
-1.24 0.575
-1.28 0.69
-1.24 0.72
-1.57 0.88
-1.53 0.83
-1.41 0.78
-1.21 0.535
-1.27 0.575
-1.37 0.59
-1.26 0.635
-1.4 0.68
-1.21 0.485
-1.05 0.32
-1.18 0.16
-1.21 0.135
-1.19 0.075
-0.95 0.13
-1.23 0.22
-1.17 0.195
-1.09 -0.04
-0.97 -0.14
-1.21 0.205
-1.17 0.14
-1.13 0.07
-1.11 0.33
-1.18 0.46
-1.14 0.475
-1.26 0.57
-1.29 0.565
-1.16 0.46
-1.13 0.39
-1.25 0.47
-1.36 0.585
-1.27 0.48
-1.35 0.585
-1.21 0.445
-1.09 0.455
-1.2 0.365
-1.18 0.32
-1.3 0.465
-1.6 0.725
-1.3 0.595
-1.26 0.645
-1.51 0.795
-1.4 0.735
-1.29 0.46
-1.34 0.655
-1.19 0.51
-1.34 0.485
-1.28 0.3
-1.19 0.44
-1.37 0.65
-1.41 0.755
-1.42 0.735
-1.32 0.675
-1.27 0.555
-1.23 0.635
-1.58 0.84
-1.52 0.83
-1.62 0.88
-1.47 0.81
-1.31 0.61
-1.32 0.635
-1.44 0.725
-1.47 0.81
-1.25 0.625
-1.34 0.665
-1.52 0.815
-1.35 0.715
-1.61 0.87
-1.65 0.895
-1.41 0.78
-1.47 0.74
-1.37 0.665
-1.38 0.74
-1.43 0.7
-1.28 0.685
-1.32 0.595
-1.29 0.57
-1.41 0.765
-1.52 0.84
-1.43 0.805
-1.56 0.85
-1.48 0.825
-1.62 0.84
-1.45 0.795
-1.29 0.665
-1.56 0.865
-1.44 0.78
-1.65 0.85
-1.24 0.585
-1.46 0.815
-1.44 0.76
-1.61 0.83
-1.49 0.8
-1.47 0.74
-1.3 0.68
-1.56 0.84
-1.34 0.725
-1.65 0.88
-1.49 0.715
-1.27 0.585
-1.21 0.47
-1.34 0.625
-1.4 0.72
-1.28 0.62
-1.25 0.555
-1.47 0.74
-1.37 0.735
-1.41 0.72
-1.56 0.78
-1.38 0.74
-1.33 0.575
-1.29 0.58
-1.36 0.505
-1.14 0.3
-1.15 0.265
-1.15 0.355
-1.26 0.205
-1.17 0.08
-1.22 -0.175
-1.24 -0.17
-1.25 -0.415
-1.25 -0.47
-1.25 -0.5
-1.14 -0.295
-1.12 -0.305
-1.33 -0.39
-1.45 -0.57
-1.42 -0.64
-1.5 -0.75
-1.45 -0.77
-1.57 -0.84
-1.3 -0.645
-1.44 -0.77
-1.31 -0.705
-1.29 -0.655
-1.38 -0.765
-1.7 -0.89
-1.35 -0.73
-1.59 -0.85
-1.3 -0.695
-1.28 -0.69
-1.43 -0.805
-1.23 -0.56
-1.23 -0.57
-1.28 -0.645
-1.26 -0.665
-1.28 -0.645
-1.4 -0.77
-1.24 -0.685
-1.38 -0.69
-1.34 -0.685
-1.3 -0.56
-1.34 -0.64
-1.34 -0.63
-1.33 -0.615
-1.26 -0.61
-1.66 -0.88
-1.48 -0.795
-1.54 -0.81
-1.56 -0.86
-1.46 -0.76
-1.5 -0.845
-1.34 -0.71
-1.41 -0.725
-1.72 -0.89
-1.49 -0.79
-1.45 -0.72
-1.45 -0.78
-1.44 -0.745
-1.4 -0.705
-1.66 -0.9
-1.47 -0.78
-1.35 -0.74
-1.42 -0.705
-1.48 -0.78
-1.43 -0.7
-1.41 -0.715
-1.14 -0.545
-1.36 -0.675
-1.42 -0.615
-1.51 -0.75
-1.52 -0.83
-1.27 -0.67
-1.28 -0.65
-1.44 -0.8
-1.48 -0.78
-1.61 -0.835
-1.48 -0.8
-1.61 -0.86
-1.53 -0.81
-1.44 -0.765
-1.59 -0.87
-1.42 -0.735
-1.62 -0.87
-1.5 -0.815
-1.51 -0.82
-1.47 -0.775
-1.55 -0.86
-1.53 -0.815
-1.35 -0.63
-1.27 -0.555
-1.15 -0.46
-1.26 -0.605
-1.29 -0.57
-1.51 -0.795
-1.35 -0.645
-1.57 -0.78
-1.3 -0.625
-1.28 -0.66
-1.38 -0.745
-1.37 -0.74
-1.32 -0.53
-1.27 -0.525
-1.36 -0.675
-1.43 -0.64
-1.4 -0.685
-1.33 -0.73
-1.26 -0.675
-1.46 -0.77
-1.41 -0.62
-1.34 -0.51
-1.28 -0.55
-1.08 -0.51
-1.2 -0.415
-1.26 -0.465
-1.34 -0.54
-1.18 -0.33
-1.16 -0.075
-1.18 -0.195
-1.07 -0.145
-1.17 -0.07
-1.35 0.03
-1.11 0.105
-1.1 0.025
-1.23 -0.12
-1.33 -0.29
-0.94 -0.245
-1.13 0.07
-1.2 -0.11
-1.35 -0.105
-1.09 -0.1
-1.14 -0.155
-1.17 -0.19
-1.11 -0.165
-0.98 -0.08
-1.32 0.035
-1.29 0.19
-1.23 0.34
-1.18 0.135
-1.17 0.19
-1.19 0.255
-1.02 0.29
-1.07 0.35
-1.14 0.005
-0.98 0.01
-1.13 -0.285
-1.09 -0.105
-1.24 0.04
-1.14 0.3
-1.08 0.085
-1.26 0.43
-1.3 0.465
-1.25 0.395
-1.15 0.28
-1.34 0.425
-1.14 0.35
-1.32 0.4
-1.27 0.275
-1.19 0.21
-1.4 0.4
-1.14 0.37
-1.3 0.545
-1.13 0.245
-1.16 0.51
-1.2 0.295
-1.36 0.415
-1.3 0.245
-1.36 -0.27
-1.14 -0.165
-1.32 -0.235
-1.42 -0.145
-1.31 -0.43
-1.28 -0.645
-1.42 -0.705
-1.41 -0.565
-1.22 -0.38
-1.27 -0.415
-1.3 -0.58
-1.26 -0.735
-1.4 -0.785
-1.57 -0.765
-1.5 -0.71
-1.48 -0.745
-1.52 -0.795
-1.47 -0.805
-1.52 -0.815
-1.3 -0.625
-1.56 -0.825
-1.32 -0.7
-1.26 -0.47
-1.41 -0.695
-1.31 -0.775
-1.34 -0.65
-1.24 -0.515
-1.31 -0.365
-1.25 -0.22
-1.2 -0.27
-1.31 -0.29
-1.28 -0.44
-1.48 -0.665
-1.33 -0.585
-1.23 -0.42
-1.16 -0.455
-1.16 -0.39
-1.43 -0.645
-1.45 -0.77
-1.49 -0.84
-1.18 -0.535
-1.11 -0.445
-1.15 -0.38
-1.06 -0.095
-0.94 0.14
-1.13 0.25
-1.25 0.26
-1.19 0.4
-1.2 0.41
-1.34 0.66
-1.34 0.71
-1.41 0.71
-1.22 0.675
-1.41 0.685
-1.2 0.51
-1.05 0.4
-1.28 0.6
-1.18 0.61
-1.38 0.54
-1.29 0.705
-1.47 0.72
-1.51 0.82
-1.39 0.715
-1.38 0.715
-1.59 0.865
-1.54 0.825
-1.52 0.81
-1.46 0.75
-1.31 0.585
-1.41 0.65
-1.38 0.715
-1.35 0.615
-1.44 0.745
-1.35 0.48
-1.28 0.66
-1.4 0.7
-1.67 0.895
-1.55 0.81
-1.36 0.72
-1.53 0.76
-1.59 0.755
-1.31 0.685
-1.29 0.695
-1.33 0.695
-1.47 0.79
-1.42 0.615
-1.27 0.385
-1.25 0.525
-1.23 0.37
-1.15 0.555
-1.14 0.305
-1.26 0.32
-1.16 0.47
-1.24 0.41
-1.37 0.595
-1.3 0.46
-1.13 0.29
-1.27 0.175
-1.18 0.365
-1.26 0.455
-1.2 0.415
-1.48 0.655
-1.36 0.68
-1.38 0.745
-1.73 0.915
-1.27 0.635
-1.22 0.48
-1.42 0.535
-1.2 0.345
-1.14 0.485
-1.47 0.805
-1.39 0.795
-1.55 0.845
-1.51 0.765
-1.38 0.75
-1.49 0.825
-1.73 0.92
-1.54 0.865
-1.45 0.75
-1.4 0.735
-1.42 0.74
-1.44 0.75
-1.43 0.72
-1.35 0.7
-1.52 0.76
-1.41 0.705
-1.4 0.64
-1.29 0.59
-1.13 0.35
-1.25 0.355
-1.11 0.135
-0.97 0.135
-1.19 0.345
-1.2 0.53
-1.52 0.76
-1.47 0.8
-1.24 0.485
-1.42 0.76
-1.53 0.77
-1.34 0.64
-1.52 0.83
-1.63 0.85
-1.41 0.67
-1.44 0.6
-1.39 0.63
-1.57 0.775
-1.46 0.75
-1.44 0.795
-1.5 0.83
-1.54 0.815
-1.37 0.725
-1.51 0.83
-1.38 0.715
-1.54 0.765
-1.32 0.64
-1.48 0.685
-1.47 0.765
-1.31 0.565
-1.23 0.595
-1.49 0.775
-1.57 0.805
-1.48 0.785
-1.24 0.565
-1.16 0.21
-1.25 0.425
-1.32 0.53
-1.12 0.5
-1.22 0.385
-1.2 0.555
-1.17 0.48
-1 0.44
-1.07 0.42
-1.35 0.355
-1.16 0.21
-1.06 0.345
-1.3 0.585
-1.3 0.475
-0.99 0.315
-1.12 0.33
-1.36 0.665
-1.45 0.76
-1.44 0.71
-1.48 0.785
-1.54 0.805
-1.75 0.91
-1.44 0.81
-1.57 0.775
-1.32 0.68
-1.61 0.88
-1.43 0.795
-1.44 0.75
-1.11 0.56
-1.17 0.37
-1.15 0.11
-1.16 0.3
-1.19 0.46
-1.42 0.615
-1.23 0.56
-1.25 0.335
-1.37 0.55
-1.39 0.465
-1.39 0.455
-1.27 0.56
-1.24 0.585
-1.35 0.55
-1.22 0.53
-1.41 0.62
-1.3 0.615
-1.57 0.77
-1.45 0.695
-1.1 0.53
-1.06 0.475
-1.22 0.585
-1.31 0.565
-1.32 0.645
-1.47 0.67
-1.18 0.545
-1.56 0.805
-1.28 0.65
-1.2 0.63
-1.47 0.785
-1.47 0.7
-1.56 0.855
-1.56 0.875
-1.5 0.775
-1.53 0.735
-1.39 0.68
-1.19 0.565
-1.42 0.765
-1.42 0.64
-1.49 0.725
-1.67 0.9
-1.36 0.68
-1.28 0.655
-1.26 0.47
-1.44 0.705
-1.36 0.73
-1.33 0.645
-1.15 0.55
-1.23 0.545
-1.19 0.225
-1.23 0.215
-1.18 0.295
-1.3 0.56
-1.35 0.445
-1.21 0.41
-1.33 0.32
-1.29 0.59
-1.21 0.565
-1.31 0.41
-1.2 0.47
-1.11 0.445
-1.29 0.595
-1.38 0.685
-1.4 0.585
-1.35 0.335
-1.37 0.455
-1.36 0.52
-1.28 0.44
-1.36 0.46
-1.09 0.475
-1.39 0.47
-1.29 0.57
-1.31 0.725
-1.43 0.785
-1.16 0.605
-1.44 0.635
-1.5 0.805
-1.48 0.8
-1.31 0.755
-1.49 0.78
-1.36 0.65
-1.41 0.71
-1.38 0.75
-1.36 0.62
-1.48 0.63
-1.25 0.615
-1.5 0.745
-1.36 0.715
-1.45 0.78
-1.21 0.655
-1.26 0.51
-1.36 0.515
-1.01 0.265
-1.15 0.385
-1.35 0.445
-1.33 0.65
-1.17 0.56
-1.13 0.41
-1.18 0.3
-1.42 0.55
-1.38 0.44
-1.16 0.39
-1.19 0.475
-1.24 0.455
-1.3 0.585
-1.18 0.34
-0.96 -0.02
-1.26 0.01
-1.15 -0.05
-1.2 0.35
-1.16 0.36
-1.24 0.41
-1.3 0.615
-1.32 0.615
-1.39 0.645
-1.73 0.905
-1.25 0.6
-1.36 0.625
-1.44 0.68
-1.42 0.705
-1.41 0.765
-1.61 0.865
-1.62 0.855
-1.52 0.83
-1.44 0.68
-1.44 0.75
-1.35 0.67
-1.48 0.705
-1.46 0.755
-1.43 0.77
-1.45 0.765
-1.37 0.485
-1.1 0.295
-1.41 0.53
-1.39 0.465
-1.29 0.44
-1.36 0.55
-1.11 0.53
-1 0.45
-1.31 0.545
-1.25 0.44
-1.27 0.655
-1.11 0.395
-1.07 0.43
-1.23 0.47
-1.18 0.44
-1.22 0.595
-1.5 0.835
-1.52 0.81
-1.34 0.665
-1.16 0.525
-1.22 0.555
-1.43 0.725
-1.3 0.68
-1.28 0.575
-1.3 0.71
-1.39 0.755
-1.64 0.885
-1.58 0.865
-1.41 0.74
-1.58 0.845
-1.4 0.795
-1.6 0.845
-1.26 0.63
-1.45 0.7
-1.54 0.775
-1.46 0.71
-1.31 0.705
-1.34 0.67
-1.44 0.74
-1.24 0.73
-1.39 0.69
-1.54 0.755
-1.31 0.705
-1.55 0.84
-1.46 0.755
-1.51 0.845
-1.43 0.76
-1.41 0.725
-1.38 0.74
-1.4 0.755
-1.37 0.725
-1.24 0.645
-1.23 0.625
-1.24 0.555
-1.12 0.395
-1.23 0.47
-0.99 0.425
-1.43 0.79
-1.39 0.745
-1.53 0.695
-1.34 0.69
-1.25 0.59
-1.37 0.715
-1.26 0.495
-1.27 0.575
-1.38 0.53
-1.17 0.4
-1.25 0.455
-1.35 0.595
-1.7 0.905
-1.24 0.72
-1.46 0.73
-1.39 0.72
-1.29 0.63
-1.51 0.82
-1.6 0.85
-1.37 0.675
-1.47 0.775
-1.29 0.65
-1.28 0.53
-1.31 0.615
-1.13 0.42
-1.31 0.485
-1.44 0.71
-1.5 0.835
-1.4 0.675
-1.28 0.675
-1.42 0.755
-1.41 0.765
-1.3 0.655
-1.3 0.435
-1.31 0.59
-1.28 0.655
-1.29 0.475
-1.41 0.68
-1.25 0.625
-1.29 0.61
-1.5 0.745
-1.47 0.82
-1.61 0.845
-1.49 0.795
-1.32 0.74
-1.62 0.86
-1.43 0.745
-1.23 0.48
-1.27 0.51
-1.35 0.565
-1.52 0.805
-1.43 0.705
-1.44 0.68
-1.43 0.675
-1.24 0.53
-1.45 0.69
-1.23 0.585
-1.32 0.51
-1.1 0.135
-1.18 0.34
-1.12 0.535
-1.43 0.72
-1.37 0.665
-1.35 0.575
-1.17 0.435
-1.19 0.455
-1.31 0.36
-1.21 0.545
-1.24 0.655
-1.59 0.865
-1.46 0.76
-1.53 0.845
-1.25 0.71
-1.25 0.685
-1.15 0.57
-1.39 0.615
-1.48 0.815
-1.42 0.785
-1.35 0.68
-1.62 0.87
-1.47 0.805
-1.32 0.675
-1.32 0.67
-1.5 0.815
-1.52 0.81
-1.46 0.82
-1.46 0.72
-1.23 0.525
-1.06 0.39
-1.04 0.48
-1.16 0.36
-1.25 0.525
-1.37 0.57
-1.24 0.335
-1.35 0.45
-1.23 0.45
-1.2 0.55
-1.45 0.76
-1.34 0.73
-1.34 0.715
-1.54 0.775
-1.37 0.725
-1.51 0.81
-1.38 0.75
-1.31 0.645
-1.32 0.675
-1.3 0.48
-1.27 0.565
-1.28 0.645
-1.3 0.74
-1.19 0.61
-1.46 0.74
-1.48 0.765
-1.3 0.7
-1.24 0.58
-1.38 0.66
-1.34 0.665
-1.27 0.59
-1.27 0.56
-1.4 0.72
-1.43 0.66
-1.35 0.705
-1.13 0.415
-1.21 0.345
-1.34 0.54
-1.38 0.375
-1.32 0.46
-1.31 0.59
-1.47 0.73
-1.22 0.64
-1.43 0.705
-1.35 0.675
-1.34 0.57
-1.2 0.565
-1.37 0.785
-1.38 0.72
-1.39 0.74
-1.49 0.74
-1.41 0.75
-1.41 0.785
-1.51 0.79
-1.69 0.92
-1.59 0.835
-1.5 0.79
-1.55 0.815
-1.7 0.88
-1.43 0.775
-1.58 0.765
-1.49 0.785
-1.38 0.72
-1.27 0.55
-1.14 0.405
-1.1 0.45
-1.3 0.69
-1.21 0.665
-1.54 0.675
-1.43 0.635
-1.26 0.575
-1.19 0.41
-1.15 0.41
-1.32 0.65
-1.26 0.395
-1.14 0.415
-1.31 0.21
-1.23 0.115
-1.11 0.23
-1.23 0.07
-1.09 -0.24
-1.19 -0.13
-1.23 -0.12
-1 -0.31
-1.39 -0.6
-1.46 -0.685
-1.49 -0.765
-1.39 -0.75
-1.36 -0.71
-1.33 -0.72
-1.63 -0.86
-1.37 -0.72
-1.39 -0.685
-1.53 -0.825
-1.44 -0.77
-1.48 -0.78
-1.24 -0.605
-1.45 -0.77
-1.3 -0.71
-1.39 -0.74
-1.4 -0.79
-1.35 -0.73
-1.39 -0.715
-1.21 -0.6
-1.24 -0.595
-1.57 -0.84
-1.33 -0.755
-1.51 -0.79
-1.25 -0.655
-1.57 -0.835
-1.44 -0.67
-1.37 -0.655
-1.31 -0.315
-1.29 -0.46
-1.23 -0.42
-1.25 -0.32
-1.24 0.01
-1.18 0.04
-1.27 0.15
-1.14 0.175
-1.25 0.11
-1.25 0.18
-1.29 0.165
-1.33 0.475
-1.38 0.69
-1.42 0.24
-1.25 0.21
-1.17 0.275
-1.3 0.325
-1.19 0.2
-1.11 0.07
-1.12 0.115
-1.08 -0.205
-1.01 -0.29
-1.36 -0.5
-1.44 -0.75
-1.62 -0.865
-1.48 -0.785
-1.3 -0.65
-1.49 -0.755
-1.41 -0.715
-1.35 -0.55
-1.55 -0.76
-1.31 -0.575
-1.54 -0.815
-1.5 -0.795
-1.26 -0.62
-1.6 -0.855
-1.5 -0.825
-1.51 -0.815
-1.49 -0.835
-1.58 -0.81
-1.35 -0.68
-1.44 -0.705
-1.67 -0.875
-1.39 -0.77
-1.57 -0.82
-1.21 -0.5
-1.33 -0.685
-1.38 -0.715
-1.51 -0.74
-1.23 -0.585
-1.49 -0.8
-1.33 -0.725
-1.5 -0.78
-1.46 -0.825
-1.28 -0.655
-1.39 -0.71
-1.27 -0.675
-1.52 -0.785
-1.39 -0.51
-1.34 -0.51
-1.24 -0.185
-1.31 -0.195
-1.14 -0.355
-1.34 -0.61
-1.14 -0.19
-1.01 -0.095
-0.95 -0.06
-1.07 -0.22
-1.19 -0.07
-1.13 -0.195
-1.23 0.265
-1.25 0.275
-1.22 0.26
-1.29 0.195
-1.18 0.14
-1.23 -0.005
-1.18 -0.01
-1.25 0.14
-1.34 0.315
-1.16 0.05
-1.09 -0.155
-1.2 -0.4
-1.21 -0.185
-1.2 -0.03
-1.27 -0.045
-1.29 0
-1.31 0.07
-1.44 0.09
-1.02 -0.065
-1.22 -0.16
-1.46 -0.645
-1.47 -0.76
-1.22 -0.68
-1.32 -0.675
-1.49 -0.705
-1.15 -0.575
-1.37 -0.645
-1.39 -0.7
-1.42 -0.765
-1.44 -0.77
-1.68 -0.89
-1.29 -0.62
-1.26 -0.43
-1.09 -0.355
-1.27 -0.465
-1.11 -0.165
-1.21 0.025
-1.25 -0.18
-1.23 -0.53
-1.32 -0.71
-1.36 -0.74
-1.5 -0.795
-1.41 -0.765
-1.27 -0.655
-1.39 -0.56
-1.48 -0.64
-1.33 -0.58
-1.43 -0.705
-1.3 -0.64
-1.4 -0.74
-1.48 -0.775
-1.49 -0.79
-1.46 -0.75
-1.42 -0.705
-1.37 -0.715
-1.25 -0.61
-1.26 -0.545
-1.58 -0.795
-1.26 -0.68
-1.36 -0.615
-1.26 -0.655
-1.67 -0.87
-1.6 -0.77
-1.25 -0.715
-1.61 -0.875
-1.46 -0.75
-1.3 -0.625
-1.46 -0.61
-1.46 -0.79
-1.25 -0.715
-1.58 -0.825
-1.61 -0.84
-1.41 -0.75
-1.44 -0.795
-1.62 -0.88
-1.46 -0.775
-1.31 -0.505
-1.53 -0.7
-1.52 -0.82
-1.4 -0.78
-1.41 -0.745
-1.36 -0.625
-1.44 -0.675
-1.35 -0.6
-1.3 -0.625
-1.48 -0.775
-1.38 -0.75
-1.54 -0.835
-1.59 -0.83
-1.58 -0.86
-1.3 -0.67
-1.41 -0.66
-1.23 -0.58
-1.12 -0.47
-1.16 -0.455
-1.38 -0.55
-1.31 -0.48
-1.29 -0.435
-1.32 -0.51
-1.23 -0.645
-1.41 -0.705
-1.34 -0.66
-1.33 -0.515
-1.15 -0.465
-1.29 -0.575
-1.39 -0.595
-1.32 -0.73
-1.34 -0.73
-1.57 -0.865
-1.58 -0.85
-1.36 -0.725
-1.39 -0.635
-1.38 -0.69
-1.39 -0.715
-1.37 -0.72
-1.53 -0.83
-1.52 -0.765
-1.43 -0.745
-1.43 -0.75
-1.34 -0.73
-1.41 -0.75
-1.69 -0.895
-1.4 -0.78
-1.27 -0.64
-1.4 -0.68
-1.41 -0.78
-1.42 -0.75
-1.29 -0.695
-1.25 -0.635
-1.24 -0.605
-1.2 -0.525
-1.29 -0.685
-1.38 -0.655
-1.51 -0.72
-1.47 -0.715
-1.32 -0.615
-1.47 -0.805
-1.61 -0.885
-1.49 -0.825
-1.33 -0.685
-1.32 -0.49
-1.2 -0.44
-1.37 -0.57
-1.38 -0.685
-1.27 -0.65
-1.35 -0.78
-1.32 -0.7
-1.45 -0.755
-1.33 -0.68
-1.4 -0.66
-1.3 -0.665
-1.53 -0.82
-1.41 -0.77
-1.25 -0.63
-1.54 -0.725
-1.32 -0.69
-1.45 -0.73
-1.37 -0.69
-1.4 -0.55
-1.1 -0.3
-1.13 -0.29
-1.37 -0.58
-1.11 -0.505
-1.33 -0.675
-1.4 -0.685
-1.34 -0.725
-1.48 -0.7
-1.52 -0.75
-1.14 -0.625
-1.29 -0.67
-1.69 -0.895
-1.49 -0.82
-1.49 -0.82
-1.46 -0.77
-1.57 -0.775
-1.56 -0.845
-1.49 -0.775
-1.52 -0.845
-1.32 -0.665
-1.4 -0.72
-1.54 -0.8
-1.46 -0.785
-1.09 -0.46
-1.24 -0.45
-1 -0.21
-1.29 -0.185
-1.04 -0.05
-1.32 -0.15
-1.31 -0.135
-1.13 -0.16
-1.13 0.1
-1.19 0.075
-1.22 0.025
-1.08 -0.075
-1.14 0.31
-1.15 0.23
-0.84 0.04
-0.92 0.2
-1.17 0.345
-1.25 0.715
-1.55 0.76
-1.3 0.635
-1.23 0.535
-1.26 0.515
-1.19 0.46
-1.23 0.355
-1.1 0.25
-1.29 0.37
-1.02 0.23
-1.11 0.385
-1.1 0.34
-1.11 0.08
-1.13 -0.12
-1.27 -0.335
-1.11 -0.215
-1.23 -0.29
-1.15 -0.335
-1.19 -0.5
-1.27 -0.53
-1.51 -0.765
-1.2 -0.5
-1.37 -0.665
-1.31 -0.66
-1.28 -0.695
-1.51 -0.83
-1.51 -0.735
-1.47 -0.795
-1.31 -0.65
-1.22 -0.56
-1.15 -0.45
-1.3 -0.475
-1.26 -0.44
-1.66 -0.905
-1.5 -0.81
-1.41 -0.62
-1.33 -0.66
-1.33 -0.445
-1.41 -0.735
-1.54 -0.825
-1.52 -0.78
-1.53 -0.79
-1.33 -0.745
-1.35 -0.725
-1.27 -0.715
-1.31 -0.725
-1.2 -0.585
-1.14 -0.47
-1.04 -0.325
-1.21 -0.36
-1.35 -0.545
-1.37 -0.625
-1.36 -0.65
-1.31 -0.695
-1.53 -0.8
-1.46 -0.775
-1.61 -0.875
-1.65 -0.885
-1.34 -0.73
-1.3 -0.62
-1.46 -0.76
-1.49 -0.77
-1.45 -0.69
-1.26 -0.68
-1.42 -0.745
-1.33 -0.715
-1.55 -0.835
-1.38 -0.755
-1.45 -0.79
-1.44 -0.77
-1.33 -0.67
-1.52 -0.83
-1.5 -0.77
-1.09 -0.6
-1.28 -0.69
-1.42 -0.76
-1.51 -0.82
-1.25 -0.66
-1.33 -0.56
-1.24 -0.34
-1.32 -0.59
-1.12 -0.465
-1.1 -0.37
-1.33 -0.61
-1.42 -0.64
-1.3 -0.57
-1.31 -0.74
-1.34 -0.6
-1.25 -0.62
-1.21 -0.665
-1.34 -0.7
-1.4 -0.725
-1.27 -0.735
-1.35 -0.705
-1.12 -0.53
-1.25 -0.6
-1.19 -0.425
-1.39 -0.68
-1.45 -0.78
-1.53 -0.85
-1.31 -0.685
-1.25 -0.58
-1.28 -0.535
-1.39 -0.505
-1.35 -0.385
-1.19 -0.315
-1.16 -0.07
-1.05 -0.055
-1.22 0.17
-1.21 0.22
-1.11 0.38
-1.36 0.335
-1.2 0.155
-1.09 -0.015
-1.2 0.14
-1.38 0.275
-1.09 0.285
-1.17 0.23
-1.07 0.04
-1.2 0.21
-1.25 0.14
-1.3 -0.145
-1.33 -0.255
-1.23 -0.5
-1.32 -0.56
-1.28 -0.595
-1.23 -0.64
-1.51 -0.715
-1.39 -0.725
-1.31 -0.67
-1.4 -0.755
-1.36 -0.625
-1.58 -0.855
-1.47 -0.775
-1.25 -0.545
-1.28 -0.52
-1.18 -0.475
-1.28 -0.465
-1.44 -0.655
-1.29 -0.525
-1.12 -0.515
-1.34 -0.71
-1.41 -0.73
-1.43 -0.765
-1.5 -0.84
-1.37 -0.78
-1.43 -0.775
-1.44 -0.715
-1.28 -0.69
-1.47 -0.68
-1.29 -0.655
-1.47 -0.81
-1.46 -0.7
-1.39 -0.695
-1.35 -0.735
-1.39 -0.735
-1.53 -0.77
-1.23 -0.54
-1.36 -0.63
-1.35 -0.69
-1.22 -0.585
-1.23 -0.58
-1.42 -0.77
-1.26 -0.67
-1.63 -0.83
-1.16 -0.59
-1.62 -0.835
-1.61 -0.865
-1.56 -0.87
-1.67 -0.895
-1.16 -0.57
-1.32 -0.655
-1.17 -0.41
-1.2 -0.39
-1.02 -0.2
-1.06 -0.21
-1.33 -0.535
-1.24 -0.62
-1.23 -0.6
-1.2 -0.445
-1.32 -0.705
-1.35 -0.695
-1.43 -0.775
-1.48 -0.745
-1.25 -0.665
-1.42 -0.655
-1.44 -0.64
-1.43 -0.695
-1.41 -0.71
-1.42 -0.76
-1.46 -0.755
-1.58 -0.85
-1.38 -0.735
-1.55 -0.86
-1.33 -0.675
-1.38 -0.73
-1.29 -0.735
-1.38 -0.73
-1.47 -0.785
-1.44 -0.76
-1.45 -0.62
-1.5 -0.81
-1.37 -0.73
-1.58 -0.805
-1.36 -0.715
-1.23 -0.615
-1.19 -0.495
-1.47 -0.705
-1.34 -0.635
-1.24 -0.435
-1.34 -0.595
-1.47 -0.53
-1.35 -0.5
-1.26 -0.43
-1.35 -0.48
-1.09 -0.22
-1.31 -0.335
-1.19 0.02
-1.26 0.085
-1.08 0.12
-1.3 0.235
-1.07 0.1
-1.21 0.405
-1.14 0.4
-1.24 0.265
-1.12 0.325
-1.17 0.4
-1.09 0.22
-1.19 0.37
-1.25 0.6
-1.42 0.715
-1.29 0.46
-1.32 0.56
-1.36 0.355
-1.25 0.28
-1.19 0.345
-1.33 0.58
-1.11 0.245
-1.06 0.12
-1.21 0.56
-1.24 0.54
-1.24 0.55
-1.33 0.455
-1.23 0.355
-1.16 0.545
-1.04 0.22
-1.31 0.105
-1.07 0.22
-1.33 0.27
-1.21 0.395
-1.34 0.28
-1.07 0.25
-1.14 0.1
-1.29 0.385
-1.26 0.385
-1.47 0.68
-1.32 0.53
-1.29 0.52
-1.3 0.595
-1.26 0.58
-1.22 0.565
-1.34 0.71
-1.36 0.695
-1.34 0.61
-1.3 0.55
-1.15 0.49
-1.2 0.37
-1.16 0.15
-0.96 0.145
-1.4 0.04
-0.93 0.215
-1.22 0.41
-1.16 0.455
-1.34 0.68
-1.43 0.64
-1.29 0.57
-1.15 0.39
-1.25 0.365
-1.18 0.32
-1.26 0.415
-1.13 0.15
-1.26 0.025
-1.06 -0.265
-1.04 -0.39
-1.21 -0.295
-1.16 -0.37
-1.18 -0.17
-1.21 -0.47
-1.18 -0.44
-1.43 -0.57
-1.43 -0.72
-1.45 -0.79
-1.55 -0.83
-1.41 -0.78
-1.4 -0.655
-1.32 -0.66
-1.39 -0.74
-1.66 -0.885
-1.25 -0.56
-1.19 -0.555
-1.25 -0.515
-1.25 -0.64
-1.19 -0.43
-1.13 -0.405
-1.2 -0.59
-1.41 -0.73
-1.31 -0.745
-1.38 -0.65
-1.32 -0.555
-1.17 -0.305
-1.15 -0.18
-1.23 -0.075
-1.01 -0.165
-1.3 -0.365
-1.31 -0.48
-1.15 -0.285
-1.06 -0.2
-1.04 -0.19
-1.14 -0.28
-1.17 -0.195
-1.26 -0.05
-1.22 -0.05
-1.24 0.26
-1.11 0.205
-1.38 0.395
-1.17 0.425
-1.28 0.425
-1.29 0.385
-1.24 0.41
-1.11 0.23
-1.15 0.32
-0.91 0.24
-1.17 0.2
-1.02 0.09
-1.14 0.4
-1.31 0.43
-1.41 0.48
-1.3 0.445
-1.13 0.495
-1.23 0.505
-1.06 0.19
-1.04 -0.12
-1.08 -0.235
-1.42 -0.655
-1.1 -0.455
-1.25 -0.595
-1.42 -0.695
-1.32 -0.545
-1.62 -0.83
-1.48 -0.78
-1.58 -0.875
-1.48 -0.73
-1.57 -0.82
-1.45 -0.765
-1.35 -0.655
-1.39 -0.72
-1.51 -0.8
-1.39 -0.76
-1.57 -0.855
-1.3 -0.695
-1.42 -0.76
-1.22 -0.585
-1.36 -0.685
-1.48 -0.61
-1.27 -0.435
-1.12 -0.305
-1.16 -0.17
-1.23 -0.185
-1.05 -0.31
-1.09 -0.045
-1.05 -0.05
-1.31 0.11
-1.25 0.305
-1.14 0.53
-1.39 0.56
-1.33 0.62
-1.12 0.24
-1.11 -0.01
-1.2 0.055
-1.24 -0.09
-1.13 -0.265
-1.24 -0.555
-1.25 -0.55
-1.29 -0.465
-1.15 -0.455
-1.16 -0.58
-1.25 -0.515
-1.03 -0.285
-1.15 -0.425
-1.35 -0.3
-1.24 -0.285
-1.29 -0.16
-1.12 -0.035
-1.18 -0.175
-1.01 -0.16
-1.2 -0.365
-1.29 -0.545
-1.14 -0.53
-1.3 -0.48
-1.16 -0.485
-1.49 -0.745
-1.37 -0.73
-1.36 -0.66
-1.29 -0.605
-1.29 -0.585
-1.36 -0.655
-1.22 -0.645
-1.46 -0.795
-1.35 -0.685
-1.47 -0.685
-1.49 -0.7
-1.34 -0.755
-1.52 -0.8
-1.33 -0.655
-1.36 -0.535
-1.31 -0.455
-1.34 -0.485
-1.15 -0.38
-1.22 -0.3
-0.92 -0.315
-1.35 -0.545
-1.28 -0.445
-1.32 -0.43
-1.2 -0.26
-1.12 -0.13
-1.13 -0.275
-1.17 -0.185
-1.18 -0.28
-1.19 -0.48
-1.52 -0.84
-1.42 -0.78
-1.79 -0.935
-1.56 -0.855
-1.41 -0.75
-1.44 -0.8
-1.46 -0.77
-1.43 -0.695
-1.5 -0.73
-1.42 -0.8
-1.36 -0.695
-1.4 -0.75
-1.56 -0.86
-1.47 -0.775
-1.28 -0.645
-1.46 -0.785
-1.48 -0.815
-1.38 -0.715
-1.34 -0.73
-1.7 -0.905
-1.67 -0.895
-1.49 -0.79
-1.47 -0.785
-1.42 -0.81
-1.51 -0.835
-1.32 -0.715
-1.06 -0.39
-1.16 -0.3
-1.21 -0.24
-1.22 -0.305
-1.29 -0.29
-1.28 -0.23
-1.35 -0.475
-1.23 -0.62
-1.32 -0.64
-1.34 -0.75
-1.4 -0.75
-1.56 -0.835
-1.65 -0.875
-1.54 -0.795
-1.37 -0.78
-1.45 -0.815
