-1.69 0.895
-1.73 0.91
-1.59 0.855
-1.68 0.895
-1.7 0.88
-1.64 0.875
-1.66 0.875
-1.67 0.9
-1.82 0.955
-1.65 0.865
-1.7 0.91
-1.75 0.91
-1.77 0.915
-1.73 0.92
-1.82 0.94
-1.79 0.94
-1.76 0.925
-1.72 0.92
-1.66 0.895
-1.68 0.875
-1.81 0.95
-1.78 0.925
-1.64 0.89
-1.6 0.86
-1.68 0.89
-1.63 0.865
-1.72 0.92
-1.83 0.955
-1.74 0.925
-1.69 0.89
-1.53 0.825
-1.68 0.915
-1.68 0.87
-1.56 0.82
-1.81 0.89
-1.74 0.92
-1.69 0.905
-1.65 0.87
-1.75 0.91
-1.8 0.935
-1.82 0.945
-1.88 0.965
-1.88 0.97
-1.69 0.9
-1.78 0.92
-1.8 0.94
-1.81 0.95
-1.75 0.905
-1.82 0.94
-1.84 0.955
-1.72 0.89
-1.66 0.875
-1.82 0.945
-1.67 0.89
-1.75 0.915
-1.75 0.895
-1.65 0.86
-1.77 0.915
-1.66 0.86
-1.51 0.805
-1.73 0.905
-1.73 0.915
-1.86 0.96
-1.76 0.91
-1.86 0.96
-1.68 0.91
-1.84 0.955
-1.9 0.97
-1.72 0.88
-1.66 0.845
-1.65 0.88
-1.69 0.915
-1.76 0.92
-1.67 0.88
-1.83 0.94
-1.67 0.89
-1.69 0.9
-1.65 0.845
-1.62 0.845
-1.78 0.94
-1.61 0.855
-1.8 0.94
-1.67 0.9
-1.87 0.965
-1.81 0.95
-1.66 0.905
-1.73 0.9
-1.7 0.905
-1.76 0.915
-1.8 0.935
-1.79 0.925
-1.55 0.785
-1.69 0.87
-1.83 0.935
-1.74 0.915
-1.89 0.97
-1.73 0.9
-1.75 0.92
-1.73 0.915
-1.74 0.93
-1.67 0.895
-1.78 0.92
-1.76 0.925
-1.81 0.95
-1.71 0.885
-1.8 0.945
-1.8 0.945
-1.59 0.865
-1.79 0.92
-1.74 0.925
-1.8 0.945
-1.72 0.915
-1.9 0.975
-1.66 0.885
-1.77 0.925
-1.73 0.91
-1.8 0.94
-1.68 0.855
-1.56 0.81
-1.5 0.835
-1.84 0.955
-1.87 0.965
-1.74 0.92
-1.79 0.945
-1.8 0.92
-1.7 0.905
-1.59 0.815
-1.52 0.745
-1.68 0.905
-1.7 0.83
-1.59 0.81
-1.64 0.885
-1.71 0.91
-1.71 0.9
-1.57 0.835
-1.78 0.935
-1.8 0.94
-1.8 0.94
-1.9 0.975
-1.79 0.94
-1.43 0.785
-1.69 0.87
-1.67 0.72
-1.68 0.835
-1.63 0.775
-1.65 0.775
-1.8 0.91
-1.77 0.93
-1.81 0.945
-1.85 0.96
-1.81 0.93
-1.75 0.92
-1.77 0.92
-1.86 0.96
-1.72 0.925
-1.82 0.95
-1.77 0.92
-1.63 0.87
-1.77 0.93
-1.7 0.895
-1.75 0.935
-1.7 0.88
-1.7 0.915
-1.71 0.87
-1.68 0.88
-1.71 0.88
-1.79 0.92
-1.64 0.88
-1.78 0.93
-1.73 0.905
-1.75 0.895
-1.64 0.885
-1.74 0.92
-1.61 0.83
-1.72 0.92
-1.71 0.905
-1.69 0.905
-1.72 0.895
-1.81 0.95
-1.56 0.835
-1.71 0.89
-1.69 0.91
-1.64 0.87
-1.67 0.82
-1.56 0.84
-1.7 0.875
-1.82 0.94
-1.76 0.935
-1.86 0.96
-1.64 0.845
-1.57 0.845
-1.8 0.95
-1.76 0.915
-1.66 0.865
-1.87 0.965
-1.74 0.92
-1.83 0.95
-1.77 0.89
-1.68 0.885
-1.68 0.885
-1.71 0.915
-1.81 0.945
-1.56 0.85
-1.66 0.83
-1.65 0.88
-1.68 0.9
-1.73 0.92
-1.69 0.85
-1.73 0.925
-1.68 0.87
-1.72 0.9
-1.64 0.86
-1.71 0.88
-1.67 0.87
-1.65 0.875
-1.8 0.945
-1.73 0.925
-1.9 0.975
-1.6 0.845
-1.86 0.96
-1.73 0.925
-1.68 0.87
-1.75 0.92
-1.74 0.925
-1.61 0.875
-1.64 0.88
-1.64 0.895
-1.67 0.86
-1.42 0.76
-1.85 0.955
-1.64 0.89
-1.79 0.94
-1.75 0.91
-1.77 0.9
-1.74 0.92
-1.81 0.935
-1.74 0.93
-1.85 0.96
-1.69 0.9
-1.67 0.87
-1.75 0.92
-1.7 0.91
-1.84 0.945
-1.78 0.935
-1.73 0.91
-1.68 0.87
-1.76 0.91
-1.7 0.91
-1.76 0.905
-1.65 0.88
-1.92 0.98
-1.66 0.86
-1.63 0.87
-1.67 0.885
-1.67 0.905
-1.68 0.895
-1.75 0.915
-1.6 0.795
-1.75 0.885
-1.85 0.955
-1.76 0.91
-1.76 0.925
-1.85 0.955
-1.84 0.955
-1.82 0.95
-1.75 0.91
-1.74 0.875
-1.78 0.93
-1.8 0.94
-1.66 0.84
-1.79 0.945
-1.71 0.91
-1.8 0.93
-1.79 0.93
-1.82 0.95
-1.69 0.905
-1.83 0.955
-1.66 0.895
-1.78 0.935
-1.66 0.905
-1.91 0.97
-1.63 0.885
-1.74 0.915
-1.65 0.895
-1.86 0.96
-1.78 0.945
-1.74 0.93
-1.72 0.905
-1.75 0.915
-1.69 0.885
-1.66 0.905
-1.67 0.9
-1.73 0.91
-1.75 0.935
-1.71 0.915
-1.69 0.92
-1.65 0.89
-1.82 0.94
-1.84 0.945
-1.88 0.97
-1.85 0.955
-1.57 0.745
-1.72 0.845
-1.81 0.91
-1.82 0.915
-1.58 0.86
-1.78 0.925
-1.65 0.865
-1.7 0.905
-1.77 0.94
-1.65 0.89
-1.67 0.905
-1.66 0.875
-1.73 0.925
-1.65 0.825
-1.64 0.88
-1.71 0.905
-1.86 0.96
-1.71 0.875
-1.66 0.8
-1.78 0.935
-1.62 0.89
-1.63 0.875
-1.79 0.935
-1.78 0.94
-1.88 0.965
-1.62 0.89
-1.66 0.87
-1.77 0.93
-1.82 0.945
-1.75 0.905
-1.78 0.94
-1.78 0.945
-1.7 0.875
-1.58 0.85
-1.88 0.965
-1.64 0.855
-1.69 0.83
-1.73 0.9
-1.88 0.97
-1.64 0.895
-1.74 0.915
-1.79 0.93
-1.76 0.92
-1.68 0.895
-1.84 0.955
-1.74 0.925
-1.67 0.865
-1.62 0.84
-1.81 0.94
-1.59 0.805
-1.74 0.895
-1.71 0.915
-1.84 0.95
-1.69 0.87
-1.91 0.97
-1.78 0.94
-1.82 0.94
-1.63 0.86
-1.78 0.94
-1.58 0.83
-1.75 0.91
-1.57 0.845
-1.49 0.78
-1.75 0.92
-1.72 0.91
-1.61 0.83
-1.65 0.845
-1.85 0.955
-1.81 0.935
-1.5 0.825
-1.82 0.93
-1.74 0.91
-1.7 0.89
-1.64 0.86
-1.84 0.95
-1.63 0.855
-1.79 0.935
-1.72 0.915
-1.52 0.805
-1.81 0.93
-1.68 0.895
-1.73 0.875
-1.67 0.895
-1.81 0.95
-1.73 0.91
-1.77 0.91
-1.62 0.895
-1.83 0.955
-1.74 0.915
-1.53 0.85
-1.68 0.905
-1.77 0.92
-1.82 0.955
-1.83 0.955
-1.77 0.93
-1.76 0.915
-1.84 0.95
-1.72 0.89
-1.72 0.915
-1.64 0.875
-1.71 0.885
-1.85 0.955
-1.66 0.88
-1.72 0.91
-1.72 0.915
-1.76 0.935
-1.69 0.9
-1.73 0.905
-1.74 0.93
-1.81 0.95
-1.71 0.895
-1.54 0.82
-1.78 0.925
-1.77 0.925
-1.68 0.89
-1.8 0.94
-1.66 0.88
-1.69 0.905
-1.63 0.89
-1.68 0.865
-1.75 0.935
-1.78 0.94
-1.65 0.895
-1.59 0.855
-1.75 0.87
-1.79 0.935
-1.66 0.895
-1.65 0.855
-1.64 0.895
-1.6 0.835
-1.76 0.88
-1.7 0.905
-1.85 0.955
-1.77 0.89
-1.69 0.89
-1.64 0.84
-1.84 0.955
-1.67 0.88
-1.47 0.78
-1.75 0.925
-1.8 0.935
-1.79 0.935
-1.83 0.94
-1.71 0.905
-1.62 0.87
-1.88 0.965
-1.69 0.905
-1.72 0.91
-1.78 0.935
-1.68 0.905
-1.81 0.95
-1.84 0.955
-1.64 0.885
-1.83 0.955
-1.7 0.9
-1.85 0.935
-1.6 0.86
-1.54 0.785
-1.61 0.825
-1.92 0.975
-1.78 0.925
-1.85 0.96
-1.83 0.955
-1.78 0.93
-1.64 0.87
-1.75 0.92
-1.73 0.92
-1.63 0.86
-1.78 0.925
-1.8 0.91
-1.76 0.92
-1.77 0.925
-1.75 0.93
-1.72 0.915
-1.76 0.9
-1.76 0.92
-1.84 0.96
-1.83 0.94
-1.57 0.825
-1.84 0.955
-1.71 0.905
-1.68 0.895
-1.73 0.91
-1.75 0.915
-1.79 0.92
-1.64 0.895
-1.95 0.985
-1.74 0.925
-1.73 0.92
-1.7 0.885
-1.68 0.895
-1.74 0.925
-1.76 0.925
-1.79 0.935
-1.75 0.925
-1.88 0.965
-1.88 0.96
-1.79 0.915
-1.7 0.905
-1.76 0.93
-1.75 0.925
-1.72 0.905
-1.89 0.97
-1.74 0.92
-1.79 0.925
-1.85 0.96
-1.8 0.935
-1.73 0.915
-1.72 0.905
-1.76 0.925
-1.71 0.905
-1.69 0.9
-1.59 0.845
-1.71 0.89
-1.72 0.875
-1.65 0.825
-1.77 0.92
-1.77 0.935
-1.76 0.92
-1.76 0.91
-1.63 0.885
-1.79 0.935
-1.78 0.935
-1.8 0.94
-1.63 0.855
-1.71 0.86
-1.79 0.915
-1.67 0.84
-1.54 0.795
-1.63 0.885
-1.77 0.935
-1.7 0.89
-1.72 0.915
-1.68 0.885
-1.75 0.91
-1.61 0.84
-1.71 0.905
-1.77 0.93
-1.77 0.93
-1.78 0.93
-1.83 0.95
-1.69 0.89
-1.85 0.955
-1.75 0.925
-1.66 0.895
-1.69 0.875
-1.66 0.875
-1.74 0.89
-1.82 0.955
-1.7 0.87
-1.62 0.85
-1.75 0.925
-1.6 0.88
-1.71 0.88
-1.62 0.85
-1.67 0.885
-1.73 0.89
-1.81 0.945
-1.71 0.91
-1.62 0.83
-1.67 0.845
-1.78 0.9
-1.85 0.955
-1.74 0.91
-1.66 0.88
-1.73 0.92
-1.74 0.905
-1.76 0.9
-1.84 0.95
-1.74 0.915
-1.87 0.955
-1.78 0.93
-1.73 0.89
-1.88 0.97
-1.79 0.935
-1.73 0.905
-1.62 0.885
-1.87 0.965
-1.82 0.95
-1.75 0.935
-1.76 0.93
-1.57 0.855
-1.63 0.85
-1.84 0.96
-1.65 0.875
-1.76 0.915
-1.68 0.905
-1.72 0.9
-1.65 0.895
-1.7 0.83
-1.77 0.905
-1.84 0.955
-1.7 0.895
-1.77 0.915
-1.72 0.895
-1.79 0.94
-1.7 0.87
-1.9 0.975
-1.81 0.94
-1.8 0.93
-1.84 0.96
-1.72 0.9
-1.66 0.9
-1.72 0.915
-1.76 0.91
-1.72 0.885
-1.77 0.92
-1.63 0.84
-1.71 0.905
-1.6 0.855
-1.79 0.93
-1.53 0.745
-1.45 0.73
-1.79 0.925
-1.78 0.94
-1.67 0.88
-1.86 0.96
-1.77 0.935
-1.79 0.935
-1.72 0.91
-1.59 0.805
-1.54 0.75
-1.75 0.92
-1.72 0.905
-1.87 0.965
-1.81 0.95
-1.62 0.87
-1.63 0.84
-1.77 0.935
-1.71 0.9
-1.69 0.875
-1.77 0.925
-1.84 0.96
-1.64 0.805
-1.61 0.81
-1.58 0.695
-1.73 0.895
-1.65 0.91
-1.86 0.945
-1.9 0.975
-1.68 0.905
-1.81 0.93
-1.86 0.965
-1.77 0.94
-1.66 0.86
-1.66 0.875
-1.84 0.95
-1.7 0.895
-1.65 0.88
-1.73 0.905
-1.83 0.94
-1.62 0.85
-1.71 0.885
-1.79 0.925
-1.69 0.905
-1.58 0.82
-1.6 0.875
-1.85 0.955
-1.79 0.92
-1.78 0.94
-1.81 0.935
-1.9 0.97
-1.7 0.915
-1.73 0.915
-1.79 0.925
-1.72 0.92
-1.74 0.925
-1.75 0.93
-1.78 0.94
-1.75 0.895
-1.75 0.92
-1.72 0.905
-1.79 0.935
-1.89 0.965
-1.8 0.93
-1.72 0.92
-1.71 0.895
-1.8 0.94
-1.73 0.91
-1.83 0.955
-1.79 0.915
-1.84 0.94
-1.62 0.865
-1.75 0.92
-1.86 0.96
-1.79 0.94
-1.81 0.94
-1.65 0.89
-1.73 0.92
-1.83 0.95
-1.8 0.945
-1.8 0.935
-1.7 0.915
-1.75 0.93
-1.83 0.955
-1.89 0.94
-1.72 0.915
-1.9 0.975
-1.69 0.895
-1.82 0.95
-1.66 0.875
-1.92 0.97
-1.77 0.925
-1.82 0.95
-1.67 0.905
-1.67 0.905
-1.61 0.85
-1.7 0.895
-1.58 0.815
-1.68 0.795
-1.73 0.925
-1.56 0.845
-1.64 0.875
-1.84 0.945
-1.62 0.85
-1.73 0.805
-1.66 0.765
-1.57 0.765
-1.71 0.875
-1.69 0.895
-1.72 0.91
-1.73 0.92
-1.8 0.94
-1.76 0.925
-1.74 0.915
-1.56 0.825
-1.67 0.885
-1.66 0.86
-1.76 0.9
-1.47 0.73
-1.75 0.925
-1.62 0.875
-1.75 0.91
-1.83 0.95
-1.84 0.95
-1.69 0.895
-1.81 0.945
-1.75 0.905
-1.76 0.935
-1.79 0.93
-1.56 0.81
-1.65 0.82
-1.71 0.865
-1.62 0.83
-1.48 0.715
-1.59 0.795
-1.7 0.82
-1.75 0.9
-1.66 0.885
-1.65 0.88
-1.66 0.845
-1.74 0.93
-1.77 0.93
-1.67 0.905
-1.86 0.96
-1.63 0.82
-1.59 0.755
-1.69 0.895
-1.76 0.925
-1.68 0.905
-1.76 0.93
-1.82 0.93
-1.75 0.925
-1.71 0.905
-1.6 0.835
-1.62 0.815
-1.77 0.925
-1.72 0.915
-1.78 0.935
-1.85 0.955
-1.69 0.875
-1.58 0.865
-1.82 0.93
-1.77 0.935
-1.78 0.935
-1.72 0.895
-1.72 0.91
-1.63 0.895
-1.62 0.86
-1.89 0.965
-1.73 0.895
-1.65 0.86
-1.81 0.945
-1.75 0.915
-1.74 0.92
-1.85 0.955
-1.76 0.92
-1.78 0.935
-1.78 0.94
-1.68 0.89
-1.67 0.895
-1.85 0.955
-1.69 0.92
-1.7 0.915
-1.79 0.935
-1.75 0.93
-1.76 0.93
-1.92 0.975
-1.79 0.935
-1.8 0.925
-1.78 0.94
-1.71 0.875
-1.83 0.945
-1.81 0.95
-1.73 0.91
-1.69 0.875
-1.71 0.89
-1.86 0.96
-1.73 0.91
-1.67 0.875
-1.69 0.875
-1.79 0.945
-1.55 0.805
-1.77 0.91
-1.73 0.905
-1.86 0.955
-1.86 0.96
-1.61 0.855
-1.7 0.885
-1.76 0.915
-1.57 0.825
-1.7 0.9
-1.8 0.93
-1.78 0.925
-1.87 0.965
-1.56 0.85
-1.83 0.94
-1.7 0.92
-1.75 0.92
-1.74 0.92
-1.8 0.94
-1.59 0.865
-1.68 0.895
-1.7 0.865
-1.7 0.895
-1.7 0.905
-1.78 0.93
-1.69 0.91
-1.58 0.84
-1.66 0.885
-1.88 0.965
-1.69 0.87
-1.76 0.905
-1.68 0.875
-1.66 0.895
-1.77 0.93
-1.76 0.925
-1.67 0.905
-1.79 0.945
-1.71 0.91
-1.9 0.975
-1.69 0.885
-1.73 0.91
-1.82 0.95
-1.81 0.945
-1.69 0.915
-1.69 0.865
-1.74 0.88
-1.67 0.875
-1.81 0.945
-1.68 0.895
-1.88 0.97
-1.71 0.87
-1.69 0.9
-1.7 0.87
-1.91 0.975
-1.6 0.88
-1.8 0.94
-1.77 0.925
-1.79 0.94
-1.64 0.88
-1.8 0.92
-1.66 0.89
-1.68 0.905
-1.82 0.95
-1.72 0.895
-1.71 0.905
-1.77 0.9
-1.66 0.895
-1.67 0.89
-1.7 0.895
-1.82 0.945
-1.85 0.955
-1.66 0.87
-1.79 0.945
-1.85 0.955
-1.72 0.855
-1.63 0.845
-1.8 0.94
-1.88 0.965
-1.66 0.845
-1.67 0.905
-1.57 0.865
-1.55 0.835
-1.69 0.88
-1.84 0.95
-1.8 0.925
-1.62 0.88
-1.73 0.895
-1.74 0.92
-1.91 0.975
-1.75 0.925
-1.81 0.95
-1.79 0.935
-1.8 0.945
-1.72 0.885
-1.79 0.945
-1.6 0.83
-1.72 0.89
-1.6 0.875
-1.82 0.925
-1.86 0.95
-1.83 0.955
-1.73 0.92
-1.63 0.84
-1.64 0.885
-1.87 0.965
-1.71 0.915
-1.67 0.87
-1.51 0.805
-1.61 0.845
-1.61 0.76
-1.69 0.76
-1.57 0.735
-1.7 0.85
-1.81 0.945
-1.72 0.91
-1.69 0.9
-1.83 0.95
-1.68 0.875
-1.84 0.955
-1.82 0.925
-1.75 0.925
-1.76 0.93
-1.65 0.87
-1.81 0.925
-1.82 0.94
-1.77 0.93
-1.85 0.955
-1.74 0.93
-1.84 0.955
-1.66 0.895
-1.81 0.95
-1.73 0.895
-1.75 0.91
-1.75 0.93
-1.65 0.885
-1.83 0.94
-1.79 0.92
-1.63 0.855
-1.82 0.94
-1.63 0.795
-1.62 0.875
-1.75 0.905
-1.72 0.905
-1.78 0.925
-1.88 0.97
-1.68 0.88
-1.64 0.85
-1.75 0.91
-1.71 0.905
-1.57 0.805
-1.82 0.93
-1.74 0.91
-1.54 0.83
-1.72 0.9
-1.82 0.95
-1.72 0.9
-1.56 0.86
-1.78 0.92
-1.57 0.805
-1.72 0.91
-1.8 0.905
-1.72 0.91
-1.59 0.845
-1.63 0.84
-1.73 0.905
-1.64 0.88
-1.59 0.865
-1.8 0.95
-1.59 0.85
-1.62 0.845
-1.6 0.83
-1.64 0.875
-1.69 0.865
-1.66 0.83
-1.76 0.9
-1.84 0.95
-1.63 0.83
-1.72 0.885
-1.71 0.845
-1.8 0.94
-1.8 0.945
-1.78 0.94
-1.72 0.915
-1.65 0.89
-1.84 0.955
-1.77 0.93
-1.69 0.88
-1.75 0.87
-1.76 0.92
-1.74 0.905
-1.65 0.85
-1.86 0.94
-1.68 0.905
-1.88 0.965
-1.73 0.915
-1.75 0.9
-1.71 0.895
-1.63 0.845
-1.44 0.68
-1.69 0.85
-1.75 0.885
-1.57 0.86
-1.65 0.875
-1.68 0.9
-1.75 0.89
-1.54 0.755
-1.61 0.79
-1.67 0.89
-1.83 0.955
-1.71 0.905
-1.82 0.945
-1.71 0.915
-1.78 0.915
-1.72 0.915
-1.68 0.88
-1.64 0.87
-1.75 0.925
-1.89 0.965
-1.75 0.915
-1.71 0.9
-1.9 0.975
-1.71 0.905
-1.72 0.9
-1.58 0.835
-1.74 0.92
-1.76 0.935
-1.77 0.935
-1.75 0.92
-1.8 0.945
-1.66 0.875
-1.53 0.84
-1.62 0.855
-1.67 0.86
-1.71 0.915
-1.79 0.93
-1.72 0.905
-1.64 0.87
-1.76 0.915
-1.8 0.93
-1.7 0.88
-1.77 0.93
-1.83 0.95
-1.7 0.9
-1.63 0.875
-1.78 0.935
-1.8 0.93
-1.75 0.93
-1.67 0.905
-1.61 0.86
-1.67 0.875
-1.89 0.97
-1.78 0.915
-1.78 0.94
-1.73 0.915
-1.73 0.91
-1.76 0.925
-1.88 0.96
-1.79 0.945
-1.67 0.9
-1.78 0.905
-1.92 0.98
-1.52 0.825
-1.71 0.9
-1.7 0.91
-1.66 0.895
-1.83 0.94
-1.74 0.92
-1.71 0.92
-1.66 0.89
-1.65 0.865
-1.85 0.96
-1.8 0.935
-1.72 0.92
-1.75 0.92
-1.86 0.95
-1.73 0.91
-1.73 0.9
-1.56 0.855
-1.7 0.88
-1.76 0.925
-1.81 0.935
-1.71 0.91
-1.71 0.88
-1.73 0.915
-1.71 0.925
-1.81 0.935
-1.62 0.825
-1.69 0.9
-1.86 0.96
-1.78 0.935
-1.81 0.915
-1.73 0.9
-1.73 0.92
-1.77 0.93
-1.83 0.955
-1.61 0.855
-1.78 0.94
-1.79 0.935
-1.86 0.955
-1.76 0.905
-1.81 0.94
-1.82 0.95
-1.79 0.935
-1.78 0.93
-1.76 0.935
-1.85 0.96
-1.75 0.93
-1.86 0.965
-1.58 0.805
-1.72 0.89
-1.86 0.96
-1.8 0.945
-1.75 0.92
-1.81 0.94
-1.68 0.895
-1.75 0.93
-1.7 0.91
-1.79 0.945
-1.68 0.88
-1.81 0.95
-1.6 0.87
-1.75 0.925
-1.7 0.91
-1.67 0.87
-1.72 0.9
-1.86 0.96
-1.66 0.875
-1.76 0.93
-1.8 0.94
-1.67 0.875
-1.68 0.87
-1.72 0.92
-1.78 0.905
-1.72 0.915
-1.76 0.915
-1.71 0.91
-1.62 0.75
-1.5 0.78
-1.69 0.84
-1.56 0.79
-1.66 0.89
-1.8 0.94
-1.79 0.945
-1.63 0.875
-1.71 0.91
-1.76 0.895
-1.69 0.905
-1.8 0.945
-1.76 0.92
-1.74 0.91
-1.82 0.935
-1.69 0.895
-1.61 0.855
-1.61 0.845
-1.85 0.955
-1.67 0.825
-1.63 0.89
-1.69 0.9
-1.75 0.915
-1.82 0.945
-1.75 0.915
-1.76 0.9
-1.56 0.825
-1.77 0.905
-1.66 0.84
-1.63 0.885
-1.66 0.9
-1.77 0.93
-1.77 0.93
-1.8 0.945
-1.73 0.9
-1.73 0.885
-1.6 0.805
-1.65 0.865
-1.75 0.91
-1.78 0.93
-1.75 0.905
-1.65 0.9
-1.77 0.915
-1.7 0.91
-1.73 0.925
-1.73 0.905
-1.73 0.925
-1.8 0.945
-1.76 0.915
-1.78 0.93
-1.74 0.91
-1.74 0.925
-1.87 0.965
-1.8 0.935
-1.76 0.93
-1.74 0.895
-1.71 0.905
-1.83 0.94
-1.71 0.9
-1.84 0.94
-1.71 0.91
-1.78 0.945
-1.8 0.94
-1.71 0.88
-1.57 0.855
-1.77 0.925
-1.73 0.925
-1.83 0.95
-1.74 0.91
-1.65 0.885
-1.85 0.94
-1.73 0.92
-1.78 0.93
-1.81 0.95
-1.64 0.875
-1.74 0.885
-1.73 0.915
-1.75 0.93
-1.79 0.93
-1.66 0.89
-1.72 0.905
-1.84 0.955
-1.57 0.865
-1.76 0.93
-1.7 0.885
-1.71 0.91
-1.7 0.91
-1.69 0.9
-1.7 0.9
-1.92 0.98
-1.72 0.925
-1.68 0.865
-1.73 0.92
-1.7 0.9
-1.83 0.95
-1.62 0.83
-1.83 0.945
-1.76 0.935
-1.68 0.895
-1.53 0.82
-1.74 0.93
-1.66 0.885
-1.44 0.75
-1.52 0.715
-1.68 0.885
-1.62 0.885
-1.76 0.935
-1.6 0.825
-1.76 0.92
-1.68 0.815
-1.82 0.945
-1.56 0.83
-1.71 0.875
-1.68 0.865
-1.68 0.885
-1.88 0.965
-1.74 0.91
-1.75 0.86
-1.76 0.89
-1.62 0.825
-1.75 0.815
-1.88 0.93
-1.7 0.905
-1.8 0.945
-1.79 0.93
-1.66 0.87
-1.74 0.93
-1.78 0.925
-1.87 0.96
-1.6 0.84
-1.57 0.865
-1.88 0.97
-1.78 0.94
-1.75 0.93
-1.83 0.945
-1.89 0.97
-1.71 0.92
-1.68 0.89
-1.79 0.945
-1.75 0.925
-1.88 0.96
-1.71 0.91
-1.58 0.74
-1.77 0.93
-1.77 0.94
-1.73 0.89
-1.87 0.965
-1.75 0.92
-1.71 0.91
-1.7 0.905
-1.76 0.875
-1.62 0.715
-1.64 0.825
-1.78 0.865
-1.61 0.87
-1.88 0.965
-1.69 0.915
-1.72 0.915
-1.8 0.94
-1.78 0.935
-1.83 0.955
-1.85 0.96
-1.82 0.935
-1.74 0.925
-1.58 0.865
-1.64 0.835
-1.78 0.92
-1.84 0.955
-1.84 0.955
-1.84 0.955
-1.8 0.945
-1.63 0.86
-1.72 0.895
-1.75 0.92
-1.74 0.91
-1.68 0.885
-1.8 0.93
-1.68 0.885
-1.77 0.905
-1.74 0.925
-1.64 0.865
-1.79 0.93
-1.69 0.895
-1.74 0.88
-1.73 0.905
-1.75 0.925
-1.77 0.935
-1.66 0.895
-1.78 0.92
-1.69 0.895
-1.67 0.88
-1.82 0.945
-1.71 0.895
-1.72 0.92
-1.79 0.935
-1.74 0.9
-1.78 0.94
-1.69 0.895
-1.87 0.96
-1.56 0.82
-1.64 0.875
-1.77 0.935
-1.78 0.92
-1.7 0.91
-1.8 0.945
-1.87 0.965
-1.8 0.925
-1.87 0.955
-1.63 0.805
-1.83 0.955
-1.74 0.92
-1.74 0.915
-1.82 0.95
-1.74 0.92
-1.75 0.92
-1.83 0.94
-1.73 0.895
-1.88 0.965
-1.66 0.88
-1.79 0.94
-1.77 0.93
-1.61 0.875
-1.77 0.92
-1.83 0.95
-1.76 0.94
-1.73 0.91
-1.76 0.93
-1.86 0.965
-1.8 0.945
-1.66 0.865
-1.69 0.86
-1.9 0.97
-1.86 0.96
-1.75 0.915
-1.84 0.955
-1.73 0.92
-1.63 0.89
-1.7 0.905
-1.81 0.94
-1.82 0.95
-1.77 0.925
-1.84 0.945
-1.72 0.885
-1.74 0.87
-1.54 0.835
-1.8 0.935
-1.73 0.915
-1.71 0.92
-1.78 0.93
-1.77 0.93
-1.56 0.845
-1.74 0.91
-1.69 0.865
-1.81 0.94
-1.75 0.935
-1.81 0.945
-1.71 0.89
-1.63 0.875
-1.63 0.86
-1.72 0.9
-1.61 0.88
-1.72 0.91
-1.67 0.855
-1.82 0.945
-1.84 0.955
-1.75 0.92
-1.84 0.96
-1.88 0.965
-1.8 0.935
-1.82 0.95
-1.79 0.925
-1.53 0.79
-1.79 0.93
-1.67 0.885
-1.72 0.925
-1.67 0.9
-1.82 0.93
-1.83 0.955
-1.78 0.94
-1.8 0.945
-1.51 0.805
-1.69 0.89
-1.82 0.94
-1.72 0.915
-1.71 0.885
-1.82 0.95
-1.73 0.93
-1.68 0.885
-1.63 0.885
-1.75 0.925
-1.75 0.925
-1.62 0.855
-1.67 0.905
-1.92 0.975
-1.84 0.95
-1.71 0.9
-1.76 0.925
-1.74 0.905
-1.75 0.92
-1.62 0.84
-1.57 0.855
-1.73 0.9
-1.83 0.95
-1.59 0.855
-1.66 0.895
-1.77 0.935
-1.84 0.95
-1.74 0.925
-1.69 0.895
-1.6 0.87
-1.77 0.92
-1.77 0.925
-1.72 0.905
-1.73 0.91
-1.71 0.905
-1.93 0.98
-1.7 0.91
-1.75 0.9
-1.7 0.915
-1.59 0.87
-1.63 0.885
-1.85 0.955
-1.8 0.945
-1.78 0.935
-1.85 0.96
-1.69 0.895
-1.62 0.865
-1.66 0.78
-1.7 0.81
-1.77 0.93
-1.79 0.93
-1.63 0.87
-1.67 0.84
-1.76 0.915
-1.72 0.91
-1.6 0.785
-1.65 0.84
-1.74 0.895
-1.64 0.85
-1.74 0.925
-1.54 0.835
-1.65 0.87
-1.78 0.93
-1.71 0.895
-1.88 0.97
-1.71 0.91
-1.75 0.9
-1.91 0.975
-1.78 0.93
-1.69 0.92
-1.75 0.93
-1.76 0.92
-1.76 0.93
-1.74 0.92
-1.74 0.91
-1.78 0.925
-1.77 0.935
-1.69 0.89
-1.75 0.925
-1.71 0.895
-1.74 0.91
-1.75 0.925
-1.8 0.935
-1.63 0.88
-1.74 0.92
-1.65 0.905
-1.9 0.975
-1.81 0.95
-1.86 0.96
-1.86 0.945
-1.65 0.88
-1.81 0.93
-1.71 0.905
-1.71 0.91
-1.58 0.87
-1.78 0.92
-1.68 0.915
-1.62 0.88
-1.79 0.93
-1.72 0.925
-1.65 0.885
-1.9 0.975
-1.72 0.91
-1.73 0.915
-1.66 0.835
-1.74 0.915
-1.62 0.86
-1.69 0.91
-1.85 0.95
-1.58 0.85
-1.88 0.96
-1.74 0.915
-1.74 0.89
-1.8 0.94
-1.76 0.93
-1.78 0.925
-1.66 0.835
-1.65 0.87
-1.57 0.845
-1.79 0.94
-1.82 0.945
-1.71 0.91
-1.7 0.89
-1.74 0.925
-1.73 0.91
-1.76 0.915
-1.73 0.885
-1.65 0.905
-1.61 0.87
-1.72 0.91
-1.57 0.85
-1.79 0.93
-1.74 0.93
-1.82 0.95
-1.68 0.875
-1.69 0.88
-1.74 0.925
-1.86 0.965
-1.75 0.91
-1.9 0.975
-1.85 0.955
-1.83 0.95
-1.69 0.885
-1.67 0.9
-1.58 0.85
-1.68 0.9
-1.62 0.865
-1.63 0.785
-1.65 0.86
-1.7 0.91
-1.66 0.88
-1.71 0.92
-1.77 0.92
-1.8 0.91
-1.79 0.935
-1.6 0.83
-1.78 0.935
-1.81 0.935
-1.84 0.955
-1.77 0.92
-1.8 0.95
-1.88 0.97
-1.8 0.925
-1.73 0.91
-1.68 0.91
-1.81 0.935
-1.86 0.955
-1.58 0.875
-1.77 0.93
-1.67 0.895
-1.69 0.9
-1.71 0.9
-1.57 0.84
-1.63 0.89
-1.61 0.84
-1.75 0.93
-1.7 0.9
-1.76 0.93
-1.87 0.96
-1.66 0.88
-1.73 0.91
-1.38 0.755
-1.64 0.87
-1.72 0.9
-1.85 0.96
-1.72 0.92
-1.65 0.89
-1.72 0.91
-1.81 0.915
-1.5 0.83
-1.68 0.88
-1.78 0.915
-1.8 0.95
-1.78 0.94
-1.45 0.83
-1.64 0.895
-1.77 0.925
-1.79 0.94
-1.73 0.89
-1.71 0.905
-1.73 0.92
-1.75 0.915
-1.7 0.88
-1.73 0.895
-1.73 0.91
-1.7 0.905
-1.83 0.945
-1.76 0.925
-1.79 0.925
-1.85 0.945
-1.68 0.91
-1.66 0.905
-1.66 0.77
-1.54 0.755
-1.64 0.85
-1.82 0.955
-1.65 0.88
-1.68 0.89
-1.7 0.88
-1.83 0.95
-1.8 0.94
-1.77 0.92
-1.82 0.95
-1.7 0.915
-1.87 0.965
-1.81 0.94
-1.72 0.9
-1.78 0.935
-1.74 0.915
-1.79 0.935
-1.8 0.935
-1.66 0.86
-1.75 0.925
-1.76 0.93
-1.78 0.945
-1.7 0.905
-1.66 0.895
-1.78 0.94
-1.72 0.925
-1.74 0.925
-1.78 0.925
-1.65 0.885
-1.68 0.905
-1.57 0.835
-1.64 0.87
-1.59 0.85
-1.73 0.91
-1.72 0.88
-1.59 0.865
-1.74 0.92
-1.65 0.865
-1.82 0.945
-1.79 0.92
-1.83 0.925
-1.67 0.9
-1.74 0.91
-1.72 0.915
-1.63 0.87
-1.68 0.88
-1.88 0.965
-1.78 0.94
-1.67 0.815
-1.59 0.73
-1.55 0.83
-1.86 0.965
-1.72 0.915
-1.88 0.965
-1.76 0.92
-1.78 0.94
-1.9 0.97
-1.8 0.93
-1.78 0.935
-1.72 0.905
-1.84 0.955
-1.67 0.88
-1.75 0.93
-1.85 0.955
-1.78 0.94
-1.74 0.915
-1.72 0.91
-1.69 0.895
-1.68 0.895
-1.78 0.935
-1.83 0.95
-1.66 0.885
-1.82 0.95
-1.87 0.945
-1.8 0.94
-1.82 0.94
-1.77 0.925
-1.84 0.94
-1.63 0.825
-1.86 0.965
-1.83 0.95
-1.76 0.91
-1.69 0.91
-1.76 0.935
-1.71 0.91
-1.75 0.915
-1.69 0.885
-1.79 0.935
-1.64 0.79
-1.59 0.84
-1.83 0.95
-1.68 0.885
-1.62 0.875
-1.74 0.905
-1.71 0.905
-1.73 0.905
-1.75 0.92
-1.77 0.935
-1.78 0.91
-1.79 0.92
-1.73 0.89
-1.78 0.94
-1.68 0.9
-1.79 0.94
-1.62 0.885
-1.78 0.93
-1.66 0.89
-1.79 0.91
-1.8 0.94
-1.78 0.935
-1.61 0.85
-1.74 0.885
-1.59 0.86
-1.71 0.915
-1.74 0.905
-1.74 0.905
-1.46 0.635
-1.65 0.895
-1.66 0.9
-1.73 0.92
-1.83 0.955
-1.73 0.93
-1.74 0.93
-1.75 0.875
-1.69 0.91
-1.82 0.95
-1.78 0.935
-1.69 0.885
-1.74 0.925
-1.65 0.84
-1.86 0.96
-1.65 0.865
-1.54 0.82
-1.68 0.86
-1.69 0.895
-1.79 0.905
-1.78 0.935
-1.79 0.93
-1.71 0.9
-1.67 0.9
-1.83 0.955
-1.75 0.92
-1.79 0.935
-1.87 0.965
-1.8 0.935
-1.82 0.95
-1.64 0.88
-1.67 0.89
-1.62 0.82
-1.72 0.92
-1.7 0.89
-1.83 0.955
-1.82 0.945
-1.75 0.9
-1.87 0.955
-1.81 0.945
-1.8 0.925
-1.7 0.905
-1.77 0.925
-1.67 0.885
-1.72 0.87
-1.76 0.92
-1.67 0.88
-1.69 0.865
-1.64 0.885
-1.54 0.84
-1.76 0.93
-1.76 0.92
-1.76 0.925
-1.62 0.865
-1.67 0.84
-1.68 0.845
-1.67 0.875
-1.71 0.9
-1.81 0.9
-1.55 0.82
-1.73 0.905
-1.87 0.965
-1.7 0.895
-1.79 0.935
-1.77 0.935
-1.56 0.845
-1.64 0.875
-1.62 0.875
-1.86 0.96
-1.67 0.89
-1.67 0.855
-1.82 0.95
-1.79 0.92
-1.77 0.93
-1.78 0.935
-1.77 0.935
-1.78 0.905
-1.66 0.905
-1.63 0.865
-1.85 0.945
-1.7 0.9
-1.78 0.935
-1.79 0.92
-1.77 0.93
-1.78 0.925
-1.78 0.94
-1.72 0.91
-1.75 0.915
-1.7 0.91
-1.87 0.955
-1.73 0.92
-1.72 0.905
-1.68 0.9
-1.73 0.895
-1.65 0.895
-1.69 0.82
-1.6 0.825
-1.85 0.91
-1.87 0.96
-1.75 0.92
-1.76 0.92
-1.64 0.885
-1.71 0.915
-1.84 0.96
-1.61 0.89
-1.75 0.91
-1.74 0.92
-1.78 0.94
-1.73 0.925
-1.72 0.92
-1.73 0.915
-1.75 0.92
-1.76 0.935
-1.68 0.885
-1.88 0.965
-1.68 0.905
-1.77 0.935
-1.71 0.865
-1.8 0.94
-1.84 0.96
-1.8 0.935
-1.8 0.93
-1.73 0.925
-1.75 0.925
-1.74 0.92
-1.71 0.915
-1.69 0.905
-1.8 0.945
-1.71 0.91
-1.88 0.965
-1.8 0.95
-1.7 0.91
-1.61 0.855
-1.54 0.835
-1.74 0.92
-1.69 0.905
-1.57 0.825
-1.72 0.91
-1.75 0.91
-1.7 0.88
-1.8 0.93
-1.69 0.905
-1.82 0.945
-1.86 0.965
-1.77 0.93
-1.69 0.86
-1.72 0.895
-1.65 0.89
-1.66 0.895
-1.76 0.925
-1.76 0.935
-1.62 0.895
-1.76 0.93
-1.83 0.955
-1.74 0.905
-1.64 0.89
-1.68 0.91
-1.75 0.925
-1.64 0.875
-1.44 0.72
-1.73 0.915
-1.81 0.94
-1.8 0.94
-1.76 0.91
-1.8 0.94
-1.71 0.865
-1.74 0.925
-1.76 0.92
-1.58 0.84
-1.77 0.93
-1.59 0.735
-1.82 0.935
-1.7 0.9
-1.82 0.94
-1.71 0.9
-1.69 0.9
-1.84 0.955
-1.58 0.865
-1.69 0.89
-1.75 0.925
-1.85 0.955
-1.66 0.86
-1.61 0.86
-1.84 0.955
-1.62 0.885
-1.71 0.895
-1.79 0.915
-1.69 0.915
-1.64 0.855
-1.76 0.91
-1.66 0.895
-1.76 0.93
-1.71 0.9
-1.65 0.875
-1.67 0.88
-1.78 0.93
-1.74 0.925
-1.75 0.925
-1.86 0.955
-1.78 0.94
-1.81 0.945
-1.54 0.8
-1.88 0.97
-1.76 0.93
-1.82 0.935
-1.73 0.92
-1.72 0.895
-1.8 0.94
-1.7 0.895
-1.71 0.915
-1.63 0.88
-1.85 0.96
-1.83 0.955
-1.83 0.94
-1.79 0.94
-1.76 0.925
-1.79 0.94
-1.77 0.93
-1.8 0.925
-1.73 0.885
-1.67 0.845
-1.71 0.89
-1.8 0.945
-1.73 0.92
-1.86 0.96
-1.69 0.9
-1.55 0.77
-1.74 0.91
-1.81 0.95
-1.75 0.88
-1.85 0.945
-1.7 0.865
-1.66 0.845
-1.57 0.795
-1.61 0.87
-1.73 0.925
-1.8 0.94
-1.85 0.96
-1.79 0.93
-1.96 0.99
-1.73 0.91
-1.72 0.905
