-1.18 -0.56
-1.35 -0.57
-1.38 -0.75
-1.59 -0.865
-1.61 -0.875
-1.34 -0.715
-1.27 -0.62
-1.45 -0.75
-1.77 -0.94
-1.42 -0.78
-1.53 -0.79
-1.55 -0.85
-1.42 -0.68
-1.46 -0.8
-1.53 -0.8
-1.47 -0.8
-1.51 -0.785
-1.38 -0.785
-1.4 -0.73
-1.45 -0.795
-1.38 -0.78
-1.47 -0.72
-1.48 -0.805
-1.47 -0.825
-1.46 -0.78
-1.36 -0.69
-1.36 -0.73
-1.61 -0.825
-1.58 -0.825
-1.33 -0.705
-1.33 -0.675
-1.34 -0.765
-1.42 -0.635
-1.43 -0.52
-1.23 -0.455
-1.49 -0.565
-1.25 -0.675
-1.26 -0.595
-1.39 -0.685
-1.48 -0.805
-1.45 -0.775
-1.58 -0.855
-1.75 -0.93
-1.5 -0.84
-1.56 -0.805
-1.53 -0.825
-1.53 -0.75
-1.33 -0.55
-1.4 -0.585
-1.52 -0.76
-1.36 -0.75
-1.22 -0.695
-1.5 -0.79
-1.33 -0.685
-1.53 -0.82
-1.41 -0.655
-1.25 -0.55
-1.36 -0.69
-1.18 -0.515
-1.07 -0.465
-1.35 -0.705
-1.49 -0.8
-1.54 -0.795
-1.42 -0.77
-1.6 -0.875
-1.29 -0.735
-1.41 -0.675
-1.31 -0.68
-1.42 -0.715
-1.54 -0.81
-1.41 -0.78
-1.4 -0.745
-1.5 -0.8
-1.45 -0.785
-1.62 -0.835
-1.54 -0.845
-1.31 -0.685
-1.33 -0.695
-1.39 -0.78
-1.57 -0.86
-1.35 -0.69
-1.63 -0.885
-1.37 -0.735
-1.57 -0.865
-1.53 -0.805
-1.44 -0.765
-1.33 -0.62
-1.33 -0.655
-1.17 -0.32
-1.37 -0.65
-1.48 -0.785
-1.39 -0.73
-1.57 -0.83
-1.56 -0.82
-1.55 -0.855
-1.52 -0.855
-1.25 -0.72
-1.43 -0.765
-1.29 -0.73
-1.43 -0.56
-1.18 -0.37
-1.33 -0.49
-1.34 -0.71
-1.5 -0.815
-1.58 -0.845
-1.51 -0.855
-1.5 -0.84
-1.36 -0.715
-1.5 -0.705
-1.4 -0.795
-1.65 -0.885
-1.41 -0.765
-1.54 -0.855
-1.3 -0.7
-1.57 -0.815
-1.59 -0.835
-1.63 -0.88
-1.52 -0.78
-1.35 -0.655
-1.43 -0.795
-1.56 -0.865
-1.62 -0.855
-1.6 -0.87
-1.51 -0.83
-1.59 -0.865
-1.56 -0.84
-1.28 -0.64
-1.24 -0.555
-1.43 -0.755
-1.55 -0.835
-1.35 -0.715
-1.43 -0.72
-1.37 -0.76
-1.52 -0.82
-1.4 -0.74
-1.43 -0.75
-1.3 -0.675
-1.53 -0.74
-1.53 -0.705
-1.36 -0.65
-1.13 -0.52
-1.43 -0.71
-1.58 -0.83
-1.68 -0.905
-1.41 -0.715
-1.48 -0.675
-1.49 -0.79
-1.43 -0.74
-1.42 -0.705
-1.21 -0.435
-1.34 -0.61
-1.47 -0.615
-1.56 -0.815
-1.63 -0.795
-1.26 -0.625
-1.28 -0.545
-1.49 -0.775
-1.39 -0.76
-1.69 -0.9
-1.42 -0.735
-1.52 -0.745
-1.49 -0.805
-1.32 -0.73
-1.47 -0.795
-1.37 -0.785
-1.39 -0.75
-1.16 -0.57
-1.12 -0.285
-1.29 -0.235
-1.16 -0.345
-1.23 -0.34
-1.14 -0.4
-1.32 -0.525
-1.15 -0.35
-1.15 -0.36
-1.22 -0.455
-1.18 -0.18
-1.16 0.065
-1.12 -0.015
-1.22 0.13
-1.12 0.29
-1.17 0.21
-1.17 0.125
-1.27 0.095
-1.13 0.38
-1.17 0.205
-1.43 0.395
-1.25 0.205
-1.44 0.17
-1.2 0.375
-1.41 0.81
-1.53 0.83
-1.45 0.76
-1.34 0.675
-1.42 0.625
-1.46 0.74
-1.41 0.685
-1.36 0.645
-1.32 0.695
-1.15 0.565
-1.21 0.51
-1.37 0.49
-1.15 0.6
-1.35 0.62
-1.32 0.58
-1.16 0.51
-1.47 0.695
-1.49 0.76
-1.38 0.645
-1.27 0.495
-1.1 0.49
-1.39 0.62
-1.16 0.475
-1.47 0.715
-1.44 0.79
-1.72 0.92
-1.5 0.84
-1.65 0.885
-1.32 0.725
-1.57 0.83
-1.27 0.72
-1.31 0.675
-1.31 0.62
-1.37 0.77
-1.41 0.72
-1.32 0.66
-1.31 0.665
-1.26 0.66
-1.18 0.5
-1.28 0.415
-1.44 0.765
-1.43 0.78
-1.7 0.83
-1.65 0.88
-1.63 0.875
-1.65 0.885
-1.51 0.825
-1.65 0.895
-1.5 0.81
-1.64 0.865
-1.39 0.71
-1.4 0.715
-1.36 0.68
-1.41 0.685
-1.5 0.79
-1.34 0.695
-1.56 0.83
-1.38 0.74
-1.52 0.81
-1.49 0.81
-1.66 0.865
-1.49 0.755
-1.24 0.605
-1.22 0.58
-1.37 0.67
-1.35 0.77
-1.62 0.85
-1.48 0.795
-1.6 0.87
-1.48 0.725
-1.39 0.705
-1.37 0.765
-1.63 0.89
-1.58 0.86
-1.52 0.815
-1.56 0.84
-1.47 0.78
-1.62 0.87
-1.51 0.825
-1.49 0.8
-1.44 0.755
-1.39 0.75
-1.48 0.75
-1.41 0.78
-1.42 0.79
-1.36 0.745
-1.41 0.795
-1.57 0.855
-1.52 0.85
-1.32 0.68
-1.69 0.9
-1.4 0.755
-1.32 0.585
-1.22 0.445
-1.4 0.505
-1.19 0.465
-1.16 0.56
-1.32 0.555
-1.27 0.525
-1.24 0.46
-1.16 0.18
-1.31 0.32
-1.46 0.55
-1.41 0.665
-1.29 0.53
-1.28 0.635
-1.31 0.6
-1.38 0.585
-1.47 0.66
-1.57 0.83
-1.49 0.815
-1.38 0.595
-1.3 0.53
-1.23 0.495
-1.33 0.635
-1.05 0.505
-1.11 0.345
-1.14 0.395
-1.37 0.705
-1.45 0.73
-1.41 0.75
-1.32 0.71
-1.17 0.59
-1.23 0.62
-1.28 0.685
-1.49 0.755
-1.39 0.63
-1.49 0.63
-1.29 0.55
-1.2 0.185
-1.1 0.48
-1.04 0.125
-1.15 0.305
-1.34 0.42
-1.26 0.38
-1.31 0.165
-1.04 -0.25
-1.25 -0.64
-1.41 -0.79
-1.59 -0.84
-1.53 -0.82
-1.55 -0.855
-1.44 -0.735
-1.34 -0.735
-1.21 -0.53
-1.46 -0.515
-1.1 -0.225
-1.11 -0.305
-1.1 -0.485
-1.17 -0.49
-1.2 -0.54
-1.34 -0.71
-1.54 -0.83
-1.63 -0.86
-1.5 -0.83
-1.65 -0.9
-1.4 -0.77
-1.4 -0.675
-1.32 -0.725
-1.49 -0.775
-1.25 -0.73
-1.28 -0.58
-1.41 -0.55
-1.45 -0.735
-1.44 -0.755
-1.72 -0.91
-1.35 -0.73
-1.42 -0.68
-1.34 -0.725
-1.25 -0.67
-1.51 -0.84
-1.62 -0.865
-1.52 -0.795
-1.53 -0.825
-1.51 -0.805
-1.51 -0.705
-1.29 -0.7
-1.44 -0.74
-1.69 -0.87
-1.54 -0.825
-1.32 -0.7
-1.37 -0.63
-1.22 -0.49
-1.3 -0.49
-1.39 -0.49
-1.29 -0.36
-1.13 -0.255
-1.24 -0.265
-1.21 -0.12
-1.14 -0.355
-1.26 -0.375
-1.05 -0.155
-1.1 -0.25
-1.06 -0.4
-1.45 -0.775
-1.53 -0.815
-1.54 -0.785
-1.26 -0.72
-1.47 -0.705
-1.29 -0.625
-1.2 -0.57
-1.23 -0.66
-1.34 -0.755
-1.46 -0.775
-1.52 -0.76
-1.38 -0.745
-1.55 -0.82
-1.66 -0.9
-1.56 -0.7
-1.52 -0.835
-1.39 -0.7
-1.38 -0.725
-1.48 -0.7
-1.3 -0.61
-1.37 -0.765
-1.29 -0.71
-1.57 -0.88
-1.5 -0.805
-1.39 -0.745
-1.21 -0.535
-1.24 -0.57
-1.44 -0.58
-1.21 -0.51
-1.43 -0.53
-1.03 -0.375
-1.12 -0.185
-1.37 -0.625
-1.47 -0.76
-1.46 -0.75
-1.25 -0.63
-1.43 -0.72
-1.41 -0.7
-1.4 -0.65
-1.14 -0.475
-1.18 -0.335
-1.32 -0.405
-1.34 -0.63
-1.26 -0.44
-1.29 -0.39
-1.22 -0.445
-1.29 -0.545
-1.5 -0.695
-1.35 -0.605
-1.46 -0.755
-1.57 -0.85
-1.5 -0.8
-1.31 -0.69
-1.48 -0.835
-1.42 -0.705
-1.33 -0.73
-1.3 -0.575
-1.51 -0.71
-1.54 -0.78
-1.6 -0.83
-1.46 -0.785
-1.42 -0.785
-1.68 -0.885
-1.64 -0.885
-1.44 -0.735
-1.48 -0.765
-1.49 -0.82
-1.58 -0.86
-1.48 -0.745
-1.35 -0.675
-1.39 -0.69
-1.37 -0.665
-1.49 -0.78
-1.32 -0.7
-1.33 -0.645
-1.22 -0.61
-1.61 -0.8
-1.41 -0.71
-1.57 -0.755
-1.37 -0.6
-1.38 -0.7
-1.23 -0.565
-1.44 -0.71
-1.42 -0.75
-1.21 -0.455
-1.41 -0.695
-1.47 -0.77
-1.36 -0.725
-1.62 -0.86
-1.58 -0.865
-1.41 -0.78
-1.54 -0.785
-1.34 -0.615
-1.22 -0.505
-1.43 -0.78
-1.41 -0.76
-1.32 -0.5
-1.22 -0.495
-1.3 -0.49
-1.24 -0.51
-1.29 -0.655
-1.46 -0.77
-1.43 -0.735
-1.61 -0.825
-1.43 -0.785
-1.39 -0.73
-1.48 -0.765
-1.42 -0.76
-1.6 -0.825
-1.24 -0.585
-1.46 -0.815
-1.53 -0.805
-1.71 -0.895
-1.49 -0.785
-1.46 -0.735
-1.29 -0.675
-1.58 -0.855
-1.4 -0.76
-1.53 -0.81
-1.48 -0.705
-1.32 -0.59
-1.36 -0.565
-1.39 -0.66
-1.32 -0.575
-1.44 -0.79
-1.41 -0.73
-1.56 -0.845
-1.37 -0.73
-1.38 -0.695
-1.58 -0.785
-1.41 -0.755
-1.34 -0.59
-1.32 -0.575
-1.41 -0.635
-1.24 -0.355
-1.19 -0.25
-1.14 -0.22
-1.27 -0.41
-1.3 -0.545
-1.4 -0.615
-1.45 -0.715
-1.3 -0.53
-1.35 -0.76
-1.44 -0.71
-1.3 -0.6
-1.08 -0.505
-1.16 -0.57
-1.42 -0.655
-1.35 -0.69
-1.6 -0.82
-1.48 -0.785
-1.6 -0.835
-1.33 -0.655
-1.4 -0.725
-1.36 -0.77
-1.44 -0.67
-1.43 -0.77
-1.59 -0.85
-1.42 -0.77
-1.64 -0.88
-1.29 -0.69
-1.34 -0.75
-1.38 -0.755
-1.4 -0.685
-1.32 -0.68
-1.53 -0.83
-1.45 -0.72
-1.31 -0.59
-1.38 -0.76
-1.31 -0.745
-1.47 -0.735
-1.43 -0.735
-1.23 -0.565
-1.43 -0.43
-1.21 -0.215
-1.2 -0.32
-1.17 -0.255
-1.27 -0.045
-1.21 -0.28
-1.41 -0.18
-1.34 -0.045
-1.18 0.04
-1.22 -0.015
-1.16 -0.34
-1.23 -0.37
-1.43 -0.49
-1.17 -0.48
-1.29 -0.435
-1.36 -0.315
-1.25 -0.23
-1.29 -0.44
-1.48 -0.735
-1.35 -0.66
-1.43 -0.825
-1.59 -0.845
-1.58 -0.845
-1.53 -0.78
-1.61 -0.88
-1.28 -0.715
-1.34 -0.59
-1.49 -0.785
-1.54 -0.82
-1.5 -0.795
-1.28 -0.66
-1.26 -0.7
-1.36 -0.695
-1.51 -0.665
-1.58 -0.805
-1.54 -0.84
-1.63 -0.87
-1.53 -0.81
-1.47 -0.765
-1.57 -0.86
-1.46 -0.745
-1.62 -0.87
-1.54 -0.825
-1.49 -0.815
-1.52 -0.8
-1.5 -0.83
-1.53 -0.815
-1.39 -0.67
-1.39 -0.72
-1.26 -0.585
-1.45 -0.695
-1.38 -0.605
-1.51 -0.795
-1.39 -0.66
-1.63 -0.8
-1.35 -0.645
-1.23 -0.635
-1.38 -0.73
-1.49 -0.835
-1.4 -0.73
-1.39 -0.71
-1.41 -0.62
-1.44 -0.635
-1.33 -0.595
-1.32 -0.55
-1.2 -0.515
-1.37 -0.665
-1.28 -0.61
-1.51 -0.825
-1.52 -0.87
-1.3 -0.655
-1.31 -0.73
-1.4 -0.735
-1.6 -0.86
-1.28 -0.675
-1.39 -0.53
-1.37 -0.585
-1.33 -0.565
-1.38 -0.695
-1.41 -0.52
-1.19 -0.475
-1.28 -0.57
-1.56 -0.785
-1.76 -0.935
-1.32 -0.56
-1.2 -0.375
-1.33 -0.54
-1.27 -0.53
-1.3 -0.55
-1.17 -0.43
-1.45 -0.57
-1.21 -0.48
-1.26 -0.655
-1.62 -0.87
-1.61 -0.85
-1.36 -0.725
-1.26 -0.65
-1.53 -0.825
-1.44 -0.775
-1.25 -0.59
-1.23 -0.695
-1.33 -0.685
-1.29 -0.72
-1.33 -0.685
-1.51 -0.82
-1.57 -0.77
-1.34 -0.74
-1.43 -0.79
-1.62 -0.815
-1.45 -0.76
-1.49 -0.8
-1.57 -0.845
-1.6 -0.885
-1.43 -0.745
-1.57 -0.83
-1.45 -0.775
-1.59 -0.845
-1.69 -0.885
-1.5 -0.825
-1.48 -0.805
-1.33 -0.675
-1.26 -0.615
-1.49 -0.825
-1.78 -0.935
-1.41 -0.63
-1.38 -0.445
-1.05 -0.175
-1.21 -0.255
-1.2 -0.34
-1.29 -0.46
-1.44 -0.615
-1.24 -0.525
-1.4 -0.63
-1.26 -0.525
-1.35 -0.71
-1.38 -0.725
-1.22 -0.66
-1.23 -0.66
-1.65 -0.84
-1.51 -0.735
-1.49 -0.82
-1.41 -0.615
-1.47 -0.8
-1.61 -0.84
-1.34 -0.695
-1.69 -0.89
-1.28 -0.605
-1.15 -0.36
-1.34 -0.565
-1.19 -0.535
-1.16 -0.47
-1.17 -0.325
-1.27 -0.14
-1.19 -0.245
-1.29 -0.3
-1.08 -0.47
-1.34 -0.565
-1.35 -0.64
-1.28 -0.6
-1.25 -0.445
-1.08 -0.215
-1.25 0.03
-1.09 -0.185
-1.2 -0.335
-1.32 -0.27
-1.19 -0.275
-1.22 -0.18
-1.19 -0.125
-1.22 -0.1
-1.24 -0.24
-1.21 -0.02
-1.22 0.265
-1.28 0.425
-1.21 0.14
-1.31 0.075
-1.31 0.175
-1.28 0.305
-1.33 0.29
-1.14 0.115
-1.28 0.125
-1.14 0.195
-1.21 0.37
-1.31 0.58
-1.36 0.52
-1.26 0.38
-1.3 0.305
-1.35 0.515
-1.18 0.34
-1.06 0.205
-1.22 0.2
-1.28 0.155
-1.31 0.12
-1.16 0.14
-1.14 -0.05
-1.17 -0.175
-1.16 -0.015
-1.18 -0.3
-1.31 -0.53
-1.45 -0.685
-1.31 -0.65
-1.3 -0.59
-1.45 -0.67
-1.4 -0.575
-1.26 -0.565
-1.4 -0.545
-1.41 -0.62
-1.36 -0.7
-1.33 -0.665
-1.34 -0.595
-1.4 -0.595
-1.29 -0.385
-1.24 -0.25
-1.31 -0.435
-1.29 -0.615
-1.2 -0.58
-1.13 -0.15
-1.21 -0.045
-1.16 -0.035
-1.21 0.085
-1.25 0.135
-1.13 0.17
-1.08 0.035
-1.17 -0.21
-1.26 -0.505
-1.36 -0.73
-1.51 -0.835
-1.7 -0.875
-1.51 -0.835
-1.35 -0.68
-1.66 -0.85
-1.12 -0.52
-1.17 -0.425
-1.35 -0.405
-1.31 -0.575
-1.21 -0.28
-1.21 0.18
-1.08 0.31
-1.4 0.62
-1.32 0.625
-1.35 0.555
-1.35 0.645
-1.48 0.72
-1.58 0.875
-1.44 0.72
-1.5 0.82
-1.46 0.77
-1.6 0.815
-1.36 0.63
-1.33 0.51
-1.48 0.585
-1.34 0.555
-1.26 0.275
-1.21 0.41
-1.18 0.325
-1.31 0.53
-1.29 0.65
-1.21 0.695
-1.46 0.65
-1.39 0.76
-1.64 0.865
-1.61 0.83
-1.39 0.735
-1.41 0.745
-1.5 0.725
-1.36 0.585
-1.48 0.685
-1.59 0.72
-1.38 0.595
-1.38 0.605
-1.43 0.78
-1.57 0.82
-1.59 0.84
-1.35 0.735
-1.46 0.76
-1.61 0.875
-1.41 0.795
-1.51 0.835
-1.42 0.73
-1.53 0.75
-1.33 0.65
-1.48 0.605
-1.41 0.67
-1.25 0.53
-1.23 0.63
-1.57 0.855
-1.51 0.77
-1.5 0.79
-1.3 0.585
-1.4 0.435
-1.32 0.605
-1.21 0.53
-1.2 0.52
-1.2 0.505
-1.39 0.71
-1.4 0.725
-1.33 0.61
-1.48 0.765
-1.52 0.815
-1.53 0.835
-1.39 0.785
-1.38 0.725
-1.27 0.64
-1.25 0.565
-1.48 0.785
-1.28 0.55
-1.3 0.615
-1.22 0.525
-1.5 0.825
-1.64 0.87
-1.66 0.845
-1.48 0.84
-1.59 0.78
-1.32 0.68
-1.62 0.885
-1.48 0.81
-1.46 0.755
-1.12 0.595
-1.37 0.66
-1.29 0.55
-1.44 0.55
-1.4 0.655
-1.56 0.74
-1.36 0.74
-1.48 0.8
-1.64 0.875
-1.37 0.7
-1.56 0.815
-1.45 0.785
-1.45 0.785
-1.53 0.7
-1.3 0.605
-1.4 0.59
-1.41 0.625
-1.5 0.62
-1.28 0.5
-1.11 0.4
-1.01 0.265
-1.06 0.165
-1.01 0.045
-1.19 -0.015
-1.33 -0.21
-1.08 -0.065
-1.34 -0.28
-1.04 -0.09
-1.12 0.05
-1.29 0.385
-1.35 0.42
-1.37 0.53
-1.38 0.63
-1.42 0.47
-1.46 0.51
-1.32 0.65
-1.38 0.685
-1.44 0.81
-1.59 0.79
-1.75 0.9
-1.74 0.92
-1.34 0.655
-1.29 0.66
-1.27 0.375
-1.4 0.565
-1.13 0.35
-1.12 0.095
-0.97 0.11
-1.21 0.09
-1.17 -0.18
-1.23 -0.005
-1.12 -0.145
-1.16 -0.2
-1.27 -0.23
-1.16 -0.32
-1.34 -0.515
-1.2 -0.395
-1.08 -0.24
-1.06 -0.335
-1.28 -0.28
-1.26 -0.45
-1.1 -0.335
-1.19 -0.01
-1.27 -0.23
-1.41 -0.47
-1.36 -0.37
-1.57 -0.47
-1.32 -0.46
-1.49 -0.765
-1.36 -0.73
-1.55 -0.85
-1.35 -0.705
-1.29 -0.675
-1.41 -0.73
-1.31 -0.71
-1.4 -0.73
-1.6 -0.86
-1.48 -0.8
-1.48 -0.81
-1.52 -0.79
-1.36 -0.65
-1.4 -0.75
-1.34 -0.7
-1.39 -0.67
-1.54 -0.645
-1.32 -0.56
-1.45 -0.645
-1.33 -0.62
-1.43 -0.665
-1.24 -0.605
-1.46 -0.785
-1.5 -0.785
-1.21 -0.655
-1.43 -0.745
-1.38 -0.665
-1.18 -0.475
-1.15 -0.42
-1.2 -0.385
-1.13 -0.305
-1.03 -0.08
-1.23 -0.085
-1.1 0.205
-1.04 0.175
-1.21 0.31
-1.26 0.415
-1.14 -0.08
-1.08 -0.06
-1.23 -0.05
-1.22 -0.3
-1.15 -0.405
-1.13 -0.38
-1.42 -0.725
-1.37 -0.68
-1.34 -0.63
-1.36 -0.525
-1.57 -0.615
-1.13 -0.42
-1.38 -0.385
-1.41 -0.625
-1.41 -0.58
-1.35 -0.53
-1.38 -0.61
-1.72 -0.9
-1.52 -0.845
-1.64 -0.815
-1.5 -0.77
-1.35 -0.705
-1.47 -0.745
-1.52 -0.79
-1.45 -0.775
-1.41 -0.71
-1.46 -0.72
-1.28 -0.655
-1.62 -0.84
-1.58 -0.835
-1.33 -0.605
-1.3 -0.595
-1.24 -0.58
-1.11 -0.23
-1.27 -0.525
-1.25 -0.345
-1.12 -0.08
-1.12 0.07
-1.13 0.265
-1.18 0.385
-1.29 0.23
-1.09 0.005
-1.23 -0.16
-1.19 -0.415
-1.15 -0.49
-1.23 -0.665
-1.43 -0.77
-1.58 -0.81
-1.19 -0.545
-1.24 -0.525
-1.38 -0.78
-1.42 -0.8
-1.66 -0.89
-1.58 -0.865
-1.42 -0.735
-1.67 -0.88
-1.58 -0.865
-1.6 -0.845
-1.33 -0.675
-1.42 -0.7
-1.54 -0.775
-1.47 -0.74
-1.34 -0.68
-1.36 -0.67
-1.49 -0.76
-1.28 -0.7
-1.32 -0.585
-1.53 -0.755
-1.19 -0.5
-1.43 -0.66
-1.37 -0.505
-1.38 -0.645
-1.52 -0.815
-1.54 -0.815
-1.52 -0.81
-1.47 -0.8
-1.39 -0.73
-1.3 -0.695
-1.27 -0.585
-1.41 -0.755
-1.37 -0.695
-1.47 -0.84
-1.29 -0.675
-1.34 -0.68
-1.46 -0.78
-1.63 -0.825
-1.42 -0.76
-1.47 -0.78
-1.39 -0.76
-1.4 -0.67
-1.34 -0.63
-1.54 -0.84
-1.43 -0.735
-1.39 -0.745
-1.43 -0.735
-1.66 -0.88
-1.38 -0.795
-1.44 -0.745
-1.3 -0.6
-1.38 -0.69
-1.48 -0.71
-1.33 -0.41
-1.24 -0.245
-1.15 -0.03
-0.98 -0.14
-1.27 -0.35
-1.17 -0.215
-1.05 0.04
-1.35 0.095
-1.4 0.09
-1.31 0.075
-1.21 0.09
-1.01 0.125
-1.16 0.095
-1.1 -0.3
-1.26 -0.325
-1.23 -0.165
-1.22 -0.235
-1.14 -0.2
-1.16 -0.21
-1.3 -0.185
-1.19 -0.025
-1.18 -0.29
-1.22 -0.44
-1.31 -0.645
-1.59 -0.815
-1.53 -0.805
-1.36 -0.75
-1.62 -0.86
-1.43 -0.745
-1.27 -0.54
-1.26 -0.46
-1.31 -0.425
-1.5 -0.755
-1.4 -0.72
-1.5 -0.695
-1.41 -0.725
-1.24 -0.4
-1.31 -0.555
-1.24 -0.65
-1.67 -0.875
-1.43 -0.795
-1.56 -0.805
-1.36 -0.68
-1.4 -0.785
-1.53 -0.78
-1.46 -0.705
-1.2 -0.405
-1.18 -0.135
-1.07 -0.07
-1.11 -0.19
-1.26 -0.165
-1.25 -0.31
-1.25 -0.27
-1.34 -0.61
-1.17 -0.64
-1.26 -0.7
-1.33 -0.705
-1.43 -0.77
-1.56 -0.825
-1.45 -0.79
-1.47 -0.79
-1.52 -0.795
-1.47 -0.81
-1.34 -0.65
-1.41 -0.69
-1.41 -0.775
-1.36 -0.705
-1.39 -0.75
-1.47 -0.73
-1.34 -0.64
-1.21 -0.455
-1.38 -0.495
-1.3 -0.65
-1.47 -0.775
-1.55 -0.855
-1.58 -0.85
-1.61 -0.89
-1.46 -0.795
-1.39 -0.76
-1.59 -0.835
-1.55 -0.85
-1.53 -0.855
-1.6 -0.85
-1.51 -0.825
-1.6 -0.87
-1.35 -0.73
-1.34 -0.695
-1.43 -0.72
-1.43 -0.715
-1.41 -0.765
-1.19 -0.655
-1.14 -0.525
-1.2 -0.47
-1.33 -0.23
-1.14 -0.215
-1.12 -0.05
-1.14 -0.11
-1.26 -0.04
-1.28 -0.01
-1.33 -0.275
-1.22 -0.225
-1.1 -0.225
-1.38 -0.275
-1.21 -0.105
-1.08 0.215
-1.27 0.335
-1.34 0.415
-1.39 0.51
-1.43 0.495
-1.27 0.515
-1.43 0.62
-1.1 0.53
-1.31 0.39
-1.37 0.615
-1.17 0.43
-1.12 0.49
-1.38 0.68
-1.42 0.63
-1.4 0.735
-1.49 0.75
-1.25 0.675
-1.4 0.79
-1.65 0.85
-1.68 0.915
-1.59 0.84
-1.51 0.815
-1.55 0.815
-1.75 0.92
-1.4 0.745
-1.63 0.79
-1.56 0.855
-1.51 0.805
-1.43 0.71
-1.31 0.67
-1.23 0.69
-1.46 0.805
-1.27 0.655
-1.49 0.74
-1.56 0.85
-1.47 0.82
-1.51 0.765
-1.43 0.75
-1.5 0.805
-1.59 0.875
-1.27 0.73
-1.29 0.595
-1.5 0.735
-1.36 0.7
-1.29 0.66
-1.3 0.705
-1.38 0.705
-1.41 0.715
-1.16 0.61
-1.57 0.83
-1.55 0.76
-1.37 0.68
-1.48 0.81
-1.48 0.755
-1.22 0.605
-1.58 0.8
-1.53 0.845
-1.43 0.7
-1.54 0.825
-1.47 0.75
-1.47 0.77
-1.26 0.65
-1.43 0.755
-1.26 0.66
-1.27 0.655
-1.39 0.78
-1.36 0.71
-1.31 0.57
-1.19 0.515
-1.21 0.58
-1.68 0.845
-1.26 0.645
-1.33 0.59
-1.31 0.68
-1.51 0.78
-1.37 0.57
-1.28 0.59
-1.32 0.515
-1.35 0.44
-1.19 0.41
-1.18 0.49
-1.4 0.585
-1.32 0.59
-1.22 0.49
-1.3 0.58
-1.33 0.705
-1.53 0.785
-1.59 0.76
-1.41 0.7
-1.53 0.835
-1.38 0.72
-1.44 0.76
-1.39 0.625
-1.36 0.505
-1.35 0.61
-1.2 0.535
-1.15 0.545
-1.2 0.59
-1.47 0.745
-1.48 0.775
-1.5 0.76
-1.61 0.86
-1.46 0.78
-1.32 0.66
-1.49 0.765
-1.44 0.725
-1.37 0.565
-1.49 0.675
-1.3 0.585
-1.54 0.76
-1.38 0.625
-1.42 0.755
-1.57 0.845
-1.41 0.745
-1.33 0.625
-1.32 0.53
-1.42 0.72
-1.34 0.715
-1.51 0.775
-1.76 0.935
-1.43 0.75
-1.57 0.815
-1.21 0.56
-1.39 0.705
-1.43 0.77
-1.64 0.865
-1.32 0.665
-1.5 0.775
-1.35 0.67
-1.56 0.795
-1.45 0.825
-1.39 0.71
-1.39 0.69
-1.33 0.725
-1.47 0.765
-1.36 0.565
-1.46 0.69
-1.35 0.575
-1.48 0.71
-1.19 0.48
-1.32 0.62
-1.11 0.41
-1.3 0.315
-1.16 0.47
-1.44 0.705
-1.36 0.695
-1.37 0.72
-1.46 0.755
-1.34 0.605
-1.24 0.165
-1.18 0.3
-1.27 0.055
-1.28 -0.005
-1.24 -0.165
-1.25 -0.01
-1.29 0.06
-1.15 -0.1
-1.12 -0.025
-1.13 -0.035
-1.2 -0.185
-1.1 -0.38
-1.19 -0.27
-1.21 -0.455
-1.3 -0.49
-1.57 -0.72
-1.21 -0.49
-1.47 -0.74
-1.52 -0.79
-1.52 -0.82
-1.34 -0.74
-1.32 -0.675
-1.55 -0.81
-1.43 -0.78
-1.57 -0.81
-1.53 -0.74
-1.47 -0.765
-1.46 -0.775
-1.68 -0.89
-1.36 -0.66
-1.23 -0.435
-1.28 -0.485
-1.43 -0.605
-1.22 -0.53
-1.35 -0.595
-1.42 -0.78
-1.47 -0.78
-1.44 -0.8
-1.31 -0.675
-1.52 -0.745
-1.3 -0.62
-1.43 -0.745
-1.39 -0.73
-1.45 -0.675
-1.31 -0.535
-1.49 -0.63
-1.34 -0.605
-1.48 -0.725
-1.59 -0.82
-1.63 -0.885
-1.52 -0.765
-1.45 -0.7
-1.45 -0.695
-1.23 -0.655
-1.13 -0.525
-1.48 -0.755
-1.25 -0.63
-1.3 -0.535
-1.11 -0.205
-1.22 -0.51
-1.32 -0.435
-1.29 -0.695
-1.58 -0.82
-1.54 -0.84
-1.36 -0.67
-1.62 -0.83
-1.61 -0.885
-1.32 -0.76
-1.58 -0.825
-1.61 -0.835
-1.49 -0.795
-1.49 -0.82
-1.58 -0.82
-1.45 -0.755
-1.38 -0.525
-1.36 -0.66
-1.46 -0.795
-1.4 -0.78
-1.44 -0.76
-1.38 -0.66
-1.45 -0.7
-1.5 -0.785
-1.35 -0.68
-1.55 -0.845
-1.48 -0.775
-1.54 -0.84
-1.65 -0.89
-1.58 -0.835
-1.32 -0.7
-1.46 -0.79
-1.4 -0.765
-1.26 -0.66
-1.39 -0.77
-1.32 -0.625
-1.19 -0.39
-1.22 -0.335
-1.16 -0.425
-1.19 -0.58
-1.27 -0.525
-1.2 -0.365
-1.26 -0.325
-1.07 -0.275
-1.34 -0.53
-1.31 -0.445
-1.14 -0.48
-1.09 -0.435
-1.33 -0.54
-1.45 -0.64
-1.22 -0.48
-1.39 -0.66
-1.47 -0.575
-1.36 -0.605
-1.3 -0.615
-1.35 -0.63
-1.55 -0.815
-1.43 -0.745
-1.45 -0.74
-1.32 -0.71
-1.37 -0.705
-1.74 -0.915
-1.46 -0.815
-1.42 -0.765
-1.54 -0.765
-1.6 -0.855
-1.56 -0.835
-1.37 -0.695
-1.33 -0.615
-1.45 -0.77
-1.44 -0.74
-1.18 -0.51
-1.24 -0.41
-1.27 -0.37
-1.3 -0.15
-1.2 -0.165
-1.24 -0.32
-1.2 -0.12
-1.13 -0.24
-1.17 -0.415
-1.21 -0.355
-1.28 -0.57
-1.47 -0.695
-1.46 -0.77
-1.43 -0.8
-1.42 -0.81
-1.35 -0.65
-1.44 -0.655
-1.29 -0.605
-1.43 -0.675
-1.37 -0.77
-1.47 -0.745
-1.5 -0.795
-1.37 -0.725
-1.69 -0.9
-1.42 -0.725
-1.49 -0.725
-1.45 -0.8
-1.52 -0.83
-1.34 -0.63
-1.44 -0.78
-1.5 -0.825
-1.33 -0.735
-1.68 -0.89
-1.53 -0.835
-1.55 -0.83
-1.6 -0.825
-1.55 -0.805
-1.38 -0.79
-1.28 -0.67
-1.69 -0.895
-1.54 -0.835
-1.49 -0.82
-1.42 -0.75
-1.57 -0.8
-1.54 -0.81
-1.47 -0.785
-1.56 -0.855
-1.35 -0.695
-1.41 -0.715
-1.48 -0.8
-1.46 -0.79
-1.1 -0.455
-1.28 -0.385
-1.07 -0.18
-1.4 -0.145
-1.14 -0.235
-1.25 -0.16
-1.26 -0.24
-1.19 -0.535
-1.32 -0.595
-1.32 -0.57
-1.21 -0.51
-1.14 -0.53
-1.51 -0.705
-1.31 -0.695
-1.11 -0.575
-1.4 -0.7
-1.51 -0.74
-1.34 -0.74
-1.44 -0.72
-1.28 -0.635
-1.35 -0.61
-1.21 -0.36
-1.25 -0.44
-1.19 -0.26
-1.07 -0.23
-1.17 -0.12
-1.21 -0.375
-1.28 -0.345
-1.31 -0.295
-1.21 -0.255
-1.15 -0.05
-1.32 -0.29
-1.15 -0.35
-1.25 -0.405
-1.37 -0.515
-1.21 -0.555
-1.36 -0.67
-1.47 -0.775
-1.31 -0.585
-1.41 -0.7
-1.35 -0.755
-1.33 -0.695
-1.5 -0.825
-1.53 -0.745
-1.46 -0.805
-1.36 -0.72
-1.29 -0.69
-1.32 -0.735
-1.42 -0.795
-1.47 -0.8
-1.77 -0.935
-1.57 -0.835
-1.48 -0.635
-1.35 -0.675
-1.46 -0.585
-1.35 -0.565
-1.47 -0.485
-1.22 -0.24
-1.32 -0.205
-1.21 -0.12
-1.25 -0.35
-1.12 -0.31
-1.08 -0.2
-1.17 -0.245
-1.19 -0.43
-1.02 -0.06
-0.94 0.105
-1.09 0.26
-1.1 0.335
-1.2 0.33
-1.19 0.13
-1.22 -0.125
-1.34 -0.36
-1.31 -0.435
-1.38 -0.54
-1.35 -0.68
-1.15 -0.53
-1.36 -0.61
-1.63 -0.875
-1.58 -0.835
-1.34 -0.735
-1.49 -0.805
-1.45 -0.77
-1.41 -0.725
-1.39 -0.775
-1.44 -0.775
-1.47 -0.79
-1.3 -0.645
-1.4 -0.765
-1.51 -0.77
-1.08 -0.46
-1.27 -0.69
-1.39 -0.73
-1.53 -0.825
-1.31 -0.685
-1.42 -0.645
-1.23 -0.525
-1.27 -0.54
-1.22 -0.615
-1.39 -0.66
-1.41 -0.72
-1.38 -0.645
-1.39 -0.74
-1.26 -0.66
-1.13 -0.275
-1.21 -0.415
-1.2 -0.555
-1.25 -0.68
-1.39 -0.735
-1.31 -0.78
-1.38 -0.705
-1.12 -0.525
-1.42 -0.735
-1.39 -0.64
-1.62 -0.89
-1.48 -0.78
-1.59 -0.87
-1.4 -0.725
-1.32 -0.665
-1.38 -0.79
-1.61 -0.84
-1.44 -0.68
-1.35 -0.635
-1.62 -0.885
-1.59 -0.835
-1.51 -0.815
-1.57 -0.835
-1.47 -0.845
-1.48 -0.785
-1.39 -0.6
-1.22 -0.46
-1.06 -0.285
-1.32 -0.455
-1.09 -0.235
-1.19 -0.245
-1.22 -0.125
-1.02 0.055
-1.12 0.25
-1.15 0.36
-1.27 0.3
-1.16 0.305
-1.32 0.04
-1.36 0.11
-1.19 0.08
-1.31 0.16
-1.28 0.26
-1.24 -0.06
-1.3 -0.005
-1.26 0.155
-1.2 0.075
-1.13 0.01
-1.12 -0.05
-1.14 0.23
-1.1 0.39
-1.46 0.53
-1.32 0.41
-1.35 0.675
-1.31 0.7
-1.5 0.81
-1.49 0.8
-1.37 0.735
-1.54 0.81
-1.29 0.675
-1.33 0.635
-1.15 0.485
-1.32 0.575
-1.5 0.575
-1.38 0.76
-1.57 0.855
-1.55 0.755
-1.44 0.775
-1.36 0.74
-1.41 0.69
-1.5 0.745
-1.31 0.65
-1.32 0.68
-1.55 0.81
-1.42 0.705
-1.19 0.45
-1.22 0.33
-1.1 0.385
-1.21 0.145
-1.13 -0.14
-1.3 -0.215
-1.26 -0.325
-1.39 -0.645
-1.52 -0.71
-1.23 -0.515
-1.41 -0.635
-1.16 -0.425
-1 -0.45
-1.22 -0.595
-1.14 -0.19
-1.28 -0.325
-1.32 -0.665
-1.28 -0.56
-1.33 -0.58
-1.29 -0.23
-1.11 -0.11
-1.31 0.04
-1.29 0.265
-1.17 0.31
-1.27 0.32
-1.39 0.25
-1.35 0.675
-1.65 0.895
-1.5 0.84
-1.62 0.865
-1.57 0.785
-1.41 0.665
-1.39 0.74
-1.23 0.565
-1.27 0.6
-1.15 0.56
-1.22 0.565
-1.3 0.67
-1.38 0.62
-1.51 0.675
-1.62 0.88
-1.42 0.765
-1.6 0.81
-1.44 0.745
-1.29 0.67
-1.34 0.605
-1.47 0.635
-1.35 0.705
-1.34 0.605
-1.44 0.8
-1.68 0.855
-1.49 0.72
-1.4 0.72
-1.44 0.78
-1.37 0.68
-1.52 0.775
-1.27 0.54
-1.29 0.49
-1.3 0.47
-1.42 0.585
-1.33 0.46
-1.32 0.455
-1.23 0.275
-1.33 0.275
-1.32 0.6
-1.41 0.76
-1.32 0.63
-1.53 0.74
-1.32 0.635
-1.48 0.735
-1.45 0.77
-1.51 0.805
-1.73 0.9
-1.49 0.81
-1.4 0.71
-1.6 0.855
-1.31 0.565
-1.28 0.565
-1.45 0.765
-1.3 0.525
-1.27 0.425
-1.32 0.52
-1.36 0.615
-1.38 0.685
-1 0.345
-1.23 0.1
-1.13 0.11
-1.43 0.43
-1.2 0.15
-1.27 0.225
-1.19 0.23
-1.17 0.4
-1.46 0.825
-1.48 0.74
-1.61 0.845
-1.51 0.81
-1.52 0.82
-1.44 0.79
-1.39 0.62
-1.34 0.735
-1.54 0.795
-1.4 0.73
-1.45 0.79
-1.42 0.64
-1.38 0.675
-1.35 0.61
-1.51 0.785
-1.26 0.63
-1.45 0.66
-1.34 0.585
-1.41 0.675
-1.37 0.68
-1.48 0.745
-1.61 0.84
-1.43 0.76
-1.48 0.78
-1.5 0.84
-1.32 0.71
-1.58 0.855
-1.44 0.765
-1.63 0.865
-1.44 0.785
-1.33 0.65
-1.12 0.545
-1.28 0.5
-1.41 0.705
-1.33 0.505
-1.06 0.3
-1.35 0.56
-1.41 0.46
-1.37 0.62
-1.36 0.65
-1.42 0.73
-1.43 0.675
-1.34 0.705
-1.34 0.685
-1.54 0.805
-1.2 0.57
-1.16 0.49
-1.43 0.465
-1.37 0.44
-1.07 0.335
-1.33 0.54
-1.3 0.5
-1.38 0.615
-1.27 0.44
-1.37 0.66
-1.3 0.375
-1.17 0.365
-1.1 0.19
-1.19 0.38
-1.33 0.44
-1.4 0.29
-1.22 0.37
-1.19 0.235
-1.22 0.455
-1.23 0.54
-1.41 0.755
-1.64 0.885
-1.51 0.815
-1.53 0.83
-1.63 0.88
-1.36 0.78
-1.39 0.645
-1.39 0.765
-1.47 0.73
-1.48 0.745
-1.32 0.565
-1.22 0.355
-1.36 0.56
-1.1 0.585
-1.31 0.605
-1.38 0.745
-1.32 0.66
-1.51 0.805
-1.66 0.91
-1.43 0.8
-1.38 0.75
-1.49 0.8
-1.45 0.635
-1.4 0.59
-1.22 0.515
-1.48 0.45
-1.17 0.33
-1.16 0.54
-1.3 0.515
-1.26 0.46
-1.26 0.39
-1.19 0.335
-1.51 0.735
-1.39 0.725
-1.57 0.85
-1.31 0.575
-1.23 0.535
-1.43 0.74
-1.4 0.705
-1.38 0.725
-1.55 0.8
-1.41 0.75
-1.39 0.75
-1.25 0.585
-1.23 0.59
-1.44 0.615
-1.3 0.72
-1.18 0.62
-1.48 0.815
-1.48 0.825
-1.56 0.835
-1.51 0.845
-1.4 0.795
-1.63 0.85
-1.47 0.73
-1.44 0.74
-1.34 0.555
-1.26 0.515
-1.13 0.345
-1.08 0.32
-1.33 0.545
-1.34 0.595
-1.28 0.5
-1.28 0.495
-1.21 0.17
-1.01 0.015
-1.14 0.19
-0.95 0.245
-1.08 0.25
-1.03 0.09
-1.17 0.28
-1.21 0.28
-1.23 0.445
-1.43 0.22
-1.04 0.34
-1.12 0.4
-1.27 0.52
-1.27 0.435
-1.34 0.395
-1.18 0.445
-1.17 0.53
-1.29 0.705
-1.56 0.725
-1.35 0.695
-1.37 0.73
-1.33 0.66
-1.29 0.585
-1.37 0.675
-1.17 0.53
-1.47 0.745
-1.26 0.635
-1.48 0.715
-1.47 0.75
-1.3 0.67
-1.55 0.825
-1.28 0.695
-1.48 0.73
-1.32 0.44
-1.41 0.57
-1.2 0.635
-1.44 0.56
-1.21 0.46
-1.32 0.65
-1.31 0.545
-1.54 0.845
-1.32 0.67
-1.38 0.695
-1.48 0.835
-1.56 0.85
-1.54 0.84
-1.44 0.77
-1.5 0.805
-1.45 0.725
-1.79 0.935
-1.57 0.835
-1.39 0.705
-1.33 0.7
-1.65 0.89
-1.59 0.815
-1.55 0.825
-1.51 0.85
-1.38 0.705
-1.44 0.79
-1.66 0.895
-1.49 0.78
-1.3 0.64
-1.29 0.54
-1.35 0.62
-1.43 0.74
-1.39 0.755
-1.7 0.905
-1.69 0.9
-1.59 0.845
-1.58 0.87
-1.45 0.81
-1.5 0.835
-1.45 0.81
-1.19 0.515
-1.31 0.435
-1.23 0.185
-0.95 0.11
-1.16 0.01
-1.31 -0.115
-1.16 -0.185
-1.09 0.16
-1.2 0.215
-1.09 -0.095
-1.2 0.155
-1.29 -0.055
-1.33 -0.1
-1.3 -0.32
-1.2 -0.455
-1.26 -0.415
