-1.37 -0.685
-1.41 -0.73
-1.26 -0.675
-1.32 -0.685
-1.4 -0.705
-1.2 -0.44
-1.23 -0.41
-1.38 -0.56
-1.42 -0.52
-1.32 -0.735
-1.51 -0.735
-1.46 -0.76
-1.15 -0.59
-1.4 -0.68
-1.45 -0.71
-1.38 -0.76
-1.31 -0.67
-1.37 -0.725
-1.34 -0.695
-1.41 -0.76
-1.28 -0.555
-1.4 -0.69
-1.34 -0.67
-1.31 -0.66
-1.49 -0.75
-1.43 -0.68
-1.26 -0.645
-1.64 -0.885
-1.65 -0.895
-1.44 -0.725
-1.25 -0.385
-1.18 -0.65
-1.26 -0.465
-1.17 -0.325
-1.15 -0.295
-1.29 -0.485
-1.03 -0.17
-1.11 -0.075
-1.12 -0.24
-1.2 -0.005
-1.16 0.245
-1.22 0.385
-1.48 0.61
-1.18 0.255
-1.16 0.175
-1.14 0.15
-1.24 0.08
-1.15 0.06
-1.2 0.415
-1.26 0.305
-1.17 0.425
-1.31 0.6
-1.47 0.65
-1.28 0.62
-1.35 0.575
-1.22 0.295
-1.11 0.24
-1.1 0.185
-1.19 0.075
-0.97 -0.025
-1.24 -0.32
-1.33 -0.295
-1.37 -0.605
-1.32 -0.59
-1.38 -0.715
-1.11 -0.485
-1.21 -0.39
-1.32 -0.45
-1.06 -0.365
-1.18 -0.42
-1.12 -0.41
-1.12 -0.51
-1.2 -0.365
-1.14 -0.24
-1.25 -0.31
-1.14 -0.285
-0.97 -0.185
-1.27 -0.465
-1.13 -0.525
-1.16 -0.49
-1.1 -0.47
-1.29 -0.445
-1.26 -0.42
-1.31 -0.445
-1.3 -0.175
-1.17 -0.28
-1.16 0
-1.33 0.135
-1.18 0.37
-1.24 0.5
-1.24 0.43
-1.18 0.4
-1.21 0.46
-1.28 0.505
-1.24 0.42
-1.19 0.56
-1.05 0.205
-1.16 0.065
-1.04 0.135
-1.37 0.515
-0.99 0.17
-1.22 0.21
-1.07 -0.03
-1.19 0.115
-1.14 -0.21
-1.18 0.015
-1.05 0.19
-1.1 -0.105
-1.29 -0.15
-1.03 -0.095
-1.24 0.275
-1.16 0.265
-1.19 0.31
-1.1 0.36
-1.28 0.52
-1.34 0.615
-1.29 0.58
-1.3 0.495
-1.23 0.605
-1.38 0.745
-1.32 0.645
-1.3 0.565
-1.32 0.735
-1.54 0.83
-1.39 0.735
-1.31 0.645
-1.14 0.57
-1.13 0.555
-1.23 0.645
-1.52 0.715
-1.27 0.415
-1.3 0.55
-1.13 0.475
-1.15 0.48
-1.09 0.325
-1.27 0.46
-1.28 0.635
-1.35 0.675
-1.48 0.685
-1.42 0.765
-1.04 0.345
-1.46 0.605
-1.22 0.46
-1.33 0.525
-1.27 0.53
-1.41 0.675
-1.48 0.7
-1.57 0.83
-1.53 0.83
-1.23 0.555
-1.3 0.595
-1.31 0.475
-1.22 0.125
-1.26 0.1
-1.04 -0.25
-1.05 -0.395
-1.23 -0.56
-1.17 -0.535
-1.37 -0.705
-1.16 -0.425
-1.35 -0.345
-1.19 -0.28
-1.07 -0.275
-1.34 -0.49
-1.12 -0.415
-1.3 -0.555
-1.28 -0.56
-0.91 -0.245
-1.33 -0.525
-1.15 -0.325
-1.22 -0.28
-1.25 -0.205
-1.31 -0.18
-1.17 -0.055
-1.06 0
-1.12 0.005
-1.14 -0.095
-1.25 -0.215
-1.15 -0.055
-1.24 -0.33
-1.07 -0.22
-1.27 -0.19
-1.25 -0.265
-1.36 -0.045
-1 -0.145
-1.22 0.05
-1.24 -0.175
-1.09 -0.22
-1.24 -0.1
-1.12 0.15
-1.13 0.24
-1.26 0.305
-1.15 0.085
-1.01 0.135
-1.05 0.06
-1.05 0.27
-1.31 0.205
-0.95 -0.035
-1.06 -0.06
-1.24 0.21
-1.07 0.335
-1.17 0.4
-1.12 0.455
-1.17 0.525
-1.32 0.635
-1.39 0.655
-1.49 0.745
-1.47 0.795
-1.21 0.535
-1.24 0.5
-1.42 0.745
-1.15 0.505
-1.42 0.65
-1.41 0.62
-1.25 0.645
-1.5 0.78
-1.47 0.825
-1.57 0.845
-1.24 0.605
-1.44 0.745
-1.13 0.62
-1.06 0.32
-1.15 0.41
-1.25 0.53
-1.17 0.565
-1.19 0.545
-1.33 0.73
-1.36 0.73
-1.21 0.48
-1.33 0.51
-1.43 0.765
-1.31 0.725
-1.6 0.81
-1.68 0.905
-1.64 0.86
-1.51 0.83
-1.41 0.745
-1.42 0.735
-1.35 0.675
-1.45 0.62
-1.19 0.49
-1.24 0.595
-1.32 0.48
-1.33 0.42
-1.37 0.44
-1.16 0.45
-1.4 0.59
-1.21 0.375
-1.25 0.445
-1.3 0.565
-1.53 0.75
-1.38 0.685
-1.06 0.51
-1.26 0.64
-1.38 0.765
-1.29 0.7
-1.45 0.73
-1.42 0.77
-1.53 0.83
-1.46 0.725
-1.37 0.735
-1.17 0.585
-1.37 0.705
-1.43 0.645
-1.4 0.75
-1.5 0.79
-1.44 0.79
-1.54 0.84
-1.29 0.7
-1.4 0.75
-1.27 0.665
-1.27 0.595
-1.23 0.55
-1.13 0.55
-1.17 0.515
-1.14 0.545
-1.25 0.57
-1.15 0.52
-1.4 0.605
-1.3 0.735
-1.66 0.89
-1.38 0.76
-1.27 0.555
-1.14 0.505
-1.34 0.545
-1.2 0.435
-1.12 0.625
-1.33 0.695
-1.32 0.705
-1.3 0.695
-1.35 0.65
-1.26 0.635
-1.39 0.575
-1.32 0.585
-1.19 0.405
-1.19 0.6
-1.37 0.62
-1.31 0.56
-1.28 0.525
-1.37 0.555
-1.44 0.585
-1.1 0.23
-1.04 0.115
-1.04 0.165
-1.25 -0.035
-1.22 -0.195
-1.17 -0.265
-1.14 -0.275
-1.16 -0.07
-1.2 0.18
-1.19 0.21
-1.19 0.255
-1.16 0.32
-1.05 0.32
-1.02 0.295
-1.17 0.3
-1.28 0.58
-1.47 0.68
-1.37 0.55
-1.26 0.265
-1.15 0.215
-1.31 0.195
-1.18 0.47
-1.31 0.53
-1.25 0.24
-1.28 0.385
-1.16 0.315
-1.19 0.11
-1.2 0.09
-1.18 0.005
-1.27 0.455
-1.33 0.69
-1.31 0.505
-1.34 0.46
-1.29 0.59
-1.28 0.575
-1.38 0.67
-1.42 0.675
-1.16 0.445
-1.26 0.56
-1.37 0.625
-1.26 0.63
-1.51 0.72
-1.55 0.83
-1.36 0.71
-1.46 0.81
-1.33 0.625
-1.25 0.505
-1.29 0.76
-1.45 0.75
-1.27 0.665
-1.39 0.705
-1.36 0.61
-1.28 0.49
-1.39 0.555
-1.61 0.82
-1.24 0.68
-1.46 0.715
-1.15 0.59
-1.08 0.345
-1.15 0.365
-1.2 0.5
-1.24 0.305
-1.09 -0.155
-1.15 -0.08
-1.05 0.015
-1.15 0.125
-1.31 0.195
-1.28 0.4
-1.04 0.445
-1.07 0.385
-1.13 0.13
-1.16 -0.045
-1.14 0.15
-1.26 0.335
-1.13 0.43
-1.14 0.22
-1.08 0.315
-1.23 0.145
-0.91 0.18
-1.09 0.015
-1.11 0.325
-1.19 0.305
-1.23 0.655
-1.24 0.665
-1.35 0.6
-1.44 0.67
-1.12 0.595
-1.58 0.805
-1.34 0.63
-1.24 0.695
-1.33 0.75
-1.39 0.77
-1.49 0.79
-1.46 0.78
-1.24 0.635
-1.6 0.85
-1.65 0.895
-1.52 0.79
-1.32 0.725
-1.3 0.64
-1.25 0.545
-1.35 0.5
-1.2 0.465
-1.2 0.515
-1.24 0.725
-1.57 0.88
-1.53 0.83
-1.4 0.775
-1.21 0.52
-1.21 0.55
-1.35 0.685
-1.31 0.695
-1.47 0.73
-1.27 0.635
-1.21 0.635
-1.46 0.725
-1.53 0.765
-1.36 0.705
-1.09 0.515
-1.38 0.705
-1.31 0.73
-1.31 0.695
-1.32 0.755
-1.28 0.555
-1.17 0.385
-1.38 0.7
-1.39 0.725
-1.55 0.835
-1.34 0.755
-1.4 0.775
-1.44 0.755
-1.47 0.82
-1.51 0.74
-1.34 0.67
-1.34 0.74
-1.19 0.59
-1.41 0.77
-1.33 0.635
-1.17 0.525
-1.17 0.57
-1.31 0.56
-1.29 0.625
-1.38 0.61
-1.31 0.64
-1.13 0.42
-1.44 0.5
-1.25 0.115
-1.29 -0.155
-1.25 0.025
-1.05 -0.04
-1.19 -0.155
-1.2 -0.27
-1.1 -0.265
-1.22 -0.105
-1.23 0.165
-1.31 0.24
-1.28 0.595
-1.3 0.685
-1.3 0.705
-1.52 0.805
-1.41 0.785
-1.63 0.885
-1.48 0.815
-1.37 0.59
-1.41 0.77
-1.39 0.67
-1.36 0.765
-1.33 0.56
-1.26 0.205
-1.2 0.21
-1.33 0.145
-1.22 0.225
-1.32 0.355
-1.11 0.29
-1.16 0.285
-1.15 0.46
-1.32 0.43
-1.39 0.665
-1.26 0.575
-1.19 0.415
-1.28 0.595
-1.31 0.72
-1.35 0.705
-1.39 0.8
-1.43 0.775
-1.37 0.745
-1.57 0.82
-1.41 0.72
-1.32 0.675
-1.54 0.855
-1.35 0.735
-1.61 0.835
-1.26 0.605
-1.41 0.77
-1.35 0.685
-1.57 0.81
-1.48 0.76
-1.33 0.535
-1.23 0.39
-1.48 0.68
-1.13 0.64
-1.63 0.875
-1.49 0.74
-1.32 0.58
-1.15 0.305
-1.32 0.34
-1.21 0.275
-1.07 0.225
-1.15 0.185
-1.24 0.29
-1.06 -0.01
-1.23 -0.015
-1.12 -0.16
-1.09 -0.05
-1.07 0.05
-1.26 -0.125
-1.19 -0.02
-1.12 -0.11
-1.36 0.495
-1.32 0.555
-1.41 0.66
-1.42 0.73
-1.46 0.765
-1.47 0.815
-1.42 0.725
-1.38 0.72
-1.38 0.575
-1.3 0.555
-1.12 0.36
-1.17 0.205
-1.31 0.355
-1.21 0.25
-1.39 0.31
-1.13 0.455
-1.3 0.35
-1.18 0.135
-1.13 0.13
-1 0.23
-1.21 0.17
-1.16 0.28
-1.44 0.42
-1.08 0.23
-1.35 0.35
-1.21 0.48
-1.2 0.525
-1.3 0.71
-1.21 0.57
-1.35 0.7
-1.44 0.8
-1.35 0.66
-1.15 0.505
-1.43 0.77
-1.26 0.71
-1.38 0.69
-1.28 0.64
-1.22 0.46
-1.33 0.61
-1.24 0.485
-1.34 0.49
-1.14 0.35
-1.35 0.5
-1.1 0.365
-1.26 0.53
-1.19 0.48
-1.17 0.43
-1.25 0.65
-1.35 0.71
-1.43 0.765
-1.65 0.855
-1.47 0.82
-1.46 0.78
-1.55 0.845
-1.47 0.77
-1.51 0.835
-1.66 0.9
-1.3 0.625
-1.24 0.59
-1.48 0.795
-1.54 0.845
-1.4 0.675
-1.47 0.82
-1.14 0.64
-1.24 0.515
-1.26 0.44
-1.35 0.56
-1.34 0.63
-1.04 0.48
-0.89 0.21
-1.13 0.225
-1.24 0.47
-1.48 0.565
-1.35 0.53
-1.51 0.735
-1.36 0.585
-1.2 0.315
-1.22 0.33
-1.31 0.185
-1.37 0.445
-1.23 0.54
-1.14 0.48
-1.36 0.73
-1.54 0.855
-1.51 0.81
-1.35 0.63
-1.25 0.51
-1.06 0.435
-1.17 0.525
-1.33 0.57
-1.31 0.58
-1.35 0.63
-1.48 0.65
-1.16 0.45
-1.16 0.56
-1.36 0.64
-1.34 0.73
-1.37 0.7
-1.47 0.825
-1.57 0.87
-1.53 0.82
-1.56 0.83
-1.36 0.735
-1.26 0.68
-1.51 0.825
-1.41 0.7
-1.35 0.69
-1.39 0.825
-1.27 0.555
-1.27 0.6
-1.44 0.67
-1.35 0.475
-1.09 0.425
-1.29 0.3
-1.05 0.26
-0.91 0.205
-1.07 0.18
-1.31 0.09
-1.12 0.1
-1.15 -0.19
-1.25 0.175
-1.3 0.445
-1.03 0.27
-1.12 -0.045
-1.22 0.24
-1.07 0.39
-1.25 0.53
-1.14 0.51
-1.51 0.705
-1.25 0.6
-0.97 0.25
-1.25 0.535
-1.46 0.735
-1.34 0.745
-1.04 0.505
-1.24 0.475
-1.26 0.515
-1.13 0.39
-1.25 0.45
-1.16 0.405
-0.85 0.175
-1.12 0.155
-1.09 0.205
-1.12 -0.05
-1.13 0.35
-1.21 0.495
-1.38 0.575
-1.37 0.635
-1.45 0.77
-1.33 0.545
-1.32 0.69
-1.31 0.66
-1.47 0.795
-1.37 0.66
-1.3 0.435
-1.23 0.355
-1.25 0.255
-1.18 0.285
-1.2 0.31
-1.1 0.35
-0.97 0.19
-1.38 0.165
-1.09 0.085
-1.23 -0.125
-1.09 0.125
-1.37 0.545
-1.32 0.62
-1.32 0.635
-1.4 0.71
-1.26 0.57
-1.24 0.465
-1.22 0.485
-1.27 0.515
-1.16 0.395
-1.02 0.175
-1.07 -0.16
-1.24 -0.245
-1.2 -0.075
-1.27 0.105
-1.22 0.16
-1.15 0.06
-1.26 0.065
-1.15 0.055
-1.34 0.345
-1.09 0.16
-1.15 -0.13
-1.24 -0.14
-0.9 -0.055
-1.13 0.015
-1.02 -0.32
-1.26 -0.535
-1.23 -0.375
-1.15 -0.285
-1.19 -0.31
-1.09 -0.215
-1.44 -0.63
-1.08 -0.395
-1.21 -0.555
-1.25 -0.675
-1.46 -0.765
-1.36 -0.62
-1.44 -0.79
-1.4 -0.795
-1.15 -0.475
-1.26 -0.515
-1.04 -0.455
-1.09 -0.43
-1 -0.37
-1.11 -0.465
-1.23 -0.4
-1.18 -0.33
-0.98 -0.295
-1.18 -0.095
-1.32 -0.04
-1.12 -0.105
-0.95 0.14
-1.12 0.045
-1.14 -0.05
-1.09 -0.01
-1.11 0.275
-1.15 -0.05
-1.34 -0.065
-1.14 0.195
-1.24 0.155
-1.33 0.015
-1.18 0.055
-1.07 0.075
-1.19 -0.03
-1.31 -0.28
-1.12 0.065
-1.12 -0.03
-1.1 0.2
-1.34 0.125
-1.11 0.19
-1.11 0.345
-1.19 0.03
-1.11 0.15
-1.21 0.535
-1.12 0.465
-1.21 0.485
-1.34 0.47
-1.22 0.485
-1.34 0.635
-1.7 0.825
-1.17 0.605
-1.32 0.72
-1.32 0.7
-1.47 0.79
-1.38 0.605
-1.25 0.375
-1.25 0.41
-1.18 0.32
-1.32 0.68
-1.11 0.41
-1.25 0.17
-1.19 0.005
-1.26 0.185
-1.24 0.02
-1.18 0.04
-1.1 -0.035
-1.1 0.035
-1.15 0.08
-1.11 -0.07
-1.2 0.06
-1.24 0.16
-1.24 -0.005
-1.07 0.08
-1.29 0.42
-1.25 -0.05
-1.02 0.11
-1.2 0.095
-1.15 -0.21
-1.29 -0.31
-1.36 -0.06
-1.22 0.125
-1.22 0.325
-1.32 0.48
-1.19 0.415
-1.38 0.665
-1.53 0.78
-1.38 0.64
-1.41 0.75
-1.32 0.68
-1.4 0.735
-1.49 0.8
-1.52 0.825
-1.41 0.775
-1.47 0.745
-1.41 0.705
-1.46 0.72
-1.39 0.685
-1.19 0.53
-1.1 0.235
-1.19 0.235
-1.11 0.04
-1.35 0.145
-1.09 0.11
-1.4 0.235
-1.22 0.2
-1.12 0.005
-1.21 -0.08
-1.14 -0.2
-1.15 -0.265
-1.17 -0.47
-1.31 -0.5
-1.25 -0.47
-1.41 -0.595
-1.27 -0.38
-1.33 -0.48
-1.24 -0.485
-1.32 -0.665
-1.29 -0.605
-1.45 -0.745
-1.31 -0.675
-1.51 -0.825
-1.38 -0.715
-1.54 -0.765
-1.27 -0.55
-1.4 -0.715
-1.42 -0.75
-1.15 -0.45
-1.23 -0.575
-1.39 -0.685
-1.5 -0.79
-1.37 -0.695
-1.13 -0.32
-1.1 -0.02
-1.06 -0.15
-1.18 -0.155
-0.92 -0.175
-1.14 -0.34
-1.14 -0.085
-1.12 -0.2
-0.99 -0.175
-1.17 -0.03
-1.15 -0.06
-1.08 -0.25
-1 -0.14
-1.24 -0.145
-1.08 -0.085
-0.95 0.085
-1.07 -0.095
-1.13 -0.33
-1.24 -0.125
-1.05 -0.03
-1.05 0.14
-1.14 0.09
-1.25 0.045
-1.07 -0.085
-1.31 0.34
-1.23 0.175
-1.25 0.23
-1.1 0.31
-1.29 0.545
-0.98 0.255
-1.04 0.185
-1.27 0.005
-1.18 0.005
-1.16 -0.215
-1.27 -0.31
-1.2 -0.235
-1.15 -0.24
-1.27 -0.11
-1.12 -0.205
-1.21 -0.18
-1.08 -0.03
-1.05 0.09
-1.38 0.255
-1.28 0.325
-1.35 0.475
-1.34 0.565
-1.41 0.78
-1.48 0.72
-1.22 0.645
-1.19 0.565
-1.13 0.585
-1.27 0.6
-1.28 0.57
-1.5 0.78
-1.22 0.675
-1.47 0.74
-1.06 0.45
-1.09 0.49
-1.27 0.535
-1.2 0.445
-1.34 0.615
-1.34 0.73
-1.48 0.77
-1.53 0.71
-1.43 0.72
-1.25 0.615
-1.35 0.73
-1.43 0.645
-1.5 0.745
-1.48 0.745
-1.21 0.535
-1.18 0.555
-1.14 0.325
-1.25 0.45
-1.2 0.5
-1.17 0.49
-1.07 0.51
-1.15 0.46
-1.21 0.415
-1.46 0.62
-1.3 0.42
-1.31 0.405
-1.15 0.42
-1.07 0.255
-1.09 0.23
-1.21 0.275
-1.19 0.41
-1.33 0.575
-1.29 0.51
-1.05 0.465
-1.41 0.745
-1.39 0.73
-1.29 0.65
-1.32 0.565
-1.39 0.585
-1.32 0.58
-1.38 0.71
-1.51 0.71
-1.2 0.465
-1.32 0.46
-1.38 0.75
-1.31 0.67
-1.27 0.685
-1.28 0.675
-1.53 0.83
-1.55 0.845
-1.48 0.815
-1.3 0.74
-1.49 0.785
-1.35 0.635
-1.45 0.555
-1.3 0.565
-1.19 0.46
-1.31 0.445
-1.03 0.315
-1.12 0.305
-1.2 0.255
-1.08 0.365
-1.16 0.325
-1.25 0.605
-1.27 0.615
-1.17 0.43
-1.19 0.34
-1.13 0.315
-1.07 0.215
-1.05 0.45
-1.15 0.385
-1.15 0.285
-1.13 0.125
-1.2 0.495
-1.32 0.645
-1.06 0.4
-1.14 0.515
-1.24 0.505
-1.15 0.545
-1.37 0.725
-1.18 0.63
-1.13 0.395
-1.11 0.265
-1.02 0.3
-1.19 0.22
-1.16 -0.1
-1.34 0.3
-1.26 0.39
-1.35 0.51
-1.26 0.57
-1.31 0.34
-1.27 0.26
-1.14 0.395
-1.28 0.57
-1.39 0.625
-1.44 0.465
-1.4 0.56
-1.33 0.64
-1.47 0.81
-1.43 0.76
-1.55 0.81
-1.56 0.805
-1.5 0.81
-1.38 0.745
-1.44 0.52
-1.09 0.385
-1.36 0.305
-1.22 0.155
-1.23 0.165
-1.2 0.06
-1.07 0.08
-1 0.115
-1.12 0.11
-1.34 0.275
-1.05 0.325
-1.28 0.485
-1.03 0.285
-1.11 0.5
-1.2 0.535
-1.27 0.62
-1.38 0.71
-1.43 0.74
-1.3 0.67
-1.17 0.57
-1.28 0.695
-1.51 0.725
-1.18 0.57
-1.21 0.565
-1.04 0.24
-1.3 0.495
-1.27 0.46
-1.32 0.72
-1.32 0.55
-1.38 0.65
-1.26 0.67
-1.54 0.815
-1.26 0.585
-1.52 0.775
-1.61 0.88
-1.49 0.76
-1.39 0.785
-1.55 0.82
-1.43 0.77
-1.28 0.755
-1.31 0.57
-1.34 0.415
-1.25 0.44
-1.28 0.385
-1.36 0.49
-1.17 0.3
-1.22 0.1
-1.14 0.305
-1.29 0.485
-1.24 0.25
-1.14 0.185
-1 0.11
-1.12 0.11
-1.22 0.09
-1.11 0.235
-1.29 0.425
-1.16 0.54
-1.26 0.515
-1.29 0.645
-1.32 0.475
-1.18 0.41
-1.24 0.67
-1.43 0.75
-1.44 0.735
-1.29 0.585
-1.36 0.665
-1.36 0.41
-1.36 0.365
-1.2 0.465
-1.31 0.605
-1.06 0.53
-1.44 0.475
-1.22 0.41
-1.05 0.195
-1.21 0.135
-1.08 -0.01
-1.12 -0.07
-1.23 0.01
-1.05 -0.075
-1.16 0.29
-1.16 0.405
-1.12 0.475
-1.18 0.445
-1.43 0.47
-1.35 0.545
-1.3 0.63
-1.32 0.645
-1.4 0.755
-1.47 0.815
-1.37 0.72
-1.3 0.485
-1.28 0.475
-1.29 0.605
-1.1 0.26
-1.22 0.38
-1.23 0.435
-1.19 0.57
-1.47 0.715
-1.35 0.74
-1.48 0.77
-1.44 0.755
-1.27 0.65
-1.41 0.67
-1.29 0.6
-1.29 0.62
-1.31 0.685
-1.33 0.68
-1.53 0.825
-1.33 0.655
-1.43 0.68
-1.39 0.69
-1.2 0.395
-1.29 0.485
-1.19 0.56
-1.39 0.6
-1.27 0.665
-1.55 0.72
-1.14 0.495
-1.27 0.625
-1.35 0.685
-1.39 0.725
-1.36 0.74
-1.34 0.61
-1.36 0.6
-1.17 0.555
-1.29 0.625
-1.52 0.84
-1.43 0.745
-1.57 0.795
-1.16 0.615
-1.16 0.49
-1.19 0.48
-1.31 0.495
-1.21 0.65
-1.36 0.615
-1.4 0.67
-1.35 0.54
-1.3 0.54
-0.99 0.105
-1.2 0.1
-1.2 -0.04
-1.06 -0.015
-1.03 -0.145
-1.1 -0.2
-1.23 -0.125
-1.04 -0.16
-1.1 -0.05
-1.24 -0.235
-1.04 -0.05
-1.18 -0.22
-1.35 -0.185
-1.26 -0.25
-1.15 -0.29
-0.94 -0.065
-1.2 0.385
-1.21 0.395
-1.31 0.5
-1.34 0.46
-1.15 0.405
-1.15 0.435
-1.26 0.655
-1.12 0.38
-1.17 0.515
-1.16 0.385
-1.2 0.435
-1.11 0.17
-0.95 0.155
-1.11 0.075
-1.3 0.37
-1.09 0.165
-1.06 0.245
-1.23 0.3
-1.26 0.505
-1.41 0.56
-1.35 0.6
-1.13 0.495
-1.1 0.485
-1.32 0.5
-1.27 0.495
-1.16 0.4
-1.33 0.455
-1.32 0.42
-1.15 0.15
-1.06 0.21
-0.9 0.09
-1.17 0.33
-1.23 0.325
-1.28 0.25
-1.22 -0.12
-1.16 -0.01
-1.07 0.055
-1.21 0.025
-1.17 -0.035
-1.23 0.08
-1.31 0.38
-1.08 0.045
-1.03 0.18
-1.37 -0.17
-1.28 -0.19
-1.36 -0.015
-1.11 0.125
-1.36 0.105
-1.36 0.235
-1.17 -0.1
-1.34 -0.085
-1.26 -0.155
-0.99 -0.015
-1.07 -0.065
-1.19 -0.34
-0.97 -0.31
-1.1 -0.335
-1.15 -0.535
-1.34 -0.635
-1.36 -0.48
-1.17 -0.415
-1.39 -0.55
-1.22 -0.39
-1.16 -0.04
-1.25 -0.39
-1.22 -0.495
-1.1 -0.27
-1.21 -0.62
-1.23 -0.71
-1.22 -0.58
-1.04 -0.22
-1.02 -0.27
-1.26 -0.46
-1.12 -0.155
-1.26 -0.1
-1.11 0.195
-1.22 0.28
-1.3 0.46
-1.3 0.57
-1.2 0.535
-1.38 0.565
-1.28 0.575
-1.27 0.51
-1.45 0.725
-1.28 0.68
-1.47 0.76
-1.34 0.74
-1.47 0.785
-1.25 0.685
-1.33 0.68
-1.26 0.62
-1.23 0.45
-1.23 0.285
-0.95 0.08
-1.05 -0.12
-1.13 0.185
-1.09 0.26
-1.11 0.315
-1.12 0.445
-1.34 0.435
-1.32 0.545
-1.31 0.63
-1.19 0.49
-1.35 0.54
-1.14 0.07
-1.22 0.32
-1.28 0.395
-1.1 0.08
-1.23 -0.13
-1.32 -0.14
-1.26 -0.115
-1.1 -0.015
-1.29 -0.315
-1.22 -0.315
-1.22 -0.56
-1.26 -0.575
-1.2 -0.625
-1.3 -0.53
-1.32 -0.41
-1.26 -0.51
-1.13 -0.54
-1.16 -0.415
-1.21 -0.33
-1.25 -0.385
-1.34 -0.44
-1.3 -0.465
-1.23 -0.565
-1.32 -0.68
-1.31 -0.61
-1.49 -0.83
-1.44 -0.76
-1.43 -0.73
-1.54 -0.855
-1.43 -0.76
-1.6 -0.875
-1.5 -0.835
-1.24 -0.655
-1.6 -0.86
-1.41 -0.79
-1.45 -0.745
-1.42 -0.81
-1.52 -0.79
-1.32 -0.575
-1.31 -0.5
-1.54 -0.485
-1.24 -0.35
-1.37 -0.5
-1.19 -0.475
-1.37 -0.555
-1.3 -0.595
-1.36 -0.545
-1.02 -0.125
-1.21 -0.15
-1.24 -0.55
-1.12 -0.415
-1.24 -0.535
-1.14 -0.295
-1.25 -0.36
-1.08 -0.335
-1.14 -0.37
-1.24 -0.135
-1.13 -0.145
-1.17 -0.35
-1.32 -0.575
-1.31 -0.695
-1.42 -0.725
-1.09 -0.355
-1.15 -0.115
-1.04 0.185
-1.08 0.185
-1.23 0.475
-1.13 0.225
-1.25 0.125
-1.25 0.16
-1.35 0.36
-1.21 0.105
-1.34 0.455
-1.19 0.345
-1.2 0.52
-1.23 0.63
-1.27 0.585
-1.21 0.44
-1.23 0.515
-1.1 0.585
-1.38 0.685
-1.32 0.62
-1.33 0.575
-1.24 0.635
-1.35 0.665
-1.68 0.905
-1.18 0.5
-1.29 0.61
-1.39 0.65
-1.37 0.69
-1.27 0.65
-1.18 0.53
-1.51 0.805
-1.21 0.59
-1.34 0.565
-1.18 0.42
-1.27 0.575
-1.16 0.575
-1.57 0.835
-1.29 0.62
-1.23 0.485
-1.18 0.48
-1.34 0.435
-1.22 0.42
-1.33 0.56
-1.26 0.57
-1.46 0.785
-1.38 0.79
-1.2 0.635
-1.5 0.65
-1.25 0.6
-1.17 0.43
-1.28 0.53
-1.37 0.545
-1.22 0.31
-1.3 0.49
-1.3 0.435
-1.16 0.295
-1.29 0.49
-1.37 0.56
-1.35 0.405
-1.28 0.335
-1.08 0.38
-1.08 0.225
-0.94 0.235
-1.07 0.415
-1.19 0.55
-1.43 0.645
-1.1 0.37
-1.26 0.495
-1.15 0.36
-1 0.43
-1.27 0.52
-1.18 0.315
-1.09 0.46
-1.45 0.625
-1.33 0.67
-1.04 0.29
-1.29 0.275
-1.36 0.42
-1.21 0.325
-1.15 0.355
-1.27 0.48
-1.28 0.555
-1.18 0.235
-1.29 0.43
-1.21 0.45
-1.29 0.575
-1.25 0.64
-1.29 0.565
-1.27 0.4
-1.22 0.195
-1.27 0.06
-1.29 0.02
-1.18 0.025
-1.24 0.205
-1.38 0.025
-1.29 0.165
-1.01 0.115
-1.13 0.19
-1.08 0.16
-0.83 0.09
-1.18 0.3
-1.21 0.465
-1.16 0.28
-1.32 0.34
-1.23 0.43
-1.03 0.14
-1.24 0.295
-1.04 0.31
-1.21 0.135
-0.98 -0.28
-1.23 -0.635
-1.32 -0.58
-1.25 -0.595
-1.24 -0.665
-1.47 -0.79
-1.52 -0.81
-1.36 -0.68
-1.35 -0.715
-1.49 -0.69
-1.29 -0.7
-1.36 -0.71
-1.49 -0.82
-1.44 -0.72
-1.58 -0.83
-1.36 -0.755
-1.21 -0.56
-1.25 -0.44
-1.5 -0.605
-1.18 -0.385
-1.08 -0.195
-1.37 -0.49
-1.28 -0.225
-1.19 -0.305
-1.06 -0.105
-1.12 -0.195
-1.22 -0.325
-1.31 -0.5
-1.09 -0.375
-1.21 -0.395
-1.47 -0.64
-1.52 -0.81
-1.44 -0.755
-1.56 -0.815
-1.51 -0.83
-1.46 -0.82
-1.37 -0.705
-1.32 -0.59
-1.28 -0.625
-1.26 -0.5
-1.48 -0.715
-1.29 -0.735
-1.32 -0.69
-1.26 -0.55
-1.44 -0.675
-1.22 -0.375
-1.41 -0.695
-1.38 -0.695
-1.28 -0.625
-1.4 -0.665
-1.02 -0.38
-1.33 -0.48
-1.24 -0.525
-1.18 -0.495
-1.09 -0.435
-1.16 -0.225
-0.98 -0.105
-1.25 -0.165
-1.19 -0.075
-1.12 0.085
-1.22 -0.065
-1.15 -0.035
-1.18 0.065
-1.39 0.38
-1.14 0.25
-1.04 0.275
-1.14 0.335
-1.38 0.44
-1.2 0.425
-1.02 0.29
-1.34 0.725
-1.26 0.535
-1.27 0.345
-1.21 0.245
-1.16 0.08
-1.03 -0.135
-1.22 -0.2
-1.17 -0.195
-1.22 -0.285
-1.07 -0.345
-1.29 -0.46
-1.14 -0.555
-1.59 -0.805
-1.37 -0.66
-1.46 -0.715
-1.63 -0.81
-1.2 -0.525
-1.09 -0.495
-1.36 -0.71
-1.29 -0.61
-1.21 -0.66
-1.45 -0.71
-1.13 -0.43
-0.86 -0.125
-1.25 0.015
-1.17 0.215
-0.98 0.065
-1.25 0.14
-1.24 -0.145
-1.01 -0.385
-1.12 -0.26
-1.21 -0.23
-1.32 0.08
-1.34 0.26
-1.21 0.255
-0.99 0.145
-0.99 0.085
-1.16 0.055
-1.14 0.115
-1.14 0.05
-1.16 0.335
-1.16 0.385
-1.15 0.28
-1.21 0.39
-1.31 0.61
-1.28 0.62
-1.27 0.48
-1.16 0.425
-1.23 0.41
-1.13 0.48
-1.05 0.425
-1.29 0.625
-1.33 0.505
-1.23 0.36
-1.17 0.12
-1.14 0.38
-1.05 0.39
-1.19 0.32
-1.19 0.23
-1.2 0.095
-1.12 -0.275
-1.32 -0.54
-1.07 -0.41
-1.19 -0.34
-1.35 -0.635
-1.48 -0.705
-1.26 -0.59
-1.38 -0.68
-1.49 -0.825
-1.34 -0.66
-1.14 -0.585
-0.99 -0.18
-1.11 -0.26
-1.13 -0.3
-1.13 0.005
-1.06 -0.125
-1.22 -0.165
-1.19 -0.21
-1.11 -0.405
-1.22 -0.405
-1.27 -0.4
-1.32 -0.655
-1.48 -0.775
-1.47 -0.745
-1.19 -0.615
-1.2 -0.475
-1.3 -0.33
-1.33 -0.335
-1.31 -0.37
-1.16 -0.235
-1.15 -0.19
-1.03 -0.26
-1.26 -0.055
-1 0.065
-1.19 0.18
-1.22 0.32
-1.26 0.155
-1.24 0.06
-1.18 0.02
-1.06 -0.2
-1.14 -0.065
-1.19 0
-1.14 0.01
-1.13 0.265
-1.09 0.295
-1.24 0.57
-1.31 0.675
-1.25 0.59
-1.3 0.58
-1.44 0.785
-1.4 0.75
-1.36 0.72
-1.22 0.64
-1.34 0.53
-1.09 0.365
-1.14 0.305
-1.15 0.48
-1.26 0.72
-1.3 0.755
-1.33 0.705
-1.21 0.555
-1.4 0.58
-1.19 0.285
-1.17 0.235
-1.24 0.225
-1.14 0.385
-1.25 0.555
-1.19 0.435
-1.25 0.535
-1.31 0.575
-1.35 0.63
-1.26 0.62
-1.5 0.74
-1.49 0.775
-1.42 0.785
-1.53 0.825
-1.25 0.69
-1.51 0.79
-1.4 0.535
-1.25 0.505
-1.18 0.355
-1.36 0.525
-1.24 0.585
-1.13 0.435
-1.36 0.495
-1.16 0.605
-1.45 0.8
-1.63 0.88
-1.59 0.865
-1.42 0.81
-1.54 0.815
-1.52 0.735
-1.32 0.665
-1.47 0.7
-1.4 0.61
-1.32 0.59
-1.29 0.37
-1.21 0.335
-1.29 0.52
-1.36 0.67
-1.22 0.585
-1.11 0.46
-1.21 0.275
-1.18 0.24
-1.26 0.46
-1.04 0.265
-1.17 0.495
-1.25 0.585
-1.13 0.38
-1.32 0.405
-1.19 0.305
-1.1 0.29
-1.17 0.29
-1.19 0.25
-1.1 0.26
-1.19 0.47
-1.15 0.49
-1.37 0.61
-1.36 0.625
-1.27 0.655
-1.25 0.605
-1.15 0.43
-1.19 0.375
-1.04 0.265
-0.99 0.18
-1.19 0.36
-1.17 0.545
-1.21 0.34
-1.15 0.17
-1.17 0.495
-1.53 0.77
-1.21 0.67
-1.64 0.84
-1.61 0.865
-1.5 0.85
-1.64 0.885
-1.1 0.54
-1.32 0.655
-1.22 0.42
-1.2 0.46
-1.03 0.325
-1.09 0.415
-1.35 0.385
-1.23 0.345
-1.08 0.365
-1.1 0.06
-1.14 -0.025
-1.1 -0.12
-1.13 -0.32
-1.32 -0.475
-1.19 -0.445
-1.15 -0.33
-1.17 -0.295
-1.06 -0.275
-1.18 -0.325
-1.23 -0.48
-1.29 -0.43
-1.4 -0.715
-1.33 -0.715
-1.51 -0.845
-1.27 -0.61
-1.3 -0.665
-1.28 -0.665
-1.36 -0.72
-1.37 -0.66
-1.25 -0.59
-1.35 -0.485
-1.28 -0.59
-1.29 -0.605
-1.33 -0.455
-1.06 -0.225
-1.08 -0.245
-1.11 0.065
-1.14 0.205
-1.13 0.245
-1.21 0.285
-1.2 0.24
-1.18 0.255
-1.1 0.195
-1.25 0.215
-1.04 0.12
-0.94 -0.17
-1.21 -0.145
-1.16 -0.405
-1.16 -0.425
-1.29 -0.505
-1.28 -0.57
-1.3 -0.565
-1.3 -0.635
-1.07 -0.495
-1.35 -0.55
-1.28 -0.73
-1.42 -0.8
-1.26 -0.585
-1.42 -0.68
-1.37 -0.675
-1.41 -0.76
-1.37 -0.73
-1.39 -0.65
-1.54 -0.815
-1.47 -0.8
-1.34 -0.695
-1.53 -0.785
-1.22 -0.585
-1.23 -0.515
-1.33 -0.555
-1.26 -0.495
-1.15 -0.535
-1.27 -0.5
-1.26 -0.36
-1.29 -0.655
-1.11 -0.385
-1.04 -0.28
-1.02 -0.005
-1.28 0.24
-1.24 0.275
-1.11 0.29
-1.06 0.155
-1.11 0.37
-1.2 0.245
-1.4 0.55
-1.3 0.47
-1.49 0.59
-1.25 0.59
-1.18 0.41
-1.13 0.55
-1.17 0.51
-1.3 0.61
-1.14 0.395
-1.1 0.325
-1.23 0.575
-1.11 0.435
-1.06 0.305
-1.05 0.205
-1.15 0.285
-1.27 0.47
-1.19 0.345
-1.31 0.27
-1.08 0.23
-1.28 0.375
-1.36 0.41
-1.15 0.43
-1.32 0.45
-1.22 0.4
-1.19 0.46
-1.25 0.585
-1.31 0.56
-1.28 0.51
-1.15 0.53
-1.36 0.65
-1.26 0.505
-1.3 0.575
-1.25 0.545
-1.34 0.615
-1.22 0.425
-0.97 0.23
-1.3 0.065
-1.23 0.26
-1.12 0.1
-1.1 0.31
-1.14 0.305
-1.24 0.32
-1.11 0.095
-1.24 0.3
-1.06 0.09
-1.05 -0.08
-0.99 0.14
-1.03 0.045
-1.11 -0.095
-1.15 0.055
-1.09 0.115
-1.24 -0.06
-1.03 -0.045
-1.16 -0.265
-1.14 0.06
-1.05 -0.17
-1.18 -0.085
-1.24 -0.2
-1.17 -0.125
-1.19 -0.155
-1.13 -0.325
-1.03 0.005
-1.17 -0.075
-1.03 -0.07
-1.15 -0.145
-1.22 -0.335
-1.28 -0.285
-1.34 -0.37
-1.11 -0.27
-1.14 -0.35
-1.21 -0.365
-1.17 -0.62
-1.38 -0.63
-1.42 -0.685
-1.52 -0.825
-1.3 -0.665
-1.34 -0.72
-1.16 -0.565
-1.2 -0.5
-1.31 -0.62
-1.28 -0.465
-1.2 -0.42
-1.26 -0.62
-1.31 -0.705
-1.43 -0.775
-1.38 -0.74
-1.41 -0.675
-1.17 -0.55
-1.06 -0.45
-1.53 -0.73
-1.17 -0.66
-1.23 -0.5
-1.38 -0.73
-1.49 -0.815
-1.62 -0.875
-1.52 -0.805
-1.52 -0.84
-1.32 -0.675
-1.6 -0.87
-1.47 -0.77
-1.28 -0.615
-1.22 -0.575
-1.42 -0.635
-1.35 -0.725
-1.36 -0.685
-1.32 -0.635
-1.14 -0.46
-1.09 -0.24
-1.11 -0.285
-1.25 -0.155
-0.97 -0.235
-1.02 -0.17
-1.32 -0.455
-1.01 -0.255
-1.3 -0.44
-1.23 -0.455
-1.14 -0.43
-1.27 -0.565
-1.56 -0.775
-1.39 -0.695
-1.54 -0.8
-1.25 -0.59
-1.27 -0.32
-1.11 -0.235
-1.2 -0.33
-1.34 -0.43
-1.25 -0.37
-1.26 -0.115
-1.07 -0.13
-1.13 -0.1
-1.04 0
-1.05 -0.19
-1.14 -0.19
-1.13 -0.505
-1.1 -0.53
-1.3 -0.5
-1.11 -0.465
-1.19 -0.415
-1.22 -0.505
-1.29 -0.44
-1.09 -0.335
-1.19 -0.52
-1.16 -0.55
-1.16 -0.445
-1.08 -0.425
-0.97 -0.37
-1.26 -0.1
-1.08 0.09
-1.3 0.525
-1.27 0.595
-1.26 0.66
-1.41 0.715
-1.19 0.62
-1.34 0.71
-1.22 0.61
-1.41 0.635
-1.45 0.68
-1.34 0.765
-1.52 0.8
-1.27 0.605
-1.33 0.54
-1.28 0.275
-1.14 0.245
-1.07 0.235
-1.2 0.305
-1.02 0.135
-1.21 0.185
-1.13 0.355
-1.36 0.71
-1.17 0.46
-1.32 0.475
-1.27 0.57
-1.33 0.705
-1.37 0.74
-1.4 0.765
-1.43 0.72
-1.28 0.655
-1.51 0.71
-1.44 0.78
-1.45 0.795
-1.44 0.8
-1.43 0.75
-1.46 0.725
-1.45 0.69
-1.46 0.835
-1.45 0.77
-1.47 0.79
-1.52 0.845
-1.39 0.685
-1.23 0.58
-1.34 0.61
-1.36 0.72
-1.44 0.745
-1.32 0.73
-1.68 0.9
-1.62 0.83
-1.39 0.625
-1.4 0.665
-1.37 0.78
-1.39 0.775
-1.27 0.605
-1.19 0.31
-1.09 0.35
-1.11 0.38
-1.32 0.5
-1.32 0.43
-1.22 0.225
-1.25 0.28
-1.07 0.15
-1.14 0.1
-1.05 -0.135
-1.07 -0.11
-1.17 -0.23
-1.19 -0.11
-1.25 0.065
-1.11 0
-1.17 0.03
