-1.06 0.31
-0.97 -0.03
-0.96 0.09
-1.04 -0.005
-0.83 0.03
-0.9 0.16
-0.88 -0.13
-0.89 -0.05
-1.12 -0.195
-0.88 0.06
-1.02 0.005
-0.99 0.06
-0.74 -0.105
-0.88 -0.24
-0.88 -0.145
-0.88 -0.14
-0.91 -0.02
-1 -0.065
-0.95 0.14
-0.99 -0.105
-0.89 0.03
-0.99 -0.11
-0.85 -0.065
-0.98 -0.05
-0.82 0.17
-0.88 0.11
-1.03 0.215
-0.98 -0.035
-0.85 0.05
-0.93 0.035
-0.95 0.035
-0.72 0.11
-1.02 0.295
-0.93 -0.255
-0.97 -0.32
-0.98 -0.125
-0.7 0.085
-0.72 0.025
-1.16 -0.015
-0.97 -0.155
-0.95 0.22
-0.97 -0.055
-1.11 0.19
-1.07 0.395
-1.03 0.235
-1.07 0.215
-1.06 0.2
-1.02 0.26
-0.99 0.12
-1.05 0.205
-1.19 0.605
-1.07 0.495
-0.98 0.31
-1 0.285
-0.74 0.205
-0.95 0.22
-0.93 0.03
-0.9 -0.14
-0.8 -0.01
-1.09 -0.31
-0.97 -0.19
-1.19 -0.145
-1.06 -0.095
-1 0.145
-1.11 0.32
-0.81 0.34
-0.91 0.43
-1.16 0.525
-1.09 0.36
-0.91 0.105
-0.82 0.12
-0.94 0.07
-0.95 -0.015
-0.91 -0.155
-1.11 -0.29
-1.05 -0.45
-0.88 -0.16
-1 -0.25
-0.91 -0.215
-0.88 -0.33
-0.92 -0.32
-1.17 -0.3
-0.98 -0.115
-0.98 -0.305
-1 -0.26
-0.91 -0.11
-0.72 -0.15
-0.93 -0.28
-0.85 -0.125
-0.99 -0.27
-1.08 -0.51
-1.17 -0.585
-0.96 -0.385
-1.11 -0.54
-1.1 -0.655
-1.06 -0.305
-0.9 -0.035
-0.89 0.065
-0.85 0.155
-0.99 0.27
-0.85 0.03
-0.89 -0.095
-0.71 -0.21
-0.92 -0.2
-1.01 -0.275
-0.84 -0.245
-0.86 0.315
-0.85 0.4
-0.93 0.375
-1.11 0.555
-1.1 0.47
-1 0.29
-1.1 0.26
-0.8 -0.005
-0.81 0.12
-0.95 -0.005
-1 0.055
-0.95 -0.1
-1.09 -0.155
-0.84 -0.34
-0.89 -0.25
-0.91 -0.095
-1.07 -0.24
-0.99 -0.395
-0.89 -0.23
-0.83 -0.215
-0.83 -0.125
-0.93 -0.26
-0.96 -0.06
-0.94 -0.08
-0.92 -0.065
-0.88 -0.155
-1.12 -0.195
-0.88 -0.33
-0.99 -0.27
-1.03 -0.35
-0.84 -0.02
-0.91 -0.1
-1.07 0.115
-1.1 0.125
-0.71 0.065
-0.94 0.015
-1.04 0.115
-0.89 0.21
-0.96 0.21
-0.78 -0.035
-1.05 0.15
-1.01 -0.13
-0.97 -0.12
-1 -0.25
-1.02 -0.505
-1.13 -0.475
-0.95 -0.245
-0.92 -0.165
-0.73 0.11
-1.06 0.225
-0.9 0.405
-0.94 0.47
-0.94 0.325
-0.93 0.205
-0.99 -0.095
-0.95 0.065
-0.9 0.135
-0.94 0.05
-0.97 -0.395
-0.88 -0.495
-0.9 -0.26
-0.92 -0.335
-1.23 -0.3
-0.93 -0.245
-1.17 -0.38
-0.89 -0.315
-0.93 -0.035
-0.94 0.23
-0.94 0.14
-1.06 0.365
-0.98 0.09
-0.92 0.06
-0.97 0.15
-0.87 0.18
-0.92 -0.09
-1.04 0.03
-0.87 -0.05
-0.94 -0.055
-0.93 -0.185
-0.93 -0.185
-0.97 -0.095
-0.97 -0.205
-0.92 -0.095
-0.94 -0.05
-0.98 0.12
-0.91 0.105
-1.01 0.38
-1.23 0.29
-0.93 0.145
-0.81 0.215
-0.99 0.245
-1 0.17
-0.79 0.29
-0.96 0.18
-0.87 0.11
-1.02 0.09
-0.82 -0.11
-0.93 -0.21
-0.92 0.08
-1.07 0.005
-0.98 0.01
-0.94 -0.065
-0.95 0.145
-0.99 -0.01
-0.9 -0.02
-0.9 0.04
-0.92 0.16
-1.08 0.255
-0.99 0.15
-1.15 0.53
-0.96 0.22
-1 -0.02
-0.84 0.075
-0.96 0.07
-0.92 -0.175
-0.97 -0.025
-1.01 -0.055
-1.05 -0.13
-0.97 -0.31
-0.94 -0.37
-0.76 -0.225
-1.12 -0.545
-0.96 -0.405
-1.18 -0.45
-1.09 -0.45
-1.01 -0.535
-1.21 -0.52
-1.15 -0.62
-1.04 -0.485
-1.06 -0.26
-0.93 -0.33
-0.99 -0.165
-0.98 -0.145
-1.12 0.255
-1.08 0.39
-0.92 0.24
-0.93 0.185
-0.95 -0.045
-1.02 0.115
-0.93 0.04
-1 0.175
-0.83 0.245
-0.91 0.23
-0.89 0.095
-0.98 -0.03
-0.97 -0.005
-0.86 0.105
-0.79 0.085
-0.87 0.18
-0.75 0.075
-0.91 0.125
-1.08 0.45
-1.11 0.49
-1.04 0.5
-0.94 0.43
-0.9 0.39
-0.93 0.2
-1.1 0.06
-0.99 -0.275
-0.94 -0.29
-0.99 -0.025
-1.06 -0.215
-0.82 -0.13
-1 -0.03
-0.9 -0.035
-0.86 0.055
-0.73 0.015
-0.9 0.02
-0.75 0.185
-1.05 0.4
-1.15 0.43
-1.09 0.2
-0.98 0.2
-1.05 0.545
-1.01 0.145
-0.87 0.17
-0.96 0.37
-0.79 0.18
-1.07 0.48
-0.76 0.29
-0.83 0.085
-0.88 -0.13
-1.1 -0.32
-0.72 -0.13
-0.99 -0.29
-1.04 -0.41
-1.03 -0.18
-0.86 -0.16
-0.93 -0.11
-0.9 -0.135
-1.02 0.145
-0.87 0.005
-0.9 0.24
-0.97 0.145
-0.81 0.185
-0.95 0.045
-1.14 0.125
-0.95 -0.21
-1.07 -0.22
-0.99 0.03
-0.99 0.275
-1.08 0.47
-1.03 0.235
-0.8 0.205
-0.91 0.225
-1.15 -0.26
-0.9 0.19
-1.08 0.355
-0.98 0.375
-0.96 0.11
-0.65 -0.08
-1.03 -0.07
-0.84 -0.29
-1.06 -0.2
-0.87 -0.035
-0.94 0.065
-0.83 0.08
-1.03 0.09
-0.91 0.155
-1.04 0.155
-0.85 -0.155
-0.99 -0.14
-0.94 -0.31
-0.98 -0.065
-1.05 -0.295
-0.92 -0.005
-1.05 0.065
-0.87 0.005
-0.85 -0.01
-0.85 0.015
-0.96 0.115
-1.04 0.255
-0.88 0.095
-0.99 0.08
-0.89 0.33
-1.01 0.325
-1 0.445
-0.93 0.285
-0.98 0.31
-0.83 0.22
-0.81 0.31
-0.99 0.24
-0.81 0.28
-1.06 0.205
-0.54 0.17
-0.93 0.13
-0.87 0.33
-0.99 0.24
-0.91 0.27
-0.98 0.27
-0.96 0.12
-0.88 0.065
-0.92 0.31
-0.95 0.13
-1.03 0.25
-1 0.325
-1.14 0.165
-0.85 0.035
-0.82 0.07
-1.23 0.485
-0.92 0.335
-0.98 0.325
-1.24 0.5
-0.99 0.445
-1.07 0.54
-0.91 0.27
-0.98 0.255
-0.84 0.28
-0.81 0.295
-0.91 0.43
-0.89 0.145
-1.03 0.285
-1.06 0.285
-0.88 0.275
-0.88 0.3
-0.97 0.14
-0.87 -0.05
-0.86 0
-1.15 -0.57
-1.05 -0.555
-1.1 -0.425
-1 -0.145
-1.05 0.06
-0.97 0.02
-0.79 0.025
-0.83 -0.06
-0.8 0.005
-1.02 0.29
-0.94 0.305
-0.98 0.31
-1.19 0.48
-1.38 0.65
-1.21 0.535
-0.85 0.27
-0.84 -0.035
-0.82 0.145
-0.98 -0.055
-1 -0.115
-0.93 -0.225
-0.86 0.02
-0.76 -0.055
-1.02 -0.09
-0.97 0.15
-0.87 -0.115
-0.99 0.085
-1.02 0.085
-0.94 0
-1.16 -0.375
-1.04 -0.43
-0.94 -0.08
-0.8 -0.14
-0.9 -0.07
-0.96 -0.19
-0.97 -0.15
-1 -0.325
-0.91 -0.025
-0.88 -0.005
-0.85 -0.03
-0.97 -0.31
-1.27 -0.57
-1.16 -0.5
-0.92 -0.065
-1.02 -0.25
-0.94 -0.23
-0.82 -0.37
-1.01 -0.05
-1.05 -0.11
-0.93 0.085
-0.97 -0.295
-0.95 -0.18
-0.92 -0.135
-0.87 0.06
-0.91 0.11
-0.76 0.08
-0.92 -0.14
-0.91 -0.015
-1.14 -0.055
-1.3 0.11
-0.95 0.115
-0.89 -0.04
-0.92 0.05
-0.9 -0.015
-1.03 -0.175
-1.09 -0.285
-1.02 -0.315
-0.91 0.01
-0.89 0.03
-1.07 0.315
-0.87 0.105
-0.98 0.24
-0.9 0.26
-0.91 0.15
-0.96 0.015
-0.92 0.12
-1.04 0.34
-0.92 0.32
-1.31 0.745
-1.12 0.555
-0.99 0.36
-0.87 0.13
-0.96 0.05
-0.92 0.27
-0.88 -0.065
-0.89 0.135
-1.06 0.49
-0.93 0.325
-0.93 0.355
-1.23 0.43
-0.96 0.395
-0.95 0.375
-0.91 0.195
-1.06 0.315
-0.87 0.155
-0.98 0.325
-0.96 0.195
-0.86 0.085
-0.88 0.005
-1.01 0.19
-0.73 0.19
-0.97 0.175
-0.86 0.03
-0.86 -0.04
-1.02 0.16
-0.91 0.39
-1.18 0.535
-1.07 0.395
-1.09 0.41
-0.88 0.425
-0.9 0.335
-1.05 0.375
-1.06 0.385
-0.91 0.3
-1.06 0.245
-0.96 0.15
-1.01 -0.195
-0.86 -0.34
-0.97 -0.115
-0.84 -0.175
-1 0.15
-0.94 0.135
-1.01 -0.41
-1.12 -0.43
-0.85 -0.16
-0.8 -0.13
-1.06 -0.15
-0.77 -0.065
-0.94 -0.375
-1.1 -0.325
-0.95 -0.43
-0.81 -0.09
-0.9 0.07
-1.06 -0.14
-0.94 -0.14
-0.92 -0.15
-1.04 -0.14
-1.04 0.02
-1.11 0.26
-0.95 0.185
-0.99 -0.22
-0.96 -0.275
-0.96 0.14
-1.04 0.2
-0.97 0.285
-1.03 0.395
-0.9 0.435
-1.32 0.615
-1.13 0.45
-1.16 0.49
-0.82 0.205
-1.01 0.19
-0.91 0.075
-0.83 -0.16
-0.84 -0.095
-0.87 -0.175
-1.05 -0.43
-1.08 -0.11
-0.93 0.065
-1.12 0.325
-0.98 0.31
-0.93 0.315
-0.91 0.3
-1 0.31
-0.91 0.205
-0.88 0.4
-0.9 0.265
-0.84 0.255
-0.91 0.365
-0.95 0.155
-0.92 0.125
-0.91 0.08
-1.03 0.125
-0.93 0.02
-0.88 -0.185
-0.79 -0.245
-0.94 -0.31
-0.91 -0.14
-1.09 -0.21
-1.16 -0.36
-0.87 -0.38
-0.94 -0.02
-0.87 -0.08
-0.81 -0.03
-0.88 -0.18
-1.16 -0.215
-0.97 -0.185
-0.92 -0.36
-0.93 -0.38
-1.07 -0.375
-1.04 -0.5
-0.97 -0.455
-0.81 -0.155
-0.85 -0.055
-0.88 -0.08
-1.04 -0.405
-1.04 -0.28
-0.86 -0.115
-0.79 -0.09
-0.97 -0.125
-1 -0.095
-1.15 -0.055
-1.03 0.07
-0.88 0.185
-0.74 0.225
-1.07 0.42
-0.98 0.195
-1.02 0.055
-1.01 -0.135
-1.04 -0.195
-0.99 0.175
-0.97 0.215
-0.97 0.355
-0.77 0.24
-1 0.215
-0.92 0.135
-0.89 0.035
-0.87 -0.1
-0.92 -0.24
-0.97 -0.3
-0.92 -0.375
-1.1 -0.36
-1 -0.245
-0.94 -0.245
-0.95 -0.175
-0.96 0.2
-0.84 0.045
-0.97 -0.195
-1.1 -0.235
-0.79 0.125
-0.88 0.06
-0.87 -0.12
-1.13 -0.44
-0.93 -0.465
-0.91 -0.325
-0.9 -0.205
-0.8 -0.165
-1.06 -0.15
-1.04 -0.29
-1.14 -0.5
-0.8 -0.24
-0.96 -0.285
-0.87 -0.325
-0.98 -0.355
-0.94 -0.24
-1.02 0.25
-0.94 0.125
-1 0.33
-1.18 0.1
-0.97 0.095
-1.01 0.465
-0.97 0.425
-1.06 0.27
-0.85 0.285
-1.09 0.26
-0.99 0.265
-1.1 0.22
-0.77 -0.175
-0.88 -0.22
-1.12 -0.125
-0.96 -0.2
-1.1 -0.05
-0.92 -0.235
-1 -0.44
-1.04 -0.1
-0.86 -0.08
-0.97 0.21
-1.05 0.425
-1.03 0.48
-0.75 0.14
-1.07 0.42
-0.99 0.14
-0.85 0.415
-1.03 0.47
-1.01 0.025
-0.85 0
-0.96 0.175
-0.93 -0.26
-0.96 0.06
-0.87 0.14
-0.94 -0.07
-0.92 -0.11
-1.01 0
-0.88 -0.06
-0.89 -0.065
-0.92 0.1
-0.93 0.035
-0.9 0.305
-0.84 0.025
-0.93 0.115
-1.23 -0.245
-1.06 -0.22
-0.99 0.13
-1.02 0.245
-0.95 0.435
-0.77 0.3
-1.06 0.495
-0.9 0.34
-1.12 0.095
-0.99 0.19
-0.96 -0.075
-1.09 -0.29
-0.94 -0.13
-0.97 -0.055
-0.92 0.025
-0.95 -0.16
-0.89 -0.125
-1.05 -0.205
-0.99 0.02
-0.74 0.025
-1.07 0.075
-0.93 -0.07
-1.03 -0.22
-0.98 -0.15
-0.97 0.025
-0.85 0.095
-1.02 0.08
-0.91 -0.26
-1.02 -0.05
-0.72 0.115
-0.96 0.165
-0.96 -0.155
-0.85 -0.235
-0.94 0.025
-0.96 -0.055
-0.96 -0.01
-0.97 0.205
-0.91 0.215
-0.9 -0.025
-1.06 -0.29
-1 -0.12
-0.81 -0.01
-0.82 0.02
-0.75 -0.115
-0.88 -0.085
-0.89 -0.11
-0.88 -0.06
-0.84 -0.055
-0.89 0.15
-0.86 0
-0.87 0.075
-1.01 0.21
-0.92 0.01
-0.99 0.11
-0.97 -0.03
-0.9 -0.005
-0.91 0.03
-0.94 0.05
-0.94 0.01
-1.14 0.36
-0.95 0.28
-1 0.42
-0.88 0.26
-0.81 0.185
-0.9 0.275
-1.02 0.47
-1.3 0.35
-0.86 0.135
-1.05 0.275
-1.2 0.11
-0.94 -0.04
-0.88 -0.025
-1.03 -0.175
-1.11 -0.14
-0.94 -0.085
-1.01 -0.155
-1.07 0.01
-0.99 -0.09
-1.01 -0.11
-0.77 -0.265
-0.97 -0.035
-1.07 0.05
-0.97 -0.035
-0.91 0.26
-0.99 -0.015
-1.1 0.07
-1 0.24
-0.86 0.18
-1.02 0.425
-0.85 0.33
-0.98 0.035
-1.06 0.155
-0.89 0.095
-1.06 0.22
-0.79 0.265
-0.82 0.105
-0.98 -0.175
-0.85 -0.135
-0.74 -0.155
-0.95 -0.095
-0.97 -0.07
-0.93 -0.115
-0.82 0.035
-0.85 0.14
-0.89 0.1
-0.86 0.21
-1.17 0.525
-1 0.33
-0.82 0.045
-0.96 0.09
-0.83 0.02
-0.9 0.125
-1.14 -0.03
-0.7 0.045
-0.85 -0.01
-0.96 -0.135
-0.98 -0.035
-0.85 0.25
-0.96 0.305
-1.06 0.12
-0.93 0.285
-1.04 0.245
-0.88 0.335
-0.87 0.3
-1.07 0.195
-0.86 0.165
-1.02 -0.135
-1.04 -0.095
-0.97 -0.115
-1.09 -0.33
-1.22 -0.51
-0.87 -0.025
-0.97 0.04
-0.83 -0.09
-1.08 0
-0.83 -0.005
-0.96 0.165
-1.15 0.025
-0.98 0.155
-0.93 -0.26
-0.92 -0.085
-0.87 -0.32
-1.12 -0.365
-1.03 -0.295
-1.05 -0.045
-0.94 -0.25
-0.94 -0.075
-0.95 -0.175
-1.05 0.28
-1.14 0.51
-1.02 0.04
-1.1 -0.125
-0.97 0.075
-1.12 0.13
-0.96 -0.145
-0.91 0.045
-0.95 -0.09
-0.98 0.205
-0.86 0.245
-0.98 0.2
-1.01 0.175
-1.06 0.105
-0.86 -0.14
-1.05 -0.21
-1.02 -0.255
-0.87 0.045
-1.03 0.02
-1.14 -0.535
-0.85 -0.19
-1.04 -0.13
-1.12 -0.245
-1.11 0.035
-0.94 0.08
-0.76 -0.005
-0.91 -0.045
-0.98 0.2
-0.95 0.27
-1.24 0.665
-1.11 0.51
-0.82 0.165
-1.09 0.25
-0.93 -0.02
-0.71 0.105
-1.03 -0.08
-0.95 -0.155
-0.86 0.185
-1.01 0.265
-0.99 -0.045
-0.94 -0.23
-1.05 -0.225
-0.97 -0.385
-1.1 -0.19
-0.98 -0.305
-0.93 -0.23
-1.01 -0.16
-1 -0.285
-1.22 -0.59
-1.09 -0.5
-0.95 -0.38
-0.73 -0.19
-0.92 -0.37
-0.92 -0.17
-0.99 0.155
-1.21 0.5
-1.02 0.395
-0.93 0.07
-0.93 0.12
-1.19 0.225
-1.06 -0.06
-1 -0.295
-0.9 -0.44
-1.08 -0.53
-0.91 -0.275
-1.03 -0.395
-1 -0.49
-1.02 -0.265
-1.1 -0.02
-1.07 0.16
-1.16 0.25
-0.99 0.47
-1.08 0.325
-1.12 0.53
-1.25 0.695
-1.12 0.555
-0.91 0.135
-0.91 0.135
-0.76 -0.11
-0.96 -0.27
-1.08 -0.355
-0.9 -0.015
-0.85 0.135
-1.1 0.17
-0.86 -0.02
-1.04 -0.225
-0.98 0.005
-0.94 -0.345
-0.95 -0.4
-1.09 -0.4
-1.02 -0.345
-1.2 -0.55
-1.07 -0.285
-1.08 -0.055
-0.93 0.115
-0.89 0.1
-0.92 0.005
-0.96 0.03
-0.82 0.01
-0.9 -0.05
-1.02 -0.325
-1.12 -0.315
-0.86 -0.015
-0.98 0.13
-0.99 0.285
-0.99 0.185
-1.06 0.015
-1 0.06
-0.83 -0.035
-0.99 0.21
-1.05 0.26
-0.84 0.175
-0.91 0.065
-1.03 0.14
-0.97 -0.07
-0.98 0.13
-0.95 0.14
-1.03 0.185
-0.83 0.45
-0.97 0.24
-0.81 0.005
-0.96 0.15
-0.99 0.375
-1.14 0.27
-0.81 0.1
-0.85 0.025
-0.9 0.005
-0.87 0.085
-1.01 0.46
-0.97 0.27
-0.87 0.3
-0.82 0.24
-1.24 0.415
-0.92 -0.005
-0.94 0.01
-1.06 0.32
-1.02 0.295
-0.93 0.095
-0.92 0.11
-0.89 0.11
-0.88 -0.125
-0.89 -0.3
-1.02 -0.245
-0.82 -0.27
-0.94 -0.1
-0.92 0.135
-1 0.16
-0.97 -0.03
-1 -0.1
-0.89 -0.05
-0.95 0.205
-0.95 0.105
-0.91 -0.005
-1 0.195
-0.98 0.005
-1.04 -0.08
-0.89 0.055
-0.94 0.325
-0.98 0.4
-1.03 0.015
-0.85 -0.215
-0.79 0.015
-0.98 0.235
-0.94 0.06
-0.96 0.14
-1.14 0.195
-1.01 0.045
-0.98 -0.03
-1.05 -0.015
-0.96 -0.08
-1.03 0.155
-0.83 0.05
-0.84 0.1
-1 0.39
-1.14 0.605
-1.11 0.24
-0.98 0.045
-0.97 -0.21
-0.92 0.225
-0.93 0.085
-1.05 -0.065
-0.99 -0.05
-1.07 0.02
-0.84 0.1
-1.15 0.225
-1.04 0.225
-0.95 0.285
-1.07 0.44
-0.97 0.19
-0.81 0.09
-1.08 0.005
-0.87 -0.105
-0.85 0.135
-0.9 0.23
-0.82 -0.045
-1 -0.33
-1.03 -0.32
-0.92 -0.27
-1.01 -0.455
-1.04 -0.51
-0.88 -0.31
-0.92 -0.22
-0.91 -0.365
-1.05 -0.405
-0.86 -0.385
-0.99 -0.235
-0.84 0.075
-0.94 0.075
-0.97 0.175
-1.06 0.18
-0.87 -0.29
-0.93 -0.065
-0.83 0.04
-0.91 0.25
-0.88 0.125
-1.12 0.125
-1.04 -0.015
-0.94 0.035
-0.9 -0.035
-1.08 0.375
-1.1 0.53
-0.9 0.35
-1.01 0.195
-0.98 0.305
-0.91 0.46
-1.01 0.245
-0.99 0.35
-0.94 0.24
-1.1 0.065
-1.03 -0.32
-0.87 -0.15
-1.08 -0.265
-1 -0.025
-0.86 0.05
-0.95 0.17
-0.98 0.385
-1.02 0.25
-0.86 0.155
-0.88 -0.03
-1.07 0.37
-1.1 0.3
-1.12 0.115
-0.9 -0.105
-1.08 -0.545
-0.99 -0.475
-1.06 -0.48
-0.99 -0.15
-0.93 -0.19
-0.93 -0.07
-1.11 -0.17
-1 -0.35
-1.1 -0.32
-0.79 -0.225
-1.04 -0.225
-1.07 -0.295
-1.07 -0.565
-1.12 -0.61
-1.11 -0.47
-0.97 -0.305
-0.94 -0.25
-1.01 -0.215
-1.05 -0.37
-0.98 -0.35
-0.94 -0.31
-1.22 -0.37
-1.14 -0.04
-1.02 -0.15
-1.02 -0.025
-1.12 0.09
-1.05 -0.1
-0.87 -0.135
-0.87 -0.26
-0.86 -0.1
-1.13 -0.275
-1.05 -0.205
-0.83 -0.145
-1.03 -0.235
-1.02 -0.27
-0.92 -0.175
-1.1 -0.07
-0.79 0.03
-0.85 0.085
-0.97 0.265
-0.9 0.06
-0.93 0.12
-1 0.14
-0.84 -0.12
-0.92 0.005
-0.95 0.115
-1.09 0.335
-0.96 0.21
-1.2 0.405
-0.89 0.185
-0.9 0.24
-1 -0.125
-0.72 -0.055
-0.85 -0.1
-0.79 0.12
-1.04 0.025
-0.91 0.245
-0.95 0.14
-1.09 -0.39
-0.87 -0.37
-0.98 -0.325
-1.14 -0.465
-1.05 -0.42
-0.93 -0.23
-0.68 -0.02
-0.91 -0.25
-1.07 -0.375
-0.91 -0.22
-1.04 -0.03
-0.88 0.05
-0.84 -0.04
-0.91 0.315
-0.88 0.255
-0.99 0.06
-1 0.23
-0.96 0.065
-0.91 0.035
-0.89 -0.13
-0.81 0.105
-1.1 0.04
-0.97 -0.095
-0.78 0.015
-1.01 0.3
-1.01 0.365
-0.84 -0.145
-0.65 0.1
-0.84 0.135
-0.86 0.25
-1.16 0.62
-1.05 0.325
-1.05 0.265
-0.98 0.33
-0.91 0.33
-0.87 0.215
-0.87 -0.085
-0.97 -0.155
-0.83 0.03
-0.92 0.045
-1.02 -0.245
-0.96 -0.165
-0.82 -0.21
-0.78 -0.275
-1.18 -0.47
-1.02 -0.115
-1.03 -0.195
-0.8 -0.12
-0.86 -0.015
-0.97 0.07
-0.98 0.095
-0.97 0.36
-1.04 -0.035
-0.83 0.11
-0.97 0.27
-0.92 0.085
-0.74 -0.035
-0.81 0.08
-0.96 0.215
-0.82 0.195
-0.86 0.09
-1 -0.165
-0.91 -0.12
-1.16 0.03
-1 -0.12
-1.02 0.115
-0.93 -0.065
-0.8 -0.075
-1.07 -0.295
-0.88 -0.14
-0.94 -0.225
-0.84 -0.08
-1.06 -0.31
-1.06 -0.59
-0.95 -0.425
-0.94 0.04
-0.87 -0.09
-0.92 -0.145
-1 -0.23
-1.02 -0.16
-1.08 -0.075
-1.04 0.19
-0.98 -0.075
-1.05 -0.205
-1.03 0.13
-0.96 0
-0.9 0.19
-1.03 0.245
-0.95 0.07
-0.94 0.28
-1.11 0.31
-0.99 0.26
-0.81 0.24
-1.05 0.455
-1.18 0.11
-0.85 0.255
-1 0.34
-0.7 0.115
-0.95 -0.125
-0.7 -0.1
-0.98 -0.285
-0.96 0.205
-0.97 0.065
-0.82 0
-0.98 0.03
-0.82 -0.03
-1.01 -0.06
-0.98 -0.11
-0.84 -0.07
-0.93 0.08
-0.81 0.19
-0.83 -0.03
-0.94 0.235
-0.83 -0.03
-0.87 -0.265
-1.13 -0.285
-0.87 -0.2
-0.97 -0.18
-1.16 -0.505
-0.94 -0.385
-1.09 -0.43
-1.24 -0.645
-1.08 -0.57
-1.18 -0.48
-0.79 -0.355
-0.89 -0.4
-0.82 -0.185
-1.05 -0.34
-0.76 -0.2
-0.89 -0.205
-1.3 -0.56
-0.92 -0.265
-1.17 -0.53
-0.98 -0.395
-1.02 -0.3
-0.99 -0.2
-1.03 -0.16
-1.11 -0.27
-0.92 0.13
-0.95 0.005
-0.8 0.04
-1.06 -0.185
-0.81 -0.11
-1.05 -0.255
-0.95 -0.15
-1.04 -0.44
-0.9 -0.205
-1.08 -0.35
-0.93 -0.195
-0.99 -0.07
-1 0.09
-0.91 0.07
-0.8 -0.035
-0.96 0.02
-0.99 0.2
-0.93 0.085
-0.87 0
-1.08 0.145
-1.05 -0.02
-1.06 0.135
-1.07 -0.07
-0.94 -0.19
-0.92 -0.145
-0.94 -0.1
-0.94 -0.21
-0.92 -0.27
-1.21 -0.185
-0.97 0.035
-0.97 0.255
-1.06 -0.14
-0.93 -0.09
-0.97 -0.17
-0.98 0.15
-1.04 0.255
-1.13 0.41
-1.07 0.31
-1 0.315
-0.93 0.1
-0.85 0.125
-1.2 0.385
-0.97 0.225
-0.85 -0.15
-0.93 0.105
-1.14 0.295
-1.04 0.225
-0.85 0.05
-0.97 -0.005
-1.22 0.375
-0.89 0.005
-0.97 -0.2
-0.82 0.06
-1 0.395
-0.97 0.3
-0.84 -0.005
-0.79 -0.185
-0.93 -0.295
-1.1 -0.22
-1.06 0.07
-1 0.075
-0.89 0.12
-0.98 0.005
-0.93 -0.13
-0.93 -0.235
-0.86 -0.59
-0.82 -0.41
-1.12 -0.38
-1.03 -0.16
-1.06 -0.11
-0.92 -0.25
-1.3 -0.465
-1.23 -0.51
-1.03 -0.04
-0.84 -0.195
-0.96 -0.05
-0.89 -0.2
-0.98 0.02
-1.12 0.38
-1.07 0.365
-0.94 0.185
-0.99 0.32
-1.02 -0.025
-0.96 -0.03
-0.94 0.305
-0.84 0.08
-1.15 0.115
-0.87 0.27
-1.08 0.395
-0.87 0.18
-0.94 0.085
-0.86 -0.02
-1.05 -0.06
-1.17 -0.16
-0.9 -0.105
-0.86 -0.15
-1.04 -0.155
-0.98 0.045
-0.84 0.01
-1.05 0.045
-0.95 0.085
-0.88 -0.19
-0.92 -0.095
-1.09 -0.415
-0.82 -0.25
-1.09 0.08
-0.93 0.105
-0.92 0.085
-0.86 0.115
-0.94 0.08
-1.08 0.235
-0.82 0.145
-0.98 0.045
-1.01 -0.17
-1.01 -0.16
-0.93 0.035
-0.87 0.025
-0.83 0.17
-1.02 -0.02
-1.03 0.07
-1.05 0.41
-1.06 0.52
-0.84 0.17
-0.91 0.14
-0.84 0.305
-0.95 0.43
-1.04 0.22
-0.81 0.035
-0.87 0.17
-1.03 -0.04
-0.93 -0.055
-0.95 -0.195
-0.8 -0.18
-0.99 -0.25
-1.06 -0.49
-0.91 -0.31
-1.19 -0.455
-1.06 -0.06
-0.76 0.065
-0.97 -0.05
-1.23 0.26
-1.02 0.18
-0.91 0.045
-1.05 0.245
-0.99 -0.005
-0.89 0.2
-0.94 0.095
-1.13 -0.41
-1.12 -0.02
-0.95 -0.18
-0.76 0.03
-0.84 0.27
-0.9 0.2
-1.06 0.08
-1.04 -0.27
-1.08 -0.13
-1.08 -0.195
-1.18 -0.335
-0.96 0.18
-0.99 0.155
-0.79 0.04
-0.94 0.09
-0.67 -0.15
-0.83 0.015
-0.98 0.04
-1 -0.07
-0.98 -0.255
-0.93 -0.125
-0.86 0.33
-1.04 0.19
-0.76 0.225
-1.04 0.23
-1.03 0.48
-1.08 0.505
-1.19 0.305
-1 0.335
-1.03 0.36
-0.91 0.29
-0.94 0.23
-0.94 0.185
-0.94 0.45
-1.08 0.51
-1.02 0.505
-0.87 0.175
-1.01 0.28
-1.02 0.29
-0.92 0.08
-0.98 -0.195
-0.94 -0.12
-0.96 -0.08
-1.21 -0.45
-1.09 -0.305
-0.94 -0.18
-0.72 0.2
-1.08 -0.085
-1 -0.02
-0.95 0.115
-0.78 -0.135
-1.01 -0.06
-0.97 0.04
-0.84 -0.105
-0.89 -0.04
-1.01 -0.195
-1.03 -0.425
-0.97 -0.25
-0.99 -0.26
-1.21 -0.565
-0.85 -0.27
-0.89 -0.23
-1.19 -0.415
-0.99 -0.425
-1.06 -0.345
-0.98 -0.195
-1.04 -0.025
-0.9 0.16
-0.8 0.085
-0.92 0.12
-0.97 0.18
-0.85 0.025
-0.88 -0.195
-1.03 -0.15
-1.08 -0.135
-0.96 -0.455
-1.16 -0.505
-0.95 -0.37
-1.01 -0.255
-0.89 -0.07
-0.87 0.325
-0.8 0.085
-1.04 -0.32
-0.92 -0.395
-0.8 -0.295
-0.95 -0.18
-0.95 0.045
-0.93 0
-0.91 0.22
-0.97 0.365
-0.88 0.025
-0.94 0.145
-1 0.155
-0.95 0.045
-0.89 0.1
-0.87 -0.135
-1.12 -0.27
-0.86 -0.22
-0.91 -0.145
-0.9 0.035
-0.88 0.025
-1.05 0.02
-0.94 -0.15
-0.88 -0.105
-0.85 -0.005
-0.98 -0.265
-0.97 -0.36
-0.96 0.035
-0.86 0.215
-0.91 0.115
-0.96 0
-0.74 -0.015
-0.82 0.12
-0.85 -0.025
-1.02 -0.46
-0.9 -0.265
-1.1 -0.4
-0.84 -0.2
-0.84 -0.275
-0.92 -0.07
-1.09 -0.12
-0.87 -0.11
-0.99 -0.345
-0.73 -0.285
-0.94 -0.375
-1 -0.32
-1.15 -0.545
-1.03 -0.25
-0.88 -0.12
-1 -0.25
-0.78 0.03
-0.84 -0.17
-0.96 0.19
-0.96 0.37
-0.8 0.255
-1 0.27
-0.9 0.13
-0.89 0
-1.05 -0.16
-0.87 -0.22
-0.95 -0.095
-0.78 0.175
-0.88 -0.085
-0.93 0.1
-0.98 -0.23
-0.9 -0.335
-0.87 0.02
-0.99 -0.065
-0.92 -0.265
-1.03 -0.355
-1 -0.12
-0.91 0.19
-0.97 -0.055
-0.98 -0.01
-1.14 -0.065
-0.99 0.105
-1.02 -0.13
-0.96 -0.225
-0.95 -0.22
-1.05 -0.185
-0.88 -0.05
-0.89 -0.12
-1.16 -0.345
-0.79 -0.365
-0.99 -0.355
-0.84 -0.43
-0.94 -0.35
-0.93 -0.21
-0.83 -0.14
-0.87 -0.045
-0.9 0.21
-0.87 0.225
-0.95 -0.115
-0.96 -0.29
-0.99 -0.015
-1.18 -0.12
-1.01 -0.2
-0.92 -0.1
-1.03 0.175
-0.96 0.31
-0.77 -0.11
-1.01 -0.295
-1.1 -0.25
-0.95 -0.085
-1.06 0.17
-1.03 -0.155
-0.85 -0.215
-0.91 -0.315
-0.82 -0.375
-1.11 -0.395
-0.91 -0.235
-0.96 -0.2
-1.08 -0.385
-0.91 -0.36
-0.86 -0.215
-0.97 0.005
-1.01 -0.115
-0.92 -0.165
-0.95 -0.26
-0.99 -0.315
-1.1 -0.575
-0.92 -0.38
-0.81 -0.23
-1.08 -0.385
-0.83 -0.065
-0.76 0.22
-0.93 0.225
-0.83 0.075
-0.97 -0.165
-1.1 -0.43
-0.85 -0.215
-0.86 -0.11
-0.9 -0.195
-0.83 -0.11
-0.77 -0.115
-0.83 -0.065
-0.99 -0.06
-1.14 -0.305
-1.07 -0.255
-1.2 -0.4
-1.15 -0.375
-0.92 -0.125
-1.14 -0.315
-1.11 -0.385
-1.02 -0.34
-0.99 0.03
-1.01 0.16
-0.93 0.19
-0.94 0.41
-1.04 0.29
-0.97 0.195
-0.89 0.265
-1.02 0.065
-0.88 0.09
-1.07 0.31
-0.99 0.47
-1.09 0.33
-1.12 0.59
-0.96 0.315
-1 0.45
-0.99 0.1
-0.97 0.28
-0.88 0.275
-0.87 -0.025
-1.03 -0.365
-1.04 -0.135
-0.96 -0.055
-0.81 0.06
-1.08 0.185
-1.04 0.305
-1.06 0.37
-0.81 0.225
-0.91 0.135
-0.88 -0.195
-0.9 -0.085
-0.84 -0.08
-0.96 -0.06
-0.99 0.19
-0.98 0.065
-0.99 -0.035
-1 -0.055
-0.95 0.11
-0.92 0.125
-1.01 -0.255
-0.93 -0.03
-0.75 0.095
-0.97 -0.005
-0.91 -0.23
-0.93 -0.28
-0.78 -0.26
-1.05 -0.345
-0.95 -0.2
-1.13 -0.385
-0.91 -0.095
-0.81 0.125
-0.81 0.075
-0.9 -0.05
-1.09 -0.375
-0.95 -0.365
-0.95 0.045
-1.02 0.115
-0.9 -0.085
-0.98 -0.23
-0.97 -0.215
-0.93 -0.155
-0.97 -0.12
-0.74 -0.02
-0.98 0.23
-0.91 0.055
-0.98 0.11
-0.92 0.19
-0.89 0.34
-1.03 0.31
-1.08 -0.105
-1.03 -0.215
-1.01 -0.28
-0.99 -0.035
-1.2 -0.21
-0.93 -0.25
-0.8 0.06
-0.9 0.035
-0.85 -0.06
-0.86 -0.155
-1.08 -0.01
-1.23 0.43
-1.01 0.41
-0.97 0.01
-1.04 0.125
-0.87 0.125
-1.06 0.235
-0.94 0.31
-1.01 0.195
-0.96 0.15
-0.91 0.155
-0.92 -0.18
-0.95 -0.22
-0.94 -0.065
-0.93 0.075
-1.1 -0.375
-0.94 -0.38
-1.08 -0.545
-1.13 -0.305
-0.91 -0.2
-1 -0.205
-1.15 -0.39
-1.18 -0.63
-0.92 -0.395
-0.91 -0.465
-1.03 -0.535
-1.06 -0.395
-0.88 -0.03
-0.89 0.04
-0.95 0.035
-1.11 0.22
-0.97 0.12
-0.95 -0.035
-0.79 0.185
-1.02 0.145
-0.91 0.385
-0.93 0.355
-0.89 0.125
-1.01 0.11
-0.92 0.195
-1.06 0.515
-0.85 0.08
-0.98 0.27
-1 0.255
-0.9 0.425
-0.88 0.26
-1.1 0.2
-0.86 -0.03
-0.93 0.32
-1.07 0.525
-1.36 0.72
-1.23 0.605
-1.02 0.395
-0.97 0.375
-1.09 0.12
-0.86 0.2
-0.9 0.16
-1.01 0.48
-0.84 0.325
-0.86 0.195
-0.97 0.14
-1.16 0.47
-1.12 0.515
-0.91 0.155
-0.76 0.2
-0.94 0.27
-1.2 0.19
-0.93 0.155
-1.09 -0.365
-0.87 -0.195
-1.05 -0.36
-0.96 -0.265
-1 -0.225
-0.98 -0.265
-1.06 -0.47
-0.96 -0.09
-0.92 0.26
-1.16 0.56
-0.95 0.275
-0.92 0.27
-0.91 0.3
-0.86 0.24
-0.98 -0.055
-0.98 -0.255
-0.97 -0.215
-0.98 -0.03
-0.83 0.005
-0.98 0.185
-0.89 0.18
-0.97 0.305
-0.86 0
-1.02 0.275
-0.95 0.3
-0.81 0.065
-0.81 -0.035
-0.94 -0.175
-0.73 -0.335
-0.99 -0.475
-1.2 -0.36
-1.15 -0.43
-1.04 -0.445
-0.97 -0.275
-0.76 -0.25
-0.89 0.085
-0.95 0.06
-1.2 0.38
-0.96 0.22
-0.87 -0.02
-0.92 0.25
-0.87 -0.04
-0.83 0.095
-1.01 -0.095
-0.88 -0.045
-0.94 0.02
-0.93 -0.04
-1.01 0.035
-0.92 -0.145
-0.9 -0.1
-0.88 -0.085
-0.91 0.05
-0.87 -0.27
-0.75 -0.205
-1.02 -0.005
-0.84 0.155
-0.89 0.02
-0.95 0.075
-0.97 0.23
-0.98 0.325
-0.86 0.135
-0.86 0.04
-0.92 0.285
-1.21 0.565
-0.97 0.37
-0.91 0.255
-0.99 0.02
-0.87 0.195
-1.11 0.31
-1.01 0.345
-1.01 0.37
-1.1 0.42
-1.31 0.55
-0.88 0.425
-0.92 0.18
-1.04 0.315
-1.01 0.32
-0.91 0.235
-1.11 0.33
-0.92 0.06
-0.77 -0.05
-1.08 -0.45
-1.23 -0.595
-1.09 -0.55
-1.08 -0.455
-1.02 -0.11
-0.91 -0.11
-1.12 0.065
-0.85 0.03
-0.89 0.16
-0.8 -0.115
-1.03 -0.3
-0.83 -0.035
-1.09 -0.255
-0.85 -0.085
-0.92 0.21
-1.18 0.38
-1.01 0.315
-1.02 0.125
-0.84 0.095
-1.01 0.285
-0.73 0.105
-1 0.08
-0.95 0.03
-1 0.045
-0.96 -0.075
-1.02 -0.12
-0.85 -0.085
-0.94 -0.08
-1.01 -0.115
-0.92 0.17
-0.78 0.28
-0.83 -0.065
-0.96 -0.365
-0.98 -0.405
-0.98 -0.22
-1.04 -0.465
-0.84 -0.2
-1.01 -0.29
-0.75 -0.105
-0.89 0.27
-0.93 0.285
-1.21 0.48
-1.03 0.245
-1.12 0.33
-1.01 0.275
-0.97 0.305
-0.95 0.395
-0.95 0.245
-1.01 0.2
-0.81 0.25
-1.02 0.03
-1.03 -0.01
-0.94 0.105
-0.81 -0.075
-0.88 0.36
-0.89 0.02
-0.84 -0.285
-0.92 0.01
-0.91 0.115
-0.85 -0.195
-1.04 -0.14
-0.92 -0.155
-0.88 0.02
-0.98 0.23
-0.91 0.155
-0.88 -0.05
-0.8 0.01
-0.97 -0.095
-1 -0.16
-0.94 -0.065
-0.98 -0.065
-0.9 -0.285
-0.93 -0.26
-0.95 -0.285
-0.87 0.075
-0.83 0.01
-1.11 0.54
-1.02 0.405
-1.13 0.265
-1.03 0.075
-1.08 0.415
-1.03 0.32
-0.8 0.095
-0.91 -0.14
-1 -0.045
-0.96 -0.105
-0.98 -0.245
-0.94 -0.185
-0.86 -0.3
-1.17 -0.63
-0.94 -0.47
-1.04 -0.535
-0.83 -0.08
-0.96 0.045
-0.86 0.22
-1.05 0.125
-0.93 0.015
-0.97 -0.17
-1.04 -0.075
-1 0.02
-1.07 -0.165
-0.93 -0.365
-0.9 -0.45
-0.92 -0.545
-1.11 -0.58
-1.15 -0.435
-1.04 -0.24
-0.99 -0.165
-0.99 -0.215
-0.98 0.25
-0.97 0.14
-0.96 0.11
-0.96 0.05
-0.97 -0.04
-0.98 -0.03
-1.04 -0.03
-0.78 -0.12
-1.14 -0.405
-0.86 -0.195
-1.03 -0.355
-1.02 -0.05
-0.92 -0.185
-1.05 -0.245
-0.81 -0.08
-0.94 0.225
-0.99 0.22
-1.23 0.08
-1.04 0.045
-1.21 -0.12
-0.99 -0.24
-0.94 -0.195
-0.95 -0.01
-1.03 0.03
-0.88 -0.085
-1.13 -0.07
-0.87 0.1
-1.11 0.3
-0.94 0.22
-1.07 0.155
-1.04 -0.155
