-1.36 0.61
-1.61 0.835
-1.6 0.83
-1.64 0.87
-1.76 0.91
-1.58 0.84
-1.49 0.805
-1.63 0.875
-1.78 0.945
-1.58 0.845
-1.65 0.895
-1.7 0.895
-1.71 0.915
-1.73 0.92
-1.74 0.915
-1.74 0.915
-1.71 0.905
-1.69 0.9
-1.61 0.875
-1.59 0.805
-1.63 0.87
-1.72 0.905
-1.64 0.89
-1.6 0.86
-1.67 0.885
-1.6 0.85
-1.61 0.86
-1.8 0.945
-1.78 0.94
-1.65 0.85
-1.46 0.8
-1.52 0.85
-1.64 0.855
-1.56 0.84
-1.79 0.885
-1.67 0.895
-1.5 0.745
-1.54 0.79
-1.82 0.925
-1.78 0.93
-1.8 0.94
-1.81 0.94
-1.83 0.955
-1.65 0.89
-1.78 0.92
-1.78 0.935
-1.81 0.95
-1.75 0.905
-1.82 0.94
-1.84 0.955
-1.65 0.85
-1.53 0.82
-1.79 0.935
-1.67 0.89
-1.71 0.905
-1.66 0.855
-1.61 0.85
-1.76 0.915
-1.58 0.85
-1.48 0.8
-1.67 0.88
-1.59 0.825
-1.85 0.955
-1.69 0.89
-1.86 0.96
-1.64 0.9
-1.76 0.925
-1.85 0.945
-1.59 0.825
-1.66 0.845
-1.54 0.84
-1.64 0.895
-1.71 0.91
-1.63 0.86
-1.76 0.915
-1.61 0.875
-1.5 0.735
-1.46 0.71
-1.52 0.755
-1.62 0.82
-1.43 0.765
-1.51 0.75
-1.58 0.78
-1.66 0.805
-1.62 0.86
-1.66 0.905
-1.71 0.89
-1.66 0.895
-1.69 0.89
-1.71 0.91
-1.7 0.895
-1.6 0.84
-1.8 0.935
-1.85 0.94
-1.69 0.895
-1.8 0.94
-1.69 0.885
-1.69 0.9
-1.64 0.885
-1.76 0.935
-1.6 0.87
-1.71 0.89
-1.68 0.9
-1.75 0.935
-1.71 0.885
-1.76 0.935
-1.65 0.895
-1.48 0.705
-1.73 0.81
-1.68 0.905
-1.76 0.935
-1.58 0.83
-1.7 0.875
-1.61 0.875
-1.73 0.91
-1.71 0.91
-1.78 0.935
-1.66 0.85
-1.53 0.79
-1.48 0.825
-1.78 0.93
-1.72 0.905
-1.74 0.92
-1.77 0.94
-1.74 0.925
-1.63 0.885
-1.53 0.79
-1.41 0.685
-1.61 0.855
-1.63 0.875
-1.6 0.88
-1.69 0.905
-1.64 0.885
-1.63 0.86
-1.54 0.83
-1.75 0.91
-1.68 0.895
-1.73 0.915
-1.9 0.975
-1.75 0.925
-1.47 0.8
-1.67 0.79
-1.59 0.745
-1.75 0.885
-1.69 0.885
-1.82 0.955
-1.79 0.925
-1.76 0.925
-1.76 0.93
-1.85 0.96
-1.74 0.91
-1.74 0.92
-1.75 0.915
-1.74 0.925
-1.62 0.89
-1.75 0.935
-1.77 0.92
-1.63 0.87
-1.75 0.925
-1.58 0.84
-1.72 0.925
-1.68 0.875
-1.56 0.865
-1.66 0.88
-1.58 0.86
-1.67 0.875
-1.77 0.915
-1.42 0.765
-1.75 0.915
-1.7 0.895
-1.7 0.88
-1.62 0.855
-1.64 0.86
-1.47 0.74
-1.54 0.845
-1.63 0.86
-1.71 0.915
-1.68 0.885
-1.74 0.925
-1.59 0.85
-1.75 0.915
-1.67 0.905
-1.56 0.84
-1.59 0.79
-1.62 0.885
-1.72 0.91
-1.8 0.935
-1.64 0.88
-1.78 0.915
-1.57 0.805
-1.59 0.85
-1.71 0.91
-1.72 0.91
-1.5 0.72
-1.82 0.945
-1.74 0.92
-1.78 0.925
-1.71 0.87
-1.69 0.89
-1.63 0.855
-1.76 0.935
-1.77 0.935
-1.52 0.83
-1.61 0.78
-1.57 0.83
-1.64 0.89
-1.69 0.91
-1.66 0.81
-1.58 0.805
-1.6 0.84
-1.73 0.905
-1.55 0.825
-1.66 0.865
-1.64 0.84
-1.58 0.835
-1.74 0.91
-1.71 0.92
-1.84 0.96
-1.59 0.84
-1.88 0.965
-1.63 0.885
-1.49 0.785
-1.69 0.89
-1.74 0.925
-1.56 0.865
-1.61 0.85
-1.51 0.815
-1.58 0.815
-1.36 0.735
-1.86 0.96
-1.6 0.855
-1.72 0.91
-1.77 0.905
-1.75 0.925
-1.74 0.925
-1.81 0.935
-1.77 0.94
-1.82 0.95
-1.66 0.89
-1.68 0.87
-1.66 0.87
-1.64 0.83
-1.82 0.94
-1.75 0.925
-1.68 0.885
-1.61 0.84
-1.76 0.91
-1.58 0.855
-1.77 0.91
-1.68 0.89
-1.92 0.98
-1.6 0.805
-1.59 0.855
-1.61 0.865
-1.61 0.885
-1.68 0.895
-1.65 0.84
-1.58 0.79
-1.79 0.935
-1.83 0.94
-1.69 0.855
-1.7 0.905
-1.77 0.93
-1.75 0.92
-1.69 0.85
-1.68 0.875
-1.71 0.865
-1.75 0.92
-1.75 0.925
-1.64 0.86
-1.71 0.915
-1.65 0.895
-1.68 0.87
-1.71 0.9
-1.74 0.9
-1.65 0.89
-1.78 0.94
-1.62 0.88
-1.74 0.925
-1.61 0.88
-1.84 0.945
-1.61 0.89
-1.68 0.89
-1.62 0.885
-1.81 0.94
-1.74 0.935
-1.62 0.895
-1.67 0.885
-1.75 0.91
-1.62 0.865
-1.65 0.895
-1.53 0.835
-1.75 0.925
-1.73 0.93
-1.69 0.91
-1.67 0.9
-1.6 0.86
-1.71 0.91
-1.84 0.95
-1.84 0.955
-1.72 0.91
-1.58 0.745
-1.63 0.81
-1.65 0.855
-1.78 0.905
-1.55 0.82
-1.56 0.75
-1.61 0.85
-1.69 0.89
-1.73 0.895
-1.6 0.86
-1.61 0.885
-1.66 0.88
-1.72 0.92
-1.54 0.78
-1.6 0.825
-1.59 0.865
-1.78 0.935
-1.64 0.845
-1.65 0.81
-1.65 0.845
-1.54 0.795
-1.39 0.74
-1.51 0.735
-1.7 0.89
-1.83 0.95
-1.6 0.885
-1.71 0.91
-1.76 0.93
-1.76 0.93
-1.73 0.89
-1.69 0.9
-1.78 0.945
-1.7 0.87
-1.5 0.795
-1.79 0.94
-1.61 0.865
-1.67 0.895
-1.6 0.82
-1.84 0.96
-1.61 0.875
-1.72 0.915
-1.77 0.925
-1.72 0.895
-1.58 0.84
-1.79 0.94
-1.72 0.92
-1.68 0.875
-1.6 0.835
-1.81 0.94
-1.58 0.795
-1.63 0.785
-1.57 0.84
-1.71 0.875
-1.6 0.83
-1.86 0.955
-1.69 0.91
-1.77 0.92
-1.63 0.86
-1.66 0.895
-1.39 0.725
-1.76 0.925
-1.51 0.83
-1.48 0.74
-1.67 0.835
-1.65 0.875
-1.55 0.81
-1.66 0.865
-1.85 0.955
-1.66 0.865
-1.45 0.79
-1.82 0.935
-1.7 0.9
-1.62 0.845
-1.63 0.855
-1.84 0.95
-1.62 0.85
-1.77 0.93
-1.67 0.89
-1.53 0.835
-1.76 0.915
-1.56 0.855
-1.66 0.845
-1.65 0.89
-1.78 0.945
-1.69 0.9
-1.73 0.89
-1.53 0.865
-1.71 0.835
-1.6 0.85
-1.5 0.8
-1.66 0.9
-1.69 0.9
-1.68 0.89
-1.81 0.95
-1.68 0.89
-1.74 0.91
-1.77 0.93
-1.7 0.885
-1.66 0.89
-1.62 0.87
-1.63 0.85
-1.83 0.95
-1.58 0.845
-1.58 0.825
-1.62 0.89
-1.68 0.915
-1.68 0.87
-1.68 0.885
-1.64 0.875
-1.78 0.94
-1.71 0.905
-1.5 0.81
-1.76 0.91
-1.69 0.9
-1.63 0.875
-1.8 0.94
-1.62 0.85
-1.67 0.895
-1.5 0.78
-1.55 0.79
-1.75 0.935
-1.78 0.94
-1.56 0.865
-1.56 0.845
-1.72 0.87
-1.72 0.87
-1.61 0.875
-1.67 0.875
-1.62 0.885
-1.57 0.86
-1.79 0.925
-1.53 0.81
-1.88 0.965
-1.75 0.885
-1.54 0.825
-1.51 0.77
-1.77 0.93
-1.65 0.875
-1.46 0.775
-1.58 0.825
-1.62 0.8
-1.71 0.89
-1.79 0.93
-1.6 0.875
-1.56 0.85
-1.88 0.965
-1.67 0.9
-1.7 0.905
-1.76 0.93
-1.66 0.9
-1.69 0.88
-1.8 0.945
-1.64 0.885
-1.82 0.95
-1.68 0.89
-1.81 0.93
-1.49 0.78
-1.48 0.775
-1.49 0.79
-1.87 0.945
-1.75 0.915
-1.85 0.96
-1.7 0.905
-1.77 0.915
-1.59 0.85
-1.71 0.905
-1.71 0.915
-1.62 0.86
-1.74 0.915
-1.74 0.895
-1.73 0.905
-1.75 0.915
-1.75 0.93
-1.56 0.83
-1.72 0.885
-1.68 0.89
-1.74 0.92
-1.81 0.93
-1.55 0.82
-1.69 0.88
-1.7 0.9
-1.62 0.865
-1.73 0.91
-1.74 0.92
-1.77 0.915
-1.62 0.88
-1.82 0.945
-1.7 0.9
-1.68 0.88
-1.7 0.915
-1.66 0.89
-1.74 0.925
-1.74 0.92
-1.77 0.93
-1.73 0.92
-1.88 0.965
-1.75 0.91
-1.73 0.905
-1.65 0.885
-1.74 0.925
-1.68 0.905
-1.7 0.895
-1.87 0.965
-1.72 0.905
-1.7 0.885
-1.81 0.94
-1.78 0.93
-1.54 0.83
-1.73 0.92
-1.69 0.9
-1.63 0.875
-1.45 0.66
-1.57 0.83
-1.67 0.89
-1.69 0.865
-1.74 0.92
-1.8 0.915
-1.75 0.93
-1.76 0.92
-1.74 0.905
-1.63 0.885
-1.74 0.92
-1.71 0.875
-1.76 0.925
-1.54 0.82
-1.74 0.925
-1.81 0.93
-1.61 0.835
-1.54 0.795
-1.59 0.87
-1.72 0.92
-1.72 0.915
-1.72 0.915
-1.65 0.875
-1.72 0.9
-1.52 0.73
-1.49 0.785
-1.73 0.91
-1.67 0.89
-1.76 0.925
-1.81 0.945
-1.68 0.88
-1.74 0.905
-1.68 0.895
-1.64 0.89
-1.64 0.86
-1.65 0.87
-1.68 0.87
-1.69 0.915
-1.62 0.81
-1.42 0.72
-1.71 0.865
-1.52 0.815
-1.71 0.88
-1.57 0.835
-1.54 0.795
-1.6 0.815
-1.79 0.93
-1.69 0.905
-1.54 0.805
-1.73 0.88
-1.73 0.885
-1.81 0.94
-1.67 0.895
-1.64 0.875
-1.71 0.915
-1.75 0.91
-1.76 0.9
-1.74 0.9
-1.61 0.85
-1.82 0.94
-1.78 0.93
-1.71 0.885
-1.79 0.945
-1.7 0.91
-1.75 0.925
-1.55 0.865
-1.83 0.955
-1.76 0.91
-1.68 0.9
-1.76 0.93
-1.51 0.83
-1.6 0.83
-1.72 0.91
-1.55 0.825
-1.72 0.9
-1.64 0.89
-1.69 0.89
-1.61 0.88
-1.68 0.825
-1.74 0.895
-1.73 0.915
-1.7 0.895
-1.73 0.915
-1.68 0.88
-1.73 0.9
-1.69 0.855
-1.8 0.94
-1.71 0.905
-1.69 0.895
-1.82 0.955
-1.71 0.895
-1.63 0.88
-1.64 0.86
-1.76 0.91
-1.67 0.87
-1.75 0.915
-1.63 0.84
-1.6 0.865
-1.63 0.84
-1.75 0.915
-1.5 0.735
-1.47 0.785
-1.49 0.715
-1.61 0.795
-1.5 0.735
-1.73 0.825
-1.59 0.845
-1.7 0.895
-1.71 0.91
-1.64 0.875
-1.59 0.86
-1.68 0.895
-1.7 0.9
-1.86 0.96
-1.81 0.95
-1.54 0.825
-1.52 0.8
-1.66 0.845
-1.72 0.91
-1.68 0.895
-1.76 0.92
-1.78 0.93
-1.61 0.795
-1.56 0.715
-1.47 0.63
-1.56 0.825
-1.5 0.78
-1.84 0.94
-1.9 0.975
-1.58 0.85
-1.7 0.9
-1.78 0.94
-1.72 0.92
-1.62 0.85
-1.61 0.845
-1.84 0.95
-1.66 0.88
-1.47 0.795
-1.73 0.91
-1.81 0.935
-1.54 0.82
-1.59 0.845
-1.78 0.92
-1.63 0.885
-1.58 0.825
-1.67 0.895
-1.82 0.945
-1.73 0.9
-1.74 0.93
-1.79 0.93
-1.85 0.955
-1.64 0.89
-1.68 0.9
-1.72 0.9
-1.46 0.76
-1.69 0.905
-1.74 0.925
-1.74 0.93
-1.75 0.895
-1.71 0.905
-1.69 0.89
-1.8 0.93
-1.87 0.96
-1.74 0.905
-1.57 0.805
-1.68 0.885
-1.8 0.94
-1.68 0.895
-1.79 0.94
-1.78 0.91
-1.73 0.885
-1.53 0.815
-1.76 0.925
-1.77 0.915
-1.79 0.93
-1.78 0.93
-1.59 0.87
-1.54 0.735
-1.56 0.74
-1.63 0.8
-1.61 0.81
-1.44 0.725
-1.54 0.805
-1.73 0.915
-1.77 0.91
-1.7 0.905
-1.66 0.87
-1.62 0.875
-1.78 0.935
-1.61 0.86
-1.91 0.965
-1.77 0.925
-1.73 0.92
-1.66 0.9
-1.58 0.87
-1.49 0.69
-1.49 0.745
-1.52 0.765
-1.66 0.795
-1.71 0.86
-1.57 0.84
-1.65 0.87
-1.79 0.94
-1.56 0.82
-1.7 0.785
-1.58 0.66
-1.51 0.64
-1.64 0.78
-1.52 0.75
-1.68 0.895
-1.7 0.91
-1.79 0.935
-1.73 0.915
-1.71 0.87
-1.52 0.81
-1.67 0.885
-1.63 0.86
-1.67 0.87
-1.5 0.79
-1.71 0.89
-1.46 0.72
-1.54 0.815
-1.75 0.925
-1.81 0.94
-1.59 0.865
-1.79 0.935
-1.69 0.88
-1.73 0.925
-1.75 0.92
-1.49 0.765
-1.65 0.84
-1.71 0.905
-1.65 0.86
-1.66 0.86
-1.6 0.845
-1.76 0.915
-1.76 0.925
-1.63 0.875
-1.62 0.87
-1.68 0.86
-1.62 0.875
-1.74 0.925
-1.64 0.89
-1.79 0.94
-1.56 0.78
-1.4 0.66
-1.63 0.845
-1.65 0.86
-1.57 0.84
-1.72 0.92
-1.82 0.93
-1.68 0.895
-1.69 0.895
-1.57 0.815
-1.61 0.845
-1.79 0.93
-1.69 0.87
-1.64 0.86
-1.7 0.815
-1.55 0.815
-1.43 0.8
-1.8 0.92
-1.79 0.94
-1.73 0.915
-1.63 0.865
-1.66 0.885
-1.58 0.865
-1.56 0.84
-1.73 0.91
-1.66 0.865
-1.55 0.82
-1.74 0.905
-1.73 0.91
-1.66 0.85
-1.69 0.87
-1.61 0.86
-1.78 0.935
-1.78 0.94
-1.65 0.855
-1.54 0.795
-1.73 0.87
-1.66 0.885
-1.67 0.905
-1.76 0.925
-1.75 0.93
-1.76 0.93
-1.92 0.975
-1.81 0.94
-1.7 0.89
-1.73 0.915
-1.64 0.85
-1.81 0.94
-1.71 0.905
-1.7 0.9
-1.63 0.855
-1.59 0.835
-1.85 0.955
-1.69 0.895
-1.61 0.855
-1.6 0.775
-1.68 0.885
-1.58 0.835
-1.73 0.895
-1.65 0.875
-1.81 0.94
-1.75 0.915
-1.59 0.845
-1.58 0.84
-1.61 0.825
-1.46 0.66
-1.44 0.62
-1.63 0.76
-1.61 0.745
-1.71 0.775
-1.42 0.675
-1.6 0.715
-1.54 0.78
-1.68 0.905
-1.73 0.915
-1.76 0.925
-1.53 0.84
-1.66 0.89
-1.55 0.8
-1.68 0.895
-1.59 0.835
-1.65 0.815
-1.56 0.825
-1.5 0.715
-1.56 0.83
-1.85 0.955
-1.69 0.87
-1.71 0.87
-1.71 0.875
-1.56 0.69
-1.55 0.66
-1.43 0.625
-1.39 0.635
-1.7 0.795
-1.54 0.735
-1.6 0.815
-1.68 0.88
-1.73 0.91
-1.79 0.94
-1.76 0.915
-1.67 0.91
-1.61 0.845
-1.67 0.87
-1.62 0.86
-1.81 0.945
-1.62 0.865
-1.75 0.925
-1.67 0.85
-1.65 0.895
-1.82 0.95
-1.86 0.96
-1.59 0.875
-1.8 0.94
-1.71 0.905
-1.77 0.935
-1.56 0.855
-1.72 0.865
-1.43 0.79
-1.51 0.81
-1.82 0.95
-1.72 0.895
-1.69 0.9
-1.75 0.895
-1.66 0.895
-1.67 0.9
-1.64 0.88
-1.77 0.93
-1.81 0.945
-1.62 0.845
-1.76 0.935
-1.85 0.955
-1.7 0.87
-1.58 0.83
-1.8 0.94
-1.86 0.955
-1.66 0.835
-1.65 0.895
-1.42 0.81
-1.51 0.81
-1.6 0.785
-1.57 0.775
-1.71 0.835
-1.62 0.88
-1.71 0.875
-1.5 0.825
-1.73 0.9
-1.75 0.925
-1.81 0.95
-1.75 0.925
-1.76 0.935
-1.66 0.865
-1.77 0.94
-1.58 0.825
-1.65 0.865
-1.6 0.875
-1.75 0.885
-1.83 0.94
-1.83 0.955
-1.55 0.755
-1.53 0.785
-1.26 0.45
-1.54 0.75
-1.62 0.885
-1.63 0.765
-1.4 0.71
-1.6 0.875
-1.72 0.915
-1.76 0.925
-1.69 0.895
-1.83 0.955
-1.79 0.935
-1.68 0.9
-1.65 0.89
-1.83 0.95
-1.68 0.875
-1.81 0.945
-1.81 0.915
-1.65 0.835
-1.69 0.905
-1.49 0.76
-1.68 0.885
-1.7 0.87
-1.77 0.93
-1.77 0.93
-1.69 0.905
-1.7 0.89
-1.6 0.87
-1.79 0.945
-1.67 0.88
-1.67 0.88
-1.71 0.92
-1.56 0.83
-1.76 0.915
-1.68 0.885
-1.58 0.84
-1.82 0.94
-1.65 0.855
-1.55 0.845
-1.73 0.905
-1.64 0.885
-1.79 0.93
-1.87 0.965
-1.61 0.83
-1.52 0.745
-1.56 0.765
-1.67 0.885
-1.56 0.8
-1.77 0.915
-1.59 0.775
-1.56 0.845
-1.72 0.9
-1.82 0.95
-1.71 0.895
-1.52 0.84
-1.66 0.875
-1.62 0.82
-1.72 0.91
-1.68 0.855
-1.7 0.905
-1.5 0.81
-1.55 0.85
-1.67 0.865
-1.51 0.835
-1.58 0.865
-1.78 0.94
-1.58 0.82
-1.58 0.835
-1.53 0.79
-1.62 0.83
-1.63 0.855
-1.66 0.805
-1.76 0.9
-1.84 0.95
-1.62 0.825
-1.78 0.925
-1.85 0.96
-1.75 0.925
-1.8 0.945
-1.72 0.905
-1.72 0.91
-1.61 0.88
-1.81 0.945
-1.75 0.925
-1.6 0.815
-1.73 0.865
-1.75 0.91
-1.74 0.905
-1.57 0.795
-1.76 0.835
-1.62 0.885
-1.88 0.965
-1.72 0.915
-1.75 0.9
-1.68 0.89
-1.63 0.83
-1.45 0.775
-1.78 0.92
-1.83 0.94
-1.57 0.86
-1.6 0.85
-1.6 0.845
-1.77 0.935
-1.63 0.805
-1.63 0.87
-1.73 0.925
-1.78 0.935
-1.67 0.89
-1.76 0.93
-1.65 0.885
-1.71 0.895
-1.7 0.91
-1.62 0.855
-1.57 0.855
-1.66 0.885
-1.85 0.945
-1.69 0.89
-1.62 0.8
-1.87 0.965
-1.71 0.905
-1.63 0.83
-1.49 0.745
-1.76 0.925
-1.74 0.93
-1.77 0.935
-1.73 0.915
-1.76 0.935
-1.66 0.875
-1.45 0.815
-1.52 0.77
-1.56 0.795
-1.64 0.875
-1.72 0.9
-1.66 0.885
-1.61 0.86
-1.73 0.9
-1.77 0.92
-1.66 0.855
-1.73 0.91
-1.74 0.925
-1.42 0.79
-1.55 0.83
-1.74 0.92
-1.77 0.92
-1.71 0.915
-1.7 0.915
-1.59 0.845
-1.65 0.87
-1.79 0.92
-1.64 0.85
-1.67 0.905
-1.72 0.905
-1.7 0.9
-1.74 0.92
-1.8 0.935
-1.71 0.895
-1.61 0.875
-1.71 0.865
-1.81 0.925
-1.48 0.785
-1.72 0.9
-1.68 0.9
-1.59 0.85
-1.8 0.915
-1.72 0.915
-1.66 0.905
-1.63 0.88
-1.66 0.865
-1.8 0.945
-1.74 0.915
-1.6 0.875
-1.81 0.945
-1.84 0.945
-1.7 0.9
-1.71 0.89
-1.53 0.84
-1.64 0.865
-1.72 0.91
-1.73 0.91
-1.61 0.83
-1.67 0.875
-1.57 0.815
-1.58 0.84
-1.67 0.795
-1.44 0.705
-1.54 0.755
-1.72 0.855
-1.72 0.92
-1.8 0.935
-1.79 0.94
-1.71 0.91
-1.77 0.93
-1.72 0.915
-1.54 0.815
-1.66 0.88
-1.67 0.875
-1.86 0.955
-1.68 0.885
-1.76 0.925
-1.78 0.94
-1.77 0.93
-1.72 0.9
-1.76 0.935
-1.77 0.92
-1.71 0.92
-1.8 0.945
-1.58 0.805
-1.69 0.895
-1.81 0.935
-1.77 0.935
-1.69 0.895
-1.65 0.87
-1.74 0.92
-1.73 0.925
-1.68 0.905
-1.77 0.94
-1.63 0.86
-1.75 0.93
-1.56 0.825
-1.74 0.915
-1.65 0.895
-1.61 0.85
-1.74 0.915
-1.84 0.955
-1.65 0.86
-1.67 0.9
-1.74 0.925
-1.63 0.86
-1.75 0.93
-1.61 0.87
-1.73 0.92
-1.67 0.9
-1.62 0.805
-1.48 0.745
-1.5 0.725
-1.53 0.765
-1.58 0.76
-1.45 0.635
-1.52 0.68
-1.6 0.665
-1.59 0.63
-1.36 0.54
-1.58 0.8
-1.62 0.765
-1.47 0.775
-1.67 0.895
-1.76 0.92
-1.73 0.905
-1.74 0.905
-1.69 0.895
-1.61 0.855
-1.59 0.835
-1.79 0.935
-1.67 0.82
-1.53 0.85
-1.6 0.855
-1.65 0.87
-1.76 0.92
-1.71 0.9
-1.75 0.905
-1.51 0.78
-1.7 0.885
-1.55 0.79
-1.53 0.82
-1.59 0.86
-1.75 0.925
-1.74 0.92
-1.74 0.925
-1.7 0.89
-1.74 0.9
-1.61 0.805
-1.71 0.905
-1.69 0.875
-1.74 0.925
-1.75 0.905
-1.52 0.835
-1.73 0.885
-1.53 0.805
-1.64 0.9
-1.62 0.875
-1.66 0.9
-1.73 0.92
-1.76 0.915
-1.68 0.845
-1.66 0.88
-1.66 0.905
-1.81 0.94
-1.79 0.93
-1.68 0.89
-1.71 0.885
-1.65 0.875
-1.83 0.94
-1.69 0.89
-1.84 0.94
-1.65 0.885
-1.73 0.93
-1.72 0.91
-1.65 0.845
-1.48 0.84
-1.77 0.925
-1.67 0.89
-1.75 0.92
-1.75 0.925
-1.63 0.88
-1.81 0.905
-1.65 0.89
-1.64 0.84
-1.77 0.94
-1.57 0.85
-1.69 0.87
-1.73 0.915
-1.66 0.89
-1.77 0.93
-1.55 0.84
-1.62 0.875
-1.81 0.945
-1.55 0.86
-1.75 0.93
-1.7 0.885
-1.69 0.895
-1.63 0.875
-1.58 0.86
-1.63 0.87
-1.9 0.975
-1.68 0.9
-1.53 0.795
-1.67 0.895
-1.69 0.895
-1.81 0.945
-1.52 0.795
-1.83 0.945
-1.69 0.91
-1.65 0.885
-1.51 0.8
-1.57 0.84
-1.66 0.885
-1.44 0.75
-1.53 0.73
-1.66 0.83
-1.6 0.875
-1.73 0.925
-1.59 0.82
-1.76 0.92
-1.63 0.77
-1.75 0.905
-1.5 0.81
-1.54 0.78
-1.53 0.65
-1.44 0.62
-1.47 0.445
-1.37 0.5
-1.35 0.53
-1.51 0.695
-1.46 0.68
-1.72 0.855
-1.75 0.845
-1.65 0.895
-1.78 0.94
-1.74 0.915
-1.58 0.815
-1.52 0.77
-1.69 0.86
-1.81 0.94
-1.58 0.835
-1.61 0.88
-1.76 0.93
-1.76 0.935
-1.69 0.91
-1.77 0.925
-1.85 0.955
-1.68 0.915
-1.57 0.84
-1.79 0.945
-1.75 0.93
-1.84 0.95
-1.68 0.9
-1.57 0.73
-1.65 0.79
-1.73 0.915
-1.67 0.87
-1.77 0.93
-1.65 0.895
-1.68 0.905
-1.68 0.9
-1.74 0.87
-1.66 0.85
-1.78 0.925
-1.9 0.975
-1.59 0.83
-1.88 0.965
-1.65 0.905
-1.66 0.895
-1.77 0.93
-1.77 0.93
-1.79 0.945
-1.83 0.955
-1.77 0.915
-1.67 0.905
-1.5 0.795
-1.63 0.86
-1.71 0.89
-1.78 0.895
-1.8 0.93
-1.78 0.92
-1.77 0.935
-1.55 0.84
-1.67 0.88
-1.7 0.905
-1.74 0.91
-1.6 0.835
-1.79 0.93
-1.56 0.83
-1.52 0.76
-1.76 0.935
-1.62 0.86
-1.76 0.91
-1.66 0.885
-1.71 0.87
-1.68 0.875
-1.64 0.84
-1.76 0.915
-1.6 0.88
-1.76 0.93
-1.7 0.895
-1.51 0.79
-1.74 0.915
-1.69 0.89
-1.69 0.91
-1.73 0.92
-1.71 0.895
-1.76 0.935
-1.66 0.875
-1.82 0.945
-1.41 0.71
-1.51 0.82
-1.74 0.925
-1.76 0.91
-1.51 0.805
-1.63 0.865
-1.74 0.885
-1.71 0.895
-1.82 0.94
-1.63 0.805
-1.73 0.925
-1.61 0.845
-1.78 0.93
-1.8 0.945
-1.7 0.91
-1.69 0.9
-1.81 0.935
-1.69 0.885
-1.82 0.945
-1.62 0.87
-1.7 0.905
-1.73 0.915
-1.55 0.855
-1.68 0.89
-1.78 0.93
-1.71 0.925
-1.68 0.89
-1.76 0.93
-1.81 0.95
-1.78 0.94
-1.58 0.84
-1.57 0.805
-1.9 0.97
-1.81 0.945
-1.73 0.91
-1.76 0.93
-1.73 0.92
-1.42 0.8
-1.6 0.86
-1.81 0.945
-1.72 0.91
-1.68 0.84
-1.63 0.81
-1.71 0.865
-1.8 0.92
-1.46 0.81
-1.77 0.93
-1.68 0.9
-1.59 0.88
-1.76 0.925
-1.71 0.915
-1.51 0.845
-1.77 0.92
-1.67 0.86
-1.81 0.94
-1.72 0.925
-1.81 0.945
-1.78 0.925
-1.63 0.875
-1.59 0.84
-1.46 0.735
-1.56 0.85
-1.63 0.865
-1.63 0.845
-1.78 0.93
-1.84 0.955
-1.75 0.92
-1.84 0.96
-1.83 0.935
-1.73 0.915
-1.79 0.94
-1.72 0.89
-1.58 0.845
-1.73 0.905
-1.61 0.865
-1.65 0.895
-1.54 0.855
-1.77 0.915
-1.79 0.94
-1.75 0.925
-1.74 0.93
-1.49 0.805
-1.72 0.905
-1.6 0.775
-1.57 0.73
-1.62 0.83
-1.52 0.755
-1.68 0.905
-1.58 0.855
-1.51 0.84
-1.75 0.925
-1.75 0.925
-1.55 0.79
-1.57 0.86
-1.88 0.965
-1.76 0.92
-1.72 0.91
-1.71 0.905
-1.72 0.895
-1.7 0.88
-1.68 0.9
-1.6 0.86
-1.6 0.845
-1.83 0.95
-1.54 0.835
-1.57 0.845
-1.75 0.93
-1.84 0.95
-1.72 0.92
-1.61 0.87
-1.58 0.845
-1.75 0.91
-1.74 0.915
-1.57 0.855
-1.55 0.785
-1.58 0.775
-1.87 0.965
-1.7 0.91
-1.77 0.905
-1.66 0.905
-1.58 0.865
-1.58 0.845
-1.81 0.945
-1.62 0.845
-1.7 0.91
-1.81 0.95
-1.67 0.89
-1.62 0.875
-1.6 0.825
-1.66 0.845
-1.79 0.935
-1.77 0.925
-1.61 0.865
-1.72 0.9
-1.7 0.895
-1.63 0.85
-1.59 0.73
-1.55 0.755
-1.74 0.925
-1.59 0.84
-1.74 0.925
-1.53 0.83
-1.61 0.855
-1.72 0.9
-1.6 0.85
-1.88 0.97
-1.65 0.89
-1.75 0.905
-1.82 0.95
-1.76 0.915
-1.65 0.89
-1.75 0.93
-1.74 0.915
-1.74 0.925
-1.72 0.915
-1.64 0.84
-1.78 0.925
-1.75 0.93
-1.67 0.885
-1.67 0.9
-1.61 0.86
-1.7 0.895
-1.72 0.92
-1.76 0.915
-1.6 0.845
-1.7 0.905
-1.48 0.84
-1.87 0.965
-1.77 0.94
-1.8 0.935
-1.82 0.93
-1.57 0.845
-1.74 0.895
-1.66 0.875
-1.68 0.9
-1.54 0.835
-1.72 0.895
-1.63 0.9
-1.57 0.86
-1.79 0.93
-1.7 0.92
-1.58 0.865
-1.83 0.935
-1.64 0.885
-1.62 0.85
-1.62 0.825
-1.7 0.875
-1.63 0.86
-1.61 0.88
-1.76 0.925
-1.49 0.815
-1.86 0.955
-1.73 0.91
-1.68 0.865
-1.71 0.9
-1.73 0.91
-1.72 0.9
-1.65 0.825
-1.65 0.865
-1.54 0.835
-1.79 0.94
-1.8 0.94
-1.67 0.9
-1.66 0.88
-1.67 0.9
-1.6 0.835
-1.73 0.885
-1.61 0.825
-1.64 0.895
-1.61 0.87
-1.65 0.885
-1.47 0.81
-1.77 0.92
-1.69 0.91
-1.81 0.945
-1.74 0.93
-1.71 0.905
-1.61 0.775
-1.76 0.93
-1.74 0.905
-1.86 0.965
-1.7 0.88
-1.71 0.905
-1.69 0.9
-1.6 0.85
-1.56 0.845
-1.59 0.845
-1.51 0.825
-1.58 0.765
-1.65 0.86
-1.68 0.89
-1.62 0.855
-1.71 0.92
-1.76 0.915
-1.77 0.905
-1.78 0.93
-1.6 0.83
-1.74 0.925
-1.81 0.935
-1.77 0.935
-1.7 0.9
-1.76 0.94
-1.84 0.96
-1.77 0.91
-1.65 0.865
-1.6 0.84
-1.81 0.935
-1.74 0.92
-1.43 0.77
-1.65 0.88
-1.61 0.875
-1.64 0.87
-1.68 0.89
-1.48 0.795
-1.57 0.84
-1.53 0.815
-1.67 0.89
-1.66 0.885
-1.61 0.87
-1.74 0.885
-1.66 0.88
-1.72 0.915
-1.38 0.755
-1.58 0.85
-1.65 0.88
-1.73 0.925
-1.69 0.9
-1.55 0.85
-1.64 0.85
-1.64 0.845
-1.42 0.795
-1.66 0.875
-1.73 0.895
-1.76 0.94
-1.74 0.915
-1.43 0.825
-1.54 0.845
-1.71 0.845
-1.75 0.93
-1.68 0.87
-1.62 0.875
-1.66 0.895
-1.67 0.855
-1.63 0.835
-1.6 0.75
-1.61 0.755
-1.53 0.78
-1.64 0.78
-1.65 0.85
-1.67 0.865
-1.78 0.935
-1.68 0.91
-1.64 0.9
-1.62 0.76
-1.64 0.89
-1.68 0.885
-1.79 0.945
-1.59 0.855
-1.68 0.89
-1.65 0.865
-1.75 0.925
-1.72 0.905
-1.73 0.91
-1.82 0.95
-1.63 0.895
-1.8 0.935
-1.73 0.9
-1.67 0.885
-1.78 0.935
-1.77 0.925
-1.71 0.9
-1.8 0.935
-1.65 0.86
-1.71 0.9
-1.67 0.885
-1.68 0.905
-1.66 0.895
-1.56 0.845
-1.68 0.9
-1.68 0.905
-1.68 0.89
-1.73 0.905
-1.56 0.815
-1.67 0.89
-1.57 0.835
-1.64 0.87
-1.55 0.815
-1.67 0.88
-1.6 0.795
-1.45 0.8
-1.67 0.855
-1.59 0.85
-1.78 0.935
-1.76 0.91
-1.88 0.97
-1.65 0.895
-1.7 0.855
-1.67 0.9
-1.6 0.875
-1.59 0.855
-1.71 0.84
-1.7 0.91
-1.65 0.81
-1.62 0.805
-1.52 0.815
-1.84 0.96
-1.72 0.915
-1.82 0.945
-1.74 0.915
-1.73 0.925
-1.83 0.955
-1.68 0.815
-1.74 0.91
-1.66 0.88
-1.77 0.93
-1.67 0.88
-1.66 0.815
-1.73 0.835
-1.58 0.735
-1.56 0.765
-1.63 0.88
-1.68 0.895
-1.67 0.885
-1.72 0.91
-1.81 0.945
-1.6 0.865
-1.78 0.94
-1.85 0.94
-1.75 0.925
-1.8 0.935
-1.71 0.905
-1.78 0.92
-1.63 0.825
-1.86 0.965
-1.75 0.915
-1.56 0.785
-1.68 0.905
-1.73 0.93
-1.62 0.85
-1.77 0.92
-1.71 0.905
-1.76 0.915
-1.62 0.78
-1.55 0.825
-1.8 0.93
-1.65 0.87
-1.62 0.875
-1.71 0.9
-1.73 0.91
-1.6 0.875
-1.68 0.885
-1.57 0.855
-1.68 0.825
-1.72 0.85
-1.66 0.84
-1.77 0.94
-1.61 0.845
-1.72 0.915
-1.47 0.795
-1.76 0.925
-1.66 0.89
-1.72 0.885
-1.73 0.91
-1.76 0.93
-1.61 0.845
-1.69 0.82
-1.6 0.865
-1.63 0.885
-1.65 0.875
-1.72 0.9
-1.44 0.655
-1.63 0.855
-1.64 0.895
-1.62 0.875
-1.82 0.95
-1.73 0.93
-1.68 0.9
-1.73 0.87
-1.65 0.895
-1.82 0.95
-1.74 0.91
-1.69 0.89
-1.69 0.91
-1.64 0.83
-1.82 0.95
-1.68 0.87
-1.43 0.735
-1.61 0.82
-1.72 0.91
-1.79 0.905
-1.75 0.93
-1.73 0.9
-1.57 0.83
-1.54 0.85
-1.81 0.95
-1.71 0.905
-1.79 0.935
-1.72 0.9
-1.77 0.93
-1.75 0.925
-1.59 0.865
-1.64 0.88
-1.62 0.82
-1.58 0.875
-1.64 0.85
-1.78 0.935
-1.78 0.935
-1.73 0.895
-1.83 0.945
-1.74 0.9
-1.71 0.84
-1.53 0.805
-1.76 0.925
-1.65 0.88
-1.73 0.875
-1.73 0.91
-1.64 0.845
-1.73 0.92
-1.63 0.88
-1.51 0.83
-1.74 0.925
-1.71 0.895
-1.7 0.895
-1.57 0.815
-1.55 0.705
-1.55 0.63
-1.42 0.52
-1.52 0.655
-1.59 0.75
-1.37 0.695
-1.52 0.785
-1.74 0.895
-1.57 0.83
-1.67 0.875
-1.72 0.905
-1.56 0.845
-1.59 0.855
-1.5 0.75
-1.77 0.925
-1.57 0.83
-1.61 0.825
-1.73 0.905
-1.77 0.91
-1.67 0.875
-1.52 0.805
-1.68 0.9
-1.74 0.885
-1.58 0.835
-1.5 0.82
-1.81 0.94
-1.71 0.9
-1.81 0.945
-1.77 0.915
-1.69 0.895
-1.73 0.91
-1.76 0.935
-1.7 0.905
-1.75 0.915
-1.69 0.905
-1.84 0.945
-1.73 0.92
-1.64 0.88
-1.65 0.89
-1.67 0.885
-1.63 0.88
-1.59 0.785
-1.56 0.81
-1.71 0.835
-1.87 0.96
-1.71 0.905
-1.67 0.885
-1.6 0.865
-1.51 0.765
-1.8 0.945
-1.6 0.875
-1.67 0.89
-1.67 0.875
-1.78 0.94
-1.69 0.905
-1.63 0.885
-1.66 0.89
-1.73 0.9
-1.7 0.9
-1.64 0.87
-1.79 0.9
-1.36 0.745
-1.68 0.91
-1.69 0.86
-1.65 0.9
-1.8 0.945
-1.8 0.935
-1.79 0.935
-1.73 0.92
-1.75 0.93
-1.66 0.855
-1.56 0.82
-1.56 0.775
-1.68 0.91
-1.66 0.895
-1.81 0.945
-1.68 0.865
-1.55 0.775
-1.54 0.82
-1.48 0.79
-1.52 0.805
-1.56 0.845
-1.43 0.77
-1.59 0.805
-1.75 0.91
-1.67 0.87
-1.77 0.925
-1.69 0.905
-1.77 0.92
-1.86 0.965
-1.74 0.92
-1.73 0.89
-1.71 0.9
-1.52 0.825
-1.56 0.85
-1.6 0.86
-1.66 0.9
-1.6 0.885
-1.74 0.92
-1.79 0.935
-1.68 0.89
-1.58 0.87
-1.62 0.895
-1.7 0.91
-1.62 0.86
-1.43 0.745
-1.71 0.905
-1.78 0.93
-1.77 0.925
-1.77 0.91
-1.74 0.92
-1.61 0.83
-1.61 0.84
-1.64 0.81
-1.5 0.8
-1.63 0.85
-1.56 0.725
-1.8 0.92
-1.66 0.875
-1.7 0.88
-1.63 0.875
-1.56 0.85
-1.82 0.95
-1.56 0.86
-1.59 0.825
-1.72 0.91
-1.78 0.93
-1.66 0.86
-1.54 0.845
-1.72 0.895
-1.53 0.845
-1.52 0.79
-1.64 0.805
-1.53 0.81
-1.45 0.715
-1.65 0.85
-1.69 0.895
-1.72 0.92
-1.7 0.9
-1.62 0.86
-1.64 0.865
-1.72 0.905
-1.73 0.915
-1.69 0.9
-1.81 0.94
-1.71 0.92
-1.77 0.935
-1.53 0.79
-1.74 0.845
-1.58 0.665
-1.51 0.685
-1.64 0.875
-1.65 0.87
-1.76 0.92
-1.65 0.86
-1.69 0.895
-1.6 0.87
-1.83 0.955
-1.78 0.94
-1.79 0.92
-1.75 0.915
-1.72 0.905
-1.77 0.935
-1.64 0.87
-1.8 0.925
-1.73 0.91
-1.62 0.825
-1.71 0.885
-1.8 0.945
-1.64 0.885
-1.8 0.94
-1.62 0.87
-1.53 0.765
-1.7 0.9
-1.79 0.945
-1.6 0.835
-1.81 0.88
-1.64 0.81
-1.54 0.8
-1.6 0.86
-1.61 0.885
-1.72 0.915
-1.75 0.925
-1.85 0.96
-1.79 0.93
-1.9 0.97
-1.68 0.9
-1.62 0.87
