-0.923333 -0.0911111
-0.992222 0.0166667
-0.906667 0.0327778
-0.893333 0.0133333
-0.936667 0.123333
-0.923333 0.0427778
-0.903333 0.03
-0.911111 -0.117778
-1 -0.0861111
-0.944444 -0.0683333
-0.966667 0.0277778
-0.934444 0.0188889
-0.987778 -0.0633333
-0.945556 -0.0788889
-0.97 -0.0161111
-0.983333 0.143333
-1.01222 0.157222
-0.976667 0.0966667
-0.952222 0.0116667
-0.955556 -0.0655556
-0.948889 -0.0788889
-0.953333 -0.0411111
-0.944444 -0.00333333
-0.935556 0.0238889
-0.955556 0.0211111
-0.963333 -0.0533333
-0.992222 -0.0316667
-0.912222 0.00388889
-1.00333 0.00777778
-0.972222 -0.0122222
-0.934444 -0.0566667
-0.952222 -0.118333
-0.947778 -0.0777778
-0.902222 -0.113889
-0.978889 0.0372222
-0.967778 0.035
-0.995556 0.0794444
-1.01444 0.186667
-1.00778 0.209444
-0.947778 0.0938889
-0.94 0.101667
-0.952222 0.125556
-0.938889 -0.0416667
-0.922222 -0.121111
-0.944444 -0.0605556
-0.918889 -0.177222
-0.958889 -0.0988889
-0.964444 -0.0283333
-0.983333 -0.0705556
-0.905556 -0.0383333
-1.03778 0.0194444
-0.981111 0.0477778
-0.92 0.015
-0.962222 0.152222
-1 0.187222
-0.903333 0.133889
-0.972222 0.112222
-0.973333 0.0683333
-0.952222 0.0394444
-0.902222 0.0455556
-0.922222 0.0944444
-0.891111 0.111111
-0.918889 0.123889
-0.951111 0.126111
-0.966667 0.122778
-0.883333 0.127222
-0.932222 0.137222
-0.927778 0.108889
-0.897778 0.141111
-0.962222 0.0377778
-0.951111 -0.0161111
-0.941111 -0.0333333
-1.01 -0.09
-0.963333 -0.0316667
-0.946667 -0.172222
-0.938889 -0.0227778
-0.997778 -0.0327778
-0.94 0.0133333
-0.971111 -0.0766667
-0.994444 -0.108333
-1.04222 -0.065
-0.851111 -0.00777778
-0.93 -0.00388889
-0.891111 0.0244444
-0.986667 -0.00666667
-0.886667 0.02
-0.914444 0.0205556
-0.981111 0.0744444
-0.874444 0.0411111
-0.985556 0.0811111
-0.928889 0.075
-0.973333 0.00833333
-0.964444 0.0461111
-0.951111 0.00388889
-0.865556 -0.02
-0.965556 -0.0594444
-0.96 -0.0966667
-0.961111 -0.05
-0.961111 -0.121111
-0.93 -0.0872222
-1.01333 -0.117222
-0.931111 -0.0594444
-0.965556 -0.0166667
-1.03444 -0.0972222
-0.931111 -0.0272222
-0.984444 0.0266667
-0.946667 0.0355556
-0.991111 0.118889
-1.01778 0.190556
-0.978889 0.206111
-0.967778 0.181111
-0.946667 0.161111
-0.991111 0.208889
-0.945556 0.133333
-0.991111 0.0783333
-0.958889 0.0866667
-0.966667 0.00777778
-0.918889 0.0138889
-0.972222 -0.085
-0.976667 -0.0594444
-0.911111 -0.045
-0.953333 0.0405556
-0.872222 0.0244444
-0.973333 0.0888889
-0.936667 -0.01
-0.934444 -0.015
-0.917778 -0.115556
-0.91 -0.134444
-0.952222 -0.168333
-0.907778 -0.108889
-0.942222 -0.0466667
-0.971111 0.005
-0.921111 -0.00833333
-0.94 -0.0433333
-0.903333 -0.118333
-0.936667 -0.118333
-0.971111 -0.0355556
-0.923333 -0.0938889
-0.906667 -0.07
-0.951111 -0.00944444
-0.918889 -0.0588889
-0.866667 -0.0855556
-0.95 -0.118889
-0.921111 -0.123889
-0.888889 -0.0144444
-0.944444 -0.0411111
-0.925556 -0.0394444
-0.974444 -0.0488889
-0.996667 -0.00388889
-0.938889 -0.0472222
-0.967778 -0.02
-0.953333 -0.0838889
-0.912222 -0.015
-0.938889 0.00333333
-0.945556 -0.025
-0.956667 -0.02
-0.971111 -0.00444444
-0.956667 0.0372222
-0.987778 0.108333
-1.00556 0.0811111
-0.937778 0.0116667
-1.02667 0.0188889
-1.03444 0.0194444
-0.95 0.00722222
-0.961111 0.0566667
-0.947778 0.08
-0.987778 0.0916667
-0.963333 0.113889
-0.886667 0.0655556
-0.934444 0.0538889
-0.956667 0.0583333
-0.914444 0.08
-0.965556 0.0422222
-0.978889 -0.0377778
-0.888889 -0.00222222
-0.963333 0.0883333
-0.945556 0.0361111
-1.02222 0.045
-0.898889 0.0233333
-0.938889 -0.00833333
-0.95 0.115
-0.988889 0.11
-0.968889 0.176111
-1.00333 0.169444
-1.01 0.123333
-0.973333 0.0694444
-0.925556 -0.015
-0.891111 0.0338889
-1.00667 0.0855556
-0.933333 0.0961111
-0.89 0.04
-0.948889 -0.0733333
-1.00444 -0.0277778
-0.92 0.0172222
-0.928889 0.0344444
-0.934444 0.05
-0.955556 0.107778
-0.914444 0.0616667
-0.906667 -0.0805556
-0.992222 -0.0238889
-0.948889 -0.0605556
-1.01 0.000555556
-0.997778 -0.0466667
-0.94 0.03
-0.897778 -0.0616667
-0.982222 -0.111667
-0.982222 -0.139444
-0.968889 -0.113333
-0.921111 -0.09
-0.906667 -0.110556
-0.958889 -0.185
-0.964444 -0.156667
-0.933333 -0.0811111
-0.975556 -0.0988889
-1.02333 -0.0861111
-0.953333 -0.0538889
-0.891111 -0.045
-0.952222 -0.118333
-0.97 -0.0588889
-0.943333 -0.0561111
-0.93 -0.0283333
-0.958889 -0.0461111
-0.886667 -0.01
-0.965556 -0.109444
-0.93 -0.075
-0.916667 0.0238889
-0.981111 0.0177778
-0.933333 0.015
-0.995556 0.0616667
-0.935556 0.000555556
-0.941111 0.0888889
-0.937778 0.0361111
-0.943333 0.0177778
-0.92 -0.0733333
-0.943333 -0.0672222
-0.942222 0.02
-0.973333 0.108333
-0.957778 0.165
-0.965556 0.0877778
-0.951111 0.00722222
-0.866667 -0.0233333
-0.954444 0.0361111
-0.907778 0.105
-0.985556 0.171667
-0.934444 0.147778
-0.982222 0.109444
-0.887778 0.0288889
-0.921111 0.00444444
-0.912222 0.161667
-1.00444 0.130556
-1.00111 0.176667
-0.983333 0.0794444
-0.962222 0.0177778
-0.976667 0.0138889
-0.932222 0.0522222
-1.00778 0.09
-0.947778 0.0405556
-0.883333 0.119444
-0.967778 0.0955556
-0.971111 0.0344444
-0.944444 0.045
-0.938889 0.0866667
-0.911111 0.0155556
-0.95 0.119444
-0.974444 -0.0266667
-0.924444 0.0216667
-0.91 0.0688889
-0.988889 0.0988889
-0.992222 0.143333
-0.958889 0.108889
-0.938889 0.0122222
-0.913333 -0.08
-0.965556 -0.152222
-0.935556 -0.113889
-1.00333 -0.0866667
-0.958889 -0.0405556
-0.944444 -0.0683333
-0.865556 -0.0355556
-0.91 -0.0611111
-0.865556 0.0183333
-0.921111 -0.0383333
-0.957778 -0.0722222
-0.907778 -0.0227778
-0.916667 -0.0944444
-1.01 -0.0916667
-0.941111 -0.0983333
-1.04 -0.0744444
-1.02111 0.00777778
-0.994444 0.00611111
-0.934444 0.0383333
-0.931111 -0.0111111
-0.991111 0.00555556
-0.927778 -0.0216667
-0.977778 0.0966667
-0.946667 0.0877778
-0.936667 0.0544444
-0.953333 0.106111
-0.951111 0.0638889
-0.941111 -0.00166667
-0.947778 0.0627778
-1.01 0.0744444
-0.941111 0.0638889
-0.992222 -0.015
-0.927778 0.0372222
-0.971111 0.0416667
-0.964444 0.0655556
-0.987778 0.18
-1.00111 0.207778
-0.935556 0.133889
-0.943333 0.133889
-0.958889 0.0422222
-0.964444 -0.0694444
-0.957778 -0.0394444
-0.968889 0.0444444
-0.944444 0.103889
-1.00111 0.0611111
-0.946667 0.0833333
-0.945556 0.005
-0.917778 0.0844444
-0.966667 0.100556
-0.947778 0.0533333
-1.02556 0.101111
-0.941111 0.0227778
-0.971111 0.0438889
-0.997778 0.0788889
-0.92 0.145
-0.972222 0.182222
-0.935556 0.173333
-1 0.205556
-0.974444 0.165556
-0.996667 0.191667
-1.00667 0.237222
-0.943333 0.103333
-0.973333 0.115
-0.948889 0.0433333
-0.98 0.0122222
-0.978889 0.0305556
-0.986667 -0.00722222
-0.92 0.00944444
-0.976667 0.0177778
-0.955556 0.0688889
-0.955556 0.0483333
-0.985556 0.0222222
-0.933333 0.0738889
-0.928889 0.0955556
-1.01556 0.239444
-0.927778 0.055
-0.928889 -0.0333333
-0.988889 0.0116667
-0.973333 -0.0433333
-0.988889 -0.138333
-0.998889 -0.180556
-0.955556 -0.262778
-0.947778 -0.159444
-0.964444 -0.141111
-0.937778 -0.105556
-0.913333 -0.162778
-0.945556 -0.0794444
-0.99 -0.0594444
-0.946667 0.00944444
-0.94 -0.0483333
-0.961111 -0.0383333
-0.951111 -0.0955556
-0.956667 -0.06
-0.944444 -0.0427778
-0.962222 -0.0177778
-1.00778 -0.06
-1.00667 -0.0961111
-0.963333 -0.0444444
-0.903333 0.0211111
-0.923333 0.0627778
-1 0.0344444
-0.977778 0.105
-0.942222 0.137222
-0.893333 -0.00444444
-0.961111 0.0361111
-0.932222 0.0177778
-0.921111 -0.0844444
-0.926667 -0.0222222
-0.967778 -0.07
-0.992222 -0.0311111
-0.984444 0.0855556
-0.916667 0.0577778
-0.953333 -0.04
-0.901111 -0.0233333
-0.846667 -0.0516667
-0.897778 0.0183333
-0.958889 -0.0511111
-0.97 0.0283333
-0.936667 0.0888889
-0.96 -0.0338889
-0.904444 -0.0361111
-0.903333 0.00833333
-0.91 0.00277778
-0.887778 0.0616667
-0.994444 0.0227778
-0.965556 0.0322222
-0.955556 -0.0772222
-0.994444 -0.151111
-0.933333 -0.123889
-0.993333 -0.141111
-0.998889 -0.101667
-0.976667 -0.157222
-0.957778 -0.09
-0.97 -0.107222
-0.971111 -0.119444
-0.99 -0.181667
-0.888889 -0.0766667
-0.947778 0.0405556
-0.918889 0.0572222
-0.912222 0.0627778
-0.952222 0.138333
-0.946667 0.0594444
-0.946667 -0.0677778
-0.938889 -0.104444
-0.957778 -0.156667
-0.971111 -0.0133333
-1.01 -0.123889
-1.02667 -0.112222
-0.956667 -0.155556
-0.921111 -0.156111
-0.966667 -0.0888889
-0.977778 -0.130556
-1.00778 -0.09
-0.936667 0.0105556
-0.984444 0.0533333
-0.968889 0.0383333
-0.975556 0.0272222
-0.913333 0.0622222
-0.966667 -0.0983333
-0.996667 -0.113889
-0.967778 -0.146111
-0.884444 -0.122778
-0.956667 -0.211667
-0.97 -0.0988889
-0.984444 -0.0438889
-0.974444 0.0372222
-0.898889 0.0516667
-1.00222 0.0122222
-0.976667 0.145556
-0.944444 0.0772222
-0.912222 -0.0255556
-0.96 0.0222222
-0.923333 -0.0111111
-0.963333 0.00388889
-0.935556 0.0427778
-0.915556 0.0238889
-0.924444 -0.0494444
-0.942222 -0.0444444
-0.945556 -0.0261111
-0.932222 -0.00111111
-0.965556 -0.0788889
-0.925556 -0.0538889
-0.944444 -0.0238889
-0.966667 0.0761111
-0.976667 0.0505556
-0.886667 -0.0161111
-0.948889 0.0433333
-0.941111 0.02
-0.921111 0.0577778
-0.927778 0.0422222
-0.976667 0.0794444
-1.02111 -0.0138889
-0.951111 -0.0722222
-0.931111 -0.0544444
-0.935556 0.00166667
-0.975556 -0.0727778
-0.973333 -0.155
-0.998889 -0.125
-0.942222 -0.0211111
-0.984444 0.0311111
-0.981111 0.0322222
-0.944444 0.0133333
-0.956667 -0.0238889
-0.933333 -0.00944444
-0.928889 -0.0105556
-0.918889 -0.0277778
-0.962222 -0.0172222
-0.972222 0.116667
-0.946667 -0.00555556
-0.926667 0.0261111
-0.947778 0.04
-0.975556 -0.00777778
-1.01 -0.0511111
-0.948889 -0.0872222
-0.931111 0.0522222
-0.997778 0.0722222
-0.935556 0.0727778
-0.941111 0.0694444
-0.968889 0.101111
-0.978889 0.102222
-0.92 0.107222
-0.96 0.143333
-0.934444 0.15
-0.936667 0.152222
-0.964444 0.075
-0.93 0.11
-0.977778 0.120556
-0.977778 0.118333
-0.941111 0.0894444
-0.948889 0.0422222
-0.976667 0.0138889
-0.985556 0.0172222
-0.944444 -0.00833333
-0.956667 -0.00611111
-0.888889 -0.0166667
-0.894444 -0.120556
-0.988889 -0.0633333
-0.975556 -0.095
-0.981111 -0.0794444
-0.941111 -0.0511111
-0.937778 0.0461111
-0.956667 0.0233333
-0.933333 0.0277778
-0.954444 0.00833333
-0.958889 -0.0566667
-1.02222 -0.0533333
-0.946667 -0.00333333
-0.897778 0.106667
-0.956667 0.147222
-0.945556 0.0555556
-0.985556 -0.065
-0.923333 0.0111111
-0.947778 0.0383333
-0.908889 0.09
-0.962222 -0.0311111
-0.945556 0.0777778
-0.937778 0.116111
-0.973333 0.0638889
-0.983333 -0.075
-0.914444 -0.112222
-1.01 -0.0761111
-0.964444 -0.095
-0.886667 0.0172222
-0.91 0.0461111
-0.993333 0.161667
-0.952222 0.0777778
-0.945556 0.0561111
-0.948889 0.0483333
-0.968889 0.055
-0.951111 0.0894444
-0.922222 0.0972222
-1.00778 0.0394444
-0.968889 0.100556
-0.965556 0.0422222
-0.986667 0.112222
-0.966667 0.08
-0.933333 0
-0.908889 -0.0238889
-0.944444 0.0294444
-0.987778 -0.134444
-0.96 -0.118889
-0.972222 -0.115
-0.953333 -0.00222222
-0.957778 0.035
-0.994444 0.00388889
-0.983333 -0.0355556
-0.947778 -0.0405556
-0.956667 -0.0405556
-0.938889 -0.0216667
-0.964444 0.0422222
-0.902222 0.0111111
-0.956667 -0.00222222
-0.883333 -0.0738889
-0.947778 -0.00611111
-0.907778 0.00666667
-0.941111 0.0483333
-0.943333 0.0783333
-0.964444 -0.0183333
-0.946667 -0.0483333
-0.986667 -0.0472222
-1.03444 -0.0988889
-0.96 -0.0516667
-0.926667 -0.0516667
-0.962222 -0.116111
-0.973333 -0.14
-0.936667 -0.0611111
-0.916667 -0.107778
-0.963333 -0.0961111
-1.00444 -0.1
-0.937778 -0.0388889
-0.993333 -0.0488889
-0.952222 -0.0816667
-0.974444 -0.0738889
-0.951111 -0.1
-0.916667 -0.109444
-0.985556 -0.0572222
-0.941111 -0.0344444
-0.934444 -0.0905556
-0.996667 0.00555556
-0.912222 -0.0222222
-0.93 -0.101111
-0.97 -0.0377778
-0.98 -0.0488889
-0.975556 -0.085
-0.978889 -0.0783333
-0.983333 -0.101667
-0.962222 -0.0888889
-0.991111 -0.222778
-0.947778 -0.117222
-0.925556 -0.0711111
-0.976667 -0.0144444
-0.895556 -0.00888889
-0.908889 -0.0172222
-0.991111 -0.0694444
-0.932222 0.00666667
-0.98 0.0144444
-0.95 -0.00611111
-0.954444 0.00333333
-0.978889 0.0288889
-0.933333 -0.00666667
-0.897778 -0.0822222
-0.966667 -0.115
-0.935556 -0.005
-0.886667 -0.103333
-0.946667 -0.0383333
-0.918889 -0.140556
-0.972222 -0.0344444
-0.931111 -0.103333
-0.975556 -0.126111
-0.933333 0.0711111
-1.01556 0.0477778
-0.984444 -0.0233333
-0.906667 -0.0616667
-0.978889 -0.0505556
-0.956667 -0.0533333
-0.943333 -0.0694444
-0.891111 0.00277778
-0.956667 0.0255556
-0.968889 0.0122222
-0.912222 0.00388889
-0.981111 0.095
-0.907778 0.106667
-0.943333 0.0416667
-0.901111 -0.0527778
-0.935556 -0.0872222
-0.93 -0.0405556
-1.00889 0.00611111
-0.974444 -0.0355556
-0.936667 -0.107778
-0.905556 -0.0972222
-0.911111 0.0188889
-0.905556 -0.0216667
-0.91 -0.085
-0.897778 -0.0877778
-0.946667 -0.0977778
-1.00444 -0.172778
-0.96 -0.138889
-0.96 -0.152778
-0.951111 -0.181111
-0.984444 -0.178333
-0.935556 -0.12
-0.905556 -0.125556
-0.977778 -0.0955556
-0.991111 -0.105
-0.911111 -0.0416667
-0.918889 -0.00888889
-0.981111 -0.0816667
-0.966667 -0.0355556
-0.932222 -0.128333
-0.942222 -0.115556
-0.986667 -0.218889
-0.914444 -0.167222
-0.945556 -0.206667
-0.936667 -0.0161111
-0.957778 0.0522222
-0.956667 0.045
-0.874444 0.0611111
-0.967778 0.123333
-0.951111 0.0911111
-0.944444 0.126111
-0.912222 0.1
-0.997778 0.224444
-0.963333 0.127778
-0.904444 0.0661111
-0.962222 0.0822222
-0.983333 0.0577778
-0.982222 0.0655556
-0.982222 0.0916667
-0.957778 0.158333
-1.01556 0.154444
-0.941111 0.128333
-0.976667 0.0816667
-0.966667 0.08
-1.01444 0.0694444
-0.95 0
-0.924444 -0.0466667
-0.958889 -0.139444
-0.895556 -0.159444
-0.906667 -0.117778
-0.932222 -0.115556
-1.02333 -0.142222
-0.933333 -0.145556
-0.956667 -0.0861111
-0.944444 -0.122778
-0.938889 -0.157222
-0.934444 -0.0905556
-1.00111 -0.0911111
-0.99 -0.0288889
-0.966667 -0.103889
-0.921111 -0.0361111
-0.908889 0.0405556
-0.982222 0.0627778
-0.981111 -0.00166667
-0.91 0.0272222
-0.903333 0.0533333
-0.986667 0.0122222
-0.976667 0.0416667
-0.893333 0.0205556
-0.895556 -0.00944444
-0.948889 0.105556
-0.936667 0.0111111
-0.988889 -0.0177778
-1.01556 0.0983333
-0.93 0.0188889
-0.938889 0.108889
-0.928889 0.0683333
-0.963333 0.0738889
-0.984444 0.045
-0.987778 0.0388889
-0.958889 0.0827778
-0.9 -0.0483333
-0.915556 -0.122778
-0.956667 -0.00388889
-0.912222 -0.0311111
-0.923333 -0.0722222
-0.936667 0.0266667
-0.951111 0.0755556
-0.932222 0.0627778
-0.957778 0.0955556
-0.953333 0.0855556
-0.95 0.0288889
-1.01778 0.0722222
-0.926667 0.130556
-0.871111 0.0683333
-0.996667 0.121111
-0.963333 0.0405556
-0.986667 0.075
-0.946667 0.0927778
-0.98 0.13
-0.962222 0.187778
-0.945556 0.148889
-0.954444 0.0466667
-0.942222 0.0383333
-0.992222 -0.0711111
-0.905556 -0.142222
-0.947778 -0.152222
-0.896667 -0.123889
-0.978889 -0.12
-0.943333 -0.0444444
-0.95 -0.00388889
-0.961111 -0.0477778
-0.975556 -0.117222
-0.96 -0.0761111
-0.997778 -0.0144444
-0.944444 -0.0472222
-1.04667 -0.0727778
-1.05222 0.00833333
-1.00778 0.133889
-0.927778 0.176667
-0.926667 0.145556
-1.01222 0.0661111
-1.02333 0.085
-0.988889 0.132778
-1.00556 0.0961111
-1.01222 0.0594444
-0.944444 0.0555556
-0.913333 -0.0205556
-0.917778 -0.0238889
-0.913333 0.136111
-0.97 0.111111
-0.93 0.0372222
-0.916667 -0.00166667
-0.964444 -0.02
-0.912222 -0.0644444
-0.964444 -0.0811111
-0.975556 -0.117222
-0.966667 -0.21
-0.975556 -0.233333
-0.918889 -0.176667
-0.914444 -0.202222
-1.02889 -0.198889
-0.997778 -0.151667
-0.922222 -0.0683333
-0.991111 -0.0361111
-0.977778 -0.0783333
-0.995556 -0.17
-0.96 -0.01
-0.873333 -0.000555556
-0.905556 0.0833333
-0.951111 0.0827778
-0.897778 0.0483333
-0.96 0.0116667
-0.921111 0.00722222
-0.943333 0.0488889
-0.953333 0.0116667
-0.945556 0.00722222
-0.904444 -0.0661111
-0.878889 -0.0655556
-0.911111 -0.025
-0.953333 -0.0605556
-0.964444 -0.111667
-0.99 0.005
-0.985556 0.0555556
-1.01889 0.0205556
-0.934444 -0.0544444
-0.983333 -0.0305556
-0.924444 -0.102222
-0.977778 -0.0622222
-0.954444 -0.0411111
-0.943333 0.0405556
-0.953333 0.105
-0.932222 0.0377778
-0.935556 0.00888889
-0.893333 0.00611111
-0.958889 0.00277778
-0.946667 0.00111111
-0.974444 0.0755556
-0.922222 -0.00222222
-0.964444 -0.0138889
-0.901111 0.0305556
-0.986667 -0.0472222
-0.961111 -0.0961111
-0.945556 -0.0666667
-0.962222 -0.0677778
-0.901111 -0.055
-0.974444 -0.102222
-1.02444 -0.148889
-0.98 -0.137222
-0.917778 -0.0222222
-0.928889 -0.0138889
-0.964444 0.00222222
-1.00333 -0.02
-0.885556 -0.0105556
-0.914444 -0.107778
-0.911111 -0.0533333
-0.922222 -0.0688889
-0.945556 -0.075
-0.944444 -0.108889
-0.884444 -0.0844444
-0.971111 -0.0983333
-0.976667 -0.0833333
-0.931111 -0.16
-0.964444 -0.116667
-0.896667 -0.131667
-0.966667 -0.149444
-0.905556 -0.100556
-0.94 -0.0555556
-0.981111 -0.000555556
-0.915556 0.0533333
-0.987778 0.100556
-0.985556 0.0194444
-0.928889 -0.00722222
-0.995556 0.00722222
-0.891111 -0.0227778
-0.997778 0.0183333
-0.994444 0.0744444
-0.978889 0.00777778
-0.97 0.045
-1.00889 0.0444444
-0.972222 0.113889
-0.918889 0.115
-0.925556 0.193889
-0.961111 0.138333
-0.98 0.0838889
-1.00333 0.117778
-0.942222 0.0761111
-0.971111 0.174444
-0.931111 0.0638889
-0.922222 0.0844444
-0.888889 0.0905556
-0.988889 0.157778
-0.954444 0.0361111
-1.03111 0.0888889
-0.964444 0.130556
-0.943333 0.0966667
-0.878889 0
-0.96 0.025
-1.00111 0.06
-0.99 -0.0405556
-0.984444 -0.0638889
-0.934444 -0.0355556
-0.975556 0.0483333
-0.993333 0.106111
-1.02556 0.115
-0.961111 0.0688889
-0.898889 0.0711111
-0.967778 0.0477778
-0.967778 0.156667
-0.983333 0.155
-0.906667 0.114444
-0.935556 0.0461111
-0.995556 0.11
-0.972222 0.0916667
-0.905556 0.00444444
-0.943333 0.0794444
-0.928889 -0.0466667
-0.982222 -0.0127778
-0.964444 -0.005
-0.927778 -0.0744444
-0.954444 -0.0933333
-1.00556 -0.106111
-0.957778 -0.109444
-0.933333 -0.0327778
-0.984444 -0.0755556
-0.978889 -0.110556
-0.975556 0.0327778
-0.892222 0.0372222
-0.938889 -0.0116667
-0.958889 -0.0661111
-1.01 -0.116111
-0.906667 -0.08
-0.966667 -0.0716667
-0.96 -0.0972222
-0.897778 -0.045
-0.947778 -0.0594444
-0.977778 -0.0416667
-0.91 -0.0855556
-0.904444 -0.0883333
-0.996667 -0.0116667
-0.918889 -0.0905556
-0.9 -0.0605556
-0.934444 -0.0177778
-0.993333 -0.101111
-0.952222 -0.0616667
-0.945556 0.00111111
-0.981111 0.0477778
-0.973333 -0.0116667
-0.951111 0.0611111
-0.924444 0.107222
-0.988889 -0.00888889
-0.975556 0.01
-0.953333 0.0327778
-0.934444 0.0611111
-1.03 0.0255556
-1.01444 -0.00944444
-0.953333 0.0261111
-0.895556 -0.0416667
-0.946667 0.0872222
-0.882222 -0.0544444
-0.924444 -0.106667
-0.931111 -0.169444
-0.947778 -0.197222
-0.951111 -0.112778
-0.937778 -0.102222
-0.905556 -0.117778
-1.01222 -0.0722222
-0.965556 0.113889
-0.92 0.0511111
-1.02222 0.0333333
-0.946667 0.0322222
-1.02333 0.0394444
-1.00667 0.0788889
-0.89 0.00944444
-0.956667 -0.0122222
-0.963333 -0.0655556
-0.951111 -0.112222
-0.922222 -0.0383333
-0.934444 -0.0472222
-1.01667 -0.0488889
-0.938889 0.0133333
-0.963333 -0.0494444
-0.998889 -0.0227778
-0.943333 0.0183333
-0.963333 -0.005
-0.936667 0.102778
-0.931111 0.0633333
-0.87 0.0272222
-0.994444 0.0416667
-0.942222 0.0233333
-0.947778 -0.0611111
-0.996667 -0.0633333
-0.858889 -0.0777778
-0.934444 -0.0533333
-0.937778 -0.115
-0.942222 -0.0355556
-0.977778 -0.0288889
-0.947778 -0.0127778
-0.916667 0.161667
-0.944444 0.127222
-0.927778 0.153333
-0.925556 0.180556
-0.945556 0.230556
-1 0.237778
-0.936667 0.110556
-0.942222 0.146111
-0.966667 0.13
-0.967778 0.131667
-0.922222 -0.000555556
-0.9 -0.0183333
-0.958889 -0.0588889
-0.966667 -0.0572222
-1.01556 -0.09
-0.915556 0.00555556
-0.954444 0.0316667
-1.01 0.00777778
-1.01556 0.0472222
-1.00111 -0.0138889
-0.995556 -0.0338889
-0.99 -0.00722222
-0.951111 0.0761111
-0.968889 0.0127778
-0.914444 -0.0677778
-0.977778 -0.0427778
-1.01667 -0.0372222
-0.98 0.015
-0.971111 -0.0477778
-0.946667 -0.108333
-0.952222 -0.0883333
-0.987778 -0.0983333
-0.962222 0.0127778
-0.938889 0.06
-0.97 -0.015
-0.924444 0.0916667
-0.976667 -0.0105556
-0.927778 -0.0244444
-1.01556 -0.00333333
-0.922222 -0.0572222
-0.984444 0.140556
-0.921111 -0.0494444
-0.994444 -0.161111
-1.00667 -0.167778
-0.925556 -0.0266667
-0.92 -0.0516667
-0.952222 -0.0622222
-1 -0.00722222
-0.968889 -0.0988889
-0.891111 -0.0511111
-0.897778 0.07
-0.918889 0.0616667
-0.982222 0.00444444
-0.966667 -0.0333333
-0.965556 -0.0733333
-0.924444 0.00833333
-0.953333 -0.0116667
-0.947778 -0.0488889
-0.987778 -0.00166667
-0.974444 0.00277778
-0.992222 -0.0711111
-0.92 -0.0433333
-0.907778 0.00944444
-0.948889 -0.0866667
-0.916667 -0.106111
-0.917778 -0.11
-1 -0.0572222
-0.977778 -0.0105556
-0.974444 -0.0544444
-0.94 0.0211111
-0.976667 0.00444444
-0.952222 0.0338889
-1.02 0.0466667
-0.994444 0.0355556
-1.00444 -0.00666667
-0.951111 0.0138889
-0.89 0.0188889
-0.933333 0.03
-0.942222 0.055
-0.915556 0.102222
-0.992222 0.133889
-0.924444 0.1
-0.996667 0.0344444
-0.968889 0.0561111
-0.968889 -0.0477778
-0.986667 -0.0555556
-0.955556 0.025
-0.878889 0.145556
-0.917778 0.112222
-1.01333 0.0788889
-0.966667 0.00166667
-0.923333 -0.0544444
-0.968889 0.00277778
-0.981111 0.0883333
-0.938889 0.152222
-0.96 0.08
-0.896667 -0.0877778
-0.907778 -0.0794444
-0.98 -0.0461111
-1.01778 0.0494444
-0.955556 -0.114444
-0.943333 -0.0261111
-0.871111 -0.0366667
-0.911111 -0.0927778
-0.936667 -0.0811111
-0.962222 -0.148889
-0.97 -0.0772222
-0.987778 -0.178333
-0.985556 -0.170556
-0.952222 -0.165556
-0.94 -0.166667
-0.89 -0.126667
-1 -0.0577778
-0.974444 -0.128889
-0.955556 -0.136667
-0.973333 -0.132222
-0.925556 -0.0188889
-0.933333 -0.00888889
-0.956667 0.0422222
-0.89 0.0766667
-0.926667 0.045
-0.943333 0.0422222
-0.94 0.01
-0.936667 -0.0744444
-0.947778 0.0455556
-0.912222 -0.0188889
-0.873333 -0.0166667
-0.893333 0.025
-0.951111 0.0927778
-0.945556 0.0583333
-0.945556 -0.00111111
-0.956667 -0.00166667
-0.893333 -0.107222
-1.00889 -0.133333
-0.998889 -0.045
-0.977778 -0.0922222
-0.915556 -0.09
-1.00222 -0.0638889
-0.958889 -0.0255556
-0.876667 0.0383333
-0.965556 0.0383333
-0.953333 0.0494444
-0.976667 0.0222222
-0.974444 -0.0733333
-1.03 -0.0783333
-0.913333 -0.0177778
-0.964444 -0.0122222
-1.01222 0.0311111
-0.937778 -0.00944444
-0.955556 -0.0733333
-1.00444 -0.0894444
-0.961111 -0.0538889
-0.958889 0.0605556
-0.918889 0.0344444
-0.97 -0.0488889
-0.961111 0.0216667
-0.953333 0.123889
-0.975556 0.109444
-0.995556 0.0583333
-0.935556 0.0255556
-0.931111 -0.00444444
-0.96 -0.00888889
-0.9 0.0144444
-0.951111 -0.0761111
-1.00333 0.00833333
-0.981111 -0.00722222
-0.908889 -0.0844444
-1.00222 -0.0883333
-0.974444 -0.0688889
-0.957778 -0.00777778
-0.947778 -0.0133333
-1.01556 -0.130556
-0.916667 -0.055
-0.903333 0.0266667
-0.945556 0.0466667
-0.933333 0.0627778
-0.901111 0.0294444
-0.968889 0.0127778
-0.938889 -0.0383333
-0.914444 -0.0177778
-0.981111 0.0788889
-0.976667 0.163333
-0.904444 0.0727778
-0.931111 -0.0294444
-0.896667 -0.0222222
-0.944444 -0.0694444
-0.926667 -0.132778
-0.922222 -0.166667
-1 -0.194444
-0.963333 -0.122222
-0.987778 -0.148889
-0.902222 0.0638889
-0.926667 -0.00222222
-0.931111 -0.00777778
-0.981111 -0.0144444
-0.936667 -0.0288889
-0.924444 -0.0105556
-0.985556 0.0538889
-0.97 0.0611111
-0.938889 0.0394444
-0.95 0.0483333
-0.944444 0.0805556
-0.97 0.106111
-0.956667 0.0316667
-1.02 0.0533333
-0.906667 0.158333
-0.925556 0.166111
-0.986667 0.09
-0.894444 0.0305556
-0.916667 0.0694444
-0.963333 0.0583333
-0.932222 0.0216667
-0.937778 -0.0255556
-0.954444 -0.0577778
-0.958889 -0.0955556
-0.971111 -0.0333333
-0.995556 -0.0694444
-0.865556 -0.0338889
-0.995556 -0.00222222
-1.05 0.0783333
-0.903333 0.0488889
-0.901111 0.120556
-0.96 0.142778
-0.922222 0.0888889
-0.963333 0.0966667
-0.896667 0.0588889
-0.926667 -0.0216667
-0.961111 0.00888889
-0.97 -0.0311111
-0.908889 0.00611111
-0.986667 0.00166667
-0.962222 0.00722222
-0.977778 0.0855556
-0.992222 0.09
-0.95 0.0583333
-0.936667 -0.00111111
-0.915556 -0.0661111
-0.922222 -0.0222222
-0.977778 -0.0338889
-0.946667 0.0288889
-0.978889 0.105
-0.936667 0.0627778
-0.993333 0.0361111
-0.924444 -0.0188889
-0.916667 0.0105556
-0.962222 0.0633333
-0.901111 0.0705556
-0.995556 -0.0194444
-1.01111 -0.0372222
-0.956667 -0.0133333
-0.977778 0.0122222
-0.893333 -0.0666667
-0.968889 0.00444444
-0.927778 -0.0833333
-0.982222 -0.0261111
-0.931111 -0.0388889
-0.952222 0.00555556
-1.00111 0.0505556
-0.95 0.0622222
-0.996667 0.08
-0.966667 -0.0572222
-0.956667 -0.0255556
-0.944444 -0.0288889
-0.926667 0.0655556
-1.02778 -0.0111111
-1.02889 -0.0327778
-0.938889 -0.0627778
-0.952222 0.005
-0.944444 -0.0466667
-0.971111 0.045
-0.943333 0.0405556
-0.977778 0.0716667
-0.957778 0.0683333
-0.995556 0.146667
-0.911111 0.133333
-0.978889 0.07
-0.944444 0.0716667
-0.965556 0.131111
-0.978889 0.113333
-0.974444 0.115556
-0.992222 0.0577778
-0.875556 -0.0205556
-0.935556 -0.0527778
-0.955556 -0.00666667
-0.95 0.0227778
-0.91 -0.0333333
-0.922222 0.0727778
-0.925556 0.0688889
-0.952222 0.106667
-0.916667 0.0994444
-0.922222 0.0561111
-0.892222 0.0383333
-0.944444 0.0383333
-0.965556 0.00111111
-0.984444 -0.00222222
-0.942222 -0.0733333
-1.01889 -0.0822222
-0.985556 -0.0711111
-0.944444 -0.0988889
-1.00111 -0.0872222
-0.956667 -0.0683333
-0.961111 -0.0661111
-0.96 0.0461111
-0.95 0.0427778
-0.914444 0.0288889
-0.956667 0.0127778
-0.991111 -0.0777778
-0.947778 -0.0644444
-0.968889 0.000555556
-0.925556 0.05
-1.04667 -0.00444444
-0.99 -0.0727778
-0.938889 0.035
-0.953333 0.0161111
-0.951111 0.134444
-0.955556 0.113333
-0.926667 0.0311111
-0.895556 -0.000555556
-0.913333 -0.0205556
-0.963333 0.166667
-0.973333 0.2
-0.936667 0.0927778
-0.914444 0.121111
-0.937778 0.0283333
-0.951111 0.0788889
-0.974444 0.0988889
-1.01778 0.100556
-0.952222 0.0361111
-0.895556 0.0527778
-0.958889 0.0616667
-0.874444 0.04
-0.983333 0.0905556
-0.934444 0.0422222
-0.928889 0.005
-0.894444 0.0166667
-0.937778 0.0894444
-0.913333 0.00166667
-0.95 0.0111111
-1.00333 -0.0205556
-1.00111 0.0322222
-0.957778 0.00611111
-0.925556 -0.0988889
-0.912222 -0.0511111
-0.911111 0.0172222
-0.937778 0.00166667
-0.914444 0.0966667
-0.911111 -0.00111111
-0.98 0.0277778
-0.966667 0.0694444
-0.934444 0.00111111
-0.916667 0.0266667
-1.01667 0.0511111
-0.892222 0.0194444
-0.945556 0.0844444
-1.01444 0.0355556
-0.926667 -0.015
-0.912222 0.0727778
-0.971111 0.0688889
-0.982222 0.0372222
-0.9 -0.0522222
-0.927778 -0.0233333
-0.927778 -0.0538889
-0.997778 -0.107222
-1.03222 -0.173889
-0.957778 -0.143333
-0.948889 -0.152222
-0.997778 -0.0972222
-0.88 -0.0816667
-0.914444 -0.108333
-1.04111 -0.0261111
-0.968889 -0.0966667
-1.01889 -0.0944444
-0.968889 -0.0327778
-0.984444 -0.0561111
-0.921111 0.0877778
-0.914444 0.0366667
-0.941111 0.146667
-0.914444 0.1
-0.902222 0.0761111
-0.97 0.0927778
-0.986667 0.128889
-0.947778 0.0722222
-1.00444 -0.0438889
-0.91 0.0127778
-0.942222 -0.0322222
-0.957778 0.0366667
-0.943333 -0.04
-1.01667 -0.137222
-0.97 -0.0777778
-0.946667 0.00166667
-0.994444 -0.0155556
-0.958889 -0.2
-0.957778 -0.0972222
-0.93 0.0138889
-0.926667 0.0761111
-0.926667 -0.0333333
-0.911111 0.0544444
-0.973333 0.152222
-0.997778 0.169444
-0.957778 0.005
-0.911111 -0.0961111
-0.932222 -0.065
-0.926667 -0.0272222
-0.916667 -0.0105556
-0.918889 -0.0838889
-0.955556 -0.0211111
-0.921111 0.0483333
-0.953333 -0.0138889
-1.02333 -0.0383333
-0.952222 -0.0627778
-0.954444 -0.0416667
-0.936667 -0.0444444
-0.973333 0.0238889
-0.905556 -0.0772222
-0.91 -0.0227778
-0.954444 -0.105
-0.904444 -0.0266667
-0.955556 -0.00111111
-0.948889 0.0616667
-0.873333 0.0427778
-0.967778 0.105556
-0.927778 0.0744444
-0.93 0.0277778
-0.952222 0.0116667
-0.926667 0.106667
-0.985556 0.118333
-0.91 0.04
-0.902222 0.085
-0.906667 0.0661111
-0.994444 0.125
-0.962222 0.0827778
-1.03556 -0.05
-0.92 -0.05
-1.01111 -0.055
-0.933333 -0.0816667
-1.02333 -0.0677778
-0.977778 0.0361111
-0.931111 -0.0288889
-1.01889 -0.0561111
-0.954444 -0.0422222
-0.991111 0.131667
-0.97 -0.00444444
-0.916667 0.095
-0.974444 0.0372222
-0.931111 0.0172222
-0.936667 0.0805556
-0.944444 0.0322222
-0.998889 0.0216667
-1.03333 0.198333
-0.943333 0.0955556
-0.96 0.119444
-0.931111 0.0633333
-0.955556 0.0361111
-0.95 0.0922222
-1.03111 0.0794444
-1.03444 0.0244444
-0.973333 -0.0233333
-0.876667 -0.065
-0.881111 -0.0361111
-0.951111 -0.0588889
-0.983333 -0.0572222
-0.966667 -0.0938889
-0.961111 -0.0866667
-1.01333 -0.125556
-0.895556 -0.0283333
-0.97 -0.0211111
-0.961111 -0.0183333
-0.955556 -0.11
-0.904444 -0.0766667
-0.905556 -0.06
-0.954444 -0.045
-0.89 0.055
-0.941111 0.136667
-0.97 0.155
-0.974444 0.0594444
-0.933333 0.0188889
-0.972222 0.0327778
-0.98 0.148333
-0.932222 0.0627778
-0.917778 0.08
-0.935556 0.0405556
-0.964444 0.0305556
-0.896667 -0.0283333
-0.965556 -0.00888889
-1.04889 -0.0311111
-0.941111 -0.055
-0.965556 -0.045
-0.95 -0.0405556
-0.938889 0.0544444
-0.943333 0.01
-0.952222 0.0461111
-0.917778 -0.0272222
-0.96 -0.0555556
-0.966667 -0.148889
-0.934444 -0.108333
-0.943333 -0.0605556
-0.97 -0.0888889
-0.973333 -0.0827778
-0.943333 -0.104444
-1.00889 -0.110556
-0.955556 -0.197778
-0.952222 -0.255
-0.877778 -0.154444
-0.954444 -0.164444
-0.948889 -0.157778
-0.997778 0.00833333
-0.971111 -0.0261111
-1.01556 -0.0327778
-1.00444 -0.110556
-0.968889 -0.0672222
-0.926667 -0.0488889
-1.03889 0.00111111
-0.942222 0.0311111
-0.974444 0.0716667
-0.957778 0.108889
-0.916667 0.115
-0.921111 0.118889
-0.95 0.0944444
-0.926667 0.0583333
-0.933333 0.000555556
-0.948889 -0.108889
-0.932222 -0.0694444
-0.994444 0.0661111
-0.977778 0.101111
-0.926667 0.08
-0.938889 -0.0111111
-0.923333 0.0605556
-0.927778 -0.110556
-0.9 -0.118333
-0.908889 -0.143889
-0.927778 -0.0144444
-0.918889 0.00833333
-0.99 -0.0561111
-0.975556 -0.0322222
-0.964444 -0.0683333
-0.94 -0.0361111
-0.966667 0.0605556
-0.914444 -0.055
-0.942222 -0.0183333
-0.957778 -0.128333
-0.913333 -0.04
-0.905556 0.0355556
-0.935556 0.0883333
-0.963333 0.197222
-0.982222 0.206667
-0.986667 0.224444
-0.973333 0.126667
-0.935556 0.0744444
-1.02667 0.0772222
-0.996667 0.122778
-0.968889 0.0966667
-0.983333 0.175556
-0.925556 0.147222
-0.936667 0.103333
-0.926667 0.0316667
-0.926667 0.0322222
-0.982222 0.01
-0.932222 0.0383333
-0.901111 0.0638889
-0.955556 0.125556
-1.00556 0.104444
-0.963333 0.0794444
-0.963333 -0.0316667
-0.927778 0.0411111
-0.931111 0.0283333
-0.933333 0.0127778
-0.934444 -0.0311111
-0.931111 0.0116667
-0.94 -0.045
-1.01889 -0.0833333
-0.957778 -0.08
-0.947778 -0.107222
-0.943333 -0.045
-0.926667 -0.0288889
-0.993333 0.0577778
-0.963333 0.0672222
-0.943333 0.0394444
-0.961111 0.0994444
-0.947778 0.161667
-0.928889 0.0577778
-1 0.0583333
-0.914444 0.01
-0.985556 0.0277778
-0.975556 0.188889
-0.932222 0.141111
-0.95 0.0733333
-0.985556 0.179444
-0.932222 0.0605556
-0.945556 0.105
-1.01 0.145
-0.957778 0.0566667
-0.917778 0.045
-0.931111 0.122778
-0.877778 0.0683333
-0.932222 0.0205556
-0.928889 0.0594444
-0.967778 -0.0105556
-0.948889 0.0772222
-1.00444 0.0705556
-0.875556 -0.0461111
-0.95 0.01
-0.945556 0.0688889
-0.963333 0.00444444
-0.965556 0.0166667
-0.984444 -0.0344444
-0.946667 -0.00388889
-0.972222 -0.0722222
-0.993333 -0.135556
-0.988889 -0.247778
-0.943333 -0.239444
-0.952222 -0.153889
-0.942222 -0.151667
-0.962222 -0.0922222
-0.882222 -0.116111
-0.942222 -0.133333
-0.924444 -0.09
-0.93 0.00833333
-0.94 -0.0466667
-1.01111 -0.0433333
-0.915556 -0.0177778
-0.866667 0.0166667
-0.947778 -0.0472222
-0.935556 0.0311111
-0.947778 0.0244444
-0.946667 -0.0611111
-0.917778 0.0572222
-0.942222 0.0583333
-0.894444 0.0827778
-0.955556 0.0583333
-1.05444 0.0394444
-0.948889 -0.00388889
-0.944444 -0.0177778
-0.956667 -0.0788889
-0.925556 -0.0877778
-0.924444 -0.0911111
-1.01 -0.0344444
-0.972222 0.0227778
-0.915556 -0.00277778
-0.996667 0.0894444
-0.926667 -0.0583333
-0.962222 0.0127778
-0.976667 -0.0522222
-1.02333 -0.127222
-1.01 -0.170556
-1.01889 -0.127778
-1.00889 -0.0905556
-0.945556 -0.115
-0.936667 -0.0627778
-0.938889 -0.0794444
-0.996667 -0.0605556
-0.982222 -0.0622222
-1.00333 -0.108889
-0.978889 -0.0111111
-0.955556 -0.0283333
-1.00222 -0.102778
-0.906667 -0.0472222
-0.95 -0.0144444
-0.976667 0.0411111
-0.913333 0.0588889
-0.983333 0.112222
-0.951111 0.06
-0.991111 0.0811111
-0.935556 0.0438889
-0.963333 -0.07
-0.983333 -0.0977778
-0.866667 -0.0527778
-0.937778 -0.0527778
-0.948889 -0.0777778
-0.904444 -0.03
-0.956667 -0.0572222
-0.938889 -0.0383333
-0.928889 -0.0566667
-0.944444 -0.0538889
-0.942222 -0.0616667
-0.953333 -0.127222
-0.936667 -0.131667
-0.983333 -0.00277778
-0.991111 0.0522222
-0.935556 0.05
-0.942222 -0.0144444
-0.96 -0.0488889
-0.983333 -0.01
-0.977778 0.0788889
-0.958889 0.09
-0.94 0.0988889
-0.947778 0.0477778
-0.951111 0.0316667
-0.971111 0.00833333
-0.965556 -0.0816667
-0.913333 -0.0511111
-0.961111 0.0155556
-0.98 0.0538889
-0.936667 0.107778
-0.951111 0.107222
-1.02222 0.115556
-0.952222 -0.0155556
-0.984444 -0.0127778
-0.965556 0.0483333
-0.904444 0.035
-0.953333 0.121111
-0.964444 0.0405556
-0.911111 0.0605556
-0.948889 0.0438889
-0.97 0.0833333
-0.932222 0.0611111
-1.00333 0.0361111
-0.906667 -0.025
-0.951111 -0.105556
-0.903333 -0.0666667
-0.947778 -0.0133333
-0.965556 -0.0688889
-0.845556 -0.0111111
-0.977778 -0.00611111
-0.944444 0.03
-0.914444 0.0105556
-0.983333 0.0594444
-0.97 0.125556
-1.03333 0.09
-1.00556 0.0922222
-1.00889 0.191111
-0.944444 0.183889
-1.00889 0.14
-0.947778 0.0327778
-0.948889 -0.0505556
-0.933333 -0.00833333
-0.914444 -0.0383333
-0.984444 0.0133333
-0.915556 -0.0605556
-0.895556 -0.0222222
-0.995556 0.0261111
-0.996667 -0.0366667
-0.963333 0.0777778
-0.944444 -0.0133333
-0.986667 0.015
-0.96 0.0511111
-0.963333 0.113889
-0.944444 0.111667
-0.893333 0.0666667
-0.974444 0.0311111
-1.01444 0.0433333
-0.937778 -0.0733333
-1.01667 -0.0172222
-0.944444 -0.00722222
-0.987778 0.0666667
-0.964444 0.0511111
-0.987778 0.0294444
-0.905556 -0.00611111
-0.974444 -0.0238889
-0.915556 0.0366667
-1.01778 0.0472222
-1.01444 0.135
-0.992222 0.0755556
-0.96 0.0722222
-0.937778 0.0494444
-0.943333 -0.065
-0.916667 -0.0411111
-0.936667 -0.0705556
-0.941111 -0.0544444
-0.974444 -0.0816667
-0.948889 0.0122222
-0.916667 0.0144444
-0.951111 -0.0227778
-0.913333 -0.0283333
-0.924444 0.0794444
-0.926667 -0.07
-0.947778 -0.0155556
-0.953333 -0.0494444
-0.951111 -0.0194444
-0.981111 -0.0733333
-0.933333 -0.0822222
-0.906667 0.0222222
-0.945556 0.0727778
-0.938889 0.0383333
-0.957778 -0.0166667
-0.992222 0.0155556
-0.928889 -0.0322222
-0.98 -0.0394444
-0.921111 -0.0844444
-0.877778 -0.07
-0.986667 -0.0933333
-1.00889 -0.126667
-1.00667 -0.0988889
-0.898889 -0.00722222
-0.985556 -0.06
-0.908889 -0.0877778
-0.961111 -0.122222
-0.954444 0.0122222
-0.935556 -0.00111111
-0.933333 -0.0383333
-0.87 0.0183333
-0.94 -0.00111111
-0.986667 -0.112778
-0.884444 -0.0544444
-0.927778 -0.0444444
-0.903333 -0.0838889
-0.91 0.00833333
-1.00556 0.0705556
-0.975556 0.0783333
-0.958889 -0.0511111
-0.972222 -0.113889
-0.961111 -0.149444
-1.01 -0.0183333
-0.978889 -0.0466667
-0.957778 0.0516667
-0.968889 0.107778
-0.932222 0.025
-0.946667 -0.0222222
-0.942222 -0.0555556
-0.971111 0.0361111
-0.932222 0.0888889
-0.901111 0.0483333
-0.897778 0.0211111
-1.01222 -0.0588889
-0.951111 -0.0577778
-0.983333 -0.0494444
-0.885556 -0.0461111
-0.994444 -0.0911111
-0.946667 -0.0705556
-0.988889 -0.0477778
-0.874444 -0.0355556
-0.98 -0.00111111
-0.945556 -0.0477778
-0.993333 -0.152778
-0.98 -0.187222
-0.991111 -0.246667
-0.913333 -0.124444
-0.93 -0.04
-0.922222 -0.0361111
-0.918889 0.0105556
-0.935556 -0.0855556
-1.01333 0.0455556
-0.99 0.0666667
-0.945556 0.0544444
-0.962222 0.0722222
-0.883333 0.05
-0.92 0.0772222
-0.892222 0.115556
-0.874444 0.0477778
-0.944444 0.163889
-0.932222 0.142778
-0.955556 0.0655556
-0.967778 -0.0288889
-0.971111 -0.0211111
-0.978889 -0.0683333
-0.984444 -0.02
-0.936667 -0.000555556
-0.901111 -0.0194444
-0.998889 -0.0644444
-0.914444 -0.131111
-0.978889 -0.187778
-1.03111 -0.239444
-0.96 -0.137778
-0.936667 -0.0311111
-0.941111 0.0294444
-0.977778 0.0183333
-0.921111 0.0261111
-0.991111 0.035
-0.973333 0.00888889
-0.964444 0.11
-0.944444 0.1
-0.983333 0.103889
-0.953333 0.128889
-0.974444 0.0383333
-0.947778 -0.0494444
-0.992222 -0.0638889
-0.905556 -0.0616667
-0.932222 -0.147222
-0.963333 -0.101111
-0.998889 -0.164444
-0.917778 -0.126667
-0.927778 -0.09
-0.99 0.09
-0.998889 0.0572222
-0.976667 0.045
-0.966667 0.005
-1.00444 -0.0422222
-0.944444 -0.0988889
-0.998889 -0.0894444
-0.983333 -0.206667
-0.97 -0.161111
-0.922222 -0.116111
-0.915556 -0.0961111
-0.921111 -0.0294444
-0.94 0.0455556
-0.954444 0.0833333
-0.942222 0.0544444
-0.988889 0.0611111
-0.993333 0.0988889
-0.984444 0.113889
-0.945556 0
-0.918889 -0.0438889
-0.93 -0.0477778
-0.996667 -0.0544444
-0.987778 -0.0905556
-0.935556 -0.167778
-0.984444 -0.0516667
-0.935556 -0.0461111
-0.916667 -0.0522222
-0.98 0.0538889
-0.984444 0.0622222
-0.958889 -0.0227778
-0.937778 -0.035
-0.996667 -0.0922222
-0.961111 -0.0516667
-0.988889 0.0127778
-1.02 -0.0227778
-0.957778 0.106111
-0.933333 -0.000555556
-0.931111 -0.0494444
-0.942222 -0.0288889
-0.992222 -0.045
-1.00889 -0.0761111
-0.922222 -0.0561111
-0.973333 -0.128889
-0.915556 -0.103889
-0.991111 -0.0961111
-0.98 -0.0327778
-0.935556 -0.0116667
-0.963333 -0.0627778
-0.961111 -0.0516667
-0.908889 0.00722222
-0.981111 -0.0344444
-0.903333 -0.00888889
-0.917778 0.0433333
-0.977778 -0.00222222
-0.942222 0.0288889
-0.916667 -0.00277778
-0.996667 -0.0216667
-0.978889 0.0922222
-0.915556 0.015
-0.965556 -0.0305556
-0.944444 0.0533333
-0.932222 0.137222
-0.934444 -0.04
-0.898889 0.0216667
-0.942222 0.1
-0.954444 0.0527778
-0.983333 0.103889
-0.967778 0.0922222
-0.864444 0.09
-0.94 0.0605556
-0.978889 0.0277778
-0.991111 0.0544444
-0.962222 0.0272222
-0.937778 0.119444
-0.987778 0.0261111
-0.967778 0.0605556
-0.907778 0.0655556
-0.933333 0.0405556
-0.945556 0.0644444
-0.943333 -0.0177778
-0.893333 -0.0322222
-0.943333 -0.0383333
-0.948889 0.0338889
-1.02778 0.0516667
-0.996667 0.0816667
-1.03111 0.0505556
-1.04333 0.0911111
-0.956667 0.0683333
-0.925556 0.0472222
-0.978889 0.0394444
-1.02889 0.015
-0.984444 -0.0155556
-0.923333 0.0455556
-0.903333 -0.0255556
-0.986667 -0.045
-0.951111 0.00111111
-1.00778 0.0172222
-0.932222 0.0172222
-0.948889 0.0488889
-0.926667 0.0683333
-0.937778 -0.0638889
-0.933333 -0.107222
-0.976667 -0.0455556
-0.977778 0.0133333
-0.948889 0.0361111
-1 -0.0422222
-0.964444 -0.0266667
-1.01333 -0.0811111
-0.89 -0.0466667
-0.891111 -0.0705556
-0.976667 -0.0516667
-0.874444 0.025
-0.962222 0.0472222
-0.961111 0.0827778
-0.97 0.153333
-1.00667 0.161667
-0.903333 0.107778
-0.938889 0.0877778
-0.947778 -0.00555556
-0.951111 0.055
-0.936667 0.0238889
-1 -0.0166667
-0.927778 0.0127778
-0.914444 0.0327778
-0.926667 0.0483333
-0.942222 0.123889
-1.01444 0.209444
-0.983333 0.194444
-0.906667 0.200556
-0.924444 0.0622222
-0.933333 0.045
-0.885556 0.00166667
-0.933333 0.0433333
-0.957778 0.0227778
-0.916667 0.0472222
-0.962222 0.0144444
-0.924444 -0.104444
-0.9 -0.0338889
-0.892222 0.01
-0.96 -0.015
-0.902222 -0.0233333
-0.941111 -0.0805556
-0.89 0.015
-0.961111 -0.0627778
-0.936667 -0.0883333
-0.97 -0.0594444
-0.95 0.0911111
-0.988889 0.045
-0.935556 0.0216667
-0.898889 0.0238889
-0.927778 0.0761111
