-1.01444 0.055
-1.05778 0.0405556
-1.06444 0.0472222
-1.03333 0.07
-1.03556 0.0661111
-1.00222 0.0616667
-1.06556 0.0338889
-1.01778 0.111111
-1.05889 0.12
-1.11889 0.142778
-1.07556 0.157222
-1.01 0.0888889
-1.08778 0.0694444
-1.08778 0.161111
-1.09222 0.144444
-1.11 0.193889
-1.04889 0.178333
-1.09778 0.148333
-1.10111 0.16
-1.09 0.0683333
-1.08556 0.0327778
-1.03778 0.0127778
-1.01444 0.03
-1.07778 0.0272222
-1.08222 0.0283333
-1.15667 0.00333333
-1.1 -0.0244444
-1.02333 -0.0527778
-1.07333 0.0166667
-1.11 0.101667
-1.08111 0.095
-1.08889 0.193889
-1.10111 0.209444
-1.11778 0.188333
-1.13667 0.197778
-1.10556 0.158889
-1.06778 0.159444
-1.10111 0.148889
-1.06111 0.101111
-1.05778 0.0666667
-1.05667 0.085
-1.08778 0.0966667
-1.06889 0.0988889
-1.10222 0.101111
-1.06889 0.138889
-1.05 0.103333
-1.03333 0.0466667
-1.10444 0.0355556
-1.11333 0.0777778
-1.1 0.0577778
-1.04 0.116111
-1.05778 0.0872222
-1.03333 0.0783333
-1.03 0.0105556
-1.04111 0.0283333
-1.10667 -0.00833333
-1.09667 0.0738889
-1.10111 0.0944444
-1.04556 0.0761111
-1.05222 0.0288889
-1.07222 0.00222222
-1.09111 -0.0622222
-1.07333 -0.0677778
-1.04889 -0.0644444
-1.08556 -0.0138889
-1.02667 0.00888889
-1.04 0.03
-1.01222 0.102778
-1.01444 0.0761111
-1.00556 0.105
-1.01778 0.0883333
-1.06333 0.0461111
-0.97 0.0477778
-1.00111 0.0461111
-1.01778 0.0827778
-1.09556 0.0877778
-1.02778 0.0916667
-1.06889 -0.0372222
-1.02778 -0.0661111
-1.03111 -0.103333
-1.01333 -0.0494444
-1.05444 -0.0722222
-1.04889 -0.106667
-0.994444 -0.126667
-1.04778 -0.130556
-1.09556 -0.106667
-1.05222 -0.11
-1.05444 -0.0466667
-1.07889 -0.0816667
-1.03889 -0.116111
-1.07 -0.102222
-1.03778 -0.135556
-1.07667 -0.0733333
-1.01889 -0.0888889
-1.02778 -0.0761111
-1.08444 -0.0738889
-1.05778 -0.0833333
-1.09778 -0.0416667
-1.07111 0.0411111
-1.09111 0.0427778
-1.09444 0.0311111
-1.09333 0.07
-1.00778 0.0955556
-0.982222 0.0566667
-1.06333 0.0505556
-1.04333 0.0705556
-1.05667 -0.005
-1.06333 -0.0972222
-1.08778 -0.141667
-1.11111 -0.168889
-1.12222 -0.152222
-1.10667 -0.146667
-1.05111 -0.126667
-1.08778 -0.140556
-1.08444 -0.180556
-1.08333 -0.195556
-1.08667 -0.239444
-1.07333 -0.232222
-1.05889 -0.252778
-1.07556 -0.253333
-0.997778 -0.228333
-1.01778 -0.187778
-1.09556 -0.180556
-1.04556 -0.196111
-1.03111 -0.180556
-1.08444 -0.0866667
-1.07778 -0.0711111
-1.01111 -0.085
-1.07222 -0.0233333
-1.06111 -0.055
-1.08556 -0.05
-1.12 -0.0616667
-1.12778 -0.0861111
-1.08889 -0.110556
-1.11111 -0.123333
-1.06222 -0.0488889
-1.07111 -0.0816667
-1.08778 -0.117778
-1.00667 -0.107778
-1.06111 -0.128889
-1.07222 -0.0933333
-1.06889 -0.0727778
-1.03778 0.0316667
-1.07444 0.0338889
-0.991111 0.0227778
-1.07556 0.00722222
-1.11556 0.0216667
-1.07444 -0.00722222
-1.05111 0.0722222
-1.12222 0.0877778
-1.05444 0.0488889
-1.08 0.0988889
-1.14444 0.0766667
-1.12 0.0733333
-1.10444 0.11
-1.09556 0.00166667
-1.08778 -0.0144444
-1.06222 0.0138889
-1.07333 0.0261111
-1.04444 0.0511111
-1.03667 -0.00333333
-1.03333 0.0133333
-1.08333 0.00166667
-1.01444 0.00111111
-1.07556 -0.0244444
-1.06222 -0.0216667
-1.04667 -0.0166667
-1.05889 0.02
-1.05889 0.0488889
-0.978889 0.0266667
-1.06778 0.0277778
-1.12222 0.0872222
-1.11667 0.025
-1.10778 0.0333333
-1.04111 0.0583333
-1.07556 0.103333
-1.03444 0.035
-1.06889 0.0411111
-1.11556 0.0188889
-1.04778 0.0333333
-1.05444 0.128333
-1.06111 0.126667
-1.04333 0.0905556
-1.01778 0.015
-1.01667 -0.0511111
-1.08111 -0.0372222
-1.02444 -0.00666667
-1.07222 0.0205556
-1.12 0.0344444
-1.11667 0.0672222
-1.07 0.0738889
-1.08333 0.142778
-1.14 0.115556
-1.04333 0.0861111
-1.12333 0.0605556
-1.05111 -0.0355556
-1.06556 -0.0588889
-1.11778 0.005
-1.07556 -0.0138889
-1.00222 -0.0172222
-1.07222 0.0577778
-1.02556 0.0333333
-1.01333 -0.00444444
-1.01333 0.0511111
-1.05778 0.0383333
-1.05889 0.0338889
-1.03 0.0622222
-1.07444 0.0561111
-1.09556 -0.0238889
-1.04111 -0.0305556
-1.03333 -0.0127778
-1.08222 0.00111111
-1.04556 -0.0188889
-0.994444 -0.0244444
-1.04 -0.0322222
-1.02 -0.0477778
-1.02444 -0.0694444
-0.997778 0.00277778
-1.06556 -0.0611111
-1.06889 -0.0711111
-1.03556 -0.07
-0.995556 -0.0916667
-0.977778 -0.0533333
-1.04778 -0.0694444
-1.07556 -0.0527778
-1.05556 0.01
-1.14222 -0.0894444
-1.07333 -0.138333
-1.11556 -0.156111
-1.07 -0.166111
-1.10556 -0.0805556
-1.13444 -0.118333
-1.12778 -0.116667
-1.09667 -0.11
-1.06444 -0.103889
-0.988889 -0.04
-1.02667 -0.0672222
-1.09 -0.0916667
-1.01556 -0.0716667
-1.08222 -0.101667
-1.07222 -0.0766667
-1.05111 -0.0766667
-1.05889 -0.156111
-1.11333 -0.187778
-1.10556 -0.218333
-1.08 -0.166111
-1.09444 -0.0938889
-1.09667 -0.0716667
-1.06889 -0.0427778
-1.03111 -0.06
-1.01667 -0.0511111
-0.994444 -0.0577778
-1.00667 -0.0277778
-1.04111 -0.0483333
-1.06222 -0.0361111
-1.04333 0.0427778
-1.05444 0.0816667
-1.06889 0.105556
-0.991111 0.0961111
-1.07222 0.0772222
-1.06889 0.107778
-1.07889 0.0561111
-1.07111 0.101667
-1.07889 0.0683333
-1.05333 0.0511111
-1.06111 0.0277778
-1.10222 0.0172222
-1.03556 -0.00611111
-1.06333 0.0405556
-1.04444 -0.0377778
-1.06444 -0.0927778
-1.09111 -0.0866667
-0.995556 -0.08
-1.04222 -0.0405556
-1.02889 0.0294444
-1.09778 -0.0344444
-1.10444 -0.0722222
-1.12333 -0.09
-1.09667 -0.0672222
-1.1 -0.12
-1.11333 -0.162222
-1.10333 -0.095
-1.08111 -0.0516667
-1.08 -0.115556
-1.10444 -0.107222
-1.04444 -0.0588889
-1.03333 -0.0594444
-1.05889 -0.0327778
-1.04222 -0.0811111
-1.06889 -0.0794444
-1.02889 -0.0672222
-1.04 -0.05
-1.02 -0.0177778
-1.10778 -0.0611111
-1.12444 -0.100556
-1.04667 -0.0644444
-1.03444 0.00166667
-1.06111 0.0155556
-1.04222 0.0544444
-0.997778 0.1
-1.05333 0.0888889
-1.03889 0.193889
-1.07 0.157778
-1.03556 0.142222
-1.02444 0.149444
-1.09889 0.185556
-1.12667 0.196667
-1.03333 0.151667
-1.07111 0.131667
-1.06333 0.095
-1.04 0.100556
-1.09778 0.166667
-1.06444 0.0994444
-1.09222 0.0788889
-1.02667 0.0527778
-1.02111 0.116667
-1.02556 0.0794444
-1.02778 0.116667
-1.00444 0.115556
-1.02444 0.0388889
-1.13333 0.0444444
-1.12444 0.103889
-1.11222 0.122778
-0.965556 0.0894444
-0.995556 0.115
-1.10889 0.0422222
-1.07667 0.0172222
-1.12 -0.0333333
-1.16333 -0.0294444
-1.10444 -0.0116667
-1.13667 0.00555556
-1.06444 -0.0166667
-1.12778 -0.0116667
-1.06111 -0.0572222
-1.04778 -0.152222
-1.09 -0.0844444
-1.06778 -0.0605556
-1.05556 -0.0155556
-1.1 -0.065
-1.06889 -0.07
-1.01222 -0.112778
-0.983333 -0.112222
-1.05556 -0.146667
-1.06 -0.0911111
-1.07667 -0.0466667
-1.07 -0.0388889
-1.06778 -0.055
-1.04 -0.0338889
-1.05111 -0.0727778
-1.02778 -0.0838889
-1.09111 -0.085
-1.15222 -0.111667
-1.13222 -0.145
-1.07444 -0.102222
-1.03222 -0.0266667
-1.01667 -0.0238889
-1.03333 0.0572222
-1.06 0.113889
-1.05667 0.163889
-1.07222 0.142222
-1.12 0.143889
-1.14444 0.151667
-1.11444 0.16
-1.11444 0.107222
-1.09333 0.0744444
-1.11444 0.03
-1.10444 0.0111111
-1.07556 -0.00944444
-1.08889 0.015
-1.07556 0.0288889
-1.10111 0.0394444
-1.09778 0.0533333
-1.06778 0.0416667
-1.04889 0.0711111
-1.04444 0.0761111
-1.08667 0.0633333
-1.08222 0.0583333
-1.04222 0.0766667
-1.04222 0.0288889
-0.993333 0.00888889
-1.04 0.0233333
-1.03778 0.105556
-1.07444 0.126111
-1.08111 0.118333
-1.07444 0.174444
-1.06111 0.131111
-1.06111 0.0877778
-1.03667 0.103333
-1.06111 0.0472222
-1.06111 -0.0155556
-1.02333 0.0366667
-1.03333 0.0861111
-1.00667 0.0722222
-1.1 0.0377778
-1.04111 0.0916667
-1.10889 0.0744444
-1.04222 0.0388889
-1.08778 0.00888889
-1.10333 0.0283333
-1.08889 0.0477778
-1.06333 0.125556
-1.10222 0.101111
-1.08889 0.102222
-1.09333 0.0627778
-1.10444 0.0916667
-1.08444 0.0833333
-1.04333 0.0422222
-1.08778 0.0805556
-1.05667 0.124444
-1.08444 0.183889
-1.05222 0.175
-1.01778 0.181111
-1.08889 0.265556
-1.05333 0.248333
-1.07667 0.253889
-1.14556 0.255
-1.13333 0.221111
-1.04 0.151111
-1.06333 0.181111
-1.10444 0.194444
-1.12778 0.225
-1.09222 0.235
-1.07111 0.243333
-1.07778 0.221667
-1.12889 0.195
-1.12 0.182778
-1.07333 0.101111
-1.16333 0.0755556
-1.00889 0.0644444
-1.05111 0.0738889
-1.08667 0.0988889
-1.07333 0.118889
-1.01 0.112222
-1.04111 0.0438889
-1.04889 0.0611111
-1.04444 0.0361111
-1.08111 0.0961111
-1.10333 0.0561111
-1.05667 0.0561111
-1.04222 0.015
-1.03889 0.0216667
-1.11444 -0.00444444
-1.06889 -0.00222222
-1.03 -0.0377778
-1.03 -0.0988889
-1.05111 -0.103333
-1.06444 -0.152222
-1.08778 -0.153889
-1.01111 -0.212778
-1.02889 -0.182778
-0.97 -0.162222
-1.03111 -0.130556
-1.07778 -0.134444
-1.02889 -0.131667
-1.08333 -0.0755556
-1.05556 -0.04
-1.07889 -0.0655556
-1.1 -0.00277778
-1.14667 0.00111111
-1.05889 0.0772222
-1.03667 0.0766667
-1.11111 -0.00333333
-1.12 0.00944444
-1.12222 -0.00444444
-1.11444 -0.0155556
-1.09 -0.0616667
-1.02 -0.116667
-1.07667 -0.0922222
-1.08222 -0.137222
-1.07111 -0.158333
-1.08778 -0.163889
-1.06444 -0.181111
-1.08 -0.152222
-1.01667 -0.18
-1.06222 -0.0633333
-1.10444 -0.0672222
-1.06556 -0.0455556
-1.09556 -0.0644444
-1.03778 -0.117222
-1.02333 -0.0916667
-1.06778 -0.0822222
-1.14222 -0.0661111
-1.14 -0.0633333
-1.07222 -0.0188889
-1.11444 -0.0683333
-1.07 -0.08
-1.07444 -0.132778
-1.10889 -0.136667
-1.08111 -0.188333
-1.06444 -0.230556
-1.08222 -0.215
-1.08333 -0.120556
-1.12778 -0.196667
-1.14 -0.187222
-1.05556 -0.112222
-1.04 -0.107778
-1.00889 -0.108333
-1.07333 -0.0927778
-1.05667 -0.0916667
-1.06111 -0.0922222
-1.06778 -0.138333
-1.07667 -0.137222
-1.03444 -0.0222222
-1.14778 0.03
-1.10556 -0.00944444
-1.09556 0.0194444
-1.13 0.0188889
-1.11556 -0.00722222
-1.11778 -0.0383333
-1.13889 -0.0994444
-1.10111 -0.0961111
-1.10556 -0.106667
-1.10556 -0.127222
-1.11556 -0.184444
-1.09 -0.222778
-1.07778 -0.226667
-1.07889 -0.219444
-1.03111 -0.26
-1.12111 -0.276111
-1.10889 -0.266111
-1.03333 -0.195
-1.07667 -0.159444
-1.03667 -0.140556
-1.04444 -0.143333
-1.07111 -0.136111
-1.06111 -0.143333
-1.02444 -0.123333
-1.02444 -0.135556
-1.05333 -0.115
-1.03333 -0.11
-1.04889 -0.0494444
-1.00111 -0.130556
-1.06667 -0.171667
-1.03444 -0.148889
-1.05889 -0.164444
-1.08444 -0.208333
-1.13444 -0.185
-1.10333 -0.177222
-1.03444 -0.118889
-1.02889 -0.123889
-1.06111 -0.0516667
-1.07667 0.0127778
-1.04444 0.0366667
-0.987778 0.0244444
-1.08667 0.0872222
-1.07222 0.0805556
-0.997778 0.0511111
-1.01778 -0.0222222
-1.04778 -0.0255556
-1.09222 -0.0566667
-1.11556 -0.0522222
-1.05556 -0.00777778
-1.03889 -0.113889
-1.07556 -0.128889
-1.10333 -0.154444
-1.05444 -0.188889
-1.05667 -0.156667
-1.06333 -0.136667
-1.06667 -0.0966667
-1.00889 -0.0744444
-1.07333 -0.0905556
-1.10222 -0.0922222
-1.03333 -0.110556
-1.07333 -0.104444
-1.09556 -0.0966667
-1.08 -0.0572222
-1.06556 -0.015
-1.04444 -0.0494444
-1.06333 -0.0127778
-1.06889 -0.0172222
-1.07444 -0.0383333
-1.04333 -0.0383333
-1.17333 -0.108333
-1.12 -0.137778
-1.15222 -0.0927778
-1.13333 -0.0677778
-1.06889 -0.0538889
-1.17778 -0.0438889
-1.14222 -0.0316667
-1.13 -0.065
-1.13556 0.0127778
-1.05111 -0.0188889
-1.04222 0.00333333
-1.08 0.0566667
-1.09111 0.0866667
-1.05667 0.00333333
-1.08222 -0.00444444
-1.04556 0.0705556
-1.06667 0.0666667
-1.04556 0.0188889
-1.06111 -0.05
-1.05333 -0.00222222
-1.09667 -0.0838889
-1.09444 -0.0455556
-1.05111 0.0133333
-1.04333 0.00888889
-1.03667 0.0572222
-1.07333 0.0544444
-1.08556 -0.0416667
-1.06556 -0.0616667
-1.02667 -0.0361111
-1.00111 -0.0455556
-1.09556 -0.0144444
-1.05333 0.035
-1.10111 0.0938889
-1.07778 0.0172222
-1.11111 0.0316667
-1.11556 0.0277778
-1.13222 0.0327778
-1.04444 -0.0238889
-1.07889 -0.00555556
-1.02 0.0444444
-1.04778 0.0627778
-1.00556 0.0622222
-1.08667 0.0716667
-1.07111 0.0683333
-1.05778 0.118333
-1.12111 0.117778
-1.07111 0.0416667
-1.15778 0.05
-1.08222 -0.0277778
-1.07889 0.0416667
-1.07444 0.0661111
-1.09 0.0927778
-1.06667 0.125556
-1.07667 0.141111
-1.08778 0.19
-1.11111 0.254444
-1.04444 0.256111
-1.03667 0.214444
-1.06889 0.232222
-1.09778 0.226667
-1.05333 0.203889
-1.07 0.207778
-1.11667 0.167778
-1.06778 0.176111
-1.07444 0.184444
-1.09667 0.0744444
-1.11556 0.0472222
-1.07667 0.12
-1.04778 0.132778
-1.12222 0.146111
-0.995556 0.0833333
-1.02444 0.0488889
-1.11556 0.110556
-1.08556 0.148333
-1.01 0.134444
-1.11667 0.175
-1.07333 0.142778
-1.06333 0.135556
-1.05333 0.127222
-1.10667 0.157778
-1.05556 0.19
-1.09111 0.247222
-1.09111 0.227222
-1.13667 0.233333
-1.10667 0.233889
-1.07556 0.217222
-1.12111 0.238333
-0.997778 0.245556
-0.987778 0.2
-1.04222 0.16
-1.04222 0.103889
-1.12333 0.121667
-1.08556 0.114444
-1.07778 0.128333
-1.08222 0.0966667
-1.03667 0.06
-1.04778 0.0705556
-1.13667 0.0822222
-1.10222 0.0466667
-1.06667 0
-1.05667 -0.03
-1.11778 0.0111111
-1.09556 0.0333333
-1.01778 -0.0588889
-0.987778 -0.0672222
-1.02556 -0.0638889
-1.03222 -0.107778
-1.05556 -0.114444
-1.09111 -0.145556
-1.07556 -0.214444
-1.04556 -0.173889
-1.05667 -0.140556
-1.06889 -0.115
-1.07 0.0216667
-1.01111 -0.0188889
-1.03889 0.0127778
-1.06778 -0.0322222
-1.04889 -0.055
-1.09889 -0.0911111
-1.07111 -0.0705556
-1.04556 0.00333333
-1.12778 -0.01
-1.06556 -0.015
-1.03667 0.0111111
-1.05222 0.0577778
-1.08333 0.0444444
-1.02889 0.0983333
-1.00778 0.0738889
-1.03556 0.121667
-1.02222 0.155556
-1.04778 0.197222
-1.07222 0.238889
-1.13 0.188333
-1.13 0.168333
-1.11222 0.135
-1.07 0.0438889
-1.04778 0.0244444
-1.09889 -0.00444444
-1.05667 -0.0233333
-1.08333 0.0105556
-1.09111 -0.00333333
-1.15889 0.0133333
-1.05222 -0.0188889
-1.10111 -0.0411111
-1.07556 -0.0361111
-1.08 -0.0527778
-1.05667 -0.0494444
-1.06222 -0.0266667
-1.06222 -0.0861111
-1.07889 -0.0355556
-1.15778 -0.0438889
-1.04444 -0.0544444
-1.05667 -0.117222
-1.01444 -0.119444
-1.01778 -0.129444
-1.07556 -0.115
-1.04889 -0.13
-1.02 -0.0405556
-1.04889 -0.0127778
-1.03222 -0.0377778
-1.05 0.0155556
-1.10333 0.00444444
-1.05444 -0.0561111
-1.05667 -0.0716667
-1.07556 -0.02
-1.09222 -0.0122222
-1.09778 -0.0672222
-1.11778 -0.0255556
-1.07778 -0.0511111
-1.08556 -0.0788889
-1.13444 -0.114444
-1.08111 -0.162222
-1.04667 -0.105
-1.08111 -0.13
-1.09556 -0.15
-1.11333 -0.122222
-1.09 -0.0544444
-1.09778 -0.0988889
-1.10222 -0.0844444
-1.04889 -0.111667
-0.987778 -0.136111
-1.13111 -0.112778
-1.02778 -0.0966667
-1.07778 -0.107222
-1.05444 -0.201667
-1.00778 -0.233889
-1.06889 -0.287778
-1.05333 -0.238333
-1.07556 -0.22
-1.06111 -0.184444
-1.07556 -0.126667
-1.11667 -0.104444
-1.09667 -0.127222
-1.06222 -0.0877778
-1.07444 -0.172778
-1.08222 -0.196111
-1.04333 -0.138333
-1.06778 -0.105556
-1.08667 -0.100556
-1.12222 -0.0361111
-1.05889 -0.0166667
-1.07 -0.0666667
-1.01 0.0627778
-1.04778 0.0133333
-1.07222 -0.0605556
-1.09222 -0.05
-1.07111 -0.0494444
-1.08556 -0.0244444
-1.04222 -0.0838889
-1.04 -0.00555556
-1.06889 0.0327778
-1.05889 0.0322222
-1.03778 0.005
-1.09 -0.0544444
-1.06556 0.005
-1.06333 0.0638889
-1.06889 -0.00111111
-1.08667 0.0477778
-1.08778 0.0755556
-1.04778 0.131111
-1.09 0.0783333
-1.05667 0.0544444
-1.04333 0.0238889
-1.07556 0.075
-1.03333 -0.00444444
-1.05111 -0.0277778
-1.07667 0
-1.03333 0.0444444
-1.09111 0.0833333
-1.04556 0.0161111
-1.01444 0.065
-1.04889 0.15
-1.09778 0.118333
-1.08333 0.172222
-1.06889 0.116111
-0.992222 0.193333
-1.05889 0.146667
-1.10667 0.122222
-1.03444 0.156667
-1.09333 0.155
-1.11111 0.170556
-1.10222 0.175
-1.10111 0.154444
-1.06667 0.126111
-1.05556 0.108333
-1.06556 0.085
-1.00222 0.00611111
-1.05333 0.102222
-1.05889 0.129444
-1.06111 0.105
-1.07667 0.13
-1.02778 0.0755556
-1.08222 0.0216667
-1.06 0.0888889
-1.05778 0.0722222
-1.06556 0.0572222
-1.09222 0.1
-1.07778 0.0311111
-1.08667 0.100556
-1.08556 0.0938889
-1.05556 0.126667
-1.05444 0.0983333
-1.04667 0.0733333
-1.05667 -0.000555556
-1.05 -0.0455556
-1.03111 -0.0522222
-1.06333 0.015
-1.03333 -0.0416667
-1.02667 -0.0377778
-1.01889 -0.0616667
-1.00778 0.0211111
-1.06778 -0.000555556
-1.08889 -0.0627778
-1.05556 -0.0688889
-1.03444 -0.08
-1.07222 -0.0705556
-1.05333 -0.111111
-1.04444 -0.0994444
-1.06444 -0.0611111
-1.06889 -0.106667
-1.13778 -0.208333
-1.07556 -0.205
-1.14111 -0.31
-1.10556 -0.297778
-1.09111 -0.245
-1.08 -0.256111
-1.06889 -0.207222
-1.05 -0.145556
-1.06333 -0.1
-1.07778 -0.0983333
-1.09 -0.141667
-1.09111 -0.0822222
-1.04 -0.09
-1.04111 -0.0961111
-1.09 -0.1
-1.04 -0.0866667
-1.03778 -0.0327778
-1.11444 -0.0133333
-1.01444 0.0327778
-1.09 0.0511111
-1.08889 0.0277778
-1.02667 0.0722222
-1.03556 -0.0305556
-1.04444 -0.100556
-1.09889 -0.116111
-1.08222 -0.105
-1.03222 -0.0983333
-1.02 -0.124444
-1.01222 -0.115
-1.04778 -0.106111
-1.10333 -0.0816667
-1.03111 -0.0461111
-1.06111 -0.0638889
-1.08667 -0.0183333
-1.05778 -0.0861111
-1.06111 -0.0888889
-1.07556 -0.0883333
-1.06222 -0.0727778
-1.08222 -0.11
-1.09889 -0.137222
-1.04556 -0.173889
-1.08333 -0.250556
-1.06444 -0.22
-1.04778 -0.203333
-1.04889 -0.167222
-0.993333 -0.201667
-1.00778 -0.233333
-1.09444 -0.216667
-1.10222 -0.266111
-1.05111 -0.238333
-1.11333 -0.277778
-1.09778 -0.275
-1.05444 -0.295
-1 -0.263889
-1.08778 -0.258889
-1.09333 -0.226667
-1.10222 -0.203889
-1.08 -0.255
-1.10111 -0.233333
-1.11333 -0.216667
-1.08667 -0.155556
-1.05333 -0.172778
-1.03778 -0.13
-1.06111 -0.0261111
-1.04444 -0.0227778
-1.05222 -0.0244444
-1.03778 -0.0583333
-1.07222 -0.135556
-1.07333 -0.136667
-1.04778 -0.101111
-1.03778 -0.0811111
-1.01222 -0.0438889
-1.07111 -0.0172222
-1.10889 -0.0472222
-1.09556 -0.0772222
-1.11444 -0.075
-1.09 0.00111111
-1.06333 -0.0838889
-1.02667 -0.0577778
-1.02889 -0.0555556
-1.06444 -0.0416667
-1.08333 -0.0172222
-1.07333 -0.0944444
-1.07333 -0.0527778
-1.12222 -0.0366667
-1.10667 -0.015
-1.08889 0.0266667
-1.09 0.0911111
-1.04 0.0988889
-1.13889 0.0966667
-1.11111 0.0505556
-1.07222 0.0266667
-1.11444 0.0405556
-1.13778 -0.00444444
-1.1 -0.0172222
-1.05889 0.0133333
-1.07556 0.0355556
-1.06667 -0.00166667
-0.998889 0.00666667
-1.01333 0.0233333
-1.07222 0.00611111
-1.02 0.0422222
-1.06667 0.0755556
-1.01778 0.106667
-1.04333 0.168889
-1.06222 0.126667
-1.08333 0.0444444
-1.02778 -0.0338889
-1.05667 0.0311111
-1.02778 0.0372222
-1.14889 -0.0522222
-1.10333 -0.0138889
-1.04889 -0.0238889
-1.04667 -0.0561111
-1.04889 -0.117222
-1.09889 -0.153333
-1.04222 -0.144444
-1.09333 -0.122778
-1.10667 -0.151111
-1.07444 -0.152222
-1.08889 -0.122222
-1.11444 -0.110556
-1.11778 -0.121111
-1.09333 -0.136111
-1.09778 -0.158333
-1.07667 -0.16
-1.06 -0.118889
-1.12444 -0.15
-1.13778 -0.155
-1.07889 -0.180556
-1.03444 -0.102778
-1.06556 -0.146667
-1.08444 -0.0977778
-1.05778 -0.0316667
-1.07667 0.0544444
-1.07 0.0783333
-1.01667 0.0261111
-1.06222 0.00111111
-1.12 -0.00277778
-1.12778 -0.0483333
-1.11111 -0.0544444
-1.11 -0.0744444
-1.09333 -0.0766667
-1.03778 -0.0172222
-1.07 -0.0227778
-1.09889 -0.00666667
-1.04778 0.025
-1.04 -0.0311111
