-1.20778 -0.117778
-1.20778 -0.121667
-1.20111 -0.104444
-1.22444 -0.128333
-1.21889 -0.0983333
-1.23222 -0.0555556
-1.26222 -0.0255556
-1.25889 -0.0205556
-1.3 -0.0616667
-1.23333 -0.108333
-1.24889 -0.15
-1.24222 -0.150556
-1.25222 -0.191111
-1.26 -0.296111
-1.26667 -0.299444
-1.22444 -0.240556
-1.16778 -0.223889
-1.21333 -0.258333
-1.18222 -0.252778
-1.14556 -0.275
-1.26889 -0.311111
-1.24 -0.363889
-1.24333 -0.366111
-1.27556 -0.395
-1.33778 -0.408333
-1.35111 -0.431111
-1.32111 -0.39
-1.29222 -0.391667
-1.26889 -0.353333
-1.21111 -0.364444
-1.26111 -0.355556
-1.26778 -0.382778
-1.21222 -0.368889
-1.20889 -0.354444
-1.25667 -0.436667
-1.34111 -0.448333
-1.27333 -0.4
-1.25889 -0.345
-1.27556 -0.363333
-1.27333 -0.335556
-1.34222 -0.322778
-1.24222 -0.318889
-1.27444 -0.286667
-1.25444 -0.315556
-1.25778 -0.374444
-1.31778 -0.466111
-1.32556 -0.447222
-1.30444 -0.448333
-1.29444 -0.451111
-1.34333 -0.462222
-1.36333 -0.473889
-1.34889 -0.498889
-1.36556 -0.468889
-1.35222 -0.449444
-1.30444 -0.464444
-1.24778 -0.480556
-1.32222 -0.489444
-1.31111 -0.473889
-1.36 -0.554444
-1.32889 -0.546667
-1.34889 -0.54
-1.31444 -0.538333
-1.30444 -0.537222
-1.25667 -0.511111
-1.31222 -0.556667
-1.36222 -0.586667
-1.30889 -0.554444
-1.32333 -0.531667
-1.35556 -0.592222
-1.29444 -0.571667
-1.32667 -0.538889
-1.38889 -0.641667
-1.30778 -0.605
-1.30556 -0.607778
-1.37667 -0.641111
-1.32222 -0.625556
-1.29889 -0.605556
-1.33111 -0.598333
-1.34111 -0.657222
-1.37222 -0.671111
-1.36667 -0.623889
-1.34556 -0.62
-1.40444 -0.637222
-1.35778 -0.618333
-1.31 -0.577778
-1.38778 -0.624444
-1.37333 -0.619444
-1.35 -0.614444
-1.33222 -0.591111
-1.37 -0.615556
-1.31333 -0.631667
-1.38556 -0.661111
-1.34778 -0.638333
-1.43111 -0.708333
-1.37 -0.657222
-1.33778 -0.621667
-1.34778 -0.58
-1.32444 -0.57
-1.32 -0.595
-1.28778 -0.582778
-1.36222 -0.576667
-1.28889 -0.535556
-1.31 -0.525556
-1.28889 -0.529444
-1.29556 -0.513333
-1.29222 -0.495556
-1.27444 -0.512778
-1.35667 -0.54
-1.31333 -0.550556
-1.29778 -0.570556
-1.30222 -0.548889
-1.26222 -0.491667
-1.33333 -0.495556
-1.33667 -0.473889
-1.26778 -0.425
-1.26667 -0.381667
-1.25778 -0.433889
-1.27556 -0.395556
-1.26222 -0.374444
-1.33667 -0.425556
-1.22778 -0.403333
-1.24111 -0.332222
-1.27333 -0.378333
-1.25333 -0.378333
-1.26778 -0.393333
-1.32111 -0.362778
-1.32333 -0.365
-1.27778 -0.312222
-1.24111 -0.282778
-1.21667 -0.301111
-1.23667 -0.275556
-1.23222 -0.286111
-1.28778 -0.292222
-1.29444 -0.308889
-1.26667 -0.321111
-1.28222 -0.298333
-1.26667 -0.324444
-1.29889 -0.328333
-1.23111 -0.247778
-1.24778 -0.271111
-1.25111 -0.244444
-1.21111 -0.245556
-1.22333 -0.228333
-1.20778 -0.211667
-1.26 -0.192778
-1.24556 -0.236111
-1.24222 -0.282222
-1.20111 -0.257222
-1.20889 -0.278333
-1.16111 -0.229444
-1.19889 -0.256111
-1.19444 -0.238889
-1.15667 -0.255
-1.27222 -0.238889
-1.28333 -0.272778
-1.21667 -0.248333
-1.20556 -0.231111
-1.18889 -0.281667
-1.18778 -0.238889
-1.16 -0.220556
-1.17667 -0.270556
-1.23444 -0.260556
-1.27556 -0.302222
-1.23333 -0.273333
-1.18889 -0.269444
-1.20333 -0.226111
-1.24778 -0.256667
-1.19444 -0.226667
-1.22667 -0.266667
-1.21889 -0.252778
-1.24111 -0.244444
-1.28333 -0.256111
-1.18111 -0.203889
-1.24444 -0.268889
-1.29444 -0.253889
-1.28222 -0.186667
-1.20667 -0.198333
-1.24556 -0.14
-1.26444 -0.0983333
-1.28111 -0.106667
-1.24222 -0.148889
-1.30556 -0.166111
-1.26667 -0.147222
-1.28778 -0.155556
-1.27222 -0.161667
-1.23667 -0.181667
-1.24889 -0.216111
-1.25333 -0.161667
-1.22556 -0.095
-1.23111 -0.0955556
-1.22778 -0.0761111
-1.25 -0.117778
-1.24556 -0.0111111
-1.26222 0
-1.27 0.0122222
-1.31889 -0.0244444
-1.29 -0.0444444
-1.20889 -0.0444444
-1.24667 -0.0105556
-1.23111 -0.0683333
-1.24333 -0.0505556
-1.20889 -0.0722222
-1.25889 -0.195
-1.26333 -0.121111
-1.27778 -0.121111
-1.31556 -0.17
-1.25444 -0.126667
-1.25 -0.0705556
-1.28444 -0.0488889
-1.31333 0.00444444
-1.32111 0.0216667
-1.26444 0.0161111
-1.30778 0.0366667
-1.29556 0.01
-1.28444 0.0177778
-1.23333 0.0905556
-1.29222 0.0883333
-1.25111 0.105556
-1.26556 0.0833333
-1.20444 0.0755556
-1.28222 0.0761111
-1.24 0.101111
-1.20333 0.113889
-1.16333 0.123889
-1.22778 0.155
-1.21111 0.145
-1.14778 0.166111
-1.24444 0.167778
-1.23556 0.174444
-1.24889 0.193333
-1.27333 0.207778
-1.28222 0.219444
-1.22556 0.187778
-1.24 0.206667
-1.24111 0.182778
-1.19111 0.0911111
-1.20444 0.0411111
-1.18111 0.0988889
-1.18667 0.09
-1.16889 0.127222
-1.19 0.114444
-1.21111 0.0405556
-1.21556 0.085
-1.23444 0.104444
-1.19222 0.116667
-1.29111 0.192778
-1.26 0.137778
-1.27667 0.145556
-1.34889 0.196667
-1.32444 0.185
-1.25556 0.228889
-1.24444 0.232222
-1.23444 0.174444
-1.25556 0.204444
-1.29667 0.228889
-1.28889 0.211667
-1.26667 0.220556
-1.29333 0.218333
-1.26667 0.252778
-1.3 0.184444
-1.29111 0.166111
-1.26444 0.175556
-1.24556 0.176111
-1.17889 0.173889
-1.25222 0.205
-1.25667 0.202222
-1.23111 0.14
-1.23333 0.127778
-1.26889 0.103333
-1.22667 0.0822222
-1.22667 0.0777778
-1.23444 0.00111111
-1.29 0.0422222
-1.33444 0.0211111
-1.31222 0.00444444
-1.34222 0.0444444
-1.30778 0.0577778
-1.26889 0.0572222
-1.27222 0.0677778
-1.32222 0.107778
-1.32 0.133889
-1.33111 0.106111
-1.31889 0.13
-1.23778 0.0822222
-1.26 0.0683333
-1.22889 0.05
-1.24111 -0.0261111
-1.23333 0.0383333
-1.25556 0.0616667
-1.21 0.0977778
-1.24333 0.111667
-1.23556 0.07
-1.16889 0.100556
-1.23889 0.0833333
-1.22111 0.148333
-1.18222 0.13
-1.27222 0.157222
-1.26889 0.124444
-1.29 0.13
-1.23222 0.0572222
-1.27222 0.00888889
-1.32667 0.0533333
-1.32667 0.0383333
-1.31 0.0283333
-1.29222 0.0383333
-1.27444 0.08
-1.27333 0.0461111
-1.21778 0.05
-1.26444 0.0688889
-1.26333 0.025
-1.21 0.0211111
-1.25333 0.0933333
-1.21556 0.085
-1.24111 0.112778
-1.2 0.0633333
-1.22333 0.0272222
-1.23333 0.0461111
-1.23111 0.0966667
-1.21889 0.0322222
-1.18333 0.0544444
-1.18667 0.0777778
-1.22444 0.0238889
-1.23444 0.02
-1.20333 0.0322222
-1.17556 0.0311111
-1.22778 0.0477778
-1.22667 0.0716667
-1.19333 0.0877778
-1.19556 0.0916667
-1.23667 0.0472222
-1.18667 0.0605556
-1.24222 0.055
-1.23222 0.0816667
-1.27111 0.0622222
-1.24556 0.0283333
-1.27778 0.0355556
-1.20556 -0.00611111
-1.22444 0.00944444
-1.23889 0.045
-1.21 0.0644444
-1.23667 0.0905556
-1.24667 0.0855556
-1.23333 0.132222
-1.26556 0.139444
-1.17333 0.112778
-1.20778 0.142778
-1.16333 0.0977778
-1.22333 0.122778
-1.22 0.126111
-1.24778 0.131667
-1.31 0.175
-1.32444 0.125
-1.28333 0.132222
-1.35667 0.103333
-1.32667 0.0483333
-1.29444 0.0761111
-1.26222 0.0705556
-1.19111 0.05
-1.21889 0.0316667
-1.18444 0.0972222
-1.20111 0.0566667
-1.25222 0.0638889
-1.30333 0.0561111
-1.31556 0.0588889
-1.27778 0.116667
-1.34444 0.119444
-1.30778 0.146111
-1.23222 0.131111
-1.26889 0.148889
-1.25778 0.219444
-1.34111 0.175556
-1.20889 0.181667
-1.30444 0.185556
-1.29778 0.13
-1.22889 0.126667
-1.23111 0.0516667
-1.20667 0.0511111
-1.24889 0.0416667
-1.26889 0.00777778
-1.25556 0.0133333
-1.22222 -0.0188889
-1.27444 0.0111111
-1.22889 0.0311111
-1.28 0.0455556
-1.18444 0.0566667
-1.19778 0.09
-1.24222 0.164444
-1.21667 0.117222
-1.25 0.187222
-1.20889 0.129444
-1.18556 0.172222
-1.22889 0.205556
-1.23111 0.187222
-1.31111 0.168889
-1.20667 0.0955556
-1.17333 0.0866667
-1.17778 0.05
-1.25 0.0383333
-1.17889 0.129444
-1.20444 0.15
-1.24889 0.175556
-1.19333 0.158889
-1.25667 0.178333
-1.16889 0.186111
-1.19778 0.250556
-1.24333 0.264444
-1.21444 0.2
-1.27556 0.155556
-1.24111 0.111111
-1.33778 0.137778
-1.26222 0.0666667
-1.29222 0.0838889
-1.24889 0.115
-1.30222 0.102222
-1.26222 0.0755556
-1.23 0.0227778
-1.25 -0.00888889
-1.30778 0.0711111
-1.31333 0.0694444
-1.20556 0.0666667
-1.3 0.0494444
-1.25444 0.0455556
-1.26111 0.0338889
-1.21889 0.0222222
-1.23889 0.00333333
-1.25667 0.0188889
-1.26 0.0105556
-1.24444 -0.119444
-1.22333 -0.06
-1.23333 0.025
-1.25111 0.0188889
-1.26111 0.0622222
-1.26111 0.110556
-1.25333 0.12
-1.21222 0.109444
-1.23111 0.125556
-1.21889 0.174444
-1.27556 0.231111
-1.29 0.195556
-1.26 0.213333
-1.26778 0.223333
-1.21778 0.228889
-1.22667 0.222778
-1.20333 0.191667
-1.24111 0.213889
-1.29889 0.264444
-1.28667 0.277778
-1.29778 0.291111
-1.27444 0.286667
-1.27778 0.272222
-1.27 0.244444
-1.31667 0.239444
-1.32111 0.248333
-1.21889 0.218333
-1.21889 0.25
-1.24778 0.249444
-1.27889 0.258889
-1.29556 0.252222
-1.23889 0.265
-1.28556 0.274444
-1.25111 0.292778
-1.21111 0.345
-1.24333 0.287222
-1.24667 0.232778
-1.24 0.264444
-1.22556 0.267778
-1.24333 0.236667
-1.17778 0.235
-1.18444 0.173889
-1.19778 0.162222
-1.23778 0.198333
-1.22444 0.239444
-1.27333 0.210556
-1.23444 0.223889
-1.21222 0.139444
-1.23778 0.109444
-1.19667 0.135
-1.16889 0.150556
-1.19 0.164444
-1.27 0.137778
-1.29 0.166667
-1.24556 0.13
-1.25444 0.0772222
-1.25778 0.15
-1.20222 0.153333
-1.26444 0.126667
-1.28556 0.171667
-1.27778 0.177778
-1.30778 0.222222
-1.29667 0.237222
-1.24111 0.16
-1.22667 0.164444
-1.22111 0.135556
-1.2 0.118889
-1.18111 0.153889
-1.22333 0.226111
-1.21222 0.251111
-1.24111 0.207222
-1.26222 0.25
-1.31444 0.263889
-1.22667 0.282222
-1.18667 0.224444
-1.11778 0.231667
-1.22778 0.271111
-1.22444 0.248333
-1.25556 0.22
-1.29778 0.233889
-1.28778 0.221667
-1.29667 0.21
-1.27778 0.191667
-1.35667 0.209444
-1.31889 0.209444
-1.25667 0.158333
-1.33111 0.118889
-1.25 0.0916667
-1.29889 0.121111
-1.31778 0.148889
-1.29111 0.095
-1.30667 0.138889
-1.29778 0.131667
-1.26556 0.134444
-1.25444 0.188333
-1.29667 0.186111
-1.30556 0.141667
-1.26556 0.162222
-1.26 0.132778
-1.25667 0.113333
-1.20222 0.137778
-1.24333 0.142778
-1.26222 0.127778
-1.26111 0.111667
-1.28111 0.156667
-1.20889 0.0977778
-1.20222 0.108333
-1.23667 0.151667
-1.27778 0.205556
-1.26222 0.228889
-1.29111 0.206111
-1.24556 0.218889
-1.19 0.252222
-1.24111 0.219444
-1.18778 0.201111
-1.19333 0.163889
-1.25111 0.176111
-1.19444 0.178889
-1.19333 0.177222
-1.24556 0.19
-1.19556 0.181111
-1.22333 0.286667
-1.25 0.317778
-1.34 0.351667
-1.29111 0.306667
-1.26222 0.236667
-1.22111 0.239444
-1.22556 0.214444
-1.25333 0.242778
-1.18556 0.213333
-1.21667 0.228333
-1.22444 0.273333
-1.19 0.194444
-1.22667 0.188333
-1.21111 0.107222
-1.18556 0.0877778
-1.18778 0.123889
-1.19889 0.0961111
-1.20889 0.131667
-1.20556 0.139444
-1.22111 0.208333
-1.28222 0.219444
-1.22111 0.231667
-1.22111 0.243889
-1.20556 0.218333
-1.2 0.218889
-1.22778 0.258889
-1.24222 0.216111
-1.16667 0.246667
-1.24889 0.251111
-1.26444 0.231667
-1.30667 0.292222
-1.32556 0.307778
-1.22667 0.272222
-1.19556 0.229444
-1.19778 0.203333
-1.15333 0.210556
-1.27 0.248333
-1.27333 0.23
-1.29 0.234444
-1.30444 0.159444
-1.21556 0.160556
-1.26111 0.215
-1.26111 0.166667
-1.30333 0.152222
-1.29667 0.171667
-1.28889 0.155
-1.27111 0.166667
-1.21889 0.103333
-1.21889 0.0211111
-1.3 0.045
-1.29333 0.0455556
-1.29444 -0.000555556
-1.26667 0
-1.23444 -0.0216667
-1.17667 -0.0277778
-1.29778 -0.00722222
-1.23222 -0.0466667
-1.21667 -0.0494444
-1.27222 -0.0977778
-1.19333 -0.0888889
-1.24556 -0.116667
-1.23778 -0.106667
-1.27222 -0.102778
-1.24667 -0.0505556
-1.21778 -0.00944444
-1.22111 -0.0227778
-1.25222 -0.02
-1.32667 0.0138889
-1.25222 0.065
-1.20222 0.0244444
-1.20111 0.0133333
-1.23778 -0.00222222
-1.30111 -0.0722222
-1.23667 -0.0533333
-1.24667 -0.0655556
-1.21111 -0.0888889
-1.22667 -0.102778
-1.23111 -0.0755556
-1.23556 -0.0905556
-1.19889 -0.136667
-1.25778 -0.103333
-1.22 -0.0683333
-1.25 -0.114444
-1.19556 -0.0638889
-1.28333 -0.0444444
-1.22111 -0.0338889
-1.22556 0.0177778
-1.18889 0.0188889
-1.15889 0.0255556
-1.24 0.0338889
-1.19556 0.0111111
-1.21778 -0.0211111
-1.17778 -0.0322222
-1.15778 -0.132778
-1.13222 -0.0938889
-1.14444 -0.12
-1.20556 -0.0633333
-1.22778 -0.0133333
-1.18889 -0.0883333
-1.15333 -0.0827778
-1.20333 -0.153333
-1.18222 -0.179444
-1.20556 -0.168889
-1.23444 -0.106111
-1.27667 -0.0972222
-1.27222 -0.107222
-1.23667 -0.132778
-1.26444 -0.158889
-1.29556 -0.198333
-1.33778 -0.251667
-1.22333 -0.230556
-1.28222 -0.261111
-1.31778 -0.238889
-1.31222 -0.185556
-1.27 -0.225
-1.27556 -0.190556
-1.23667 -0.172222
-1.27111 -0.139444
-1.22667 -0.185
-1.29 -0.163889
-1.24667 -0.195
-1.22444 -0.167222
-1.27 -0.158889
-1.27444 -0.182222
-1.28111 -0.126667
-1.26222 -0.155556
-1.29778 -0.161667
-1.24444 -0.13
-1.24333 -0.159444
-1.25222 -0.105
-1.29333 -0.0894444
-1.23556 -0.0744444
-1.26333 -0.0677778
-1.26889 -0.0794444
-1.22556 -0.0933333
-1.28111 -0.0905556
-1.25222 -0.149444
-1.21667 -0.180556
-1.28667 -0.140556
-1.22333 -0.107778
-1.25111 -0.210556
-1.33778 -0.198333
-1.33667 -0.18
-1.32111 -0.195556
-1.25 -0.192778
-1.25556 -0.170556
-1.33333 -0.156667
-1.24444 -0.158333
-1.24556 -0.204444
-1.21 -0.172222
-1.24333 -0.156667
-1.29444 -0.19
-1.27222 -0.156667
-1.25778 -0.139444
-1.31333 -0.218333
-1.21111 -0.217778
-1.23889 -0.195556
-1.25667 -0.256111
-1.21889 -0.210556
-1.18111 -0.264444
-1.18222 -0.292222
-1.27 -0.317778
-1.31556 -0.361111
-1.26778 -0.381111
-1.29 -0.337778
-1.30222 -0.311111
-1.24778 -0.274444
-1.24556 -0.258333
-1.23556 -0.311111
-1.21222 -0.28
-1.18444 -0.257222
-1.21222 -0.306111
-1.23889 -0.288889
-1.22778 -0.255556
-1.27444 -0.267778
-1.22 -0.211111
-1.22667 -0.158333
-1.25 -0.186667
-1.20222 -0.117222
-1.17889 -0.126667
-1.22778 -0.146667
-1.24667 -0.196111
-1.27556 -0.191111
-1.23333 -0.162222
-1.23889 -0.122222
-1.17889 -0.0777778
-1.19333 -0.075
-1.26111 -0.0938889
-1.27444 -0.125
-1.25556 -0.150556
-1.20778 -0.113889
-1.25111 -0.0788889
-1.22111 -0.0605556
-1.25333 0.00333333
-1.29222 0.0122222
-1.23556 0.00444444
-1.15333 -0.0272222
-1.15889 -0.0355556
-1.22222 -0.09
-1.18 -0.0844444
-1.17667 -0.108889
-1.25778 -0.0861111
-1.22 -0.085
-1.2 -0.0327778
-1.21889 0.0133333
-1.17778 0.0677778
-1.16111 0.101111
-1.19667 0.105
-1.16667 0.0572222
-1.19889 0.0605556
-1.20444 0.0222222
-1.19667 -0.0177778
-1.24 0.0205556
-1.22333 -0.0472222
-1.23333 -0.0594444
-1.28667 -0.0222222
-1.30889 -0.0494444
-1.21333 -0.0566667
-1.18333 -0.0861111
-1.27 -0.0955556
-1.23889 -0.0894444
-1.29778 -0.126667
-1.27444 -0.125
-1.30222 -0.146667
-1.27444 -0.212222
-1.27556 -0.200556
-1.27 -0.145
-1.28889 -0.183889
-1.24444 -0.173333
-1.26111 -0.157778
-1.16667 -0.142222
-1.29556 -0.193333
-1.28222 -0.257778
-1.33444 -0.309444
-1.27333 -0.301111
-1.25778 -0.300556
-1.23556 -0.269444
-1.19778 -0.264444
-1.31222 -0.333889
-1.30111 -0.295556
-1.17667 -0.327778
-1.24222 -0.310556
-1.24444 -0.296111
-1.28333 -0.311667
-1.25111 -0.342778
-1.21889 -0.271111
-1.23444 -0.279444
-1.15667 -0.252778
-1.21444 -0.297778
-1.24444 -0.32
-1.29111 -0.305556
-1.30222 -0.224444
-1.24889 -0.202222
-1.24 -0.161667
-1.23111 -0.177222
-1.27222 -0.146111
-1.3 -0.166111
-1.34333 -0.12
-1.29333 -0.14
-1.32111 -0.0955556
-1.28222 -0.104444
-1.23111 -0.0883333
-1.25667 -0.13
-1.24111 -0.035
-1.26889 -0.0438889
-1.28111 -0.015
-1.25333 -0.0794444
-1.26 -0.0672222
-1.26222 -0.0727778
-1.3 -0.0216667
-1.23667 0.0272222
-1.23 0.0772222
-1.26111 0.18
-1.21444 0.174444
-1.26444 0.136667
-1.28667 0.124444
-1.26333 0.111111
-1.25667 0.136667
-1.20333 0.205
-1.22222 0.208889
-1.24778 0.152222
-1.13111 0.193889
-1.17333 0.215556
-1.18111 0.212778
-1.22111 0.238333
-1.18889 0.26
-1.22222 0.345
-1.22778 0.328333
-1.21778 0.261667
-1.24667 0.296111
-1.20111 0.311111
-1.22333 0.360556
-1.23333 0.311111
-1.24 0.294444
-1.25667 0.309444
-1.24667 0.373889
-1.26222 0.418889
-1.23 0.416667
-1.28 0.463889
-1.27333 0.451111
-1.29667 0.461667
-1.24333 0.445556
-1.22222 0.403889
-1.23 0.404444
-1.28889 0.440556
-1.31111 0.442222
-1.27333 0.454444
-1.32667 0.412222
-1.21222 0.345556
-1.27556 0.392222
-1.23111 0.392222
-1.31222 0.45
-1.35889 0.515
-1.33667 0.492222
-1.35 0.541111
-1.19222 0.454444
-1.26667 0.458333
-1.26444 0.469444
-1.23667 0.453333
-1.25111 0.434444
-1.31667 0.446667
-1.30222 0.485556
-1.31889 0.445
-1.29667 0.453889
-1.31111 0.485556
-1.35778 0.499444
-1.32556 0.517222
-1.31333 0.533333
-1.32111 0.495556
-1.25111 0.485556
-1.27667 0.478333
-1.30111 0.473889
-1.30444 0.462778
-1.33111 0.469444
-1.29333 0.438333
-1.27778 0.386111
-1.14 0.321667
-1.20111 0.311111
-1.18333 0.305556
-1.26889 0.267222
-1.23889 0.214444
-1.22111 0.227778
-1.23778 0.26
-1.21222 0.254444
-1.23444 0.270556
-1.20222 0.233333
-1.22667 0.264444
-1.23222 0.252222
-1.17667 0.247222
-1.20333 0.195556
-1.16333 0.139444
-1.18 0.125
-1.24222 0.131667
-1.22667 0.138333
-1.15444 0.128889
-1.20556 0.170556
-1.19222 0.118333
-1.19667 0.0722222
-1.18778 0.101667
-1.18667 0.0972222
-1.18 0.0922222
-1.17 0.139444
-1.20889 0.131111
-1.18667 0.128889
-1.20778 0.0855556
-1.20333 0.109444
-1.20778 0.103333
-1.15222 0.0405556
-1.24111 0.0166667
-1.18222 0.0177778
-1.23222 0.0327778
-1.18222 0.00722222
-1.27 -0.0211111
-1.24556 -0.0283333
-1.26444 -0.0538889
-1.32 -0.107222
-1.27889 -0.0905556
-1.24667 -0.0588889
-1.19778 -0.0894444
-1.21667 -0.0772222
-1.28 -0.0883333
-1.24333 -0.115
-1.25222 -0.15
-1.26333 -0.121111
-1.17778 -0.0438889
-1.22222 -0.0411111
-1.24 -0.0594444
-1.23222 -0.0116667
-1.23333 -0.00555556
-1.23667 0.0183333
-1.24 -0.000555556
-1.17 -0.035
-1.22444 0.00222222
-1.26333 0
-1.22556 -0.00333333
-1.22 -0.0255556
-1.22667 -0.0772222
-1.26444 -0.0805556
-1.21444 -0.100556
-1.17889 -0.0833333
-1.19556 -0.0761111
-1.16778 -0.0555556
-1.22 -0.02
-1.14667 -0.0338889
-1.21444 -0.0488889
-1.19333 -0.0111111
-1.20222 0.0155556
-1.22778 0.055
-1.26222 0.0666667
-1.27889 0.0677778
-1.25889 0.0661111
-1.22778 0.0983333
-1.29778 0.138333
-1.26444 0.132778
-1.23333 0.110556
-1.24222 0.155
-1.24889 0.109444
-1.21667 0.09
-1.21444 0.125556
-1.23778 0.134444
-1.24778 0.144444
-1.2 0.0955556
-1.24333 0.0938889
-1.20444 0.115
-1.27111 0.118333
-1.23889 0.124444
-1.25 0.114444
-1.28889 0.129444
-1.26778 0.123889
-1.26667 0.128889
-1.20778 0.146667
-1.25889 0.11
-1.19778 0.186111
-1.24444 0.216667
-1.20889 0.206667
-1.22889 0.248333
-1.21222 0.283889
-1.19889 0.235556
-1.18778 0.242778
-1.23667 0.285
-1.22889 0.253889
-1.20111 0.166667
-1.26889 0.214444
-1.32889 0.223889
-1.21222 0.211111
-1.21667 0.218889
-1.24667 0.248333
-1.22222 0.178889
-1.26111 0.178889
-1.27444 0.143889
-1.24556 0.135
-1.26444 0.119444
