-1.82 -0.95
-1.42 -0.745
-1.49 -0.67
-1.35 -0.745
-1.42 -0.79
-1.39 -0.665
-1.35 -0.71
-1.48 -0.825
-1.61 -0.88
-1.57 -0.84
-1.5 -0.82
-1.54 -0.805
-1.46 -0.785
-1.55 -0.805
-1.5 -0.8
-1.6 -0.855
-1.64 -0.87
-1.53 -0.775
-1.35 -0.625
-1.45 -0.72
-1.42 -0.685
-1.49 -0.765
-1.55 -0.86
-1.54 -0.845
-1.38 -0.735
-1.48 -0.81
-1.59 -0.87
-1.55 -0.85
-1.67 -0.87
-1.53 -0.83
-1.44 -0.8
-1.54 -0.78
-1.5 -0.75
-1.42 -0.71
-1.52 -0.815
-1.47 -0.755
-1.5 -0.8
-1.45 -0.685
-1.5 -0.55
-1.17 -0.37
-1.38 -0.515
-1.38 -0.51
-1.2 -0.38
-1.23 -0.46
-1.31 -0.615
-1.16 -0.455
-1.35 -0.57
-1.44 -0.765
-1.43 -0.815
-1.54 -0.8
-1.59 -0.75
-1.65 -0.89
-1.37 -0.685
-1.35 -0.545
-1.31 -0.635
-1.59 -0.76
-1.47 -0.775
-1.21 -0.65
-1.58 -0.865
-1.43 -0.78
-1.4 -0.755
-1.47 -0.58
-1.32 -0.525
-1.17 -0.45
-1.25 -0.395
-1.02 -0.205
-1.22 -0.07
-1.17 -0.05
-1.3 -0.045
-1.2 -0.01
-1.26 -0.12
-1.26 -0.23
-1.11 -0.24
-1.27 -0.18
-1.17 -0.255
-1.31 -0.53
-1.15 -0.45
-1.25 -0.485
-1.32 -0.36
-1.23 -0.39
-1.28 -0.62
-1.4 -0.705
-1.49 -0.755
-1.42 -0.66
-1.57 -0.78
-1.54 -0.78
-1.39 -0.7
-1.31 -0.615
-1.45 -0.715
-1.34 -0.75
-1.5 -0.835
-1.29 -0.62
-1.27 -0.665
-1.49 -0.735
-1.41 -0.685
-1.52 -0.82
-1.32 -0.59
-1.26 -0.535
-1.32 -0.335
-1.32 -0.42
-1.43 -0.455
-1.44 -0.57
-1.36 -0.665
-1.65 -0.88
-1.66 -0.88
-1.66 -0.88
-1.63 -0.86
-1.54 -0.795
-1.4 -0.72
-1.5 -0.775
-1.53 -0.835
-1.54 -0.835
-1.3 -0.715
-1.58 -0.745
-1.51 -0.83
-1.54 -0.835
-1.68 -0.91
-1.46 -0.78
-1.68 -0.895
-1.69 -0.91
-1.61 -0.855
-1.63 -0.83
-1.64 -0.88
-1.5 -0.79
-1.44 -0.755
-1.46 -0.79
-1.66 -0.885
-1.64 -0.89
-1.67 -0.895
-1.61 -0.88
-1.36 -0.705
-1.2 -0.62
-1.48 -0.745
-1.59 -0.82
-1.27 -0.525
-1.29 -0.56
-1.44 -0.655
-1.32 -0.715
-1.29 -0.555
-1.35 -0.58
-1.22 -0.495
-1.37 -0.53
-1.33 -0.575
-1.38 -0.645
-1.47 -0.595
-1.46 -0.735
-1.24 -0.615
-1.42 -0.745
-1.23 -0.49
-1.1 -0.45
-1.41 -0.695
-1.55 -0.81
-1.45 -0.82
-1.54 -0.835
-1.29 -0.64
-1.63 -0.845
-1.65 -0.875
-1.81 -0.94
-1.71 -0.89
-1.59 -0.855
-1.63 -0.845
-1.25 -0.59
-1.46 -0.62
-1.7 -0.875
-1.52 -0.78
-1.49 -0.835
-1.31 -0.765
-1.36 -0.675
-1.24 -0.625
-1.31 -0.655
-1.49 -0.805
-1.28 -0.675
-1.57 -0.865
-1.39 -0.78
-1.6 -0.86
-1.3 -0.725
-1.18 -0.575
-1.46 -0.69
-1.27 -0.635
-1.23 -0.41
-1.27 -0.535
-1.49 -0.81
-1.61 -0.845
-1.57 -0.855
-1.59 -0.735
-1.47 -0.77
-1.37 -0.73
-1.55 -0.825
-1.58 -0.855
-1.39 -0.755
-1.32 -0.75
-1.61 -0.83
-1.65 -0.87
-1.65 -0.855
-1.44 -0.685
-1.54 -0.85
-1.6 -0.86
-1.31 -0.745
-1.56 -0.85
-1.39 -0.75
-1.48 -0.805
-1.33 -0.68
-1.45 -0.755
-1.46 -0.735
-1.6 -0.87
-1.65 -0.89
-1.46 -0.805
-1.54 -0.84
-1.53 -0.83
-1.58 -0.85
-1.36 -0.74
-1.58 -0.81
-1.57 -0.83
-1.6 -0.855
-1.2 -0.43
-1.51 -0.785
-1.48 -0.72
-1.31 -0.66
-1.55 -0.84
-1.49 -0.735
-1.35 -0.69
-1.55 -0.82
-1.48 -0.78
-1.67 -0.86
-1.49 -0.76
-1.36 -0.595
-1.55 -0.815
-1.46 -0.715
-1.41 -0.675
-1.42 -0.745
-1.58 -0.85
-1.58 -0.815
-1.3 -0.67
-1.34 -0.67
-1.45 -0.8
-1.29 -0.695
-1.44 -0.78
-1.33 -0.69
-1.4 -0.74
-1.56 -0.77
-1.48 -0.825
-1.48 -0.825
-1.56 -0.855
-1.49 -0.775
-1.32 -0.685
-1.33 -0.73
-1.43 -0.8
-1.57 -0.855
-1.65 -0.865
-1.54 -0.81
-1.46 -0.795
-1.4 -0.78
-1.59 -0.86
-1.56 -0.825
-1.35 -0.65
-1.34 -0.59
-1.29 -0.57
-1.46 -0.775
-1.4 -0.69
-1.41 -0.665
-1.37 -0.67
-1.3 -0.655
-1.52 -0.83
-1.42 -0.765
-1.47 -0.82
-1.48 -0.79
-1.34 -0.7
-1.57 -0.805
-1.45 -0.75
-1.64 -0.855
-1.39 -0.65
-1.69 -0.855
-1.18 -0.555
-1.28 -0.285
-1.39 -0.515
-1.32 -0.31
-1.12 -0.11
-1.37 -0.1
-1.18 0.18
-1.25 0.165
-1.3 0.325
-1.27 0.17
-1.14 -0.08
-1.23 -0.43
-1.33 -0.625
-1.31 -0.6
-1.15 -0.465
-1.41 -0.58
-1.29 -0.545
-1.35 -0.64
-1.24 -0.66
-1.41 -0.79
-1.16 -0.6
-1.35 -0.64
-1.17 -0.52
-1.28 -0.65
-1.36 -0.725
-1.49 -0.775
-1.3 -0.7
-1.29 -0.65
-1.62 -0.8
-1.5 -0.805
-1.57 -0.775
-1.57 -0.83
-1.38 -0.715
-1.42 -0.79
-1.28 -0.71
-1.39 -0.76
-1.38 -0.665
-1.19 -0.625
-1.35 -0.69
-1.36 -0.595
-1.3 -0.505
-1.37 -0.48
-1.24 -0.545
-1.4 -0.71
-1.49 -0.81
-1.46 -0.79
-1.68 -0.9
-1.68 -0.905
-1.51 -0.815
-1.6 -0.835
-1.43 -0.775
-1.55 -0.815
-1.33 -0.74
-1.52 -0.8
-1.48 -0.735
-1.56 -0.83
-1.6 -0.82
-1.45 -0.75
-1.25 -0.605
-1.14 -0.555
-1.29 -0.515
-1.32 -0.635
-1.46 -0.625
-1.37 -0.69
-1.53 -0.78
-1.38 -0.695
-1.4 -0.655
-1.31 -0.53
-1.48 -0.765
-1.54 -0.855
-1.6 -0.87
-1.47 -0.81
-1.36 -0.77
-1.38 -0.695
-1.32 -0.665
-1.65 -0.87
-1.59 -0.81
-1.48 -0.815
-1.57 -0.82
-1.7 -0.91
-1.78 -0.89
-1.38 -0.595
-1.5 -0.69
-1.52 -0.735
-1.61 -0.86
-1.51 -0.82
-1.63 -0.845
-1.38 -0.78
-1.51 -0.8
-1.52 -0.695
-1.57 -0.815
-1.71 -0.91
-1.54 -0.78
-1.52 -0.78
-1.61 -0.84
-1.45 -0.79
-1.3 -0.715
-1.45 -0.79
-1.23 -0.575
-1.49 -0.79
-1.54 -0.765
-1.31 -0.66
-1.26 -0.605
-1.45 -0.715
-1.48 -0.75
-1.41 -0.705
-1.44 -0.775
-1.38 -0.77
-1.54 -0.775
-1.39 -0.69
-1.46 -0.715
-1.33 -0.57
-1.34 -0.54
-1.53 -0.81
-1.5 -0.79
-1.45 -0.7
-1.5 -0.655
-1.34 -0.525
-1.41 -0.585
-1.27 -0.395
-1.13 -0.24
-1.09 -0.09
-1.13 -0.03
-1.29 -0.105
-1.17 -0.14
-1.28 -0.51
-1.15 -0.56
-1.29 -0.54
-1.48 -0.66
-1.31 -0.64
-1.43 -0.745
-1.67 -0.9
-1.51 -0.73
-1.44 -0.765
-1.39 -0.685
-1.6 -0.835
-1.47 -0.78
-1.38 -0.68
-1.32 -0.655
-1.63 -0.845
-1.41 -0.765
-1.48 -0.805
-1.57 -0.825
-1.36 -0.685
-1.3 -0.46
-1.39 -0.695
-1.35 -0.715
-1.49 -0.83
-1.6 -0.845
-1.53 -0.805
-1.63 -0.84
-1.57 -0.845
-1.59 -0.86
-1.47 -0.75
-1.32 -0.745
-1.5 -0.81
-1.45 -0.765
-1.37 -0.72
-1.3 -0.705
-1.39 -0.56
-1.42 -0.57
-1.32 -0.51
-1.19 -0.51
-1.14 -0.465
-1.22 -0.47
-1.25 -0.325
-1.23 -0.205
-1.36 -0.185
-1.1 -0.18
-1.02 0.05
-1.26 -0.27
-1.17 -0.215
-1.46 -0.215
-1.09 -0.005
-1.12 0.015
-1.22 0.035
-1.32 0.03
-1.06 -0.025
-1.04 -0.09
-1.3 -0.21
-1.12 -0.335
-1.29 -0.465
-1.28 -0.38
-1.32 -0.645
-1.29 -0.555
-1.48 -0.595
-1.45 -0.685
-1.28 -0.625
-1.24 -0.62
-1.41 -0.725
-1.57 -0.845
-1.62 -0.87
-1.51 -0.805
-1.65 -0.895
-1.57 -0.84
-1.34 -0.665
-1.31 -0.67
-1.61 -0.87
-1.31 -0.7
-1.32 -0.675
-1.29 -0.68
-1.56 -0.81
-1.49 -0.735
-1.56 -0.865
-1.44 -0.82
-1.57 -0.86
-1.5 -0.78
-1.24 -0.64
-1.43 -0.74
-1.42 -0.725
-1.44 -0.665
-1.51 -0.82
-1.53 -0.81
-1.49 -0.78
-1.32 -0.595
-1.24 -0.57
-1.28 -0.555
-1.33 -0.48
-1.36 -0.495
-1.17 -0.695
-1.07 -0.47
-1.09 -0.385
-1.35 -0.505
-1.44 -0.695
-1.39 -0.72
-1.54 -0.87
-1.45 -0.8
-1.38 -0.79
-1.4 -0.795
-1.37 -0.675
-1.21 -0.59
-1.35 -0.56
-1.18 -0.335
-1.5 -0.665
-1.45 -0.765
-1.53 -0.85
-1.35 -0.68
-1.38 -0.775
-1.62 -0.83
-1.53 -0.86
-1.48 -0.795
-1.6 -0.875
-1.45 -0.78
-1.39 -0.79
-1.42 -0.77
-1.59 -0.855
-1.57 -0.845
-1.4 -0.72
-1.5 -0.79
-1.4 -0.685
-1.45 -0.77
-1.42 -0.75
-1.59 -0.8
-1.53 -0.845
-1.46 -0.735
-1.53 -0.79
-1.46 -0.675
-1.39 -0.635
-1.26 -0.42
-1.21 -0.375
-1.33 -0.49
-1.28 -0.585
-1.35 -0.575
-1.36 -0.425
-1.33 -0.52
-1.18 -0.51
-1.31 -0.485
-1.3 -0.455
-1.12 -0.225
-1.17 0.025
-1.13 0.06
-1.19 -0.065
-1.3 0.09
-1.15 0.22
-1.18 0.195
-1.18 0.515
-1.46 0.705
-1.71 0.87
-1.67 0.895
-1.61 0.845
-1.7 0.9
-1.44 0.71
-1.45 0.64
-1.37 0.585
-1.28 0.54
-1.36 0.545
-1.21 0.63
-1.73 0.92
-1.51 0.75
-1.53 0.865
-1.39 0.72
-1.5 0.805
-1.49 0.84
-1.5 0.81
-1.54 0.815
-1.25 0.605
-1.44 0.745
-1.62 0.865
-1.45 0.805
-1.39 0.73
-1.45 0.765
-1.47 0.775
-1.4 0.665
-1.2 0.5
-1.4 0.655
-1.23 0.46
-1.3 0.36
-1.27 0.095
-1.3 0.455
-1.23 0.305
-1.09 0.27
-1.2 0.4
-1.55 0.745
-1.31 0.675
-1.36 0.63
-1.29 0.57
-1.34 0.585
-1.05 0.34
-1.38 0.55
-1.22 0.32
-1.4 0.655
-1.35 0.73
-1.6 0.815
-1.53 0.825
-1.37 0.66
-1.24 0.58
-1.45 0.71
-1.52 0.815
-1.66 0.885
-1.35 0.71
-1.62 0.82
-1.51 0.84
-1.54 0.775
-1.5 0.79
-1.5 0.755
-1.52 0.81
-1.54 0.82
-1.34 0.665
-1.33 0.63
-1.39 0.69
-1.26 0.57
-1.47 0.655
-1.4 0.735
-1.29 0.695
-1.49 0.785
-1.44 0.765
-1.54 0.865
-1.63 0.815
-1.58 0.805
-1.64 0.885
-1.46 0.74
-1.45 0.755
-1.32 0.625
-1.4 0.79
-1.49 0.815
-1.42 0.79
-1.59 0.845
-1.37 0.73
-1.34 0.57
-1.55 0.82
-1.72 0.91
-1.47 0.775
-1.57 0.805
-1.45 0.795
-1.5 0.805
-1.47 0.79
-1.59 0.775
-1.55 0.775
-1.7 0.905
-1.63 0.87
-1.46 0.79
-1.58 0.81
-1.48 0.69
-1.39 0.64
-1.22 0.39
-1.44 0.42
-1.4 0.505
-1.41 0.545
-1.38 0.625
-1.29 0.49
-1.34 0.365
-1.21 0.44
-1.38 0.585
-1.36 0.665
-1.58 0.84
-1.54 0.83
-1.37 0.74
-1.49 0.74
-1.43 0.54
-1.49 0.795
-1.59 0.875
-1.55 0.81
-1.46 0.775
-1.35 0.63
-1.33 0.65
-1.41 0.74
-1.33 0.54
-1.43 0.745
-1.67 0.87
-1.56 0.745
-1.39 0.705
-1.42 0.615
-1.49 0.765
-1.46 0.72
-1.19 0.52
-1.53 0.685
-1.32 0.655
-1.55 0.785
-1.65 0.835
-1.52 0.81
-1.54 0.83
-1.23 0.7
-1.3 0.63
-1.28 0.45
-1.26 0.515
-1.19 0.335
-1.16 0.28
-1.23 0.24
-1.07 0.1
-1.38 0.245
-1.26 -0.095
-1.37 -0.365
-1.14 -0.28
-1.27 -0.27
-1.21 -0.075
-1.24 0.205
-0.97 0.09
-1.28 0.12
-1.15 0.18
-1.33 0.4
-1.33 0.535
-1.27 0.43
-1.25 0.435
-1.31 0.37
-1.21 0.345
-1.3 0.465
-1.27 0.545
-1.33 0.64
-1.32 0.615
-1.39 0.735
-1.21 0.54
-0.97 0.41
-1.2 0.345
-1.15 0.245
-1.2 0.33
-1.29 0.225
-1.19 0.22
-1.38 0.425
-1.19 0.395
-1.18 0.365
-1.04 -0.08
-1.18 0.045
-1.21 0.385
-1.38 0.43
-1.26 0.425
-1.3 0.52
-1.24 0.245
-1.27 0.18
-1.05 0.205
-1.25 0.25
-1.31 0.31
-1.29 0.315
-1.37 0.45
-1.26 0.37
-1.23 0.53
-1.33 0.625
-1.46 0.69
-1.4 0.59
-1.35 0.57
-1.23 0.28
-1.2 0.115
-1.23 0.2
-1.06 0.105
-1.09 0.25
-1.44 0.605
-1.13 0.425
-1.41 0.685
-1.38 0.7
-1.44 0.695
-1.09 0.475
-1.35 0.69
-1.43 0.72
-1.42 0.825
-1.54 0.78
-1.32 0.55
-1.34 0.6
-1.32 0.7
-1.41 0.715
-1.46 0.745
-1.4 0.745
-1.35 0.685
-1.32 0.74
-1.26 0.665
-1.38 0.56
-1.14 0.485
-1.26 0.545
-1.37 0.655
-1.34 0.605
-1.4 0.685
-1.44 0.735
-1.23 0.575
-1.37 0.505
-1.33 0.64
-1.47 0.79
-1.42 0.69
-1.47 0.755
-1.52 0.8
-1.75 0.925
-1.68 0.89
-1.57 0.845
-1.48 0.715
-1.18 0.6
-1.43 0.6
-1.38 0.535
-1.46 0.675
-1.52 0.865
-1.44 0.785
-1.64 0.835
-1.52 0.84
-1.37 0.755
-1.37 0.8
-1.43 0.72
-1.56 0.83
-1.51 0.77
-1.57 0.785
-1.38 0.735
-1.55 0.795
-1.65 0.895
-1.54 0.815
-1.51 0.815
-1.39 0.685
-1.26 0.65
-1.3 0.495
-1.33 0.54
-1.39 0.62
-1.31 0.695
-1.5 0.745
-1.32 0.745
-1.65 0.875
-1.39 0.77
-1.34 0.615
-1.66 0.9
-1.64 0.89
-1.47 0.82
-1.54 0.8
-1.1 0.35
-1.02 0
-1.2 -0.095
-1.18 0.15
-1.39 -0.135
-1.27 0.045
-1.14 0.005
-1.3 -0.175
-1.19 -0.175
-1.2 -0.28
-1.22 -0.39
-1.34 -0.48
-1.49 -0.595
-1.26 -0.46
-1.24 -0.36
-1.3 -0.49
-1.27 -0.51
-1.44 -0.7
-1.45 -0.74
-1.46 -0.77
-1.55 -0.84
-1.53 -0.805
-1.41 -0.725
-1.21 -0.465
-1.38 -0.69
-1.55 -0.83
-1.47 -0.69
-1.36 -0.71
-1.61 -0.855
-1.57 -0.845
-1.6 -0.835
-1.52 -0.83
-1.52 -0.78
-1.39 -0.735
-1.58 -0.79
-1.24 -0.635
-1.4 -0.74
-1.21 -0.555
-1.22 -0.61
-1.24 -0.545
-1.39 -0.655
-1.45 -0.8
-1.37 -0.67
-1.43 -0.78
-1.27 -0.635
-1.65 -0.88
-1.65 -0.835
-1.62 -0.885
-1.44 -0.76
-1.44 -0.795
-1.66 -0.86
-1.54 -0.8
-1.41 -0.82
-1.48 -0.825
-1.34 -0.74
-1.32 -0.595
-1.38 -0.55
-1.52 -0.82
-1.43 -0.705
-1.5 -0.79
-1.48 -0.78
-1.63 -0.875
-1.53 -0.815
-1.53 -0.84
-1.4 -0.7
-1.31 -0.675
-1.52 -0.785
-1.7 -0.915
-1.4 -0.74
-1.62 -0.83
-1.49 -0.795
-1.58 -0.88
-1.39 -0.805
-1.42 -0.765
-1.41 -0.775
-1.44 -0.83
-1.41 -0.765
-1.56 -0.835
-1.43 -0.725
-1.44 -0.68
-1.29 -0.515
-1.54 -0.835
-1.34 -0.695
-1.28 -0.67
-1.43 -0.73
-1.38 -0.76
-1.53 -0.795
-1.48 -0.76
-1.51 -0.805
-1.69 -0.905
-1.61 -0.865
-1.61 -0.885
-1.42 -0.81
-1.48 -0.745
-1.43 -0.695
-1.3 -0.6
-1.57 -0.83
-1.36 -0.625
-1.44 -0.71
-1.43 -0.625
-1.43 -0.645
-1.5 -0.76
-1.29 -0.6
-1.32 -0.72
-1.37 -0.67
-1.5 -0.705
-1.47 -0.645
-1.39 -0.7
-1.56 -0.805
-1.54 -0.86
-1.63 -0.855
-1.62 -0.865
-1.53 -0.825
-1.41 -0.765
-1.61 -0.88
-1.49 -0.83
-1.7 -0.91
-1.54 -0.82
-1.43 -0.685
-1.51 -0.73
-1.42 -0.67
-1.26 -0.585
-1.35 -0.66
-1.39 -0.685
-1.49 -0.72
-1.5 -0.755
-1.47 -0.67
-1.58 -0.81
-1.41 -0.69
-1.17 -0.48
-1.13 -0.325
-1.1 -0.16
-1.42 -0.335
-1.35 -0.3
-1.37 -0.42
-1.19 -0.37
-1.29 -0.35
-1.33 -0.41
-1.33 -0.31
-1.16 -0.25
-1.29 -0.375
-1.1 -0.285
-1.41 -0.735
-1.47 -0.785
-1.52 -0.805
-1.45 -0.725
-1.43 -0.78
-1.56 -0.81
-1.52 -0.82
-1.45 -0.78
-1.48 -0.765
-1.45 -0.7
-1.57 -0.82
-1.52 -0.86
-1.66 -0.89
-1.63 -0.89
-1.5 -0.825
-1.38 -0.725
-1.51 -0.815
-1.5 -0.795
-1.49 -0.81
-1.49 -0.74
-1.48 -0.825
-1.43 -0.7
-1.65 -0.89
-1.47 -0.73
-1.44 -0.695
-1.21 -0.545
-1.28 -0.635
-1.54 -0.75
-1.36 -0.555
-1.52 -0.675
-1.37 -0.795
-1.55 -0.85
-1.57 -0.825
-1.4 -0.795
-1.36 -0.77
-1.6 -0.88
-1.48 -0.815
-1.6 -0.85
-1.59 -0.84
-1.36 -0.58
-1.54 -0.81
-1.39 -0.76
-1.4 -0.685
-1.52 -0.75
-1.59 -0.855
-1.56 -0.84
-1.67 -0.865
-1.51 -0.835
-1.34 -0.69
-1.63 -0.89
-1.7 -0.895
-1.6 -0.85
-1.54 -0.86
-1.31 -0.645
-1.36 -0.705
-1.47 -0.715
-1.5 -0.77
-1.35 -0.725
-1.7 -0.89
-1.53 -0.815
-1.67 -0.895
-1.45 -0.785
-1.55 -0.845
-1.65 -0.895
-1.59 -0.865
-1.59 -0.825
-1.48 -0.755
-1.58 -0.82
-1.16 -0.585
-1.51 -0.715
-1.62 -0.875
-1.36 -0.75
-1.26 -0.65
-1.53 -0.715
-1.59 -0.765
-1.31 -0.605
-1.3 -0.51
-1.44 -0.43
-1.39 -0.41
-1.33 -0.385
-1.19 -0.46
-1.26 -0.52
-1.21 -0.43
-1.29 -0.265
-1.27 -0.075
-1.07 -0.085
-1.29 0.015
-1.19 -0.255
-1.34 -0.565
-1.34 -0.55
-1.16 -0.445
-1.13 -0.375
-1.47 -0.7
-1.54 -0.825
-1.36 -0.715
-1.7 -0.905
-1.44 -0.795
-1.72 -0.86
-1.59 -0.85
-1.46 -0.775
-1.47 -0.745
-1.58 -0.8
-1.53 -0.805
-1.61 -0.85
-1.43 -0.755
-1.42 -0.715
-1.52 -0.775
-1.53 -0.805
-1.54 -0.825
-1.36 -0.745
-1.45 -0.81
-1.53 -0.82
-1.65 -0.885
-1.5 -0.825
-1.49 -0.835
-1.47 -0.835
-1.41 -0.78
-1.45 -0.775
-1.44 -0.775
-1.45 -0.635
-1.54 -0.8
-1.53 -0.83
-1.62 -0.845
-1.52 -0.765
-1.52 -0.795
-1.36 -0.79
-1.55 -0.79
-1.52 -0.81
-1.4 -0.7
-1.45 -0.685
-1.45 -0.78
-1.41 -0.58
-1.39 -0.69
-1.52 -0.665
-1.24 -0.705
-1.39 -0.72
-1.41 -0.755
-1.53 -0.845
-1.56 -0.86
-1.59 -0.84
-1.49 -0.77
-1.6 -0.865
-1.57 -0.82
-1.6 -0.865
-1.75 -0.905
-1.28 -0.655
-1.39 -0.685
-1.46 -0.68
-1.45 -0.795
-1.59 -0.79
-1.5 -0.8
-1.3 -0.64
-1.49 -0.69
-1.43 -0.67
-1.25 -0.42
-1.37 -0.56
-1.52 -0.775
-1.45 -0.8
-1.4 -0.74
-1.58 -0.82
-1.53 -0.83
-1.73 -0.92
-1.68 -0.9
-1.66 -0.85
-1.62 -0.875
-1.61 -0.875
-1.54 -0.75
-1.62 -0.87
-1.49 -0.805
-1.43 -0.765
-1.5 -0.8
-1.58 -0.825
-1.63 -0.855
-1.62 -0.865
-1.36 -0.77
-1.5 -0.82
-1.56 -0.85
-1.52 -0.83
-1.28 -0.56
-1.4 -0.55
-1.27 -0.62
-1.34 -0.665
-1.51 -0.59
-1.32 -0.57
-1.4 -0.725
-1.39 -0.73
-1.45 -0.765
-1.28 -0.61
-1.43 -0.735
-1.43 -0.705
-1.33 -0.68
-1.63 -0.795
-1.44 -0.735
-1.57 -0.875
-1.64 -0.875
-1.59 -0.87
-1.57 -0.86
-1.31 -0.675
-1.38 -0.75
-1.49 -0.81
-1.61 -0.85
-1.6 -0.86
-1.38 -0.71
-1.55 -0.795
-1.53 -0.825
-1.62 -0.84
-1.64 -0.88
-1.42 -0.735
-1.55 -0.835
-1.58 -0.84
-1.52 -0.815
-1.46 -0.665
-1.36 -0.665
-1.32 -0.65
-1.36 -0.64
-1.47 -0.735
-1.57 -0.78
-1.5 -0.785
-1.38 -0.525
-1.42 -0.735
-1.62 -0.85
-1.59 -0.875
-1.31 -0.7
-1.4 -0.72
-1.58 -0.87
-1.66 -0.875
-1.67 -0.8
-1.33 -0.655
-1.42 -0.6
-1.15 -0.475
-1.25 -0.66
-1.38 -0.71
-1.53 -0.845
-1.65 -0.89
-1.58 -0.82
-1.35 -0.67
-1.3 -0.595
-1.27 -0.4
-1.16 -0.42
-1.23 -0.505
-1.46 -0.7
-1.45 -0.615
-1.12 -0.475
-1.12 -0.22
-1.13 -0.2
-1.1 -0.21
-1.39 -0.57
-1.43 -0.735
-1.65 -0.895
-1.47 -0.765
-1.52 -0.85
-1.43 -0.735
-1.52 -0.785
-1.4 -0.68
-1.42 -0.78
-1.63 -0.87
-1.55 -0.865
-1.59 -0.865
-1.4 -0.735
-1.23 -0.705
-1.36 -0.745
-1.48 -0.81
-1.52 -0.765
-1.48 -0.81
-1.31 -0.595
-1.63 -0.855
-1.44 -0.73
-1.35 -0.44
-1.12 -0.33
-1.22 -0.37
-1.28 -0.28
-1.27 -0.3
-1.39 -0.615
-1.35 -0.495
-1.4 -0.61
-1.47 -0.705
-1.5 -0.645
-1.31 -0.695
-1.31 -0.69
-1.43 -0.745
-1.56 -0.79
-1.47 -0.755
-1.49 -0.78
-1.46 -0.79
-1.65 -0.89
-1.57 -0.83
-1.73 -0.92
-1.6 -0.865
-1.46 -0.8
-1.37 -0.77
-1.42 -0.715
-1.31 -0.645
-1.43 -0.69
-1.51 -0.715
-1.51 -0.79
-1.59 -0.8
-1.65 -0.87
-1.48 -0.71
-1.28 -0.57
-1.19 -0.47
-1.16 -0.535
-1.35 -0.655
-1.6 -0.84
-1.62 -0.865
-1.62 -0.865
-1.43 -0.785
-1.53 -0.79
-1.65 -0.885
-1.18 -0.625
-1.3 -0.615
-1.31 -0.46
-1.26 -0.525
-1.47 -0.66
-1.41 -0.64
-1.59 -0.715
-1.61 -0.745
-1.16 -0.595
-1.44 -0.825
-1.61 -0.86
-1.65 -0.87
-1.47 -0.785
-1.51 -0.795
-1.43 -0.695
-1.43 -0.7
-1.2 -0.56
-1.44 -0.565
-1.22 -0.585
-1.39 -0.675
-1.4 -0.785
-1.58 -0.855
-1.6 -0.86
-1.57 -0.85
-1.56 -0.825
-1.42 -0.785
-1.56 -0.835
-1.48 -0.76
-1.57 -0.765
-1.41 -0.64
-1.36 -0.585
-1.4 -0.675
-1.31 -0.71
-1.56 -0.82
-1.5 -0.785
-1.42 -0.785
-1.5 -0.785
-1.42 -0.8
-1.56 -0.84
-1.58 -0.865
-1.6 -0.87
-1.48 -0.795
-1.7 -0.88
-1.39 -0.76
-1.43 -0.78
-1.5 -0.785
-1.47 -0.78
-1.21 -0.44
-1.3 -0.395
-1.39 -0.265
-1.12 -0.04
-1.39 0.05
-1.25 -0.135
-1.24 -0.33
-1.45 -0.44
-1.22 -0.43
-1.55 -0.665
-1.46 -0.755
-1.47 -0.77
-1.28 -0.645
-1.23 -0.46
-1.29 -0.425
-1.2 -0.36
-1.36 -0.305
-1.26 -0.6
-1.34 -0.675
-1.71 -0.915
-1.59 -0.84
-1.77 -0.925
-1.49 -0.815
-1.56 -0.85
-1.44 -0.76
-1.67 -0.9
-1.6 -0.885
-1.48 -0.795
-1.59 -0.875
-1.34 -0.72
-1.59 -0.87
-1.56 -0.79
-1.53 -0.845
-1.46 -0.73
-1.37 -0.72
-1.42 -0.685
-1.33 -0.74
-1.46 -0.805
-1.44 -0.73
-1.47 -0.72
-1.65 -0.905
-1.47 -0.83
-1.31 -0.71
-1.4 -0.55
-1.29 -0.61
-1.45 -0.68
-1.38 -0.7
-1.66 -0.88
-1.65 -0.87
-1.5 -0.765
-1.6 -0.86
-1.38 -0.665
-1.46 -0.68
-1.54 -0.82
-1.48 -0.795
-1.35 -0.73
-1.48 -0.795
-1.47 -0.67
-1.53 -0.81
-1.49 -0.69
-1.22 -0.57
-1.37 -0.665
-1.51 -0.695
-1.36 -0.6
-1.15 -0.515
-1.31 -0.62
-1.52 -0.83
-1.38 -0.75
-1.55 -0.835
-1.42 -0.775
-1.53 -0.825
-1.46 -0.76
-1.38 -0.675
-1.37 -0.7
-1.35 -0.545
-1.3 -0.53
-1.23 -0.59
-1.21 -0.545
-1.55 -0.52
-1.36 -0.37
-1.24 -0.505
-1.46 -0.715
-1.44 -0.675
-1.4 -0.625
-1.19 -0.53
-1.32 -0.57
-1.32 -0.59
-1.33 -0.6
-1.46 -0.64
-1.49 -0.655
-1.45 -0.575
-1.25 -0.585
-1.43 -0.785
-1.4 -0.655
-1.37 -0.465
-1.15 -0.4
-1.24 -0.38
-1.45 -0.65
-1.46 -0.67
-1.38 -0.655
-1.56 -0.755
-1.59 -0.78
-1.37 -0.7
-1.29 -0.675
-1.16 -0.51
-1.35 -0.63
-1.1 -0.51
-1.21 -0.33
-1.08 -0.29
-1.29 -0.5
-1.3 -0.565
-1.38 -0.77
-1.56 -0.85
-1.56 -0.855
-1.5 -0.78
-1.6 -0.85
-1.23 -0.64
-1.32 -0.68
-1.13 -0.515
-1.29 -0.635
-1.38 -0.69
-1.44 -0.785
-1.72 -0.875
-1.64 -0.83
-1.41 -0.755
-1.62 -0.86
-1.5 -0.795
-1.5 -0.77
-1.44 -0.675
-1.35 -0.625
-1.35 -0.715
-1.43 -0.725
-1.47 -0.74
-1.49 -0.79
-1.58 -0.84
-1.6 -0.86
-1.55 -0.815
-1.46 -0.765
-1.41 -0.68
-1.59 -0.815
-1.3 -0.715
-1.42 -0.685
-1.18 -0.66
-1.4 -0.69
-1.49 -0.8
-1.52 -0.815
-1.43 -0.77
-1.45 -0.765
-1.42 -0.535
-1.28 -0.53
-1.37 -0.715
-1.43 -0.795
-1.49 -0.81
-1.52 -0.765
-1.57 -0.845
-1.45 -0.785
-1.25 -0.605
-1.51 -0.745
-1.23 -0.64
-1.6 -0.74
-1.51 -0.71
-1.27 -0.59
-1.4 -0.715
-1.3 -0.555
-1.32 -0.66
-1.42 -0.64
-1.49 -0.765
-1.64 -0.86
-1.46 -0.71
-1.4 -0.715
-1.44 -0.75
-1.53 -0.81
-1.42 -0.745
-1.5 -0.81
-1.32 -0.705
-1.4 -0.57
-1.22 -0.465
-1.37 -0.595
-1.3 -0.63
-1.38 -0.71
-1.21 -0.655
-1.15 -0.515
-1.21 -0.45
-1.27 -0.655
-1.46 -0.67
-1.32 -0.61
-1.42 -0.755
-1.43 -0.8
-1.55 -0.84
-1.52 -0.795
-1.68 -0.895
-1.39 -0.81
-1.39 -0.715
-1.27 -0.645
-1.57 -0.815
-1.45 -0.715
-1.3 -0.555
-1.36 -0.725
-1.37 -0.66
-1.47 -0.785
-1.49 -0.8
-1.32 -0.665
-1.54 -0.82
-1.27 -0.695
-1.64 -0.88
-1.66 -0.84
-1.42 -0.775
-1.51 -0.82
-1.6 -0.86
-1.46 -0.78
-1.6 -0.875
-1.68 -0.89
-1.54 -0.82
-1.71 -0.91
-1.62 -0.88
-1.64 -0.855
-1.32 -0.675
-1.23 -0.515
-1.4 -0.61
-1.58 -0.855
-1.32 -0.655
-1.32 -0.615
-1.41 -0.69
-1.44 -0.705
-1.61 -0.875
-1.38 -0.71
-1.52 -0.74
-1.04 -0.495
-1.44 -0.745
-1.3 -0.61
-1.34 -0.6
-1.36 -0.775
-1.69 -0.895
-1.44 -0.595
-1.38 -0.6
-1.44 -0.525
-1.28 -0.4
-1.27 -0.45
-1.35 -0.275
-1.02 -0.305
-1.34 -0.07
-1.32 -0.015
-1.52 -0.125
-1.17 -0.235
-1.16 -0.1
-1.27 -0.155
-1.39 -0.525
-1.2 -0.09
-1.22 -0.18
-1.25 -0.1
-1.27 -0.56
-1.42 -0.49
-1.33 -0.37
-1.4 -0.575
-1.36 -0.65
-1.42 -0.535
-1.17 -0.58
-1.35 -0.7
-1.32 -0.66
-1.53 -0.74
-1.54 -0.74
-1.5 -0.795
-1.66 -0.89
-1.45 -0.77
-1.52 -0.77
-1.4 -0.77
-1.62 -0.875
-1.58 -0.81
-1.46 -0.785
-1.56 -0.815
-1.3 -0.64
-1.35 -0.655
-1.39 -0.74
-1.55 -0.805
-1.33 -0.655
-1.28 -0.59
-0.99 -0.28
-1 -0.02
-1.17 0.1
-1.31 0.495
-1.46 0.645
-1.61 0.885
-1.72 0.915
-1.58 0.845
-1.44 0.73
-1.16 0.58
-1.41 0.78
-1.34 0.54
-1.41 0.745
-1.61 0.835
-1.57 0.85
-1.62 0.89
-1.63 0.885
-1.68 0.9
-1.42 0.7
-1.44 0.775
-1.48 0.765
-1.5 0.78
-1.42 0.72
-1.28 0.685
-1.29 0.655
-1.43 0.745
-1.28 0.705
-1.32 0.725
-1.53 0.76
-1.45 0.59
-1.5 0.645
-1.54 0.81
-1.51 0.775
-1.5 0.755
-1.54 0.835
-1.4 0.6
-1.39 0.52
-1.33 0.615
-1.37 0.61
-1.39 0.79
-1.29 0.55
-1.4 0.65
-1.31 0.57
-1.47 0.785
-1.53 0.675
-1.4 0.705
-1.58 0.81
-1.37 0.795
-1.5 0.615
-1.17 0.575
-1.45 0.775
-1.51 0.85
-1.65 0.89
-1.48 0.805
-1.39 0.615
-1.22 0.42
-1.52 0.825
-1.38 0.68
-1.51 0.735
-1.46 0.805
-1.51 0.81
-1.57 0.815
-1.39 0.7
-1.49 0.8
-1.59 0.815
-1.52 0.815
-1.71 0.81
-1.4 0.73
-1.54 0.825
-1.44 0.735
-1.61 0.86
-1.59 0.85
-1.5 0.765
-1.38 0.715
-1.46 0.81
-1.18 0.635
-1.45 0.77
-1.48 0.78
-1.45 0.71
-1.47 0.725
-1.45 0.81
-1.7 0.895
-1.77 0.9
-1.5 0.84
-1.56 0.81
-1.51 0.74
-1.31 0.6
-1.37 0.71
-1.65 0.875
-1.42 0.63
-1.19 0.5
-1.32 0.725
-1.47 0.735
-1.32 0.71
-1.41 0.605
-1.39 0.8
-1.39 0.765
-1.43 0.775
-1.49 0.725
-1.31 0.575
-1.48 0.62
-1.39 0.595
-1.19 0.34
-1.11 0.335
-1.18 0.32
-1.23 0.525
-1.22 0.315
-1.35 0.51
-1.19 0.52
-1.4 0.535
-1.23 0.605
-1.3 0.52
-1.36 0.59
-1.48 0.72
-1.48 0.78
-1.34 0.505
-1.38 0.635
-1.25 0.455
-1.11 0.405
-1.13 0.195
-1.27 0.11
-1.27 0.44
-1.12 0.455
-1.34 0.62
-1.42 0.72
-1.41 0.74
-1.48 0.685
-1.5 0.71
-1.49 0.78
-1.31 0.66
-1.5 0.795
-1.53 0.725
-1.4 0.655
-1.25 0.535
-1.28 0.645
-1.39 0.7
-1.47 0.745
-1.19 0.555
-1.5 0.555
-1.23 0.49
-1.16 0.39
-1.42 0.735
-1.73 0.915
-1.76 0.925
-1.36 0.685
-1.28 0.635
-1.24 0.535
-1.42 0.605
-1.53 0.765
-1.26 0.66
-1.38 0.735
-1.43 0.82
-1.68 0.91
-1.62 0.86
-1.49 0.705
-1.48 0.73
-1.65 0.885
-1.43 0.785
-1.5 0.775
-1.48 0.745
-1.53 0.815
-1.69 0.91
-1.59 0.87
-1.43 0.805
-1.45 0.79
-1.48 0.755
-1.57 0.865
-1.42 0.675
-1.29 0.65
-1.53 0.81
-1.56 0.805
-1.5 0.785
-1.52 0.795
-1.78 0.935
-1.63 0.86
-1.63 0.88
-1.55 0.815
-1.31 0.635
-1.4 0.71
-1.48 0.83
-1.35 0.74
-1.34 0.645
-1.33 0.72
-1.65 0.84
-1.58 0.85
-1.53 0.865
-1.44 0.795
-1.56 0.835
-1.37 0.705
-1.42 0.635
-1.4 0.675
-1.5 0.73
-1.44 0.775
-1.53 0.78
-1.52 0.685
-1.54 0.765
-1.5 0.805
-1.53 0.82
-1.4 0.79
-1.58 0.72
-1.36 0.57
-1.32 0.7
-1.36 0.725
-1.58 0.8
-1.22 0.565
-1.1 0.44
-1.39 0.535
-1.48 0.595
-1.42 0.66
-1.51 0.77
-1.61 0.835
-1.42 0.765
-1.41 0.715
-1.44 0.735
-1.51 0.735
-1.47 0.7
-1.34 0.72
-1.11 0.455
-1.11 0.395
-1.25 0.255
-1.23 0.235
-1.27 0.445
-1.31 0.48
-1.4 0.645
-1.38 0.72
-1.53 0.845
-1.5 0.755
-1.37 0.71
-1.27 0.725
-1.6 0.865
-1.73 0.905
-1.44 0.715
-1.37 0.755
-1.35 0.75
-1.43 0.79
-1.55 0.845
-1.66 0.865
-1.26 0.635
-1.25 0.455
-1.32 0.565
-1.6 0.83
-1.08 0.54
-1.45 0.67
-1.37 0.735
-1.45 0.78
-1.52 0.81
-1.49 0.775
-1.72 0.9
-1.44 0.755
-1.77 0.93
-1.48 0.78
-1.41 0.755
-1.43 0.775
-1.56 0.81
-1.38 0.465
-1.6 0.595
-1.38 0.55
-1.32 0.585
-1.27 0.675
-1.38 0.725
-1.55 0.855
-1.77 0.93
-1.49 0.835
-1.59 0.84
-1.51 0.805
-1.44 0.755
-1.37 0.635
-1.52 0.685
-1.3 0.57
-1.46 0.675
-1.49 0.79
-1.54 0.805
-1.52 0.83
-1.38 0.74
-1.55 0.83
-1.56 0.85
-1.45 0.795
-1.6 0.84
-1.08 0.555
-1.39 0.74
-1.36 0.645
-1.54 0.84
-1.54 0.82
-1.52 0.8
-1.5 0.66
-1.54 0.8
-1.33 0.625
-1.36 0.69
-1.51 0.745
-1.54 0.77
-1.49 0.77
-1.57 0.785
-1.38 0.555
-1.34 0.435
-1.23 0.475
-1.25 0.2
-1.34 0.265
-1.1 0.415
-1.26 0.385
-1.28 0.305
-1.22 0.385
-1.39 0.64
-1.54 0.69
-1.38 0.68
-1.54 0.855
-1.51 0.82
-1.45 0.765
-1.47 0.695
-1.31 0.62
-1.57 0.845
-1.59 0.84
-1.42 0.75
-1.71 0.855
-1.48 0.715
-1.73 0.92
-1.51 0.79
-1.41 0.64
-1.44 0.775
-1.56 0.78
-1.25 0.555
-1.52 0.735
-1.21 0.51
-1.38 0.535
-1.3 0.465
-1.34 0.59
-1.5 0.75
-1.32 0.525
-1.22 0.315
-1.41 0.56
-1.18 0.4
-1.26 0.4
-1.39 0.535
-1.28 0.54
-1.48 0.79
-1.5 0.835
-1.59 0.845
-1.52 0.765
-1.56 0.83
-1.52 0.825
-1.55 0.835
-1.69 0.89
-1.39 0.695
-1.37 0.59
-1.38 0.78
-1.42 0.68
-1.4 0.715
-1.32 0.71
-1.53 0.795
-1.45 0.775
-1.5 0.785
-1.68 0.88
-1.65 0.86
-1.51 0.785
-1.51 0.78
-1.44 0.595
-1.24 0.565
-1.41 0.77
-1.33 0.68
-1.35 0.64
-1.49 0.71
-1.56 0.81
-1.45 0.705
-1.6 0.805
-1.45 0.715
-1.4 0.73
-1.59 0.85
-1.43 0.67
-1.33 0.65
-1.53 0.85
-1.53 0.845
-1.5 0.81
-1.51 0.765
-1.6 0.88
-1.83 0.95
-1.7 0.905
-1.55 0.83
-1.66 0.9
-1.5 0.81
-1.44 0.8
-1.53 0.825
-1.6 0.845
-1.48 0.755
-1.68 0.865
-1.55 0.85
-1.52 0.85
-1.44 0.75
-1.42 0.75
-1.53 0.8
-1.6 0.835
-1.56 0.79
-1.5 0.77
-1.67 0.905
-1.72 0.905
-1.59 0.865
-1.64 0.88
-1.42 0.78
-1.62 0.765
-1.53 0.75
-1.52 0.795
-1.45 0.78
-1.43 0.685
-1.52 0.775
-1.54 0.845
-1.24 0.62
-1.66 0.885
-1.56 0.83
-1.39 0.675
-1.53 0.775
-1.31 0.615
-1.45 0.725
-1.48 0.75
-1.34 0.72
-1.38 0.755
-1.53 0.83
-1.6 0.85
-1.23 0.535
-1.31 0.48
-1.18 0.4
-1.17 0.36
-1.1 0.1
-1.15 0.21
-1.25 0.285
-1.26 0.545
-1.35 0.635
-1.19 0.535
-1.21 0.53
-1.39 0.755
-1.74 0.895
-1.57 0.83
-1.47 0.825
-1.45 0.765
-1.28 0.68
-1.39 0.77
-1.64 0.885
-1.54 0.79
-1.7 0.915
-1.6 0.865
-1.55 0.86
-1.59 0.855
-1.51 0.81
-1.57 0.845
-1.59 0.87
-1.55 0.82
-1.58 0.835
-1.35 0.755
-1.57 0.81
-1.55 0.845
-1.4 0.695
-1.41 0.65
-1.38 0.575
-1.18 0.56
-1.23 0.61
-1.37 0.61
-1.48 0.795
-1.36 0.665
-1.48 0.81
-1.73 0.915
-1.61 0.84
-1.57 0.825
-1.42 0.715
-1.35 0.71
-1.09 0.37
-1.16 0.12
-1.44 0.19
-1.22 0.015
-1.32 -0.325
-1.28 -0.355
-1.4 -0.58
-1.37 -0.415
-1.51 -0.55
-1.23 -0.625
-1.53 -0.81
-1.52 -0.76
-1.53 -0.785
-1.37 -0.745
-1.25 -0.585
-1.33 -0.525
-1.2 -0.43
-1.14 -0.415
-1.33 -0.585
-1.43 -0.705
-1.34 -0.62
-1.26 -0.61
-1.37 -0.455
-1.24 -0.415
-1.15 -0.34
-1.31 -0.64
-1.4 -0.705
-1.35 -0.69
-1.41 -0.75
-1.44 -0.785
-1.43 -0.79
-1.45 -0.795
-1.59 -0.805
-1.36 -0.73
-1.53 -0.815
-1.39 -0.745
-1.4 -0.69
-1.36 -0.58
-1.36 -0.44
-1.27 -0.495
-1.04 -0.375
-1.4 -0.505
-1.29 -0.575
-1.52 -0.805
-1.43 -0.735
-1.6 -0.87
-1.63 -0.895
-1.47 -0.825
-1.24 -0.6
-1.42 -0.725
-1.5 -0.77
-1.54 -0.805
-1.47 -0.62
-1.35 -0.61
-1.33 -0.485
-1.25 -0.435
-1.26 -0.525
-1.32 -0.56
-1.37 -0.63
-1.34 -0.675
-1.35 -0.635
-1.32 -0.525
-1.29 -0.635
-1.22 -0.55
-1.53 -0.81
-1.43 -0.745
-1.3 -0.595
-1.6 -0.86
-1.6 -0.855
-1.52 -0.82
-1.59 -0.84
-1.4 -0.755
-1.56 -0.83
-1.4 -0.74
-1.27 -0.57
-1.53 -0.765
-1.31 -0.66
-1.57 -0.85
-1.42 -0.775
-1.46 -0.76
-1.19 -0.45
-1.46 -0.71
-1.6 -0.875
-1.28 -0.715
-1.58 -0.805
-1.41 -0.725
-1.32 -0.745
-1.53 -0.82
-1.58 -0.84
-1.46 -0.79
-1.5 -0.75
-1.63 -0.87
-1.65 -0.895
-1.26 -0.715
-1.65 -0.88
-1.52 -0.83
-1.3 -0.645
-1.45 -0.79
-1.41 -0.72
-1.3 -0.62
-1.53 -0.79
-1.42 -0.745
-1.29 -0.405
-1.31 -0.27
-1.09 -0.16
-1.35 -0.32
-1.37 -0.33
-1.25 -0.245
-1.26 -0.175
-1.33 -0.43
-1.2 -0.395
-1.3 -0.525
-1.37 -0.62
-1.53 -0.73
-1.36 -0.495
-1.33 -0.645
-1.52 -0.825
-1.39 -0.75
-1.33 -0.665
-1.27 -0.685
-1.24 -0.595
-1.44 -0.765
-1.3 -0.725
-1.59 -0.85
-1.62 -0.87
-1.38 -0.81
-1.28 -0.725
-1.48 -0.81
-1.45 -0.775
-1.47 -0.815
-1.54 -0.835
-1.64 -0.89
-1.54 -0.84
-1.45 -0.73
-1.4 -0.75
-1.58 -0.85
-1.58 -0.685
-1.28 -0.44
-1.22 -0.28
-1.25 -0.43
-1.39 -0.57
-1.27 -0.435
-1.54 -0.76
-1.42 -0.77
-1.44 -0.81
-1.37 -0.645
-1.49 -0.525
-1.23 -0.39
-1.14 -0.345
-1.26 -0.625
-1.57 -0.795
-1.42 -0.81
-1.7 -0.9
-1.42 -0.755
-1.54 -0.785
-1.36 -0.75
-1.37 -0.575
-1.32 -0.605
-1.36 -0.675
-1.3 -0.67
-1.47 -0.74
-1.44 -0.8
-1.22 -0.625
-1.26 -0.54
-1.3 -0.565
-1.24 -0.57
-1.41 -0.5
-1.29 -0.515
-1.26 -0.625
-1.39 -0.685
-1.59 -0.855
-1.53 -0.825
-1.51 -0.805
-1.41 -0.72
-1.39 -0.76
-1.36 -0.745
-1.8 -0.94
-1.51 -0.815
-1.56 -0.84
-1.48 -0.8
-1.33 -0.685
-1.22 -0.495
-1.39 -0.555
-1.32 -0.73
-1.46 -0.82
-1.23 -0.65
-1.47 -0.765
-1.6 -0.86
-1.57 -0.825
-1.3 -0.6
-1.3 -0.66
-1.46 -0.795
-1.29 -0.61
-1.34 -0.71
-1.49 -0.83
-1.39 -0.695
-1.59 -0.845
-1.4 -0.715
-1.54 -0.81
-1.41 -0.705
-1.43 -0.715
-1.4 -0.63
-1.27 -0.455
-1.51 -0.695
-1.71 -0.92
-1.49 -0.685
-1.32 -0.64
-1.3 -0.615
-1.43 -0.685
-1.45 -0.735
-1.31 -0.715
-1.38 -0.69
-1.34 -0.68
-1.46 -0.78
-1.54 -0.805
-1.58 -0.865
-1.39 -0.76
-1.23 -0.665
-1.44 -0.705
-1.39 -0.625
-1.22 -0.44
-1.3 -0.51
-1.14 -0.27
-1.1 -0.155
-1.19 -0.205
-1.26 -0.29
-1.23 -0.12
-1.15 0.01
-1.11 -0.175
-1.36 0.245
-1.3 0.12
-1.25 0.025
-1.14 0.025
-1.26 0.145
-1.14 0.18
-1.18 0.215
-1.36 0.47
-1.19 0.42
-1.49 0.685
-1.55 0.755
-1.38 0.66
-1.32 0.455
-1.28 0.325
-1.32 0.55
-1.4 0.6
-1.32 0.515
-1.34 0.515
-1.53 0.695
-1.51 0.79
-1.43 0.815
-1.75 0.93
-1.65 0.885
-1.48 0.76
-1.58 0.705
-1.4 0.64
-1.64 0.885
-1.42 0.76
-1.46 0.79
-1.49 0.795
-1.5 0.8
-1.45 0.77
-1.42 0.815
-1.56 0.84
-1.06 0.52
-1.48 0.74
-1.44 0.76
-1.43 0.745
-1.45 0.76
-1.71 0.89
-1.3 0.62
-1.2 0.605
-1.48 0.755
-1.35 0.745
-1.6 0.835
-1.21 0.595
-1.59 0.85
-1.6 0.855
-1.52 0.84
-1.51 0.86
-1.43 0.735
-1.44 0.745
-1.18 0.595
-1.41 0.63
-1.23 0.62
-1.37 0.695
-1.46 0.705
-1.45 0.735
-1.56 0.805
-1.62 0.875
-1.46 0.685
-1.3 0.68
-1.22 0.59
-1.29 0.685
-1.54 0.735
-1.24 0.53
-1.58 0.815
-1.32 0.71
-1.36 0.67
-1.65 0.89
-1.5 0.755
-1.32 0.655
-1.69 0.88
-1.64 0.875
-1.51 0.815
-1.58 0.8
-1.64 0.845
-1.4 0.76
-1.42 0.695
-1.34 0.64
-1.33 0.57
-1.36 0.62
-1.38 0.715
-1.45 0.78
-1.46 0.785
-1.5 0.805
-1.51 0.845
-1.32 0.655
-1.56 0.54
-1.3 0.485
-1.34 0.515
-1.36 0.505
-1.21 0.55
-1.38 0.7
-1.47 0.795
-1.44 0.74
-1.37 0.675
-1.27 0.63
-1.37 0.69
-1.4 0.7
-1.36 0.585
-1.51 0.745
-1.44 0.825
-1.7 0.89
-1.47 0.77
-1.44 0.72
-1.27 0.56
-1.33 0.565
-1.25 0.4
-1.35 0.575
-1.46 0.79
-1.47 0.82
-1.39 0.78
-1.5 0.735
-1.25 0.525
-1.31 0.63
-1.48 0.795
-1.57 0.835
-1.63 0.735
-1.62 0.89
-1.51 0.805
-1.6 0.85
-1.6 0.82
-1.52 0.825
-1.36 0.705
-1.52 0.685
-1.43 0.615
-1.5 0.645
-1.39 0.545
-1.49 0.685
-1.33 0.325
-1.26 0.445
-1.11 0.425
-1.02 0.475
-1.31 0.62
-1.38 0.62
-1.34 0.62
-1.24 0.63
-1.44 0.605
-1.2 0.475
-1.22 0.45
-1.22 0.415
-1.43 0.725
-1.5 0.775
-1.33 0.595
-1.27 0.645
-1.45 0.75
-1.67 0.895
-1.57 0.795
-1.44 0.69
-1.52 0.795
-1.66 0.87
-1.48 0.8
-1.61 0.88
-1.42 0.765
-1.41 0.71
-1.43 0.745
-1.5 0.745
-1.53 0.835
-1.44 0.73
-1.56 0.745
-1.47 0.79
-1.73 0.91
-1.38 0.7
-1.42 0.74
-1.45 0.79
-1.38 0.745
-1.51 0.695
-1.26 0.64
-1.3 0.575
-1.42 0.775
-1.46 0.785
-1.57 0.825
-1.57 0.835
-1.35 0.7
-1.5 0.79
-1.46 0.82
-1.49 0.81
-1.26 0.71
-1.46 0.81
-1.59 0.85
-1.53 0.825
-1.42 0.775
-1.45 0.755
-1.47 0.82
-1.45 0.765
-1.6 0.84
-1.53 0.86
-1.67 0.885
-1.49 0.845
-1.27 0.61
-1.56 0.78
-1.5 0.8
-1.38 0.745
-1.63 0.78
-1.49 0.775
-1.43 0.66
-1.46 0.655
-1.63 0.825
-1.59 0.835
-1.54 0.775
-1.61 0.84
-1.42 0.735
-1.29 0.68
-1.4 0.61
-1.55 0.76
-1.64 0.89
-1.74 0.915
-1.48 0.8
-1.51 0.835
-1.55 0.835
-1.56 0.855
-1.42 0.755
-1.57 0.86
-1.43 0.765
-1.4 0.75
-1.6 0.825
-1.59 0.845
-1.48 0.775
-1.67 0.895
-1.5 0.775
-1.36 0.75
-1.54 0.815
-1.33 0.74
-1.45 0.76
-1.52 0.66
-1.36 0.285
-1.21 0.33
-1.3 0.505
-1.3 0.55
-1.61 0.855
-1.64 0.885
-1.59 0.865
-1.51 0.805
-1.39 0.575
-1.42 0.645
-1.46 0.745
-1.66 0.875
-1.42 0.755
-1.29 0.6
-1.32 0.545
-1.35 0.62
-1.44 0.655
-1.55 0.7
-1.44 0.605
-1.42 0.44
-1.2 0.48
-1.39 0.6
-1.54 0.765
-1.66 0.89
-1.71 0.91
-1.56 0.83
-1.57 0.835
-1.59 0.775
-1.74 0.92
-1.64 0.865
-1.4 0.53
-1.22 0.62
-1.32 0.545
-1.27 0.6
-1.53 0.83
-1.43 0.805
-1.37 0.76
-1.44 0.745
-1.38 0.75
-1.49 0.81
-1.43 0.745
-1.52 0.78
-1.43 0.675
-1.45 0.77
-1.42 0.715
-1.41 0.655
-1.07 0.36
-1.23 0.415
-1.36 0.28
-1.22 0.255
-1.2 0.085
-1.18 -0.095
-1.27 -0.1
-1.24 -0.115
-1.19 0.07
-1.18 -0.165
-1.07 -0.16
-1.29 -0.33
-1.37 -0.52
-1.37 -0.5
-1.44 -0.745
-1.67 -0.905
-1.59 -0.845
-1.43 -0.735
-1.56 -0.83
-1.3 -0.725
-1.39 -0.72
-1.69 -0.905
-1.59 -0.845
-1.58 -0.81
-1.45 -0.75
-1.64 -0.885
-1.57 -0.86
-1.68 -0.88
-1.62 -0.845
-1.39 -0.7
-1.38 -0.645
-1.33 -0.665
-1.41 -0.735
-1.33 -0.62
-1.54 -0.72
-1.57 -0.85
-1.41 -0.75
-1.46 -0.65
-1.45 -0.805
-1.67 -0.835
-1.34 -0.595
-1.46 -0.645
-1.33 -0.695
-1.42 -0.785
-1.28 -0.6
-1.33 -0.695
-1.44 -0.79
-1.6 -0.865
-1.47 -0.765
-1.24 -0.69
-1.29 -0.74
-1.44 -0.785
-1.5 -0.595
-1.54 -0.815
-1.5 -0.76
-1.26 -0.625
-1.51 -0.78
-1.41 -0.77
-1.44 -0.78
-1.33 -0.74
-1.42 -0.7
-1.5 -0.81
-1.36 -0.67
-1.58 -0.82
-1.46 -0.725
-1.47 -0.515
-1.3 -0.135
-1.2 0
-1.23 0.305
-1.13 0.425
-1.44 0.645
-1.43 0.68
-1.21 0.61
-1.6 0.855
-1.51 0.75
-1.54 0.795
-1.59 0.845
-1.59 0.845
-1.47 0.745
-1.46 0.8
-1.33 0.63
-1.2 0.575
-1.55 0.825
-1.38 0.74
-1.42 0.77
-1.68 0.905
-1.48 0.71
-1.54 0.85
-1.33 0.65
-1.52 0.75
-1.57 0.775
-1.56 0.845
-1.5 0.805
-1.55 0.775
-1.51 0.79
-1.7 0.865
-1.37 0.575
-1.26 0.52
-1.41 0.6
-1.31 0.655
-1.37 0.605
-1.2 0.63
-1.41 0.795
-1.76 0.895
-1.52 0.83
-1.42 0.74
-1.56 0.835
-1.56 0.855
-1.59 0.85
-1.43 0.775
-1.62 0.865
-1.59 0.82
-1.63 0.865
-1.56 0.86
-1.54 0.815
-1.66 0.86
-1.4 0.765
-1.32 0.695
-1.28 0.61
-1.36 0.715
-1.36 0.69
-1.57 0.805
-1.42 0.795
-1.59 0.815
-1.55 0.845
-1.57 0.85
-1.46 0.77
-1.54 0.685
-1.48 0.685
-1.37 0.625
-1.66 0.885
-1.26 0.67
-1.34 0.685
-1.41 0.66
-1.62 0.865
-1.69 0.9
-1.35 0.715
-1.46 0.745
-1.5 0.825
-1.61 0.86
-1.58 0.855
-1.6 0.855
-1.6 0.835
-1.51 0.79
-1.67 0.84
-1.68 0.865
-1.49 0.825
-1.41 0.74
-1.31 0.665
-1.34 0.66
-1.32 0.64
-1.51 0.72
-1.47 0.685
-1.37 0.69
-1.6 0.885
-1.53 0.83
-1.62 0.825
-1.51 0.795
-1.35 0.65
-1.51 0.745
-1.63 0.88
-1.44 0.69
-1.53 0.81
-1.28 0.735
-1.46 0.775
-1.5 0.82
-1.66 0.91
-1.34 0.75
-1.34 0.68
-1.27 0.69
-1.62 0.785
-1.74 0.915
-1.43 0.795
-1.53 0.82
-1.38 0.745
-1.48 0.81
-1.56 0.855
-1.58 0.8
-1.4 0.71
-1.37 0.695
-1.47 0.76
-1.37 0.66
-1.36 0.575
-1.32 0.75
-1.69 0.87
-1.48 0.795
-1.76 0.925
-1.58 0.85
-1.43 0.755
-1.61 0.845
-1.59 0.86
-1.47 0.725
-1.33 0.6
-1.23 0.685
-1.77 0.93
-1.61 0.845
-1.44 0.755
-1.36 0.705
-1.3 0.625
-1.67 0.91
-1.8 0.93
-1.58 0.82
-1.39 0.76
-1.52 0.765
-1.5 0.8
-1.38 0.645
-1.31 0.585
-1.38 0.525
-1.24 0.6
-1.56 0.86
-1.73 0.93
-1.36 0.7
-1.53 0.815
-1.37 0.615
-1.46 0.45
-1.37 0.365
-1.15 0.38
-1.1 0.34
-1.2 0.495
-1.33 0.55
-1.24 0.515
-1.4 0.665
-1.43 0.75
-1.53 0.79
-1.45 0.66
-1.31 0.57
-1.29 0.46
-1.22 0.49
-1.29 0.475
-1.15 0.22
-1.35 0.475
-1.38 0.43
-1.49 0.635
-1.51 0.78
-1.42 0.7
-1.52 0.84
-1.52 0.825
-1.37 0.63
-1.43 0.67
-1.51 0.815
-1.47 0.775
-1.37 0.765
-1.42 0.625
-1.46 0.685
-1.34 0.675
-1.3 0.515
-1.6 0.845
-1.47 0.805
-1.51 0.815
-1.52 0.85
-1.41 0.8
-1.51 0.825
-1.47 0.8
-1.61 0.85
-1.51 0.825
-1.39 0.665
-1.48 0.655
-1.31 0.645
-1.22 0.575
-1.35 0.695
-1.56 0.675
-1.57 0.79
-1.28 0.575
-1.43 0.8
-1.25 0.68
-1.42 0.675
-1.19 0.62
-1.53 0.81
-1.46 0.795
-1.36 0.755
-1.44 0.75
-1.52 0.825
-1.42 0.75
-1.41 0.66
-1.37 0.61
-1.42 0.715
-1.38 0.635
-1.39 0.775
-1.44 0.72
-1.51 0.79
-1.68 0.88
-1.68 0.89
-1.6 0.87
-1.48 0.79
-1.59 0.865
-1.49 0.82
-1.37 0.76
-1.34 0.705
-1.43 0.565
-1.42 0.665
-1.4 0.575
-1.54 0.755
-1.56 0.8
-1.46 0.78
-1.34 0.71
-1.54 0.79
-1.47 0.765
-1.47 0.77
-1.49 0.775
-1.16 0.58
-1.52 0.76
-1.67 0.905
-1.6 0.845
-1.6 0.84
-1.56 0.875
-1.32 0.72
-1.42 0.75
-1.44 0.795
-1.56 0.825
-1.46 0.695
-1.47 0.795
-1.52 0.83
-1.18 0.625
-1.41 0.645
-1.42 0.735
-1.33 0.485
-1.42 0.49
-1.34 0.475
-1.51 0.775
-1.49 0.8
-1.61 0.89
-1.4 0.67
-1.36 0.635
-1.6 0.85
-1.52 0.775
-1.57 0.84
-1.67 0.915
-1.43 0.815
-1.42 0.795
-1.49 0.785
-1.63 0.875
-1.65 0.875
-1.44 0.77
-1.7 0.895
-1.47 0.765
-1.56 0.81
-1.64 0.855
-1.43 0.755
-1.51 0.695
-1.65 0.865
-1.57 0.78
-1.47 0.755
-1.38 0.72
-1.35 0.59
-1.63 0.79
-1.53 0.71
-1.19 0.555
-1.26 0.545
-1.29 0.39
-1.29 0.565
-1.52 0.775
-1.51 0.755
-1.55 0.815
-1.54 0.815
-1.6 0.875
-1.37 0.775
-1.64 0.88
-1.48 0.73
-1.64 0.865
-1.6 0.85
-1.72 0.91
-1.55 0.81
-1.44 0.735
-1.4 0.65
-1.39 0.62
-1.39 0.63
-1.47 0.66
-1.46 0.72
-1.59 0.82
-1.49 0.795
-1.68 0.885
-1.51 0.815
-1.54 0.845
-1.54 0.83
-1.53 0.825
-1.55 0.76
-1.23 0.635
-1.45 0.74
-1.44 0.665
-1.46 0.675
-1.44 0.75
-1.43 0.715
-1.28 0.68
-1.54 0.69
-1.36 0.515
-1.35 0.485
-1.26 0.315
-1.12 0.335
-1.06 0.31
-1.31 0.43
-1.33 0.46
-1.3 0.5
-1.31 0.61
-1.43 0.775
-1.66 0.9
-1.34 0.785
-1.75 0.925
-1.42 0.725
-1.46 0.785
-1.42 0.65
-1.43 0.75
-1.64 0.885
-1.31 0.69
-1.44 0.775
-1.61 0.8
-1.3 0.585
-1.2 0.595
-1.3 0.625
-1.54 0.775
-1.51 0.775
-1.71 0.905
-1.51 0.805
-1.25 0.62
-1.46 0.71
-1.49 0.785
-1.35 0.67
-1.45 0.735
-1.6 0.825
-1.58 0.84
-1.37 0.675
-1.34 0.525
-1.17 0.325
-1.16 0.42
-1.21 0.435
-1.32 0.46
-1.25 0.46
-1.36 0.675
-1.58 0.855
-1.59 0.875
-1.32 0.705
-1.47 0.785
-1.27 0.64
-1.38 0.72
-1.44 0.77
-1.38 0.755
-1.27 0.545
-1.36 0.53
-1.17 0.485
-1.39 0.67
-1.39 0.74
-1.46 0.74
-1.38 0.735
-1.45 0.725
-1.48 0.625
-1.53 0.625
-1.4 0.635
-1.42 0.775
-1.41 0.795
