-1.75 0.9
-1.37 0.71
-1.55 0.775
-1.32 0.765
-1.38 0.76
-1.28 0.595
-1.38 0.535
-1.25 0.6
-1.25 0.505
-1.23 0.24
-1.17 0.16
-1.3 0.165
-1.07 0.245
-1.2 0.285
-1.21 0.325
-1.38 0.605
-1.37 0.525
-1.43 0.585
-1.32 0.635
-1.27 0.645
-1.27 0.67
-1.5 0.755
-1.51 0.79
-1.39 0.715
-1.2 0.57
-1.07 0.265
-1.17 0.235
-1.08 0.125
-1.09 -0.02
-1.16 0.18
-1.13 0.475
-1.14 0.2
-1.06 0.22
-1.16 0.12
-1.23 0.47
-1.31 0.66
-1.31 0.475
-1.26 0.43
-1.34 0.3
-1.03 0.24
-1.17 0.44
-1.29 0.62
-1.29 0.705
-1.35 0.58
-1.22 0.54
-1.29 0.645
-1.48 0.56
-1.32 0.605
-1.28 0.69
-1.29 0.65
-1.4 0.7
-1.27 0.555
-1.3 0.6
-1.25 0.565
-1.37 0.635
-1.66 0.895
-1.5 0.815
-1.12 0.57
-1.45 0.77
-1.33 0.645
-1.18 0.425
-1.32 0.44
-1.06 0.03
-1.07 0.235
-1.15 0.445
-1.23 0.39
-1.11 0.395
-1.1 0.39
-1.3 0.26
-1.29 0.3
-1.35 0.53
-1.32 0.515
-1.27 0.38
-1.15 0.425
-1.22 0.35
-1.25 0.54
-1.26 0.46
-1.2 0.455
-1.26 0.295
-1.29 0.425
-1.05 0.37
-1.27 0.59
-1.44 0.705
-1.44 0.795
-1.54 0.775
-1.54 0.805
-1.35 0.65
-1.33 0.64
-1.39 0.675
-1.45 0.8
-1.47 0.81
-1.26 0.58
-1.2 0.695
-1.37 0.71
-1.26 0.51
-1.21 0.57
-1.32 0.585
-1.31 0.73
-1.4 0.765
-1.39 0.725
-1.71 0.905
-1.43 0.73
-1.28 0.585
-1.56 0.8
-1.59 0.83
-1.63 0.87
-1.61 0.865
-1.44 0.76
-1.44 0.775
-1.56 0.85
-1.58 0.855
-1.54 0.835
-1.26 0.715
-1.39 0.69
-1.39 0.73
-1.5 0.825
-1.7 0.915
-1.5 0.785
-1.64 0.86
-1.53 0.81
-1.45 0.77
-1.57 0.795
-1.48 0.78
-1.37 0.705
-1.36 0.765
-1.42 0.755
-1.67 0.885
-1.55 0.855
-1.65 0.89
-1.61 0.88
-1.39 0.78
-1.2 0.625
-1.55 0.845
-1.53 0.835
-1.22 0.65
-1.26 0.45
-1.47 0.725
-1.27 0.735
-1.24 0.605
-1.21 0.315
-1.03 0.41
-1.42 0.545
-1.19 0.445
-1.25 0.49
-1.28 0.56
-1.48 0.68
-1.17 0.42
-1.31 0.5
-1.06 0.085
-1.16 0.375
-1.16 0.355
-1.11 0.16
-1.16 0.205
-1.16 0.17
-1.08 0.32
-1.27 0.265
-1.14 0.285
-1.3 0.12
-1.37 0.46
-1.38 0.745
-1.36 0.695
-1.17 0.47
-1.32 0.585
-1.54 0.75
-1.55 0.84
-1.47 0.83
-1.29 0.755
-1.37 0.72
-1.33 0.71
-1.31 0.66
-1.36 0.715
-1.06 0.48
-1.29 0.655
-1.24 0.675
-1.36 0.73
-1.2 0.6
-1.18 0.505
-1.24 0.5
-1.09 0.4
-0.87 0.255
-1.12 0.21
-1.03 0.19
-1.25 0.415
-1.36 0.6
-1.37 0.545
-1.34 0.395
-1.01 0.21
-1.23 0.08
-1.07 0.04
-1.09 0.185
-1.23 0.515
-1.22 0.175
-1.27 0.295
-1.29 0.59
-1.25 0.54
-1.45 0.75
-1.42 0.725
-1.16 0.665
-1.25 0.65
-1.19 0.6
-1.14 0.515
-1.15 0.275
-1.12 0.36
-1.2 0.29
-1.11 0.085
-1.2 -0.005
-1.2 -0.23
-1.25 -0.425
-1.07 -0.265
-1.3 -0.435
-0.98 -0.315
-1.24 -0.435
-1.4 -0.675
-1.42 -0.61
-1.13 -0.475
-1.43 -0.68
-1.42 -0.58
-1.33 -0.73
-1.45 -0.795
-1.44 -0.79
-1.48 -0.795
-1.33 -0.655
-1.47 -0.76
-1.73 -0.9
-1.48 -0.765
-1.44 -0.66
-1.45 -0.74
-1.38 -0.67
-1.34 -0.62
-1.17 -0.64
-1.32 -0.585
-1.39 -0.6
-1.21 -0.495
-1.34 -0.475
-1.15 -0.345
-1.13 -0.34
-1.13 -0.345
-1.03 -0.34
-1.01 -0.375
-1.31 -0.56
-1.22 -0.385
-1.18 -0.52
-1.27 -0.57
-1.42 -0.64
-1.16 -0.57
-1.36 -0.685
-1.4 -0.815
-1.47 -0.8
-1.61 -0.845
-1.38 -0.745
-1.5 -0.77
-1.3 -0.725
-1.47 -0.775
-1.4 -0.735
-1.21 -0.52
-1.17 -0.28
-1.09 -0.245
-1.28 -0.51
-1.16 -0.275
-1.25 -0.575
-1.26 -0.67
-1.27 -0.645
-1.26 -0.485
-1.18 -0.515
-1.23 -0.455
-1.23 -0.445
-1.19 -0.46
-1.35 -0.735
-1.29 -0.55
-1.5 -0.61
-1.25 -0.415
-1.44 -0.74
-1.18 -0.565
-1.22 -0.41
-1.38 -0.545
-1.26 -0.515
-1.09 -0.515
-1.09 -0.195
-1.14 -0.22
-1.45 -0.53
-1.21 -0.425
-1.28 -0.41
-1.08 -0.335
-1.22 -0.235
-1.4 -0.62
-1.42 -0.74
-1.36 -0.695
-1.32 -0.51
-1.3 -0.345
-1.22 -0.145
-1.11 -0.015
-1.09 -0.13
-0.88 0.08
-1.09 0.15
-1.07 0.115
-1.24 0.215
-1.16 0.25
-1.24 0.355
-1.16 0.19
-1.07 0.43
-1.25 0.4
-1.46 0.615
-1.47 0.67
-1.58 0.85
-1.49 0.77
-1.39 0.775
-1.4 0.805
-1.49 0.84
-1.26 0.61
-1.16 0.54
-1.08 0.525
-1.39 0.715
-1.41 0.64
-1.51 0.81
-1.32 0.66
-1.38 0.75
-1.44 0.76
-1.33 0.645
-1.46 0.685
-1.51 0.83
-1.54 0.8
-1.59 0.865
-1.48 0.825
-1.6 0.855
-1.36 0.74
-1.59 0.845
-1.44 0.75
-1.38 0.71
-1.62 0.865
-1.42 0.785
-1.41 0.73
-1.14 0.56
-1.1 0.43
-1.39 0.57
-1.37 0.665
-1.3 0.615
-1.47 0.73
-1.45 0.72
-1.33 0.59
-1.3 0.645
-1.24 0.615
-1.27 0.66
-1.42 0.755
-1.41 0.79
-1.21 0.605
-1.11 0.11
-1.09 0.425
-1.35 0.645
-1.53 0.765
-1.39 0.745
-1.52 0.8
-1.61 0.855
-1.76 0.885
-1.26 0.53
-1.4 0.655
-1.4 0.74
-1.23 0.435
-1.21 0.32
-1.3 0.395
-1.33 0.405
-1.18 0.345
-1.33 -0.11
-1.3 -0.165
-1.32 -0.405
-1.21 -0.145
-1.13 -0.14
-1.25 0.1
-0.92 -0.12
-1.09 -0.315
-1.11 -0.405
-1.18 -0.59
-1.44 -0.46
-1.21 -0.395
-1.19 -0.56
-1.01 -0.33
-1.13 -0.37
-1.34 -0.56
-1.23 -0.555
-1.08 -0.42
-1.28 -0.63
-1.46 -0.665
-1.33 -0.73
-1.47 -0.77
-1.41 -0.745
-1.48 -0.805
-1.53 -0.83
-1.48 -0.78
-1.54 -0.84
-1.57 -0.83
-1.31 -0.655
-1.55 -0.675
-1.38 -0.67
-1.13 -0.445
-1.07 -0.315
-1.16 -0.375
-1.19 -0.545
-1.2 -0.475
-1.28 -0.48
-1.13 -0.375
-1.26 -0.37
-1.16 -0.085
-1.09 -0.015
-1.16 -0.03
-1.17 0.025
-1.13 -0.175
-1.2 -0.385
-1.19 -0.25
-1.29 -0.105
-1.09 0.11
-1.28 0.08
-1.13 0.145
-1.24 -0.17
-1.12 -0.12
-1.22 -0.275
-1.24 -0.42
-1.12 -0.385
-1.07 -0.355
-1.31 -0.635
-1.23 -0.45
-1.21 -0.465
-1.42 -0.54
-1.31 -0.375
-1.26 -0.19
-1.17 -0.34
-1.1 -0.435
-1.29 -0.73
-1.26 -0.62
-1.23 -0.605
-1.26 -0.555
-1.27 -0.635
-1.17 -0.585
-1.41 -0.7
-1.48 -0.75
-1.51 -0.815
-1.42 -0.765
-1.38 -0.755
-1.45 -0.785
-1.42 -0.71
-1.13 -0.49
-1.4 -0.57
-1.26 -0.52
-1.07 -0.545
-1.43 -0.725
-1.42 -0.595
-1.43 -0.62
-1.42 -0.66
-1.18 -0.385
-1.22 -0.535
-1.18 -0.43
-1.05 -0.255
-1.07 -0.09
-1.36 0.18
-1.08 0.2
-1.27 0.265
-1.2 -0.12
-1.24 -0.075
-1.19 -0.06
-1.25 0.045
-1.15 0.155
-1.27 -0.04
-1.18 -0.195
-1.19 -0.305
-1.17 -0.34
-1.21 -0.695
-1.28 -0.665
-1.46 -0.705
-1.28 -0.62
-1.35 -0.635
-1.25 -0.665
-1.42 -0.685
-1.06 -0.405
-1.15 -0.485
-1.25 -0.635
-1.28 -0.535
-1.27 -0.52
-1.43 -0.585
-1.23 -0.51
-1.29 -0.63
-1.39 -0.65
-1.14 -0.44
-1.25 -0.205
-1.19 -0.295
-1.35 -0.23
-1.31 -0.06
-1.19 -0.08
-1.11 0.05
-1.17 -0.015
-1.04 -0.06
-1.18 -0.005
-1.19 0.015
-1.12 -0.05
-0.94 0.005
-1.15 0.42
-1.26 0.53
-1.34 0.575
-1.22 0.605
-1.29 0.66
-1.44 0.805
-1.33 0.72
-1.38 0.79
-1.4 0.805
-1.36 0.66
-1.07 0.485
-1.51 0.795
-1.39 0.735
-1.7 0.89
-1.35 0.735
-1.34 0.635
-1.19 0.465
-1.23 0.65
-1.52 0.685
-1.42 0.625
-1.24 0.605
-1.28 0.605
-1.31 0.675
-1.24 0.65
-1.37 0.68
-1.42 0.67
-1.35 0.705
-1.31 0.71
-1.32 0.645
-1.29 0.595
-1.42 0.695
-1.41 0.775
-1.53 0.83
-1.42 0.79
-1.47 0.805
-1.67 0.89
-1.5 0.815
-1.62 0.855
-1.48 0.795
-1.2 0.55
-1.34 0.61
-1.4 0.765
-1.53 0.82
-1.44 0.73
-1.33 0.56
-1.09 0.39
-1.39 0.59
-1.31 0.57
-1.08 0.42
-1.45 0.57
-1.52 0.73
-1.49 0.825
-1.42 0.665
-1.39 0.55
-1.38 0.62
-1.26 0.66
-1.57 0.835
-1.62 0.8
-1.49 0.8
-1.31 0.555
-1.52 0.72
-1.35 0.615
-1.43 0.755
-1.39 0.73
-1.34 0.7
-1.39 0.555
-1.2 0.615
-1.59 0.84
-1.36 0.68
-1.29 0.745
-1.22 0.635
-1.36 0.74
-1.41 0.73
-1.49 0.765
-1.51 0.84
-1.41 0.71
-1.43 0.76
-1.5 0.82
-1.37 0.775
-1.37 0.725
-1.46 0.77
-1.4 0.7
-1.24 0.59
-1.09 0.4
-1.38 0.66
-1.26 0.545
-1.09 0.14
-1.27 0
-1.21 0.045
-0.98 0.04
-1.12 0.37
-1.05 0.295
-1.29 0.565
-1.17 0.565
-1.24 0.36
-1.22 0.345
-1.28 0.46
-1.23 0.63
-1.37 0.75
-1.46 0.75
-1.36 0.65
-1.26 0.475
-1.24 0.425
-1.23 0.65
-1.26 0.64
-1.17 0.395
-1.2 0.435
-1.31 0.525
-1.47 0.69
-1.22 0.59
-1.35 0.585
-1.39 0.74
-1.4 0.735
-1.4 0.68
-1.32 0.655
-1.39 0.715
-1.36 0.72
-1.52 0.835
-1.5 0.78
-1.42 0.745
-1.37 0.71
-1.42 0.63
-1.43 0.745
-1.36 0.72
-1.34 0.605
-1.28 0.525
-1.35 0.61
-1.32 0.56
-1.21 0.59
-1.46 0.73
-1.29 0.445
-1.43 0.785
-1.4 0.705
-1.34 0.75
-1.46 0.785
-1.29 0.685
-1.52 0.82
-1.43 0.795
-1.29 0.66
-1.42 0.8
-1.6 0.835
-1.42 0.755
-1.48 0.745
-1.38 0.715
-1.65 0.87
-1.45 0.78
-1.67 0.84
-1.52 0.785
-1.6 0.8
-1.43 0.76
-1.32 0.715
-1.51 0.825
-1.29 0.67
-1.45 0.725
-1.22 0.475
-1.45 0.48
-1.27 0.26
-1.4 0.21
-1.08 0.14
-1.02 0.11
-1.12 -0.12
-1.32 -0.13
-0.97 -0.115
-1.23 -0.125
-1.27 -0.295
-1.18 0.04
-1.18 -0.405
-1.27 -0.645
-1.37 -0.73
-1.41 -0.78
-1.54 -0.825
-1.34 -0.6
-1.17 -0.18
-1.28 -0.435
-1.32 -0.43
-1.22 -0.42
-1.14 -0.37
-1.31 -0.47
-1.24 -0.58
-1.48 -0.81
-1.41 -0.65
-1.24 -0.41
-1.32 -0.515
-1.09 -0.405
-1.22 -0.405
-1.37 -0.48
-1.41 -0.57
-1.27 -0.53
-1.45 -0.58
-1.45 -0.69
-1.31 -0.695
-1.06 -0.505
-1.11 -0.34
-1.1 -0.325
-1.2 -0.495
-1.13 -0.4
-1.12 -0.42
-1.11 -0.095
-1.04 -0.105
-1.3 -0.25
-1.22 -0.61
-1.7 -0.86
-1.42 -0.775
-1.58 -0.845
-1.55 -0.83
-1.55 -0.84
-1.38 -0.7
-1.64 -0.865
-1.29 -0.715
-1.34 -0.645
-1.48 -0.68
-1.36 -0.685
-1.46 -0.725
-1.46 -0.775
-1.25 -0.635
-1.56 -0.82
-1.43 -0.715
-1.3 -0.69
-1.35 -0.765
-1.48 -0.765
-1.38 -0.695
-1.03 -0.46
-1.2 -0.385
-1.17 -0.325
-1.17 -0.25
-1.23 -0.325
-1.09 -0.405
-1.36 -0.55
-1.29 -0.53
-1.17 -0.415
-1.34 -0.305
-1.33 -0.33
-1.34 -0.24
-1.3 -0.355
-0.97 -0.235
-1.28 -0.595
-1.22 -0.545
-1.41 -0.73
-1.28 -0.69
-1.35 -0.67
-1.51 -0.695
-1.43 -0.715
-1.5 -0.765
-1.65 -0.88
-1.31 -0.655
-1.4 -0.675
-1.31 -0.56
-1.27 -0.48
-1.23 -0.39
-1.34 -0.485
-1.16 -0.31
-1.25 -0.345
-0.99 -0.195
-1.16 -0.055
-1.19 -0.02
-1.11 -0.155
-1.23 -0.12
-1.23 -0.37
-1.06 -0.36
-1.24 -0.695
-1.29 -0.675
-1.41 -0.725
-1.35 -0.665
-1.45 -0.77
-1.56 -0.79
-1.35 -0.545
-1.23 -0.435
-1.18 -0.21
-1.39 -0.455
-1.15 -0.275
-1.25 -0.04
-1.1 0.035
-1.16 -0.1
-1.38 -0.24
-1.26 -0.37
-1.24 -0.385
-1.34 -0.64
-1.26 -0.435
-1.19 -0.475
-1.51 -0.825
-1.35 -0.655
-1.47 -0.8
-1.38 -0.695
-1.42 -0.79
-1.3 -0.515
-1.24 -0.455
-1.28 -0.575
-1.44 -0.7
-1.41 -0.735
-1.41 -0.74
-1.35 -0.51
-1.1 -0.505
-1.5 -0.81
-1.57 -0.78
-1.38 -0.565
-1.32 -0.745
-1.36 -0.76
-1.36 -0.585
-1.42 -0.77
-1.28 -0.7
-1.28 -0.695
-1.24 -0.64
-1.32 -0.695
-1.37 -0.685
-1.5 -0.71
-1.31 -0.7
-1.48 -0.675
-1.44 -0.73
-1.23 -0.23
-1.22 -0.085
-1.09 0.155
-1 0.065
-1.17 0.04
-1.22 0.1
-1.24 0.035
-1.1 -0.08
-1.12 0
-0.9 0.215
-1.14 0.56
-1.27 0.675
-1.4 0.745
-1.68 0.91
-1.41 0.765
-1.38 0.77
-1.54 0.8
-1.1 0.305
-1.04 0.215
-1.13 -0.05
-1.29 -0.205
-1.13 -0.265
-1.45 -0.765
-1.45 -0.81
-1.63 -0.87
-1.4 -0.695
-1.21 -0.6
-1.29 -0.7
-1.3 -0.695
-1.3 -0.75
-1.45 -0.69
-1.33 -0.625
-1.28 -0.635
-1.33 -0.67
-1.55 -0.83
-1.57 -0.82
-1.38 -0.635
-1.52 -0.795
-1.45 -0.785
-1.29 -0.635
-1.09 -0.385
-1.34 -0.645
-1.43 -0.72
-1.45 -0.745
-1.29 -0.645
-1.53 -0.81
-1.37 -0.67
-1.5 -0.775
-1.53 -0.82
-1.45 -0.755
-1.35 -0.66
-1.5 -0.615
-1.08 -0.49
-1.18 -0.305
-1.08 -0.395
-1.06 -0.37
-1.29 -0.6
-1.44 -0.7
-1.4 -0.77
-1.31 -0.615
-1.37 -0.735
-1.23 -0.555
-1.36 -0.645
-1.59 -0.855
-1.54 -0.86
-1.51 -0.815
-1.56 -0.87
-1.54 -0.735
-1.45 -0.73
-1.33 -0.75
-1.33 -0.7
-1.3 -0.68
-1.1 -0.535
-1.39 -0.665
-1.3 -0.635
-1.09 -0.395
-1.19 -0.375
-1 -0.13
-1.43 -0.615
-1.37 -0.68
-1.28 -0.635
-1.21 -0.455
-1.12 -0.42
-1.33 -0.51
-1.31 -0.56
-1.31 -0.54
-1.36 -0.385
-1.2 -0.365
-1.4 -0.605
-1.19 -0.495
-1.25 -0.6
-1.27 -0.645
-1.25 -0.56
-1.44 -0.72
-1.52 -0.825
-1.41 -0.72
-1.26 -0.41
-1.3 -0.335
-1.22 -0.33
-1.28 -0.415
-1.25 -0.42
-1.28 -0.36
-1.27 -0.535
-1.36 -0.715
-1.43 -0.67
-1.31 -0.455
-1.33 -0.47
-1.3 -0.27
-1.18 -0.315
-1.13 -0.4
-1.26 -0.255
-1.08 -0.285
-1.16 -0.22
-1.24 -0.37
-1.24 -0.415
-1.15 -0.27
-1.24 -0.205
-1.2 -0.16
-1.31 -0.245
-1.01 -0.31
-1.13 -0.25
-1.17 -0.385
-1.23 -0.4
-1.25 -0.24
-1.32 -0.6
-1.32 -0.535
-1.43 -0.75
-1.38 -0.515
-1.28 -0.355
-1.14 -0.225
-1.2 -0.375
-1.33 -0.275
-1.2 0.135
-1.4 0.385
-1.17 0.47
-1.37 0.6
-1.68 0.855
-1.42 0.8
-1.49 0.775
-1.22 0.7
-1.26 0.56
-1.33 0.665
-1.33 0.685
-1.43 0.665
-1.5 0.785
-1.25 0.625
-1.29 0.655
-1.09 0.435
-1.15 0.235
-1.29 0.22
-1.44 0.07
-1.31 0.02
-1.19 -0.06
-1.21 -0.15
-1.21 0.035
-1.18 -0.155
-1.19 -0.195
-1.23 -0.195
-1.24 -0.035
-1.37 -0.005
-1.06 -0.15
-1.24 0.275
-1.42 0.49
-1.22 0.505
-1.28 0.445
-1.36 0.645
-1.47 0.765
-1.52 0.765
-1.37 0.61
-1.3 0.68
-1.36 0.745
-1.5 0.82
-1.62 0.875
-1.42 0.795
-1.5 0.755
-1.45 0.75
-1.51 0.745
-1.27 0.63
-1.27 0.63
-1.4 0.685
-1.32 0.69
-1.55 0.845
-1.4 0.755
-1.44 0.755
-1.35 0.7
-1.41 0.78
-1.52 0.81
-1.37 0.535
-1.31 0.36
-1.05 0.25
-1.34 0.535
-1.36 0.515
-1.17 0.465
-1.41 0.72
-1.61 0.885
-1.37 0.77
-1.51 0.805
-1.51 0.805
-1.29 0.61
-1.36 0.68
-1.36 0.725
-1.38 0.63
-1.57 0.87
-1.57 0.83
-1.39 0.74
-1.58 0.805
-1.56 0.835
-1.28 0.645
-1.45 0.71
-1.62 0.86
-1.63 0.87
-1.52 0.84
-1.1 0.55
-1.25 0.605
-1.37 0.72
-1.52 0.79
-1.25 0.645
-1.64 0.865
-1.56 0.85
-1.7 0.9
-1.45 0.79
-1.5 0.825
-1.59 0.845
-1.4 0.695
-1.54 0.785
-1.38 0.72
-1.4 0.685
-1.25 0.645
-1.34 0.51
-1.35 0.56
-1.07 0.43
-1.11 0.44
-1.11 0.39
-1.31 0.465
-1.2 0.32
-1.19 0.385
-1.07 0.29
-1.16 0.315
-1.42 0.565
-1.33 0.595
-1.22 0.655
-1.24 0.52
-1.26 0.595
-1.32 0.49
-1.15 0.19
-1.21 0.34
-1.04 0.52
-1.32 0.36
-1.26 0.385
-1.26 0.5
-1.21 0.445
-1.1 0.33
-1.11 0.17
-1.25 0.36
-1.19 0.225
-1.13 0.285
-1.39 0.475
-1.31 0.45
-1.16 0.515
-1.43 0.705
-1.52 0.74
-1.45 0.79
-1.56 0.81
-1.39 0.685
-1.41 0.67
-1.46 0.75
-1.37 0.75
-1.5 0.825
-1.29 0.62
-1.43 0.805
-1.5 0.81
-1.54 0.8
-1.43 0.795
-1.39 0.78
-1.4 0.805
-1.41 0.695
-1.37 0.725
-1.34 0.705
-1.44 0.615
-1.48 0.745
-1.47 0.8
-1.43 0.71
-1.47 0.76
-1.31 0.68
-1.05 0.575
-1.29 0.355
-1.16 0.295
-1.15 0.43
-1.19 0.455
-1.16 0.43
-1.28 0.545
-1.26 0.605
-1.53 0.705
-1.23 0.68
-1.38 0.68
-1.36 0.705
-1.38 0.765
-1.43 0.78
-1.46 0.76
-1.52 0.815
-1.61 0.87
-1.47 0.755
-1.34 0.73
-1.37 0.665
-1.12 0.46
-1.31 0.61
-1.27 0.49
-1.17 0.575
-1.5 0.78
-1.59 0.86
-1.28 0.705
-1.48 0.725
-1.4 0.72
-1.41 0.79
-1.49 0.755
-1.5 0.79
-1.38 0.71
-1.33 0.695
-1.45 0.68
-1.4 0.5
-1.45 0.635
-1.67 0.875
-1.53 0.76
-1.6 0.87
-1.53 0.81
-1.46 0.71
-1.59 0.86
-1.47 0.8
-1.44 0.765
-1.32 0.72
-1.43 0.77
-1.47 0.83
-1.61 0.865
-1.31 0.715
-1.39 0.705
-1.55 0.845
-1.53 0.83
-1.24 0.515
-1.36 0.505
-1.21 0.45
-1.27 0.56
-1.55 0.795
-1.43 0.77
-1.52 0.82
-1.39 0.645
-1.22 0.565
-0.94 0.37
-1.47 0.77
-1.45 0.685
-1.29 0.64
-1.5 0.705
-1.48 0.815
-1.47 0.84
-1.5 0.82
-1.49 0.79
-1.52 0.76
-1.34 0.69
-1.36 0.72
-1.45 0.78
-1.51 0.73
-1.52 0.825
-1.29 0.68
-1.5 0.765
-1.41 0.765
-1.54 0.81
-1.53 0.84
-1.26 0.62
-1.27 0.675
-1.27 0.665
-1.35 0.67
-1.43 0.65
-1.26 0.515
-1.25 0.57
-1.1 0.42
-1.3 0.655
-1.45 0.74
-1.36 0.685
-1.37 0.605
-1.21 0.705
-1.56 0.815
-1.57 0.865
-1.29 0.685
-1.46 0.745
-1.61 0.88
-1.62 0.86
-1.65 0.815
-1.31 0.645
-1.35 0.61
-1.02 0.27
-1.25 0.565
-1.47 0.76
-1.51 0.8
-1.54 0.81
-1.44 0.69
-1.34 0.525
-1.18 0.375
-1.18 0.425
-0.96 0.125
-1.14 0.415
-1.29 0.495
-1.38 0.425
-1.07 0.375
-1.12 0.535
-1.26 0.63
-1.39 0.715
-1.34 0.635
-1.38 0.775
-1.41 0.67
-1.34 0.6
-1.39 0.685
-1.34 0.71
-1.48 0.775
-1.29 0.52
-1.27 0.685
-1.44 0.8
-1.46 0.815
-1.5 0.76
-1.37 0.745
-1.26 0.72
-1.27 0.725
-1.53 0.835
-1.71 0.92
-1.48 0.82
-1.42 0.695
-1.3 0.65
-1.2 0.605
-1.3 0.665
-1.11 0.54
-1.31 0.645
-1.18 0.425
-1.32 0.6
-1.38 0.74
-1.48 0.72
-1.49 0.79
-1.59 0.86
-1.55 0.845
-1.35 0.65
-1.13 0.59
-1.41 0.725
-1.24 0.615
-1.22 0.49
-1.5 0.695
-1.32 0.745
-1.63 0.875
-1.55 0.795
-1.73 0.915
-1.59 0.86
-1.46 0.805
-1.38 0.79
-1.45 0.75
-1.46 0.695
-1.43 0.775
-1.44 0.765
-1.31 0.67
-1.54 0.795
-1.46 0.765
-1.34 0.665
-1.23 0.59
-1.19 0.53
-1.2 0.665
-1.37 0.615
-1.45 0.74
-1.47 0.805
-1.48 0.73
-1.27 0.68
-1.38 0.595
-1.45 0.69
-1.16 0.6
-1.22 0.54
-1.21 0.435
-1.25 0.54
-1.34 0.645
-1.38 0.725
-1.61 0.81
-1.63 0.86
-1.29 0.665
-1.37 0.725
-1.32 0.6
-1.38 0.505
-1.21 0.355
-1.22 0.545
-1.23 0.445
-1.27 0.19
-1.07 0.175
-1.21 0.08
-1.03 0.24
-1.35 0.445
-1.19 0.35
-1.4 0.485
-1.21 0.43
-1.36 0.445
-1.36 0.555
-1.19 0.55
-1.42 0.73
-1.32 0.55
-1.54 0.765
-1.31 0.64
-1.41 0.77
-1.54 0.825
-1.42 0.705
-1.51 0.74
-1.35 0.535
-1.34 0.65
-1.35 0.62
-1.32 0.645
-1.35 0.565
-1.43 0.595
-1.29 0.575
-1.36 0.565
-1.38 0.63
-1.31 0.575
-1.32 0.68
-1.46 0.74
-1.23 0.545
-1.18 0.46
-1.3 0.68
-1.43 0.785
-1.2 0.61
-1.54 0.815
-1.32 0.665
-1.43 0.71
-1.47 0.71
-1.37 0.695
-1.52 0.79
-1.57 0.86
-1.45 0.755
-1.23 0.63
-1.07 0.335
-1.26 0.33
-1.2 0.385
-1.44 0.565
-1.36 0.745
-1.34 0.615
-1.43 0.565
-1.44 0.605
-1.68 0.8
-1.3 0.66
-1.51 0.75
-1.52 0.805
-1.45 0.725
-1.43 0.705
-1.48 0.79
-1.48 0.835
-1.28 0.695
-1.57 0.87
-1.64 0.89
-1.52 0.84
-1.25 0.635
-1.18 0.62
-1.53 0.865
-1.41 0.8
-1.41 0.79
-1.39 0.675
-1.46 0.73
-1.5 0.835
-1.37 0.715
-1.25 0.685
-1.38 0.595
-1.42 0.75
-1.32 0.71
-1.43 0.76
-1.6 0.855
-1.64 0.855
-1.44 0.775
-1.48 0.725
-1.35 0.715
-1.35 0.71
-1.4 0.64
-1.34 0.685
-1.33 0.555
-1.33 0.61
-1.33 0.52
-1.4 0.77
-1.29 0.615
-1.23 0.65
-1.36 0.725
-1.5 0.775
-1.35 0.625
-1.19 0.335
-1.24 0.22
-1.21 -0.02
-1.24 -0.135
-1.34 -0.145
-1.13 0.115
-1.1 -0.085
-1.07 -0.19
-1.22 0.055
-1.15 0.255
-1.24 0.21
-1.21 0.27
-1.18 0.47
-1.25 0.585
-1.4 0.67
-1.37 0.675
-1.53 0.785
-1.61 0.87
-1.59 0.765
-1.33 0.49
-1.1 0.275
-1.06 0.205
-1.06 0.245
-1.2 0.2
-1.27 -0.02
-1.23 0.07
-1.18 0.025
-1.07 -0.05
-1.09 -0.08
-1.15 -0.1
-1.18 -0.09
-1.19 0.135
-1.01 0.125
-1.32 0.375
-1.09 0.47
-1.2 0.58
-1.2 0.405
-1.21 0.265
-1.08 0.26
-1.1 0.14
-1.22 0.495
-1.2 0.28
-1.1 0.34
-1.26 0.57
-1.27 0.555
-1.38 0.765
-1.31 0.65
-1.36 0.63
-1.3 0.6
-1.29 0.47
-1.34 0.505
-1.33 0.235
-0.92 -0.09
-1.13 0.285
-1.11 0.36
-1 -0.035
-1.18 0.06
-1.12 -0.11
-1.24 -0.215
-1.3 -0.44
-1.37 -0.59
-1.37 -0.61
-1.31 -0.635
-1.17 -0.585
-1.37 -0.705
-1.3 -0.605
-1.3 -0.54
-1.48 -0.76
-1.28 -0.64
-1.32 -0.705
-1.46 -0.68
-1.32 -0.465
-1.31 -0.59
-1.43 -0.705
-1.28 -0.62
-1.42 -0.745
-1.24 -0.71
-1.41 -0.745
-1.15 -0.53
-1.21 -0.52
-1.47 -0.81
-1.47 -0.805
-1.4 -0.725
-1.31 -0.75
-1.46 -0.59
-1.24 -0.545
-1.3 -0.605
-1.33 -0.675
-1.38 -0.74
-1.31 -0.51
-1.29 -0.57
-1.39 -0.67
-1.13 -0.575
-1.4 -0.77
-1.16 -0.535
-1.32 -0.405
-1.18 -0.51
-1.17 -0.31
-1.15 -0.265
-1.4 -0.6
-1.37 -0.65
-1.32 -0.635
-1.43 -0.77
-1.46 -0.725
-1.34 -0.64
-1.46 -0.745
-1.45 -0.71
-1.44 -0.745
-1.38 -0.745
-1.4 -0.715
-1.17 -0.555
-1.34 -0.625
-1.25 -0.6
-1.41 -0.735
-1.34 -0.72
-1.33 -0.64
-1.12 -0.55
-1.1 -0.415
-1.23 -0.43
-1.13 -0.515
-1.2 -0.46
-1.09 -0.475
-1.37 -0.685
-1.47 -0.82
-1.47 -0.79
-1.46 -0.77
-1.58 -0.85
-1.27 -0.71
-1.27 -0.63
-1.21 -0.64
-1.45 -0.74
-1.42 -0.535
-1.34 -0.705
-1.59 -0.84
-1.44 -0.76
-1.42 -0.785
-1.45 -0.775
-1.33 -0.69
-1.44 -0.78
-1.12 -0.555
-1.43 -0.75
-1.55 -0.805
-1.34 -0.685
-1.28 -0.59
-1.5 -0.62
-1.32 -0.695
-1.47 -0.81
-1.62 -0.85
-1.57 -0.855
-1.63 -0.87
-1.47 -0.82
-1.47 -0.75
-1.18 -0.525
-1.19 -0.56
-1.42 -0.725
-1.53 -0.82
-1.37 -0.72
-1.26 -0.625
-1.37 -0.715
-1.42 -0.765
-1.62 -0.88
-1.33 -0.7
-1.5 -0.76
-1.02 -0.515
-1.26 -0.32
-1.06 -0.28
-1.13 -0.41
-1.29 -0.595
-1.51 -0.72
-1.3 -0.63
-1.33 -0.605
-1.28 -0.6
-1.42 -0.59
-1.25 -0.285
-1.23 -0.1
-1.11 -0.015
-1.09 -0.105
-1.18 0.265
-1.37 0.13
-1.31 0.315
-1.27 0.37
-1.39 0.505
-1.45 0.615
-1.28 0.48
-1.35 0.43
-1.44 0.55
-1.4 0.73
-1.52 0.805
-1.47 0.7
-1.37 0.65
-1.35 0.665
-1.38 0.705
-1.28 0.53
-1.13 0.545
-1.11 0.415
-1.53 0.73
-1.66 0.87
-1.52 0.805
-1.54 0.805
-1.37 0.74
-1.54 0.775
-1.51 0.835
-1.58 0.865
-1.51 0.785
-1.43 0.775
-1.51 0.785
-1.33 0.52
-1.4 0.45
-1.28 0.635
-1.32 0.61
-1.24 0.6
-1.27 0.635
-1.15 0.475
-1.14 0.39
-1.32 0.36
-1.26 0.56
-1.53 0.83
-1.57 0.77
-1.58 0.795
-1.34 0.67
-1.42 0.735
-1.24 0.7
-1.43 0.755
-1.14 0.445
-1.25 0.575
-1.41 0.57
-1.31 0.59
-1.46 0.67
-1.43 0.78
-1.66 0.89
-1.42 0.73
-1.39 0.75
-1.47 0.76
-1.47 0.775
-1.51 0.755
-1.24 0.675
-1.27 0.66
-1.37 0.73
-1.15 0.6
-1.39 0.71
-1.56 0.815
-1.3 0.51
-1.45 0.715
-1.5 0.73
-1.48 0.795
-1.61 0.86
-1.48 0.81
-1.42 0.785
-1.54 0.83
-1.33 0.725
-1.4 0.7
-1.39 0.79
-1.26 0.5
-1.34 0.655
-1.19 0.51
-1.27 0.64
-1.31 0.55
-1.44 0.72
-1.16 0.47
-1.24 0.66
-1.34 0.5
-1 0.24
-1.22 0.455
-1.36 0.73
-1.35 0.66
-1.38 0.705
-1.36 0.635
-1.31 0.705
-1.38 0.675
-1.13 0.435
-1.26 0.49
-1.15 0.525
-1.3 0.6
-1.33 0.51
-1.22 0.5
-1.35 0.59
-1.34 0.66
-1.32 0.62
-1.34 0.435
-1.14 0.325
-1.15 0.27
-1.12 0.025
-1.21 0.13
-1.14 0.33
-1.16 0.315
-1.09 0.15
-1.1 0.17
-1.07 0.06
-1.08 0.17
-1.29 0.245
-1.16 0.185
-1.24 -0.04
-1.21 0.265
-1.38 0.175
-1.4 0.135
-1.19 -0.07
-1.15 0.115
-1.22 0.155
-1.24 0.515
-1.19 0.57
-1.29 0.53
-1.35 0.445
-1.05 0.165
-0.96 0.05
-1.11 -0.04
-1.04 0.11
-1.16 0.08
-0.98 -0.01
-1.14 0
-1.06 0.025
-1.01 -0.22
-1.12 0.155
-1.25 0.275
-1.31 0.46
-1.22 0.325
-1.15 0.195
-1.13 0.255
-1.26 0.285
-1.16 0.47
-1.26 0.345
-1.06 0.265
-1.28 0.51
-1.44 0.505
-1.29 0.465
-1.28 0.445
-1.41 0.535
-1.28 0.655
-1.13 0.26
-1.09 0.285
-1.16 0.41
-0.98 0.28
-1.11 0.345
-1.23 0.21
-1.24 0.205
-1.06 0.25
-1.16 0.45
-1.27 0.43
-1.23 0.225
-1.14 0.485
-1.36 0.53
-1.4 0.7
-1.42 0.725
-1.4 0.69
-1.52 0.745
-1.52 0.7
-1.36 0.725
-1.49 0.795
-1.37 0.745
-1.31 0.7
-1.04 0.455
-1.64 0.835
-1.27 0.63
-1.22 0.665
-1.55 0.845
-1.52 0.8
-1.68 0.89
-1.28 0.7
-1.2 0.53
-1.2 0.385
-1.23 0.585
-1.56 0.79
-1.34 0.68
-1.39 0.77
-1.44 0.78
-1.59 0.8
-1.53 0.81
-1.42 0.655
-1.46 0.765
-1.64 0.89
-1.41 0.705
-1.27 0.59
-1.48 0.725
-1.4 0.74
-1.54 0.76
-1.49 0.815
-1.29 0.72
-1.5 0.755
-1.18 0.425
-1.34 0.685
-1.37 0.65
-1.2 0.515
-1.35 0.69
-1.45 0.63
-1.24 0.47
-1.02 0.38
-1.17 0.39
-1.24 0.455
-1.29 0.235
-1.25 0.22
-1.24 0.5
-1.27 0.53
-1.17 0.455
-1.27 0.355
-1.24 0.415
-1.3 0.625
-1.4 0.605
-1.35 0.64
-1.33 0.71
-1.39 0.795
-1.48 0.81
-1.09 0.5
-1.33 0.605
-1.43 0.62
-1.4 0.59
-1.42 0.56
-1.31 0.655
-1.19 0.515
-1.32 0.465
-1.28 0.155
-1.26 0.09
-1.25 -0.1
-1.3 -0.1
-1.23 0.035
-1.06 -0.32
-1.18 -0.23
-1.2 -0.215
-1.07 0.045
-1.18 -0.155
-1.36 -0.53
-1.34 -0.32
-1.22 -0.445
-1.23 -0.55
-1.45 -0.63
-1.26 -0.655
-1.33 -0.71
-1.27 -0.495
-1.28 -0.335
-1.35 -0.565
-1.38 -0.695
-1.03 -0.515
-1.43 -0.78
-1.42 -0.765
-1.31 -0.58
-1.36 -0.6
-1.29 -0.685
-1.42 -0.595
-1.23 -0.485
-1.38 -0.56
-1.19 -0.225
-1.31 -0.335
-1.14 -0.285
-1.33 -0.47
-1.29 -0.475
-1.19 -0.425
-1.13 -0.47
-1.2 -0.485
-1.28 -0.595
-1.39 -0.73
-1.4 -0.675
-1.2 -0.54
-1.41 -0.505
-1.21 -0.435
-1.3 -0.62
-1.21 -0.52
-1.3 -0.58
-1.23 -0.685
-1.3 -0.605
-1.47 -0.81
-1.55 -0.825
-1.73 -0.915
-1.35 -0.715
-1.72 -0.91
-1.45 -0.77
-1.31 -0.63
-1.35 -0.675
-1.53 -0.825
-1.43 -0.63
-1.59 -0.64
-1.32 -0.6
-1.17 -0.35
-1.23 -0.49
-1.26 -0.575
-1.52 -0.8
-1.57 -0.805
-1.44 -0.8
-1.53 -0.805
-1.48 -0.72
-1.23 -0.565
-1.3 -0.72
-1.46 -0.66
-1.25 -0.65
-1.5 -0.815
-1.39 -0.735
-1.39 -0.69
-1.31 -0.67
-1.24 -0.7
-1.58 -0.84
-1.45 -0.785
-1.47 -0.815
-1.42 -0.74
-1.09 -0.61
-1.21 -0.515
-1.36 -0.61
-1.34 -0.62
-1.36 -0.475
-1.14 -0.305
-1.16 -0.445
-1.23 -0.355
-1.13 -0.225
-1.1 -0.385
-1.38 -0.445
-1.41 -0.595
-1.25 -0.48
-1.38 -0.48
-1.22 -0.355
-1.22 -0.305
-1.22 -0.365
-1.09 -0.11
-1.29 -0.405
-1.27 -0.49
-1.29 -0.53
-1.13 -0.39
-1.18 -0.32
-1.11 -0.07
-1.11 -0.35
-1 -0.02
-1.13 -0.195
-1.15 0.105
-1.16 0.01
-1.31 0.27
-1.09 0.095
-1.08 0.005
-1.1 0.18
-1.06 0.285
-1.22 0.34
-1.21 0.2
-1.37 0.21
-1.34 0.145
-1.18 0.005
-1.19 -0.1
-1.35 -0.18
-1.21 0.02
-1.17 -0.125
-1.07 -0.155
-1.19 -0.295
-1.11 -0.41
-0.99 -0.225
-1.23 -0.355
-1.24 -0.51
-1.19 -0.545
-1.28 -0.45
-1.41 -0.715
-1.33 -0.595
-1.2 -0.585
-1.31 -0.74
-1.44 -0.74
-1.31 -0.695
-1.39 -0.59
-1.19 -0.465
-1.47 -0.675
-1.46 -0.725
-1.34 -0.68
-1.57 -0.82
-1.35 -0.575
-1.27 -0.63
-1.26 -0.585
-1.25 -0.525
-1.14 -0.35
-1.25 -0.66
-1.35 -0.665
-1.36 -0.685
-1.42 -0.725
-1.55 -0.805
-1.42 -0.74
-1.37 -0.715
-1.57 -0.85
-1.42 -0.585
-1.31 -0.64
-1.27 -0.715
-1.28 -0.625
-1.34 -0.58
-1.29 -0.59
-1.35 -0.57
-1.35 -0.56
-1.38 -0.49
-1.31 -0.475
-1.32 -0.595
-1.43 -0.685
-1.32 -0.63
-1.35 -0.41
-1.17 -0.25
-1.17 -0.53
-1.43 -0.745
-1.35 -0.69
-1.54 -0.835
-1.73 -0.895
-1.62 -0.855
-1.48 -0.76
-1.6 -0.87
-1.48 -0.805
-1.38 -0.755
-1.36 -0.77
-1.47 -0.8
-1.45 -0.765
-1.64 -0.855
-1.54 -0.67
-1.43 -0.795
-1.4 -0.685
-1.27 -0.6
-1.3 -0.665
-1.52 -0.795
-1.43 -0.69
-1.36 -0.655
-1.57 -0.795
-1.61 -0.86
-1.57 -0.86
-1.59 -0.865
-1.37 -0.685
-1.47 -0.635
-1.49 -0.745
-1.56 -0.8
-1.43 -0.78
-1.43 -0.685
-1.49 -0.765
-1.46 -0.805
-1.2 -0.62
-1.68 -0.9
-1.47 -0.805
-1.41 -0.78
-1.32 -0.615
-1.27 -0.505
-1.3 -0.57
-1.47 -0.755
-1.37 -0.635
-1.22 -0.51
-1.39 -0.59
-1.37 -0.65
-1.09 -0.28
-1.07 0.045
-1.04 0.095
-1.23 -0.235
-1.08 -0.15
-1.06 -0.06
-1.13 -0.265
-1.02 0.05
-1.02 -0.035
-1 0.235
-1.01 0.215
-1.32 -0.005
-1.36 -0.02
-1.44 -0.065
-1.14 -0.06
-1.16 -0.295
-1.15 -0.095
-0.99 0.225
-1.3 0.545
-1.35 0.645
-1.42 0.55
-1.28 0.515
-1.38 0.755
-1.4 0.74
-1.43 0.72
-1.5 0.765
-1.37 0.74
-1.49 0.8
-1.35 0.67
-1.38 0.755
-1.5 0.755
-1.4 0.755
-1.33 0.635
-1.41 0.655
-1.4 0.76
-1.38 0.76
-1.29 0.675
-1.46 0.71
-1.42 0.76
-1.12 0.48
-1.35 0.715
-1.57 0.78
-1.26 0.55
-1.28 0.43
-1.21 0.585
-1.29 0.445
-1 0.23
-1.16 0.46
-1.36 0.7
-1.12 0.39
-1.45 0.66
-1.09 0.52
-1.39 0.695
-1.27 0.635
-1.5 0.81
-1.36 0.775
-1.56 0.82
-1.61 0.875
-1.67 0.89
-1.34 0.725
-1.02 0.25
-1.23 0.38
-1.22 0.1
-1.06 -0.13
-1.22 -0.1
-1.26 -0.215
-1.04 -0.13
-1.14 -0.145
-1.32 -0.265
-1.24 0
-1.08 -0.18
-1.32 -0.445
-1.21 -0.325
-1.29 -0.415
-1.2 -0.405
-1.22 -0.195
-1.25 -0.16
-1.19 -0.25
-1.22 -0.12
-0.98 -0.185
-1.22 -0.32
-1.25 -0.55
-1.34 -0.485
-1.12 -0.38
-1.21 -0.25
-1.01 -0.19
-1.1 -0.34
-1.38 -0.315
-1.21 -0.22
-1.16 -0.185
-1.07 -0.28
-1.15 -0.32
-1.25 -0.475
-1.28 -0.485
-1.07 -0.315
-1.29 -0.44
-1.24 -0.305
-1.32 -0.555
-1.41 -0.69
-1.42 -0.78
-1.34 -0.68
-1.43 -0.82
-1.46 -0.685
-1.52 -0.745
-1.3 -0.635
-1.28 -0.67
-1.44 -0.655
-1.39 -0.59
-1.33 -0.69
-1.45 -0.72
-1.25 -0.635
-1.44 -0.58
-1.17 -0.255
-1.26 -0.435
-1.32 -0.32
-1.23 -0.41
-1.22 -0.53
-1.21 -0.62
-1.44 -0.725
-1.24 -0.565
-1.09 -0.415
-1.3 -0.685
-1.19 -0.56
-1.36 -0.685
-1.43 -0.785
-1.59 -0.855
-1.3 -0.675
-1.3 -0.67
-1.44 -0.8
-1.17 -0.665
-1.64 -0.895
-1.47 -0.83
-1.23 -0.625
-1.49 -0.795
-1.55 -0.83
-1.46 -0.79
-1.4 -0.725
-1.5 -0.76
-1.62 -0.885
-1.26 -0.69
-1.54 -0.775
-1.42 -0.765
-1.24 -0.57
-1.27 -0.51
-1.25 -0.575
-1.17 -0.51
-1.47 -0.77
-1.3 -0.655
-1.25 -0.555
-1.13 -0.355
-1.26 -0.62
-1.56 -0.795
-1.38 -0.655
-1.32 -0.72
-1.39 -0.725
-1.28 -0.49
-1.17 -0.39
-1.31 -0.495
-1.3 -0.455
-1.24 -0.28
-1.3 -0.39
-1.27 -0.44
-1.18 -0.43
-1.21 -0.63
-1.34 -0.715
-1.32 -0.71
-1.47 -0.785
-1.49 -0.8
-1.19 -0.595
-1.56 -0.84
-1.58 -0.86
-1.3 -0.785
-1.27 -0.695
-1.31 -0.625
-1.36 -0.625
-1.4 -0.59
-1.34 -0.48
-1.29 -0.475
-1.32 -0.445
-1.28 -0.19
-1.18 -0.155
-1.15 0.005
-1.32 0.11
-1.04 0.025
-1.22 0.295
-1.25 0.29
-1.41 0.615
-1.27 0.49
-1.46 0.645
-1.46 0.825
-1.3 0.755
-1.33 0.605
-1.29 0.395
-1.01 0.455
-1.22 0.195
-1.01 0.125
-1.21 0.13
-1.14 0.11
-1.29 -0.09
-1.17 -0.2
-1.12 -0.27
-1.21 -0.34
-1.35 -0.43
-1.32 -0.495
-1.32 -0.49
-1.18 -0.335
-1.18 -0.475
-1.24 -0.57
-1.11 -0.475
-1.28 -0.345
-1.19 -0.335
-1.32 -0.69
-1.47 -0.8
-1.33 -0.715
-1.29 -0.69
-1.43 -0.77
-1.53 -0.83
-1.49 -0.78
-1.39 -0.655
-1.32 -0.66
-1.26 -0.53
-1.32 -0.58
-1.47 -0.775
-1.49 -0.815
-1.36 -0.715
-1.41 -0.74
-1.32 -0.59
-1.29 -0.53
-1.32 -0.38
-1.32 -0.56
-1.18 -0.445
-1.2 -0.335
-1.26 -0.175
-1.15 -0.115
-1.42 -0.31
-1.07 -0.375
-1.17 -0.34
-1.2 -0.105
-1.23 -0.18
-1.2 -0.225
-1.25 -0.22
-1.16 -0.08
-1.22 -0.025
-1.07 0.13
-0.98 0.1
-1.11 0.075
-1.15 0.025
-1.07 -0.255
-1.33 -0.585
-1.34 -0.63
-1.5 -0.75
-1.57 -0.78
-1.36 -0.735
-1.36 -0.695
-1.38 -0.765
-1.53 -0.815
-1.39 -0.79
-1.41 -0.695
-1.44 -0.73
-1.51 -0.835
-1.48 -0.8
-1.47 -0.795
-1.26 -0.695
-1.22 -0.635
-1.34 -0.725
-1.48 -0.735
-1.24 -0.555
-1.39 -0.72
-1.3 -0.655
-1.21 -0.655
-1.41 -0.76
-1.53 -0.82
-1.36 -0.685
-1.33 -0.575
-1.26 -0.525
-1.26 -0.3
-1.23 -0.365
-1.19 -0.215
-1.23 0
-1.09 0.05
-1.09 0.1
-1.32 0.21
-1.36 0.285
-1.27 0.425
-1.43 0.345
-1.29 0.535
-1.43 0.745
-1.51 0.775
-1.47 0.735
-0.98 0.38
-1.18 0.44
-1.32 0.5
-1.2 0.47
-1.53 0.765
-1.42 0.695
-1.23 0.54
-1.51 0.64
-1.49 0.695
-1.44 0.74
-1.61 0.745
-1.36 0.69
-1.54 0.81
-1.39 0.75
-1.45 0.775
-1.56 0.87
-1.53 0.82
-1.24 0.605
-1.29 0.535
-1.28 0.625
-1.11 0.525
-1.45 0.765
-1.45 0.68
-1.44 0.745
-1.45 0.76
-1.6 0.85
-1.34 0.65
-1.09 0.42
-1.27 0.54
-1.21 0.63
-1.26 0.475
-1.13 0.305
-1.22 0.375
-1.36 0.485
-1.2 0.56
-1.2 0.61
-1.23 0.53
-1.38 0.62
-1.08 0.31
-1.17 0.08
-1.14 0.295
-1.25 0.47
-1.3 0.23
-1.25 0.28
-1.27 0.415
-1.39 0.27
-1.17 0.16
-1.15 -0.095
-1.01 -0.065
-1.11 -0.135
-1.26 -0.19
-1.13 -0.215
-1.38 -0.39
-1.19 -0.445
-1.19 -0.505
-1.52 -0.745
-1.69 -0.905
-1.37 -0.7
-1.62 -0.79
-1.43 -0.785
-1.45 -0.78
-1.51 -0.695
-1.54 -0.7
-1.35 -0.745
-1.41 -0.75
-1.32 -0.7
-1.25 -0.585
-1.34 -0.63
-1.23 -0.635
-1.26 -0.655
-1.41 -0.75
-1.37 -0.72
-1.48 -0.84
-1.22 -0.655
-1.36 -0.56
-1.29 -0.58
-1.31 -0.52
-1.33 -0.4
-1.23 -0.37
-1.36 -0.535
-1.37 -0.67
-1.44 -0.735
-1.24 -0.605
-1.14 -0.495
-1.25 -0.615
-1.28 -0.635
-1.36 -0.585
-1.46 -0.71
-1.32 -0.76
-1.61 -0.83
-1.36 -0.71
-1.33 -0.65
-1.43 -0.665
-1.5 -0.69
-1.2 -0.495
-1.44 -0.615
-1.28 -0.625
-1.15 -0.53
-1.16 -0.63
-1.42 -0.715
-1.26 -0.515
-0.97 -0.38
-1.19 -0.36
-1.07 -0.3
-1.26 -0.4
-1.37 -0.44
-1.2 -0.35
-1.48 -0.58
-1.32 -0.315
-1.3 -0.375
-1.03 -0.3
-1.36 -0.515
-1.19 -0.515
-1.49 -0.63
-1.28 -0.645
-1.57 -0.85
-1.37 -0.76
-1.5 -0.82
-1.34 -0.67
-1.19 -0.535
-1.29 -0.655
-1.18 -0.32
-1.21 -0.22
-1.12 -0.01
-1.29 0.135
-1.11 -0.025
-1.1 0.18
-1.13 0.175
-1.13 0.26
-1.22 0.24
-1.08 0.32
-0.94 0.385
-1.05 0.245
-1.23 0.41
-1.14 0.28
-1 0.165
-1.16 0.205
-1.12 0.21
-1.08 -0.05
-1.15 -0.2
-1.22 -0.365
-1.3 -0.42
-1.35 -0.47
-1.12 -0.235
-1.09 -0.305
-1.17 -0.355
-1.09 -0.39
-1.36 -0.415
-1.42 -0.22
-1.08 -0.055
-1.1 -0.095
-1.09 0.015
-1.11 0.26
-1.22 0.29
-1.05 0.225
-1.36 0.395
-1.23 0.445
-1.33 0.63
-1.48 0.735
-1.43 0.67
-1.34 0.51
-1.36 0.61
-1.35 0.62
-1.42 0.805
-1.29 0.7
-1.37 0.77
-1.45 0.785
-1.51 0.83
-1.23 0.67
-1.31 0.69
-1.36 0.77
-1.46 0.73
-1.47 0.805
-1.3 0.625
-1.36 0.655
-1.1 0.545
-1.24 0.68
-1.55 0.825
-1.39 0.745
-1.38 0.76
-1.64 0.85
-1.46 0.78
-1.52 0.855
-1.62 0.845
-1.59 0.775
-1.58 0.76
-1.4 0.64
-1.38 0.695
-1.31 0.64
-1.28 0.62
-1.39 0.71
-1.62 0.855
-1.52 0.785
-1.49 0.71
-1.45 0.81
-1.52 0.815
-1.37 0.725
-1.53 0.855
-1.28 0.665
-1.3 0.63
-1.12 0.255
-1.18 0.265
-1.2 0.13
-1.25 0.125
-1.33 0.085
-1.22 0.375
-1.29 0.365
-1.16 0.4
-1.31 0.395
-1.04 0.445
-1.38 0.655
-1.19 0.43
-1.16 0.195
-1.13 -0.065
-1.34 -0.255
-1.14 -0.49
-1.25 -0.41
-1.16 -0.235
-1.31 -0.51
-1.21 -0.46
-1.13 -0.27
-1.22 -0.13
-1.19 -0.12
-1.33 -0.155
-1.16 0
-0.96 0.05
-1 -0.215
-1.05 -0.265
-1.23 -0.34
-1.4 -0.695
-1.34 -0.52
-1.44 -0.715
-1.29 -0.635
-1.36 -0.73
-1.52 -0.74
-1.64 -0.885
-1.62 -0.88
-1.43 -0.735
-1.56 -0.84
-1.51 -0.71
-1.74 -0.92
-1.61 -0.85
-1.48 -0.75
-1.06 -0.615
-1.6 -0.805
-1.25 -0.66
-1.43 -0.745
-1.31 -0.69
-1.29 -0.67
-1.39 -0.725
-1.38 -0.795
-1.43 -0.745
-1.43 -0.745
-1.54 -0.85
-1.51 -0.805
-1.54 -0.83
-1.51 -0.81
-1.48 -0.75
-1.04 -0.52
-1.41 -0.735
-1.34 -0.575
-1.15 -0.57
-1.26 -0.615
-1.43 -0.555
-1.38 -0.685
-1.32 -0.725
-1.27 -0.565
-1.43 -0.705
-1.2 -0.455
-1.32 -0.595
-1.19 -0.42
-1.2 -0.305
-1.16 -0.115
-1.29 -0.27
-1.22 -0.42
-1.14 -0.385
-1.21 -0.475
-1.1 -0.215
-1.17 -0.405
-1.46 -0.67
-1.27 -0.5
-1.43 -0.665
-1.15 -0.545
-1.53 -0.79
-1.38 -0.67
-1.5 -0.76
-1.51 -0.83
-1.4 -0.7
-1.3 -0.555
-1.2 -0.51
-1.25 -0.51
-1.14 -0.305
-1.4 -0.565
-1.34 -0.62
-1.36 -0.745
-1.58 -0.86
-1.54 -0.845
-1.64 -0.835
-1.19 -0.445
-1.21 -0.51
-1.36 -0.635
-1.07 -0.485
-1.34 -0.67
-1.35 -0.735
-1.19 -0.69
-1.61 -0.88
-1.46 -0.795
-1.24 -0.655
-1.24 -0.71
-1.28 -0.59
-1.42 -0.425
-1.31 -0.55
-1.22 -0.405
-1.28 -0.575
-1.47 -0.77
-1.35 -0.74
-1.38 -0.73
-1.32 -0.715
-1.4 -0.695
-1.48 -0.8
-1.26 -0.57
-1.59 -0.845
-1.54 -0.81
-1.38 -0.65
-1.46 -0.79
-1.41 -0.75
-1.26 -0.54
-1.32 -0.625
-1.37 -0.6
-1.31 -0.62
-1.23 -0.6
-1.41 -0.695
-1.39 -0.615
-1.41 -0.735
-1.59 -0.885
-1.44 -0.735
-1.35 -0.675
-1.38 -0.765
-1.35 -0.64
-1.31 -0.615
-1.31 -0.52
-1.21 -0.53
-1.32 -0.7
-1.49 -0.8
-1.55 -0.77
-1.35 -0.75
-1.37 -0.65
-1.38 -0.695
-1.26 -0.365
-1.32 -0.565
-1.29 -0.675
-1.31 -0.58
-1.28 -0.52
-1.5 -0.72
-1.19 -0.45
-1.16 -0.415
-1.18 -0.535
-1.25 -0.505
-1.37 -0.465
-0.95 -0.25
-1.28 -0.675
-1.69 -0.91
-1.44 -0.74
-1.4 -0.69
-1.5 -0.805
-1.46 -0.78
-1.54 -0.81
-1.38 -0.71
-1.46 -0.71
-1.45 -0.74
-1.64 -0.865
-1.48 -0.76
-1.37 -0.7
-1.56 -0.825
-1.38 -0.76
-1.23 -0.615
-1.27 -0.66
-1.47 -0.81
-1.41 -0.79
-1.52 -0.79
-1.42 -0.645
-1.34 -0.605
-1.35 -0.635
-1.34 -0.635
-1.36 -0.725
-1.35 -0.67
-1.39 -0.62
-1.34 -0.47
-1.3 -0.495
-1.19 -0.615
-1.25 -0.525
-1.19 -0.255
-1.29 -0.41
-1.27 -0.27
-1.05 -0.135
-1.22 -0.37
-1.04 -0.38
-1.42 -0.545
-1.32 -0.57
-1.45 -0.775
-1.44 -0.75
-1.44 -0.735
-1.53 -0.72
-1.44 -0.75
-1.42 -0.78
-1.36 -0.655
-1.26 -0.665
-1.35 -0.7
-1.35 -0.655
-1.41 -0.645
-1.6 -0.85
-1.39 -0.69
-1.45 -0.765
-1.43 -0.72
-1.52 -0.765
-1.4 -0.725
-1.19 -0.505
-1.18 -0.515
-1.51 -0.835
-1.44 -0.725
-1.58 -0.87
-1.31 -0.725
-1.34 -0.69
-1.31 -0.7
-1.55 -0.85
-1.34 -0.755
-1.24 -0.635
-1.25 -0.68
-1.59 -0.77
-1.73 -0.915
-1.43 -0.795
-1.46 -0.77
-1.4 -0.73
-1.45 -0.755
-1.48 -0.82
-1.46 -0.765
-1.42 -0.745
-1.38 -0.73
-1.52 -0.79
-1.51 -0.795
-1.58 -0.825
-1.24 -0.63
-1.67 -0.875
-1.47 -0.815
-1.73 -0.905
-1.47 -0.795
-1.34 -0.68
-1.57 -0.825
-1.53 -0.815
-1.34 -0.69
-1.39 -0.695
-1.09 -0.635
-1.62 -0.87
-1.52 -0.825
-1.36 -0.765
-1.56 -0.85
-1.29 -0.595
-1.56 -0.815
-1.67 -0.79
-1.32 -0.545
-1.07 -0.48
-1.37 -0.66
-1.19 -0.595
-1.33 -0.525
-1.29 -0.485
-1.26 -0.48
-1.17 -0.415
-1.23 -0.57
-1.41 -0.64
-1.19 -0.32
-1.16 -0.21
-1.19 -0.48
-1.57 -0.815
-1.43 -0.71
-1.34 -0.685
-1.36 -0.795
-1.53 -0.835
-1.47 -0.74
-1.36 -0.56
-1.5 -0.69
-1.43 -0.705
-1.27 -0.59
-1.44 -0.705
-1.45 -0.73
-1.32 -0.69
-1.14 -0.46
-1.28 -0.505
-1.21 -0.52
-1.47 -0.715
-1.44 -0.775
-1.63 -0.88
-1.47 -0.72
-1.31 -0.565
-1.22 -0.46
-1.36 -0.385
-1.12 -0.435
-1.17 -0.255
-1.34 -0.465
-1.39 -0.33
-1.06 -0.28
-1.18 -0.105
-1.17 -0.065
-1.15 0.035
-1.21 -0.015
-1.3 -0.045
-1.21 0.085
-1.31 0.335
-1.15 0.2
-1.07 0.125
-1.15 0.235
-1.12 0.11
-1.27 0.13
-1.3 0.1
-1.15 0.155
-1.22 -0.14
-1.04 -0.29
-1.19 -0.305
-1.06 -0.33
-1.36 -0.59
-1.44 -0.675
-1.21 -0.37
-1.16 -0.285
-0.94 -0.175
-1.16 -0.28
-1.1 -0.315
-1.19 -0.36
-1.22 -0.35
-0.94 -0.13
-1.22 0
-1.27 0.16
-1.22 0.04
-1.22 0
-1.2 -0.1
-1.15 -0.315
-1.13 -0.045
-1.17 0
-1.23 -0.035
-1.2 0.205
-1.25 0.38
-1.33 0.285
-1.26 0
-1.23 0.015
-1.27 -0.12
-1.06 0.065
-1.1 0.03
-1.11 0.26
-1.3 0.425
-1.19 0.215
-1.07 -0.015
-1.21 -0.05
-1.22 -0.225
-0.98 -0.18
-0.95 -0.31
-1.25 -0.43
-1.2 -0.385
-1.18 -0.56
-1.38 -0.68
-1.09 -0.345
-1.32 -0.67
-1.3 -0.615
-1.59 -0.835
-1.56 -0.83
-1.55 -0.87
-1.28 -0.66
-1.42 -0.795
-1.45 -0.76
-1.42 -0.78
-1.55 -0.835
-1.51 -0.795
-1.55 -0.84
-1.24 -0.655
-1.42 -0.775
-1.5 -0.77
-1.48 -0.81
-1.62 -0.86
-1.51 -0.76
-1.62 -0.89
-1.54 -0.825
-1.57 -0.875
-1.51 -0.79
-1.49 -0.795
-1.59 -0.875
-1.39 -0.755
-1.57 -0.84
-1.46 -0.825
-1.43 -0.8
-1.38 -0.735
-1.56 -0.835
-1.63 -0.89
-1.62 -0.865
-1.38 -0.755
-1.7 -0.895
-1.43 -0.74
-1.44 -0.71
-1.44 -0.585
-1.24 -0.615
-1.4 -0.68
-1.53 -0.805
-1.47 -0.78
-1.43 -0.775
-1.36 -0.725
-1.39 -0.65
-1.59 -0.815
-1.53 -0.805
-1.32 -0.67
-1.41 -0.665
-1.28 -0.715
-1.61 -0.865
-1.65 -0.86
-1.37 -0.62
-1.47 -0.79
-1.55 -0.83
-1.6 -0.87
-1.42 -0.795
-1.55 -0.815
-1.55 -0.815
-1.58 -0.84
-1.53 -0.825
-1.82 -0.955
-1.54 -0.82
-1.55 -0.85
-1.46 -0.8
-1.59 -0.855
-1.5 -0.79
-1.45 -0.72
-1.37 -0.57
-1.4 -0.61
-1.21 -0.545
-1.39 -0.365
-1.26 -0.165
-1.19 -0.33
-1.32 -0.56
-1.4 -0.675
-1.34 -0.605
-1.27 -0.595
-1.41 -0.665
-1.37 -0.62
-1.63 -0.88
-1.52 -0.845
-1.34 -0.69
-1.31 -0.655
-1.36 -0.515
-1.24 -0.425
-1.23 -0.355
-1.06 -0.46
-1.43 -0.785
-1.36 -0.78
-1.63 -0.84
-1.59 -0.835
-1.58 -0.84
-1.43 -0.79
-1.45 -0.68
-1.36 -0.585
-1.24 -0.59
-1.49 -0.73
-1.39 -0.68
-1.37 -0.685
-1.3 -0.585
-1.39 -0.78
-1.65 -0.88
-1.27 -0.6
-1.41 -0.79
-1.6 -0.835
-1.23 -0.58
-1.07 -0.455
-1.27 -0.59
-1.21 -0.49
-1.48 -0.67
-1.59 -0.7
-1.49 -0.735
-1.16 -0.635
-1.44 -0.675
-1.31 -0.43
-1.16 -0.39
-1.21 -0.375
-1.16 -0.01
-1.19 0.06
-1.16 0.105
-1.1 0.49
-1.23 0.355
-1.08 0.365
-1.22 -0.305
-1.26 -0.565
-1.36 -0.715
-1.25 -0.615
-1.53 -0.84
-1.51 -0.835
-1.27 -0.695
-1.45 -0.78
-1.3 -0.705
-1.46 -0.72
-1.53 -0.805
-1.4 -0.81
-1.4 -0.71
-1.33 -0.57
-1.29 -0.575
-1.37 -0.625
-1.23 -0.55
-1.33 -0.54
-1.14 -0.235
-1.06 -0.305
-1.16 -0.2
-1.33 -0.31
-1.26 -0.24
-1.3 -0.3
-1.17 -0.385
-1.23 -0.645
-1.35 -0.505
-1.11 -0.44
-1.46 -0.515
-1.25 -0.38
-1.28 -0.34
-1.42 -0.56
-1.21 -0.345
-1.39 -0.515
-1.35 -0.585
-1.47 -0.68
-1.22 -0.675
-1.32 -0.7
-1.44 -0.78
-1.27 -0.57
-1.19 -0.57
-1.3 -0.345
-1.34 -0.17
-1.14 0.045
-1.25 0.365
-1.13 -0.04
-1.24 -0.225
-1 -0.005
-1.15 0.085
-1.1 -0.075
-1.2 -0.065
-1.12 -0.11
-1.08 -0.01
-1.22 0.095
-1.26 0.115
-1.19 0.085
-1.11 -0.065
-1.17 0.13
-1.28 -0.1
-1.31 -0.385
-1.18 -0.495
-1.14 -0.365
-1.31 -0.705
-1.45 -0.8
-1.54 -0.845
-1.54 -0.845
-1.59 -0.845
-1.66 -0.84
-1.56 -0.82
-1.5 -0.835
-1.48 -0.8
-1.42 -0.66
-1.49 -0.77
-1.42 -0.72
-1.25 -0.385
-1.31 -0.45
-1.14 -0.27
-1.25 -0.225
-1.11 -0.11
-1.19 -0.04
-1.18 0.015
-1.16 0.11
-1.26 -0.24
-1.2 -0.09
-1.22 -0.05
-1.22 -0.195
-1.32 -0.235
-1.19 -0.43
-1.22 -0.375
-1.14 -0.345
-1.14 -0.285
-1.17 -0.115
-1.22 -0.15
-1.27 -0.32
-1.28 -0.43
-1.29 -0.475
-1.37 -0.485
-1.26 -0.4
-1.17 -0.255
-1.28 -0.295
-1.19 -0.385
-1.15 -0.25
-1.37 -0.405
-1.26 -0.485
-1.11 -0.44
-1.19 -0.13
-1.28 -0.605
-1.58 -0.765
-1.42 -0.735
-1.3 -0.66
-1.45 -0.685
-1.5 -0.765
-1.53 -0.815
-1.33 -0.615
-1.31 -0.505
-1.31 -0.48
-1.35 -0.56
-1.35 -0.73
-1.39 -0.59
-1.56 -0.835
-1.53 -0.825
-1.64 -0.885
-1.37 -0.715
-1.28 -0.51
-1.47 -0.67
-1.48 -0.825
-1.42 -0.77
-1.4 -0.79
-1.24 -0.525
-1.39 -0.67
-1.46 -0.81
-1.38 -0.735
-1.17 -0.68
-1.46 -0.725
-1.34 -0.72
-1.29 -0.565
-1.33 -0.57
-1.33 -0.515
-1.52 -0.69
-1.31 -0.59
-1.36 -0.64
-1.33 -0.545
-1.18 -0.395
-1.19 -0.275
-0.98 0.01
-1.18 -0.215
-1.1 -0.175
-1.08 -0.265
-1.35 -0.295
-1.28 -0.44
-1.28 -0.5
-1.16 -0.38
-1.09 -0.445
-1.42 -0.585
-1.36 -0.585
-1.16 -0.47
-1.51 -0.745
-1.27 -0.65
-1.23 -0.465
-1.4 -0.625
-1.14 -0.405
-1.43 -0.585
-1.22 -0.485
-1.2 -0.455
-1.25 -0.465
-1.43 -0.745
-1.34 -0.69
-1.4 -0.785
-1.53 -0.825
-1.36 -0.705
-1.26 -0.69
-1.47 -0.8
-1.65 -0.875
-1.53 -0.815
-1.33 -0.7
-1.54 -0.8
-1.47 -0.785
-1.54 -0.84
-1.57 -0.815
-1.49 -0.825
-1.37 -0.76
-1.59 -0.85
-1.37 -0.67
-1.36 -0.655
-1.68 -0.895
-1.42 -0.77
-1.45 -0.755
-1.08 -0.59
-1.46 -0.74
-1.61 -0.765
-1.37 -0.695
-1.41 -0.695
-1.48 -0.75
-1.49 -0.805
-1.44 -0.82
-1.27 -0.59
-1.19 -0.525
-1.23 -0.455
-1.48 -0.735
-1.59 -0.855
-1.5 -0.78
-1.33 -0.67
-1.61 -0.84
-1.41 -0.765
-1.31 -0.64
-1.33 -0.57
-1.51 -0.83
-1.57 -0.845
-1.38 -0.745
-1.38 -0.715
-1.56 -0.765
-1.3 -0.645
-1.23 -0.57
-1.36 -0.59
-1.24 -0.265
-1.26 -0.415
-1.26 -0.29
-1.1 -0.105
-1.19 -0.19
-1.19 -0.33
-1.42 -0.525
-1.3 -0.44
-1.21 -0.235
-1.07 -0.115
-0.97 -0.275
-1.19 -0.485
-1.46 -0.765
-1.39 -0.72
-1.28 -0.725
-1.53 -0.825
-1.24 -0.675
-1.25 -0.645
-1.36 -0.68
-1.29 -0.715
-1.19 -0.575
-1.15 -0.565
-1.34 -0.685
-1.42 -0.735
-1.37 -0.665
-1.4 -0.685
-1.04 -0.33
-1.19 -0.67
-1.49 -0.755
-1.53 -0.765
-1.57 -0.86
-1.62 -0.795
-1.34 -0.64
-1.46 -0.74
-1.25 -0.43
-1.36 -0.265
-1.21 -0.15
-1.06 0.04
-1.07 -0.145
-1.12 -0.115
-1.07 -0.12
-1.19 -0.07
-1.25 -0.05
-1.24 0.055
-1.17 0.105
-1.28 0.3
-1.2 0.18
-1.16 0.11
-1.15 0.005
-1.34 0.055
-1.12 -0.09
-1.07 0.115
-1.23 0.075
-1.25 -0.13
-1.25 -0.375
-1.3 -0.485
-1.51 -0.765
-1.4 -0.64
-1.28 -0.67
-1.31 -0.515
-1.19 -0.53
-1.43 -0.665
-1.21 -0.46
-1.12 -0.34
-1.07 -0.255
-1.26 -0.28
-1.18 -0.07
-1.01 0.115
-1.1 -0.18
-1.17 -0.355
-1.33 -0.755
-1.36 -0.785
-1.55 -0.87
-1.39 -0.775
-1.49 -0.75
-1.48 -0.795
-1.54 -0.795
-1.41 -0.775
-1.59 -0.875
-1.46 -0.8
-1.23 -0.65
-1.42 -0.725
-1.29 -0.475
-1.17 -0.435
-1.14 -0.385
-1.02 -0.335
-1.37 -0.29
-1.19 -0.38
-1.43 -0.73
-1.35 -0.72
-1.55 -0.825
-1.48 -0.815
-1.63 -0.895
-1.17 -0.56
-1.39 -0.655
-1.43 -0.645
-1.39 -0.66
-1.4 -0.655
-1.25 -0.67
-1.67 -0.895
-1.62 -0.845
-1.67 -0.885
-1.37 -0.685
-1.39 -0.76
-1.38 -0.68
-1.49 -0.76
-1.41 -0.62
-1.2 -0.33
-1.23 -0.19
-1.39 -0.305
-1.2 -0.37
-1.28 -0.185
-1.33 -0.615
-1.27 -0.56
-1.34 -0.645
-1.18 -0.57
-1.19 -0.575
-1.43 -0.765
-1.31 -0.53
-1.47 -0.68
-1.46 -0.78
-1.36 -0.745
-1.46 -0.77
-1.28 -0.61
-1.25 -0.665
-1.3 -0.63
-1.24 -0.58
-1.32 -0.505
-1.4 -0.625
-1.17 -0.445
-1.37 -0.58
-1.43 -0.775
-1.47 -0.72
-1.27 -0.735
-1.46 -0.715
-1.52 -0.82
-1.41 -0.72
-1.43 -0.755
-1.32 -0.525
-1.28 -0.5
-1.24 -0.41
-1.09 -0.49
-1.44 -0.645
-1.53 -0.61
-1.26 -0.595
-1.16 -0.49
-1.44 -0.725
-1.55 -0.86
-1.46 -0.73
-1.5 -0.76
-1.59 -0.82
-1.46 -0.805
-1.38 -0.785
-1.38 -0.725
-1.64 -0.89
-1.4 -0.73
-1.41 -0.68
-1.26 -0.625
-1.16 -0.535
-1.43 -0.69
-1.33 -0.63
-1.26 -0.475
-1.53 -0.715
-1.46 -0.8
-1.33 -0.705
-1.27 -0.63
-1.38 -0.63
-1.32 -0.48
-1.02 -0.25
-0.87 0.025
-1.07 0.305
-1.17 0.445
-1.06 0.41
-1.3 0.465
-1.33 0.425
-1.22 0.23
-1.09 0.105
-1.07 0.07
-1.29 -0.035
-1.14 -0.06
-1.39 0.155
-1.28 0.13
-1.19 0.105
-1.12 0.24
-1.33 0.29
-1.03 0.34
-1.3 0.5
-1.41 0.71
-1.39 0.755
-1.5 0.665
-1.05 0.43
-1.26 0.575
-1.53 0.82
-1.38 0.66
-1.5 0.775
-1.54 0.805
-1.62 0.855
-1.48 0.75
-1.4 0.63
-1.37 0.595
-1.49 0.72
-1.34 0.62
-1.41 0.685
-1.37 0.7
-1.42 0.705
-1.57 0.825
-1.32 0.665
-1.38 0.625
-1.09 0.58
-1.38 0.715
-1.44 0.815
-1.68 0.905
-1.26 0.65
-1.59 0.845
-1.41 0.775
-1.56 0.84
-1.53 0.84
-1.39 0.735
-1.54 0.825
-1.53 0.795
-1.51 0.745
-1.49 0.77
-1.28 0.65
-1.34 0.66
-1.41 0.67
-1.34 0.715
-1.57 0.835
-1.41 0.765
-1.34 0.68
-1.56 0.8
-1.35 0.74
-1.34 0.615
-1.33 0.595
-1.19 0.52
-1.07 0.525
-1.32 0.41
-1.41 0.69
-1.48 0.75
-1.56 0.855
-1.72 0.915
-1.45 0.785
-1.23 0.665
-1.27 0.54
-1.46 0.745
-1.49 0.735
-1.36 0.72
-1.55 0.75
-1.42 0.715
-1.27 0.555
-1.07 0.23
-1.37 0.425
-1.34 0.465
-1.25 0.225
-1.16 0.155
-1.18 -0.1
-1.06 -0.05
-1.08 -0.06
-1.12 -0.11
-1.2 -0.145
-1.28 -0.255
-1.21 -0.215
-1.1 -0.405
-1.24 -0.63
-1.34 -0.665
-1.15 -0.59
-1.44 -0.74
-1.47 -0.79
-1.61 -0.84
-1.62 -0.815
-1.26 -0.53
-1.39 -0.595
-1.15 -0.475
-1.26 -0.455
-1.17 -0.5
-1.08 -0.23
-1.17 -0.215
-1.12 0.17
-1.44 0.205
-1.17 0.08
-1.19 0.045
-1.21 -0.03
-1.12 0.08
-1.29 0.01
-1.07 0.015
-1.22 -0.275
-1.19 -0.09
-1.43 -0.02
-1.22 -0.075
-1.2 0.105
-1.21 0.095
-1.2 0.065
-1.23 0.12
-1.13 -0.14
-1.07 -0.04
-1.22 0.02
-1.2 0.24
-1.26 0.09
-1.02 -0.26
-1.3 -0.255
-1.24 -0.235
-1.28 -0.31
-1.31 -0.58
-1.31 -0.4
-1.38 -0.585
-1.18 -0.065
-1.3 -0.04
-1.2 -0.28
-1.27 -0.525
-1.26 -0.525
-1.53 -0.62
-1.38 -0.685
-1.41 -0.66
-1.68 -0.88
-1.43 -0.64
-1.44 -0.52
-1.2 -0.59
-1.42 -0.735
-1.29 -0.665
-1.37 -0.635
-1.52 -0.745
-1.44 -0.775
-1.41 -0.75
-1.32 -0.63
-1.42 -0.745
-1.45 -0.675
-1.45 -0.685
-1.37 -0.73
-1.42 -0.745
-1.32 -0.745
-1.46 -0.785
-1.57 -0.835
-1.43 -0.76
-1.12 -0.525
-1.16 -0.42
-1.42 -0.495
-1.34 -0.405
-1.15 -0.52
-1.27 -0.53
-1.25 -0.465
-1.38 -0.63
-1.08 -0.46
-1.23 -0.415
-1.35 -0.565
-1.4 -0.715
-1.35 -0.695
-1.49 -0.815
-1.38 -0.64
-1.33 -0.71
-1.36 -0.705
-1.36 -0.76
-1.43 -0.73
-1.3 -0.655
-1.34 -0.63
-1.4 -0.73
-1.31 -0.715
-1.47 -0.795
-1.27 -0.635
-1.34 -0.65
-1.36 -0.595
-1.29 -0.505
-1.3 -0.495
-1.32 -0.675
-1.18 -0.535
-1.26 -0.435
-1.32 -0.4
-1.27 -0.33
-1.33 -0.425
-1.21 -0.345
-1.25 -0.365
-1.31 -0.535
-1.35 -0.43
-1.38 -0.545
-1.35 -0.505
-1.3 -0.605
-1.44 -0.695
-1.51 -0.81
-1.46 -0.57
-1.31 -0.605
-1.24 -0.555
-1.55 -0.8
-1.51 -0.8
-1.53 -0.845
-1.15 -0.47
-1.23 -0.49
-1.33 -0.72
-1.33 -0.76
-1.44 -0.73
-1.17 -0.59
-1.5 -0.825
-1.52 -0.815
-1.5 -0.82
-1.41 -0.775
-1.41 -0.76
-1.53 -0.835
-1.16 -0.6
-1.38 -0.785
-1.25 -0.62
-1.37 -0.795
-1.41 -0.695
-1.48 -0.795
-1.44 -0.765
-1.39 -0.76
-1.34 -0.58
-1.27 -0.59
-1.38 -0.76
-1.31 -0.75
-1.44 -0.685
-1.18 -0.495
-1.44 -0.745
-1.46 -0.655
-1.37 -0.68
-1.24 -0.45
-1.45 -0.68
-1.4 -0.645
-1.32 -0.46
-1.17 -0.315
-1.24 -0.2
-1.21 -0.495
-1.28 -0.65
-1.47 -0.715
-1.11 -0.465
-1.42 -0.7
-1.47 -0.79
-1.3 -0.675
-1.32 -0.535
-1.24 -0.47
-1.15 -0.3
-0.88 -0.375
-1.24 -0.54
-1.42 -0.7
-1.45 -0.79
-1.32 -0.72
-1.43 -0.745
-1.32 -0.67
-1.48 -0.715
-1.32 -0.685
-1.15 -0.615
-1.38 -0.78
-1.62 -0.87
-1.49 -0.805
-1.43 -0.775
-1.39 -0.585
-1.4 -0.685
-1.21 -0.57
-1.28 -0.475
-1.3 -0.52
-1.28 -0.55
-1.28 -0.485
-1.27 -0.61
-1.29 -0.69
-1.62 -0.87
-1.35 -0.745
-1.6 -0.83
-1.5 -0.79
-1.24 -0.625
-1.22 -0.54
-1.05 -0.295
-1.22 -0.155
-1.12 0.03
-1.28 -0.1
-1.06 -0.165
-1.38 -0.275
-1.33 -0.245
-1.11 -0.24
-1.23 -0.495
-1.45 -0.655
-1.31 -0.485
-1.32 -0.555
-1.34 -0.435
-1.3 -0.445
-1.34 -0.52
-1.2 -0.32
-1.44 -0.61
-1.1 -0.505
-1.24 -0.585
-1.38 -0.71
-1.43 -0.625
-1.38 -0.695
-1.13 -0.44
-1.36 -0.605
-1.36 -0.655
-1.36 -0.725
-1.43 -0.73
-1.32 -0.675
-1.45 -0.785
-1.47 -0.735
-1.39 -0.725
-1.13 -0.6
-1.23 -0.49
-1.4 -0.625
-1.32 -0.395
-1.21 -0.2
-1.12 -0.365
-1.39 -0.455
-1.23 -0.365
-1.23 -0.3
-1.27 -0.28
-1.11 -0.275
-1.22 -0.31
-1.17 -0.31
-1.21 -0.095
-1.16 -0.28
-1.33 -0.485
-1.2 -0.485
-1.32 -0.715
-1.41 -0.695
-1.25 -0.53
-1.05 -0.475
-1.25 -0.32
-1.18 -0.34
-1.19 -0.515
-1.44 -0.79
-1.54 -0.845
-1.46 -0.71
-1.31 -0.485
-1.29 -0.57
-1.1 -0.43
-1.11 -0.27
-1.23 -0.265
-1.18 -0.24
-1.16 -0.28
-1.18 -0.305
-1.18 -0.055
-1.13 -0.375
-1.28 -0.44
-1.18 -0.425
-1.31 -0.57
-1.44 -0.72
-1.52 -0.84
-1.48 -0.8
-1.34 -0.73
-1.42 -0.705
-1.18 -0.445
-1.24 -0.44
-1.14 -0.33
-1.14 -0.575
-1.28 -0.565
-1.21 -0.52
-1.22 -0.46
-1.12 -0.275
-1.11 -0.265
-1.26 -0.375
-1.23 -0.46
-1.35 -0.64
-1.47 -0.75
-1.55 -0.785
-1.54 -0.74
-1.23 -0.545
-1.29 -0.475
-1.24 -0.26
-1.21 -0.23
-1.28 -0.27
-1.29 -0.315
-1.05 -0.3
-1.23 -0.355
-1.25 -0.58
-1.48 -0.735
-1.43 -0.815
-1.44 -0.675
-1.42 -0.71
-1.26 -0.695
-1.55 -0.79
-1.58 -0.865
-1.47 -0.83
-1.43 -0.695
-1.31 -0.555
-1.22 -0.425
-1.23 -0.545
-1.37 -0.65
-1.25 -0.61
-1.4 -0.705
-1.32 -0.74
-1.56 -0.825
-1.33 -0.69
-1.56 -0.83
-1.35 -0.625
-1.22 -0.52
-1.32 -0.57
-1.35 -0.325
-1.13 -0.14
-1.14 0.215
-1.06 0.41
-1.18 0.275
-1.27 0.055
-1.25 0.11
-1.14 -0.02
-1.13 -0.175
-1.37 -0.4
-1.26 -0.585
-1.22 -0.56
-1.19 -0.43
-1.33 -0.575
-1.46 -0.535
-1.27 -0.43
-1.06 -0.22
-1.11 -0.23
-1.37 -0.665
-1.36 -0.79
-1.27 -0.65
-1.52 -0.83
-1.52 -0.835
-1.44 -0.82
-1.37 -0.67
-1.48 -0.78
-1.54 -0.845
-1.56 -0.84
-1.73 -0.905
-1.52 -0.805
-1.52 -0.83
-1.49 -0.795
-1.49 -0.815
-1.21 -0.57
-1.35 -0.68
-1.32 -0.62
-1.49 -0.82
-1.36 -0.77
-1.37 -0.665
-1.23 -0.595
-1.5 -0.59
-1.46 -0.79
-1.39 -0.75
-1.32 -0.705
-1.3 -0.645
-1.39 -0.67
-1.21 -0.695
-1.31 -0.45
-1.33 -0.61
-1.37 -0.63
-1.2 -0.605
-1.4 -0.755
-1.45 -0.795
-1.48 -0.79
-1.39 -0.775
-1.51 -0.8
-1.3 -0.66
-1.21 -0.55
-1.63 -0.755
-1.54 -0.815
-1.58 -0.86
-1.53 -0.815
-1.67 -0.895
-1.43 -0.785
-1.37 -0.625
-1.04 -0.47
-1.51 -0.77
-1.29 -0.61
-1.39 -0.7
-1.34 -0.745
-1.37 -0.77
-1.37 -0.655
-1.39 -0.51
-1.42 -0.295
-1.16 -0.215
-1.06 0.215
-1.27 0.335
-1.19 -0.03
-1.3 -0.06
-1.21 0.055
-1.16 0.045
-1.24 -0.03
-1.11 -0.145
-1.11 -0.075
-1.28 0.015
-1.24 0.18
-1.13 0.15
-1.19 0.24
-1.24 0.425
-1.3 0.55
-1.4 0.615
-1.28 0.495
-1.36 0.375
-1.17 0.19
-1.34 -0.085
-1.24 -0.13
-1.33 -0.315
-1.31 -0.24
-1.28 -0.24
-1.3 -0.19
-1.13 -0.36
-1.27 -0.535
-1.11 -0.285
-0.96 -0.075
-1.15 -0.36
-1.23 0.125
-1.29 0.035
-1.25 -0.28
-1.13 -0.21
-0.96 0.015
-1.11 0.255
-1.19 0.475
-1.4 0.57
-1.02 0.39
-1.29 0.425
-1.44 0.355
-1.32 0.305
-1.2 0.23
-1.2 0.1
-1.03 0.225
-1.15 0.15
-1.23 0.285
-0.91 0.405
-1.21 0.68
-1.51 0.73
-1.4 0.675
-1.35 0.56
-1.56 0.675
-1.23 0.55
-1.29 0.53
-1.24 0.53
-1.14 0.435
-1.33 0.23
-1.21 0.295
-1.17 0.3
-1.22 0.455
-1.3 0.645
-1.33 0.705
-1.36 0.67
-1.25 0.66
-1.57 0.795
-1.34 0.54
-1.43 0.695
-1.32 0.525
-1.34 0.56
-1.37 0.595
-1.2 0.54
-1.31 0.395
-1.18 0.11
-1.14 0.05
-1.17 -0.045
-1.17 0.045
-1.19 0.08
-1.22 -0.06
-1.31 -0.095
-1.1 0.025
-1.24 -0.14
-1.28 -0.285
-1.29 -0.415
-1.26 -0.425
-1.18 -0.325
-1.24 -0.535
-1.59 -0.81
-1.42 -0.685
-1.47 -0.685
-1.23 -0.485
-1.12 -0.46
-1.25 -0.565
-1.3 -0.57
-1.39 -0.64
-1.26 -0.48
-1.21 -0.45
-1.33 -0.595
-1.39 -0.67
-1.32 -0.68
-1.22 -0.54
-1.2 -0.43
-1.38 -0.73
-1.26 -0.635
-1.3 -0.635
-1.42 -0.79
-1.3 -0.65
-1.48 -0.76
-1.23 -0.605
-1.2 -0.545
-1.27 -0.485
-1.33 -0.7
-1.38 -0.615
-1.31 -0.685
-1.43 -0.775
-1.43 -0.71
-1.37 -0.745
-1.42 -0.715
-1.44 -0.75
-1.35 -0.76
-1.54 -0.795
-1.41 -0.705
-1.28 -0.705
-1.38 -0.73
-1.38 -0.74
-1.47 -0.73
-1.32 -0.625
-1.37 -0.695
-1.46 -0.745
-1.36 -0.685
-1.34 -0.715
-1.18 -0.675
-1.48 -0.76
-1.46 -0.77
-1.47 -0.82
-1.64 -0.84
-1.66 -0.875
-1.61 -0.815
-1.49 -0.74
-1.37 -0.69
-1.32 -0.67
-1.3 -0.61
-1.29 -0.535
-1.06 -0.305
-1.22 -0.2
-1.25 -0.375
-1.33 -0.53
-1.22 -0.41
-1.46 -0.46
-1.3 -0.525
-1.25 -0.535
-1.35 -0.545
-1.57 -0.785
-1.52 -0.825
-1.37 -0.76
-1.44 -0.815
-1.55 -0.83
-1.32 -0.69
-1.34 -0.645
-1.45 -0.795
-1.55 -0.78
-1.43 -0.68
-1.55 -0.705
-1.23 -0.64
-1.56 -0.845
-1.23 -0.615
-1.53 -0.825
-1.64 -0.89
-1.43 -0.78
-1.31 -0.73
-1.59 -0.815
-1.38 -0.595
-1.13 -0.435
-1.25 -0.38
-1.29 -0.58
-1.21 -0.47
-1.17 -0.42
-1.08 0.075
-1.22 -0.145
-1.21 -0.285
-1.36 -0.195
-1.11 0.07
-0.91 0.11
-0.92 0.005
-1.15 -0.115
-1.19 0.14
-1.17 0.21
-1.14 0.035
-1.19 0.03
-1.27 -0.005
-1.22 -0.045
-1.27 -0.24
-1.2 -0.325
-1.29 -0.395
-1.35 -0.605
-1.36 -0.65
-1.59 -0.83
-1.56 -0.845
-1.5 -0.82
-1.37 -0.75
-1.31 -0.675
-1.38 -0.71
-1.19 -0.545
-1.14 -0.5
-1.28 -0.36
-1.28 -0.325
-1.25 -0.475
-1.29 -0.56
-1.04 -0.285
-1.15 -0.09
-1.23 0.325
-1.16 0.03
-1.18 -0.035
-1.11 -0.21
-1.29 -0.09
-1.01 0.045
-1.02 0.04
-1.16 0.25
-1.3 0.44
-1.38 0.54
-1.42 0.69
-1.42 0.77
-1.23 0.59
-1.34 0.73
-1.44 0.625
-1.26 0.58
-1.43 0.72
-1.55 0.84
-1.34 0.665
-1.29 0.705
-1.51 0.79
-1.51 0.74
-1.59 0.865
-1.37 0.765
-1.44 0.73
-1.42 0.8
-1.58 0.85
-1.38 0.685
-1.27 0.5
-1.27 0.545
-1.17 0.295
-1.16 0.48
-1.46 0.65
-1.45 0.655
-1.39 0.68
-1.49 0.82
-1.62 0.825
-1.69 0.91
-1.4 0.78
-1.35 0.725
-1.41 0.7
-1.23 0.495
-1.51 0.68
-1.32 0.64
-1.27 0.445
-1.39 0.705
-1.52 0.84
-1.47 0.83
-1.44 0.665
-1.35 0.765
-1.64 0.865
-1.24 0.665
-1.43 0.82
-1.39 0.765
-1.46 0.72
-1.63 0.83
-1.47 0.82
-1.38 0.76
-1.26 0.665
-1.4 0.765
-1.57 0.855
-1.47 0.785
-1.38 0.765
-1.46 0.82
-1.51 0.83
-1.34 0.655
-1.48 0.79
-1.47 0.815
-1.51 0.715
-1.2 0.645
-1.29 0.515
-1.43 0.645
-1.36 0.575
-1.33 0.54
-1.4 0.59
-1.43 0.675
-1.32 0.725
-1.31 0.69
-1.32 0.66
-1.64 0.865
-1.45 0.815
-1.56 0.84
-1.63 0.83
-1.39 0.725
-1.51 0.815
-1.56 0.83
-1.34 0.645
-1.47 0.785
-1.38 0.765
-1.37 0.69
-1.37 0.675
-1.43 0.74
-1.39 0.69
-1.34 0.72
-1.19 0.36
-1.3 0.55
-1.27 0.54
-1.35 0.635
-1.47 0.69
-1.34 0.66
-1.2 0.615
-1.41 0.635
-1.28 0.59
-1.39 0.68
-1.36 0.615
-1.48 0.62
-1.37 0.57
-1.29 0.61
-1.18 0.655
-1.35 0.58
-1.41 0.56
-1.19 0.58
-1.42 0.705
-1.33 0.505
-1.28 0.39
-1.16 -0.07
-1.01 -0.01
-1.19 0.2
-1.3 0.44
-1.32 0.605
-1.36 0.67
-1.29 0.605
-1.35 0.755
-1.41 0.66
-1.3 0.455
-1.24 0.535
-1.32 0.645
-1.17 0.51
-1.55 0.815
-1.18 0.615
-1.22 0.525
-1.35 0.755
-1.44 0.77
-1.61 0.87
-1.58 0.825
-1.53 0.795
-1.5 0.69
-1.39 0.635
-1.21 0.635
-1.43 0.645
-1.23 0.63
-1.36 0.66
-1.67 0.795
-1.48 0.64
-1.4 0.54
-1.46 0.465
-1.15 0.475
-1.22 0.505
-1.13 0.435
-1.35 0.56
-1.25 0.48
-1.35 0.265
-1.33 0.32
-1.27 0.55
-1.23 0.625
-1.16 0.465
-1.26 0.655
-1.36 0.76
-1.57 0.815
-1.62 0.825
-1.34 0.75
-1.48 0.75
-1.44 0.805
-1.36 0.765
-1.44 0.745
-1.53 0.81
-1.49 0.775
-1.2 0.565
-1.19 0.33
-1.22 0.41
-1.23 0.22
-1.23 0.14
-1.13 0.33
-1.18 0.18
-1.16 0.105
-1.19 -0.075
-1.14 0.28
-1.33 0.39
-1.24 0.4
-1.09 0.39
-1.17 0.415
-1.28 0.555
-1.24 0.58
-1.03 0.24
-1.24 0.32
-1.12 0.405
-1.38 0.43
-1.37 0.52
-1.41 0.53
-1.3 0.605
-1.45 0.725
-1.62 0.86
-1.4 0.745
-1.35 0.69
-1.37 0.74
-1.45 0.75
-1.24 0.64
-1.42 0.76
-1.65 0.895
-1.43 0.775
-1.53 0.795
-1.45 0.61
-1.25 0.535
-1.2 0.495
-1 0.17
-1.03 -0.095
-1.24 -0.145
-1.12 -0.335
-1.16 -0.455
-1.27 -0.495
-1.25 -0.585
-1.11 -0.62
-1.22 -0.62
-1.22 -0.49
-1.38 -0.605
-1.14 -0.52
-1.34 -0.7
-1.16 -0.445
-1.12 -0.255
-1.21 -0.09
-1.19 -0.245
-1.07 -0.24
-1.08 0
-1.34 -0.2
-1.24 -0.06
-1.11 -0.115
-1.24 -0.25
-1.08 -0.345
-1.31 -0.345
-1.32 -0.54
-1.33 -0.565
-1.38 -0.6
-1.37 -0.56
-1.37 -0.655
-1.49 -0.755
-1.42 -0.765
-1.52 -0.83
-1.45 -0.78
-1.31 -0.735
-1.35 -0.705
-1.49 -0.78
-1.57 -0.86
-1.28 -0.66
-1.29 -0.74
-1.49 -0.82
-1.4 -0.6
-1.2 -0.575
-1.18 -0.5
-1.17 -0.315
-1.13 -0.46
-1.08 -0.445
-1.51 -0.81
-1.4 -0.72
-1.44 -0.755
-1.52 -0.835
-1.42 -0.755
-1.45 -0.74
-1.38 -0.645
-1.39 -0.555
-1.16 -0.395
-1.18 -0.24
-1.06 -0.28
-1.31 -0.22
-1.3 -0.34
-1.2 -0.55
-1.36 -0.655
-1.67 -0.86
-1.38 -0.69
-1.47 -0.76
-1.33 -0.6
-1.15 -0.495
-1.3 -0.61
-1.3 -0.64
-1.22 -0.575
-1.46 -0.735
-1.54 -0.8
-1.19 -0.64
-1.51 -0.78
-1.38 -0.695
-1.32 -0.64
-1.33 -0.515
-1.28 -0.52
-1.42 -0.645
-1.2 -0.615
-1.36 -0.555
-1.35 -0.625
-1.39 -0.735
-1.61 -0.85
-1.52 -0.785
-1.57 -0.845
-1.37 -0.74
-1.59 -0.825
-1.12 -0.435
-1.11 -0.315
-1.3 -0.71
-1.27 -0.575
-1.49 -0.73
-1.52 -0.735
-1.31 -0.68
-1.42 -0.655
-1.18 -0.655
-1.25 -0.665
-1.31 -0.7
-1.55 -0.84
-1.45 -0.815
-1.47 -0.77
-1.61 -0.88
-1.37 -0.71
-1.56 -0.82
-1.58 -0.855
-1.41 -0.79
-1.22 -0.425
-1.5 -0.685
-1.65 -0.89
-1.4 -0.79
-1.57 -0.83
-1.49 -0.76
-1.34 -0.705
-1.4 -0.785
-1.28 -0.46
-1.44 -0.73
-1.26 -0.615
-1.35 -0.76
-1.28 -0.59
-1.3 -0.55
-1.46 -0.79
-1.53 -0.785
-1.29 -0.61
-1.5 -0.78
-1.42 -0.805
-1.21 -0.575
-1.44 -0.72
-1.33 -0.52
-1.26 -0.18
-1.27 -0.005
-1.15 -0.045
-1.12 -0.06
-1.14 -0.235
-1.1 -0.175
-1.32 -0.485
-1.44 -0.725
-1.55 -0.86
-1.34 -0.745
-1.45 -0.735
-1.25 -0.645
-1.52 -0.8
-1.43 -0.77
-1.37 -0.76
-1.42 -0.765
-1.63 -0.88
-1.56 -0.84
-1.32 -0.73
-1.05 -0.445
-1.34 -0.51
-1.32 -0.42
-1.38 -0.385
-1.39 -0.12
-1.12 -0.115
-1.11 -0.155
-1.41 -0.49
-1.11 -0.28
-1.15 -0.2
-1.1 -0.115
-1.19 -0.38
-1.2 -0.275
-1.07 -0.14
-1.01 -0.12
-1.22 -0.385
-1.25 -0.48
-1.44 -0.69
-1.24 -0.47
-1.2 -0.475
-1.27 -0.56
-1.3 -0.415
-1.24 -0.46
-1.41 -0.705
-1.35 -0.67
-1.51 -0.725
-1.41 -0.71
-1.44 -0.745
-1.6 -0.845
-1.66 -0.805
-1.33 -0.71
-1.28 -0.5
-1.18 -0.435
-1.28 -0.39
-1.23 -0.17
-1.18 -0.255
-1.28 -0.41
-1.44 -0.645
-1.39 -0.67
-1.3 -0.63
-1.51 -0.76
-1.55 -0.76
-1.41 -0.735
-1.36 -0.6
-1.25 -0.63
-1.51 -0.745
-1.4 -0.765
-1.18 -0.55
-1.08 -0.38
-1.49 -0.74
-1.41 -0.68
-1.41 -0.555
-1.29 -0.36
-1.42 -0.415
-1.28 -0.285
-0.96 -0.05
-1.06 -0.295
-1.2 -0.29
-0.9 -0.15
-1.21 -0.085
-1.3 -0.205
-1.06 -0.26
-1.25 -0.215
-1.09 -0.08
-0.95 -0.105
-1.19 -0.07
-1.39 -0.09
-1.21 0.005
-1.26 -0.055
-1.24 0.005
-1.18 0.01
-1.2 0.055
-1.08 -0.15
-1.12 -0.05
-1.15 -0.355
-1.16 -0.335
-1.19 -0.39
-1.4 -0.51
-1.4 -0.555
-1.22 -0.39
-1.34 -0.395
-1.24 -0.43
-1.06 -0.395
-1.47 -0.615
-1.22 -0.605
-1.45 -0.815
-1.42 -0.695
-1.49 -0.795
-1.21 -0.475
-1.37 -0.695
-1.22 -0.565
-1.26 -0.61
-1.43 -0.78
-1.34 -0.745
-1.33 -0.665
-1.1 -0.51
-1.46 -0.77
-1.5 -0.75
-1.26 -0.55
-1.1 -0.335
-1.13 -0.445
-1.37 -0.66
-1.31 -0.68
-1.29 -0.63
-1.26 -0.605
-1.46 -0.58
-1.42 -0.54
-1.48 -0.575
-1.3 -0.58
-1.46 -0.79
-1.45 -0.755
-1.14 -0.555
-1.32 -0.71
-1.42 -0.645
-1.49 -0.755
-1.43 -0.8
-1.68 -0.86
-1.55 -0.855
-1.58 -0.835
-1.45 -0.78
-1.32 -0.75
-1.34 -0.76
-1.44 -0.79
-1.36 -0.535
-1.21 -0.555
-1.43 -0.43
-1.18 -0.48
-1.15 -0.545
-1.48 -0.77
-1.58 -0.78
-1.16 -0.645
-1.24 -0.66
-1.4 -0.695
-1.1 -0.495
-1.27 -0.5
-1.3 -0.435
-1.24 -0.335
-1.14 -0.28
-1.13 -0.28
-1.18 -0.26
-1.34 -0.535
-1.05 -0.285
-1.27 -0.125
-1.15 -0.08
-1.09 -0.275
-1.32 -0.5
-1.51 -0.765
-1.38 -0.78
-1.73 -0.915
-1.54 -0.83
-1.51 -0.825
-1.35 -0.71
-1.53 -0.86
-1.28 -0.69
-1.34 -0.74
-1.31 -0.65
-1.22 -0.47
-1.25 -0.29
-1.17 -0.09
-1.24 -0.275
-1.13 -0.125
-1.33 -0.6
-1.32 -0.645
-1.39 -0.615
-1.1 -0.575
-1.58 -0.72
-1.63 -0.86
-1.48 -0.82
-1.45 -0.77
-1.49 -0.72
-1.38 -0.6
-1.44 -0.715
-1.55 -0.84
-1.33 -0.655
-1.5 -0.795
-1.34 -0.74
-1.4 -0.745
-1.23 -0.575
-1.06 -0.355
-1.1 -0.4
-1.12 -0.125
-1.07 -0.185
-1.08 -0.19
-1.05 -0.185
-1.28 0.12
-1.25 0.175
-1.29 -0.1
-1.21 -0.215
-1.14 -0.255
-1.15 -0.2
-1.21 -0.35
-1.32 -0.455
-1.37 -0.645
-1.34 -0.66
-1.49 -0.795
-1.43 -0.765
-1.27 -0.65
-1.29 -0.55
-1.11 -0.56
-1.14 -0.42
-0.99 -0.29
-1.21 -0.43
-1.08 -0.3
-1.36 -0.49
-1.45 -0.695
-1.35 -0.635
-1.38 -0.545
-1.22 -0.305
-1.09 -0.39
-1.28 -0.365
-1.33 -0.295
-1.08 -0.21
-1.3 -0.3
-1.3 -0.25
-1.09 -0.345
-1.18 -0.055
-1.23 -0.34
-1.24 -0.305
-1.14 -0.43
-1.14 -0.33
-1.04 -0.37
-1.07 -0.47
-1.35 -0.6
-1.13 -0.585
-1.48 -0.81
-1.48 -0.805
-1.33 -0.635
-1.36 -0.48
-1.2 -0.32
-1.3 -0.41
-1.47 -0.56
-1.42 -0.755
-1.58 -0.81
-1.37 -0.695
-1.48 -0.795
-1.49 -0.74
-1.6 -0.865
-1.29 -0.685
-1.39 -0.705
-1.28 -0.615
-1.3 -0.535
-1.18 -0.475
-1.46 -0.7
-1.38 -0.735
-1.41 -0.615
-1.3 -0.67
-1.56 -0.84
-1.4 -0.745
-1.44 -0.805
-1.57 -0.83
-1.51 -0.795
-1.35 -0.765
-1.46 -0.78
-1.37 -0.7
-1.3 -0.64
-1.24 -0.545
-1.28 -0.61
-1.33 -0.655
-1.31 -0.695
-1.44 -0.685
-1.32 -0.78
-1.22 -0.595
-1.29 -0.48
-1.33 -0.655
-1.29 -0.71
-1.35 -0.745
-1.26 -0.68
-1.22 -0.645
-1.29 -0.61
-1.45 -0.8
-1.58 -0.855
-1.36 -0.725
-1.4 -0.755
-1.68 -0.875
-1.53 -0.8
-1.19 -0.575
-1.29 -0.5
-1.48 -0.635
-1.32 -0.685
-1.37 -0.635
-1.17 -0.56
-1.27 -0.59
-1.34 -0.705
-1.25 -0.71
-1.58 -0.84
-1.48 -0.765
-1.36 -0.66
-1.19 -0.415
-1.27 -0.605
-1.46 -0.58
-1.34 -0.565
-1.26 -0.695
-1.45 -0.715
-1.29 -0.695
-1.29 -0.635
-1.36 -0.6
-1.57 -0.675
-1.44 -0.725
-1.36 -0.725
-1.13 -0.425
-1.28 -0.525
-1.37 -0.71
-1.41 -0.795
-1.57 -0.86
-1.33 -0.77
-1.57 -0.725
-1.4 -0.65
-1.39 -0.73
-1.6 -0.845
-1.63 -0.865
-1.3 -0.585
-1.24 -0.535
-1.24 -0.545
-1.39 -0.38
-1.31 -0.635
-1.45 -0.76
-1.51 -0.815
-1.56 -0.805
-1.54 -0.84
-1.51 -0.775
-1.04 -0.515
-1.31 -0.56
-1.59 -0.765
-1.5 -0.71
-1.4 -0.7
-1.37 -0.71
-1.29 -0.475
-1.27 -0.395
-1.23 -0.55
-1.29 -0.675
-1.24 -0.65
-1.69 -0.895
-1.47 -0.79
-1.39 -0.7
-1.21 -0.605
-1.16 -0.51
-1.3 -0.565
-1.4 -0.745
-1.48 -0.795
-1.36 -0.59
-1.13 -0.345
-1.31 -0.515
-1.33 -0.695
-1.26 -0.64
-1.51 -0.825
-1.29 -0.66
-1.34 -0.78
-1.45 -0.775
-1.46 -0.78
-1.32 -0.675
-1.22 -0.495
-1.45 -0.665
-1.52 -0.835
-1.51 -0.825
-1.45 -0.69
-1.29 -0.7
-1.52 -0.735
-1.35 -0.64
-1.37 -0.675
-1.32 -0.675
-1.43 -0.67
-1.3 -0.585
-1.55 -0.825
-1.58 -0.84
-1.38 -0.755
-1.44 -0.795
-1.25 -0.58
-1.33 -0.655
-1.13 -0.44
-1.48 -0.72
-1.4 -0.695
-1.24 -0.675
-1.29 -0.585
-1.18 -0.545
-1.04 -0.38
-1.09 -0.32
-1.36 -0.615
-1.17 -0.565
-1.5 -0.785
-1.24 -0.505
-1.22 -0.51
-1.38 -0.7
-1.47 -0.715
-1.26 -0.64
-1.25 -0.66
-1.28 -0.71
-1.5 -0.78
-1.5 -0.795
-1.21 -0.585
-1.45 -0.655
-1.34 -0.615
-1.52 -0.78
-1.23 -0.685
-1.38 -0.62
-1.17 -0.36
-1.1 -0.115
-1.3 -0.235
-1.09 -0.145
-1.29 -0.14
-1.2 -0.495
-1.46 -0.645
-1.44 -0.61
-1.31 -0.35
-1.28 -0.64
-1.42 -0.755
-1.15 -0.59
-1.38 -0.68
-1.31 -0.62
-1.29 -0.605
-1.34 -0.66
-1.53 -0.655
-1.24 -0.5
-1.37 -0.56
-1.28 -0.555
-1.35 -0.535
-1.24 -0.54
-1.27 -0.605
-1.45 -0.68
-1.4 -0.71
-1.45 -0.82
-1.49 -0.82
-1.42 -0.75
-1.35 -0.715
-1.47 -0.715
-1.3 -0.465
-1.23 -0.235
-1.28 0.015
-1.16 0.1
-1.04 0.34
-1.12 0.085
-1.05 0.08
-1.2 0.405
-1.01 0.18
-1.11 -0.095
-1.16 -0.215
-1.14 -0.19
-1.32 -0.5
-1.32 -0.55
-1.23 -0.63
-1.24 -0.51
-1.36 -0.74
-1.48 -0.82
-1.44 -0.755
-1.43 -0.695
-1.09 -0.48
-1.47 -0.735
-1.33 -0.71
-1.24 -0.45
-1.42 -0.68
-1.21 -0.445
-1.35 -0.575
-1.17 -0.41
-1.3 -0.63
-1.23 -0.475
-1.03 -0.205
-1.31 -0.605
-1.36 -0.575
-1.4 -0.6
-1.12 -0.41
-1.34 -0.56
-1.46 -0.61
-1.48 -0.775
-1.41 -0.705
-1.39 -0.605
-1.56 -0.595
-1.43 -0.655
-1.48 -0.66
-1.48 -0.665
-1.23 -0.68
-1.31 -0.64
-1.28 -0.575
-1.08 -0.325
-1.14 -0.335
-1.16 -0.115
-1.17 -0.115
-1.25 -0.265
-1.25 -0.515
-1.21 -0.465
-1.46 -0.65
-1.29 -0.7
-1.42 -0.735
-1.42 -0.78
-1.5 -0.795
-1.55 -0.79
-1.65 -0.87
-1.32 -0.695
-1.29 -0.59
-1.44 -0.485
-1.19 -0.32
-1.13 -0.365
-1.25 -0.325
-1.14 0.11
-1.01 0.15
-1.16 0.5
-1.21 0.285
-1.14 0.255
-1.33 0.545
-1.6 0.62
-1.37 0.485
-1.18 0.39
-1.13 0.355
-1.11 0.36
-1.11 0.565
-1.35 0.525
-1.14 0.39
-1.3 0.43
-1.42 0.57
-1.39 0.74
-1.51 0.76
-1.44 0.765
-1.44 0.69
-1.29 0.47
-1.33 0.58
-1.28 0.685
-1.42 0.66
-1.44 0.6
-1.37 0.625
-1.25 0.53
-1.25 0.5
-1.27 0.51
-1.41 0.675
-1.45 0.715
-1.08 0.41
-1.27 0.485
-1.31 0.29
-1.36 0.325
-1.13 0.22
-1.32 -0.025
-1.24 0.005
-1.2 0.275
-1.31 0.47
-1.07 0.385
-1.37 0.635
-1.51 0.735
-1.58 0.795
-1.39 0.795
-1.3 0.66
-1.48 0.775
-1.45 0.77
-1.74 0.925
-1.44 0.785
-1.37 0.755
-1.4 0.675
-1.23 0.615
-1.19 0.57
-1.31 0.645
-1.41 0.775
-1.6 0.86
-1.5 0.83
-1.27 0.66
-1.43 0.79
-1.6 0.84
-1.49 0.785
-1.39 0.705
-1.25 0.635
-1.34 0.55
-1.27 0.48
-1.28 0.52
-1.11 0.425
-1.18 0.5
-1.18 0.555
-1.25 0.51
-1.38 0.445
-1.43 0.77
-1.42 0.645
-1.4 0.695
-1.39 0.735
-1.46 0.64
-1.23 0.61
-1.25 0.465
-1.16 0.42
-1.28 0.545
-1.31 0.675
-1.24 0.545
-1.08 0.36
-1.1 0.15
-1.24 0.255
-1.31 0.39
-1.3 0.59
-1.4 0.65
-1.51 0.66
-1.37 0.56
-1.23 0.66
-1.15 0.45
-1.27 0.42
-1.16 0.415
-1.15 0.545
-1.29 0.625
-1.45 0.735
-1.38 0.775
-1.44 0.78
-1.52 0.74
-1.4 0.655
-1.38 0.73
-1.63 0.88
-1.41 0.785
