-1.75 0.9
-1.37 0.71
-1.55 0.775
-1.32 0.765
-1.38 0.76
-1.28 0.595
-1.38 0.535
-1.25 0.6
-1.26 0.47
-1.21 0.195
-1.23 0.205
-1.25 0.21
-1.22 0.22
-1.21 0.115
-1.23 0.305
-1.34 0.265
-1.36 0.12
-1.28 -0.44
-1.12 -0.375
-1.12 -0.185
-1.21 -0.33
-1.29 -0.245
-1.43 -0.455
-1.11 -0.35
-1.16 -0.455
-1.2 -0.435
-1.16 -0.46
-0.97 -0.3
-1.26 -0.375
-1.11 -0.165
-1.12 -0.17
-1.24 -0.18
-1.3 -0.005
-1.23 0.1
-1.15 0.2
-1.28 0.115
-1.33 0.59
-1.3 0.52
-1.33 0.465
-1 0.285
-1.27 0.615
-1.3 0.56
-1.2 0.635
-1.16 0.405
-1.18 0.065
-1.1 -0.155
-1.15 -0.07
-1.08 -0.08
-1.18 -0.4
-1.18 -0.205
-1.29 -0.505
-1.26 -0.46
-1.36 -0.635
-1.21 -0.595
-1.29 -0.55
-1.59 -0.875
-1.5 -0.815
-1.12 -0.57
-1.45 -0.77
-1.33 -0.645
-1.18 -0.425
-1.32 -0.44
-1.08 -0.025
-1.07 -0.235
-1.15 -0.445
-1.23 -0.39
-1.11 -0.395
-1.1 -0.39
-1.3 -0.26
-1.29 -0.3
-1.38 -0.545
-1.35 -0.68
-1.42 -0.62
-1.17 -0.145
-1.15 -0.07
-0.99 -0.045
-0.99 -0.06
-1.09 -0.24
-1.28 -0.17
-1.06 -0.215
-1.19 -0.37
-1.2 -0.495
-1.36 -0.675
-1.43 -0.805
-1.51 -0.73
-1.55 -0.8
-1.44 -0.71
-1.38 -0.67
-1.38 -0.675
-1.47 -0.805
-1.51 -0.855
-1.26 -0.58
-1.2 -0.695
-1.37 -0.71
-1.33 -0.575
-1.23 -0.605
-1.35 -0.595
-1.29 -0.65
-1.39 -0.765
-1.41 -0.785
-1.46 -0.745
-1.42 -0.75
-1.37 -0.545
-1.49 -0.66
-1.56 -0.745
-1.63 -0.87
-1.61 -0.865
-1.44 -0.76
-1.44 -0.775
-1.56 -0.85
-1.58 -0.855
-1.54 -0.835
-1.26 -0.715
-1.39 -0.69
-1.39 -0.73
-1.5 -0.825
-1.7 -0.915
-1.52 -0.795
-1.64 -0.86
-1.53 -0.81
-1.45 -0.77
-1.59 -0.805
-1.48 -0.78
-1.37 -0.705
-1.36 -0.765
-1.42 -0.755
-1.67 -0.885
-1.55 -0.855
-1.65 -0.89
-1.61 -0.88
-1.39 -0.78
-1.2 -0.625
-1.58 -0.855
-1.53 -0.835
-1.22 -0.65
-1.26 -0.45
-1.47 -0.725
-1.27 -0.735
-1.24 -0.605
-1.22 -0.335
-1.17 -0.565
-1.47 -0.77
-1.36 -0.69
-1.48 -0.805
-1.35 -0.695
-1.42 -0.68
-1.16 -0.48
-1.33 -0.53
-1.12 -0.43
-1.22 -0.535
-1.25 -0.57
-1.51 -0.755
-1.42 -0.78
-1.47 -0.775
-1.23 -0.59
-1.72 -0.89
-1.59 -0.86
-1.72 -0.915
-1.7 -0.885
-1.47 -0.81
-1.45 -0.78
-1.18 -0.535
-1.32 -0.585
-1.54 -0.75
-1.55 -0.84
-1.47 -0.83
-1.29 -0.755
-1.37 -0.72
-1.34 -0.7
-1.31 -0.66
-1.39 -0.725
-1.07 -0.55
-1.53 -0.84
-1.33 -0.71
-1.39 -0.675
-1.08 -0.525
-1.15 -0.405
-1.28 -0.545
-1.18 -0.345
-1 -0.17
-1.22 0.01
-1.09 0.115
-1.13 0.125
-1.16 -0.335
-1.26 -0.515
-1.38 -0.46
-1.22 -0.505
-1.3 -0.535
-1.34 -0.585
-1.27 -0.465
-1.18 -0.435
-1.31 -0.56
-1.49 -0.69
-1.53 -0.775
-1.38 -0.675
-1.46 -0.81
-1.46 -0.78
-1.29 -0.725
-1.56 -0.86
-1.42 -0.785
-1.38 -0.745
-1.24 -0.6
-1.41 -0.725
-1.46 -0.775
-1.47 -0.7
-1.47 -0.795
-1.44 -0.8
-1.44 -0.76
-1.4 -0.75
-1.63 -0.875
-1.21 -0.59
-1.49 -0.775
-1.64 -0.88
-1.53 -0.81
-1.19 -0.52
-1.34 -0.71
-1.51 -0.745
-1.4 -0.805
-1.5 -0.815
-1.53 -0.775
-1.44 -0.78
-1.39 -0.7
-1.37 -0.68
-1.63 -0.78
-1.24 -0.295
-1.21 -0.09
-1.31 -0.025
-1.1 -0.12
-1.24 -0.205
-1.13 -0.255
-1.29 -0.16
-1.32 -0.34
-1.19 -0.175
-1.22 -0.435
-1.23 -0.61
-1.28 -0.635
-1.3 -0.665
-1.1 -0.335
-1.12 -0.475
-1.33 -0.415
-1.23 -0.36
-1.33 -0.36
-1.31 -0.57
-1.31 -0.685
-1.24 -0.66
-1.32 -0.645
-1.4 -0.805
-1.4 -0.775
-1.47 -0.64
-1.14 -0.26
-1.31 -0.52
-1.13 -0.565
-1.44 -0.775
-1.4 -0.735
-1.21 -0.57
-1.19 -0.395
-1.07 -0.41
-1.33 -0.605
-1.23 -0.355
-1.25 -0.62
-1.38 -0.655
-1.35 -0.545
-1.19 -0.42
-1.26 -0.665
-1.43 -0.735
-1.41 -0.715
-1.17 -0.61
-1.53 -0.725
-1.62 -0.86
-1.62 -0.87
-1.3 -0.585
-1.65 -0.84
-1.11 -0.53
-1.22 -0.38
-1.38 -0.545
-1.26 -0.515
-1.09 -0.515
-1.09 -0.195
-1.14 -0.22
-1.45 -0.53
-1.23 -0.3
-1.31 -0.315
-0.96 0.005
-1.13 -0.09
-1.17 -0.14
-1.22 -0.105
-1.01 -0.065
-1.15 -0.02
-1.14 -0.245
-1.14 -0.115
-1.18 -0.005
-1.11 -0.005
-0.94 0.04
-1.17 0.045
-1.23 0.215
-1.23 0.285
-1.23 0.325
-1.03 0.295
-1.11 0.335
-1.07 0.455
-1.22 0.34
-1.35 0.485
-1.15 0.275
-1.19 0.155
-1.13 0.03
-1.21 0.25
-1.15 0.33
-1.08 0.225
-1.17 0.21
-1.1 0.03
-1.14 0.11
-1.21 0.2
-1.32 -0.23
-1.4 -0.545
-1.3 -0.61
-1.22 -0.595
-1.25 -0.355
-1.13 -0.22
-1.15 -0.095
-1.36 -0.34
-1.25 -0.305
-1.27 -0.435
-1.16 -0.43
-1.29 -0.43
-1.28 -0.61
-1.56 -0.845
-1.5 -0.77
-1.34 -0.655
-1.6 -0.85
-1.42 -0.775
-1.39 -0.73
-1.14 -0.56
-1.1 -0.43
-1.39 -0.57
-1.38 -0.655
-1.3 -0.615
-1.47 -0.73
-1.45 -0.72
-1.33 -0.59
-1.3 -0.645
-1.24 -0.615
-1.27 -0.66
-1.42 -0.755
-1.41 -0.79
-1.21 -0.605
-1.11 -0.11
-1.09 -0.425
-1.35 -0.645
-1.53 -0.765
-1.39 -0.745
-1.52 -0.8
-1.61 -0.855
-1.76 -0.885
-1.28 -0.535
-1.4 -0.655
-1.4 -0.74
-1.23 -0.435
-1.21 -0.32
-1.3 -0.385
-1.33 -0.405
-1.18 -0.345
-1.34 0.1
-1.31 0.19
-1.37 0.45
-1.29 0.4
-1.37 0.68
-1.47 0.765
-1.32 0.7
-1.34 0.715
-1.45 0.84
-1.42 0.765
-1.65 0.885
-1.49 0.74
-1.28 0.685
-1.18 0.57
-1.22 0.595
-1.48 0.78
-1.32 0.66
-1.17 0.535
-1.22 0.485
-1.3 0.64
-1.2 0.545
-1.2 0.375
-1.13 0.27
-1.13 0.25
-1.21 0.38
-1.27 0.5
-1.42 0.68
-1.47 0.73
-1.31 0.61
-1.52 0.635
-1.35 0.62
-1.1 0.32
-1.07 0.46
-1.12 0.575
-1.4 0.63
-1.43 0.705
-1.31 0.625
-1.16 0.61
-1.38 0.705
-1.21 0.57
-1.12 0.455
-1.17 0.345
-1.23 0.545
-1.23 0.355
-1.29 0.435
-1.21 0.5
-1.25 0.44
-1.2 0.455
-1.01 0.08
-1.22 0.175
-1.37 0.385
-1.15 0.25
-1.26 0.465
-1.27 0.635
-1.33 0.75
-1.3 0.475
-1.43 0.71
-1.36 0.71
-1.45 0.82
-1.59 0.84
-1.38 0.7
-1.45 0.705
-1.43 0.785
-1.55 0.85
-1.42 0.74
-1.4 0.73
-1.2 0.56
-1.25 0.59
-1.26 0.65
-1.19 0.63
-1.32 0.585
-1.54 0.81
-1.52 0.73
-1.29 0.63
-1.38 0.75
-1.47 0.79
-1.42 0.71
-1.13 0.49
-1.4 0.57
-1.26 0.52
-1.07 0.545
-1.43 0.725
-1.42 0.595
-1.43 0.62
-1.42 0.66
-1.18 0.385
-1.23 0.54
-1.18 0.43
-1.05 0.255
-1.06 0.1
-1.34 -0.12
-1.12 -0.235
-1.03 -0.31
-1.24 0.01
-1.13 0.08
-1.2 -0.105
-1.17 -0.04
-1.06 -0.315
-1.21 -0.345
-1.13 -0.51
-1.41 -0.62
-1.3 -0.585
-1.25 -0.495
-1.15 -0.585
-1.52 -0.79
-1.35 -0.68
-1.31 -0.625
-1.23 -0.6
-1.5 -0.84
-1.27 -0.665
-1.33 -0.63
-1.22 -0.61
-1.3 -0.57
-1.41 -0.685
-1.55 -0.855
-1.38 -0.78
-1.45 -0.78
-1.48 -0.695
-1.19 -0.5
-1.25 -0.545
-1.24 -0.605
-1.51 -0.805
-1.53 -0.81
-1.48 -0.815
-1.45 -0.72
-1.26 -0.68
-1.35 -0.715
-1.36 -0.65
-1.3 -0.61
-1.4 -0.73
-1.08 -0.41
-1.02 -0.36
-0.93 -0.275
-1.15 -0.33
-1.02 -0.41
-1.28 -0.575
-1.33 -0.59
-1.25 -0.665
-1.32 -0.725
-1.4 -0.805
-1.35 -0.665
-1.17 -0.545
-1.33 -0.5
-1.17 -0.185
-1.21 -0.12
-1.15 -0.105
-1.08 -0.095
-1.05 -0.26
-1.11 0.055
-1.27 0.415
-1.2 0.65
-1.23 0.5
-1.23 0.445
-1.07 0.36
-1.18 0.1
-1.2 0.115
-1.22 -0.1
-1.21 0.075
-1.2 0.03
-1.37 0.095
-1.23 0.255
-1.11 0.155
-1.23 0.45
-1.45 0.795
-1.38 0.725
-1.58 0.825
-1.63 0.815
-1.41 0.745
-1.59 0.81
-1.48 0.795
-1.2 0.55
-1.34 0.61
-1.36 0.71
-1.36 0.585
-1.31 0.485
-1.25 0.57
-1.23 0.645
-1.56 0.845
-1.34 0.62
-1.12 0.625
-1.49 0.76
-1.54 0.775
-1.39 0.765
-1.4 0.71
-1.36 0.535
-1.38 0.625
-1.26 0.66
-1.57 0.835
-1.62 0.8
-1.49 0.8
-1.31 0.555
-1.52 0.72
-1.35 0.615
-1.43 0.755
-1.39 0.73
-1.34 0.7
-1.42 0.565
-1.2 0.615
-1.59 0.84
-1.36 0.68
-1.29 0.745
-1.22 0.635
-1.36 0.74
-1.41 0.73
-1.49 0.765
-1.51 0.84
-1.41 0.71
-1.43 0.76
-1.5 0.82
-1.37 0.775
-1.37 0.725
-1.46 0.77
-1.4 0.7
-1.24 0.59
-1.09 0.4
-1.38 0.66
-1.26 0.545
-1.09 0.14
-1.27 0
-1.21 0.045
-1 0.025
-1.12 0.35
-1.1 0.33
-1.24 0.52
-1.2 0.435
-1.21 0.605
-1.6 0.855
-1.47 0.69
-1.24 0.645
-1.41 0.8
-1.45 0.77
-1.45 0.745
-1.25 0.525
-1.43 0.555
-1.34 0.68
-1.29 0.585
-1.21 0.64
-1.46 0.77
-1.47 0.78
-1.64 0.88
-1.35 0.715
-1.54 0.785
-1.41 0.805
-1.5 0.74
-1.47 0.745
-1.41 0.705
-1.51 0.8
-1.44 0.775
-1.26 0.63
-1.39 0.635
-1.29 0.59
-1.23 0.56
-1.41 0.635
-1.51 0.85
-1.39 0.74
-1.47 0.74
-1.37 0.705
-1.44 0.81
-1.52 0.78
-1.51 0.81
-1.42 0.71
-1.27 0.61
-1.36 0.695
-1.38 0.765
-1.34 0.78
-1.43 0.775
-1.29 0.685
-1.56 0.835
-1.43 0.795
-1.31 0.665
-1.42 0.8
-1.6 0.835
-1.42 0.755
-1.48 0.745
-1.38 0.715
-1.65 0.87
-1.45 0.78
-1.67 0.84
-1.52 0.775
-1.6 0.785
-1.41 0.76
-1.31 0.59
-1.28 0.645
-1.15 0.285
-1.25 0.43
-1.3 0.56
-1.28 0.495
-1.43 0.52
-1.48 0.645
-1.27 0.5
-1.07 0.255
-1.28 0.325
-1.28 0.365
-1.19 0.305
-1.27 0.455
-1.44 0.765
-1.4 0.735
-1.38 0.73
-1.44 0.65
-1.45 0.625
-1.19 0.555
-1.41 0.685
-1.49 0.785
-1.35 0.73
-1.4 0.655
-1.21 0.545
-1.52 0.775
-1.42 0.715
-1.34 0.71
-1.44 0.78
-1.56 0.84
-1.51 0.77
-1.36 0.595
-1.35 0.72
-1.2 0.5
-1.13 0.49
-1.47 0.6
-1.23 0.405
-1.31 0.41
-1.32 0.47
-1.44 0.725
-1.44 0.8
-1.22 0.695
-1.25 0.61
-1.24 0.52
-1.23 0.39
-1.05 0.295
-1.19 0.215
-1.15 -0.045
-1.16 0.33
-1.21 0.415
-1.25 0.475
-1.42 0.42
-1.25 0.38
-1.44 0.66
-1.43 0.655
-1.49 0.735
-1.28 0.56
-1.49 0.665
-1.23 0.44
-1.3 0.37
-1.19 0.28
-1.21 0.515
-1.29 0.565
-1.18 0.345
-1.27 0.425
-1.35 0.33
-1.2 0.405
-1.15 0.3
-1.06 0.34
-1.23 0.39
-1.23 0.195
-0.91 0
-1.17 0.045
-1.18 0.125
-0.97 -0.1
-1.14 -0.205
-1.1 -0.18
-1.37 -0.11
-1.21 0.02
-1.08 -0.095
-1.11 0.03
-1.25 -0.035
-1.25 -0.175
-1.38 -0.44
-1.1 -0.355
-1.15 -0.125
-1.17 -0.03
-1.22 0.06
-1.13 -0.01
-1.22 -0.14
-1.32 -0.09
-1.22 0.23
-1.47 0.55
-1.37 0.53
-1.24 0.61
-1.38 0.68
-1.36 0.7
-1.52 0.79
-1.41 0.765
-1.28 0.57
-1.29 0.34
-1.23 0.385
-0.95 0.22
-1.29 0.28
-1.52 0.355
-1.18 0.15
-1.2 0.26
-1.19 0.265
-1.13 0.36
-1.15 0.44
-1.13 0.285
-1.36 0.49
-1.29 0.475
-1.32 0.47
-1.33 0.475
-1.35 0.465
-1.11 0.465
-1.26 0.45
-1.43 0.61
-1.35 0.72
-1.34 0.71
-1.36 0.755
-1.21 0.615
-1.38 0.69
-1.39 0.755
-1.15 0.295
-1.05 0
-0.97 0.12
-0.93 0.355
-1.44 0.76
-1.28 0.525
-1.38 0.735
-1.33 0.65
-1.42 0.79
-1.32 0.615
-1.32 0.525
-1.41 0.695
-1.6 0.87
-1.59 0.825
-1.5 0.825
-1.36 0.62
-1.11 0.56
-1.36 0.555
-1.37 0.515
-1.21 0.195
-1.18 0.31
-1.18 0.22
-1.35 0.355
-1.29 0.575
-1.14 0.53
-1.25 0.655
-1.23 0.315
-1.36 0.24
-1.3 0.435
-1.32 0.31
-1.14 0.475
-1.26 0.33
-1.28 0.265
-1.13 0.365
-1.35 0.58
-1.11 0.325
-1.17 0.185
-1.22 0.35
-1.35 0.46
-1.44 0.43
-1.08 0.385
-1.29 0.275
-1.06 0.2
-1.27 0.34
-1.12 0.26
-1.25 0.29
-1.42 0.415
-1.24 0.46
-1.31 0.435
-1.3 0.44
-0.92 0.01
-1.2 0.135
-1.09 0.17
-1.04 0.04
-1.16 0.29
-1.23 0.295
-1.13 0.145
-1.31 -0.01
-1.14 -0.31
-1.09 -0.21
-1.15 -0.265
-1.22 -0.485
-1.12 -0.415
-1.35 -0.57
-1.44 -0.755
-1.46 -0.7
-1.31 -0.39
-1.13 -0.47
-1.3 -0.535
-1.33 -0.685
-1.5 -0.755
-1.48 -0.78
-1.35 -0.7
-1.18 -0.55
-1.53 -0.825
-1.52 -0.815
-1.45 -0.665
-1.34 -0.7
-1.54 -0.82
-1.37 -0.67
-1.5 -0.775
-1.53 -0.82
-1.45 -0.755
-1.32 -0.685
-1.58 -0.825
-1.21 -0.675
-1.46 -0.725
-1.24 -0.64
-1.27 -0.64
-1.21 -0.575
-1.35 -0.62
-1.3 -0.485
-1.15 -0.42
-1.23 -0.435
-1.05 -0.06
-0.93 -0.025
-1.2 -0.42
-1.28 -0.56
-1.49 -0.83
-1.48 -0.83
-1.49 -0.72
-1.45 -0.73
-1.33 -0.75
-1.35 -0.73
-1.36 -0.735
-1.13 -0.63
-1.38 -0.685
-1.28 -0.65
-1.14 -0.435
-1.23 -0.415
-1.15 -0.43
-1.31 -0.45
-1.26 -0.36
-1.19 -0.335
-1.26 -0.44
-1.25 -0.595
-1.28 -0.54
-1.35 -0.56
-1.24 -0.585
-1.43 -0.615
-1.36 -0.72
-1.43 -0.81
-1.14 -0.65
-1.26 -0.615
-1.45 -0.795
-1.34 -0.695
-1.51 -0.8
-1.57 -0.84
-1.41 -0.72
-1.26 -0.41
-1.32 -0.32
-1.22 -0.33
-1.28 -0.42
-1.22 -0.41
-1.32 -0.295
-0.98 -0.28
-1.29 -0.34
-1.14 -0.425
-1.29 -0.35
-1.33 -0.24
-1.34 -0.59
-1.37 -0.71
-1.21 -0.66
-1.45 -0.74
-1.2 -0.57
-1.28 -0.45
-1.38 -0.66
-1.2 -0.54
-1.44 -0.72
-1.28 -0.375
-1.22 -0.38
-1.43 -0.715
-1.39 -0.78
-1.42 -0.74
-1.37 -0.635
-1.27 -0.6
-1.55 -0.8
-1.44 -0.75
-1.49 -0.675
-1.29 -0.58
-1.41 -0.54
-1.28 -0.355
-1.29 -0.49
-1.32 -0.645
-1.49 -0.805
-1.41 -0.78
-1.48 -0.755
-1.45 -0.74
-1.38 -0.69
-1.65 -0.845
-1.4 -0.79
-1.43 -0.76
-1.3 -0.69
-1.33 -0.66
-1.45 -0.795
-1.47 -0.745
-1.43 -0.655
-1.47 -0.77
-1.31 -0.615
-1.23 -0.615
-1.24 -0.545
-1.22 -0.3
-1.21 -0.195
-1.33 -0.3
-1.23 -0.305
-1.33 -0.37
-1.32 -0.4
-1.34 -0.4
-1.15 -0.145
-1.19 0.09
-1.35 0.095
-1.15 0.025
-1.16 -0.095
-0.99 0.035
-1.15 0.16
-1.14 0.215
-1.19 0.495
-1.22 0.62
-1.52 0.825
-1.52 0.775
-1.35 0.615
-1.3 0.63
-1.36 0.675
-1.36 0.665
-1.56 0.8
-1.35 0.6
-1.17 0.625
-1.46 0.72
-1.45 0.73
-1.36 0.675
-1.21 0.425
-1.27 0.23
-1.33 0.365
-1.13 0.26
-1.13 0.39
-1.21 0.565
-1.46 0.725
-1.34 0.725
-1.38 0.705
-1.58 0.8
-1.32 0.54
-1.39 0.42
-1.14 0.42
-1.32 0.635
-1.37 0.5
-1.3 0.655
-1.48 0.84
-1.58 0.855
-1.37 0.77
-1.51 0.805
-1.51 0.805
-1.3 0.575
-1.42 0.685
-1.32 0.66
-1.25 0.445
-1.41 0.72
-1.48 0.685
-1.16 0.58
-1.41 0.71
-1.42 0.745
-1.34 0.7
-1.48 0.745
-1.63 0.875
-1.6 0.83
-1.52 0.845
-1.15 0.595
-1.41 0.785
-1.45 0.79
-1.59 0.865
-1.27 0.655
-1.55 0.815
-1.59 0.86
-1.7 0.9
-1.46 0.785
-1.5 0.825
-1.59 0.845
-1.4 0.695
-1.54 0.785
-1.38 0.72
-1.42 0.69
-1.25 0.645
-1.34 0.51
-1.35 0.56
-1.07 0.43
-1.08 0.4
-1.14 0.435
-1.24 0.485
-1.2 0.5
-1.19 0.415
-1.31 0.435
-1.32 0.455
-1.48 0.58
-1.32 0.495
-1.18 0.225
-1.15 0.175
-1.19 0.095
-1.21 0.31
-1.18 0.2
-1.34 0.53
-1.37 0.64
-1.32 0.655
-1.35 0.72
-1.48 0.755
-1.11 0.4
-1.28 0.525
-1.46 0.69
-1.29 0.675
-1.62 0.875
-1.31 0.715
-1.69 0.855
-1.41 0.78
-1.4 0.755
-1.41 0.74
-1.5 0.735
-1.45 0.79
-1.56 0.81
-1.41 0.69
-1.41 0.67
-1.48 0.755
-1.38 0.755
-1.5 0.825
-1.29 0.625
-1.43 0.805
-1.5 0.81
-1.54 0.8
-1.43 0.795
-1.39 0.78
-1.4 0.805
-1.41 0.695
-1.37 0.725
-1.34 0.705
-1.44 0.615
-1.48 0.745
-1.49 0.81
-1.47 0.74
-1.49 0.75
-1.21 0.62
-1.15 0.55
-1.39 0.69
-1.46 0.755
-1.39 0.69
-1.38 0.625
-1.4 0.66
-1.39 0.725
-1.3 0.685
-1.56 0.785
-1.38 0.78
-1.4 0.685
-1.36 0.705
-1.38 0.765
-1.44 0.79
-1.54 0.82
-1.54 0.82
-1.61 0.87
-1.57 0.81
-1.39 0.745
-1.37 0.665
-1.12 0.46
-1.28 0.535
-1.35 0.53
-1.24 0.625
-1.49 0.78
-1.62 0.86
-1.28 0.705
-1.48 0.725
-1.4 0.72
-1.43 0.795
-1.49 0.755
-1.5 0.79
-1.38 0.71
-1.33 0.695
-1.45 0.68
-1.42 0.56
-1.38 0.46
-1.48 0.555
-1.34 0.515
-1.14 0.355
-1.26 0.44
-1.35 0.56
-1.4 0.585
-1.24 0.56
-1.39 0.75
-1.32 0.72
-1.44 0.775
-1.47 0.83
-1.61 0.865
-1.31 0.715
-1.39 0.705
-1.55 0.845
-1.53 0.83
-1.24 0.515
-1.36 0.505
-1.23 0.455
-1.27 0.56
-1.55 0.795
-1.43 0.77
-1.52 0.82
-1.39 0.645
-1.24 0.57
-1.04 0.435
-1.49 0.8
-1.45 0.685
-1.29 0.64
-1.5 0.705
-1.48 0.815
-1.47 0.84
-1.5 0.82
-1.49 0.79
-1.52 0.765
-1.31 0.705
-1.33 0.695
-1.42 0.735
-1.41 0.66
-1.4 0.76
-1.31 0.685
-1.5 0.765
-1.41 0.765
-1.55 0.82
-1.54 0.84
-1.31 0.64
-1.27 0.675
-1.29 0.7
-1.39 0.7
-1.43 0.65
-1.26 0.515
-1.25 0.57
-1.1 0.42
-1.31 0.66
-1.4 0.7
-1.36 0.685
-1.37 0.605
-1.26 0.735
-1.57 0.79
-1.57 0.865
-1.29 0.685
-1.4 0.665
-1.57 0.865
-1.62 0.86
-1.58 0.78
-1.31 0.645
-1.35 0.61
-1.02 0.27
-1.27 0.57
-1.49 0.765
-1.51 0.8
-1.54 0.81
-1.44 0.69
-1.34 0.525
-1.18 0.375
-1.18 0.425
-0.96 0.125
-1.17 0.425
-1.29 0.495
-1.38 0.425
-1.07 0.375
-1.12 0.535
-1.26 0.63
-1.44 0.76
-1.41 0.695
-1.32 0.725
-1.41 0.655
-1.36 0.605
-1.39 0.685
-1.34 0.71
-1.48 0.775
-1.29 0.52
-1.27 0.685
-1.44 0.8
-1.44 0.81
-1.5 0.76
-1.37 0.745
-1.26 0.72
-1.27 0.725
-1.53 0.835
-1.71 0.92
-1.48 0.82
-1.42 0.695
-1.3 0.65
-1.22 0.625
-1.33 0.665
-1.07 0.26
-1.31 0.265
-1.03 0.06
-1.29 0.215
-1.28 0.295
-1.31 0.38
-1.21 0.415
-1.16 0.41
-1.24 0.295
-1.07 0.08
-1.02 -0.185
-1.22 -0.305
-1.12 -0.385
-1.22 -0.35
-1.21 -0.295
-1.25 -0.175
-1.19 -0.145
-1.29 0.36
-1.45 0.445
-1.32 0.29
-1.17 0.37
-1.03 0.24
-1 0.015
-1.13 -0.135
-1.14 -0.155
-1.14 -0.225
-1.22 -0.225
-1.46 -0.525
-1.35 -0.435
-1.15 -0.44
-1.1 -0.385
-1.14 -0.245
-1.04 -0.37
-1.15 -0.215
-1.35 0.12
-1.25 0.21
-1.21 0.015
-1.16 -0.145
-1.35 -0.31
-1.29 -0.37
-1.03 -0.23
-1.03 -0.125
-1.09 -0.005
-1.21 -0.015
-1.2 -0.02
-1.24 -0.01
-1.36 -0.06
-1.29 -0.125
-1.14 -0.35
-1.18 -0.425
-1.24 -0.235
-1.38 -0.165
-1.12 -0.055
-1.24 -0.155
-1.12 -0.39
-1.19 -0.26
-1.17 -0.525
-1.35 -0.53
-1.23 -0.53
-1.32 -0.63
-1.27 -0.545
-1.28 -0.52
-1.22 -0.345
-1.34 -0.505
-1.33 -0.69
-1.25 -0.635
-1.45 -0.785
-1.41 -0.72
-1.54 -0.79
-1.34 -0.675
-1.24 -0.65
-1.44 -0.785
-1.42 -0.705
-1.51 -0.74
-1.35 -0.535
-1.34 -0.65
-1.35 -0.62
-1.35 -0.655
-1.35 -0.565
-1.43 -0.595
-1.29 -0.575
-1.39 -0.575
-1.49 -0.73
-1.31 -0.695
-1.41 -0.765
-1.45 -0.785
-1.33 -0.65
-1.23 -0.575
-1.3 -0.61
-1.47 -0.725
-1.15 -0.525
-1.51 -0.805
-1.34 -0.65
-1.44 -0.745
-1.44 -0.57
-1.31 -0.465
-1.29 -0.455
-1.33 -0.45
-1.25 -0.475
-1.03 -0.35
-0.9 -0.12
-1.32 -0.13
-1.21 -0.1
-1.23 -0.23
-1.14 -0.27
-1.2 -0.285
-1.39 -0.305
-1.35 -0.495
-1.52 -0.565
-1.12 -0.265
-1.18 -0.395
-1.31 -0.605
-1.44 -0.635
-1.27 -0.6
-1.48 -0.785
-1.52 -0.84
-1.28 -0.695
-1.57 -0.87
-1.64 -0.89
-1.52 -0.84
-1.25 -0.635
-1.18 -0.62
-1.53 -0.865
-1.41 -0.8
-1.41 -0.79
-1.39 -0.675
-1.46 -0.73
-1.5 -0.835
-1.37 -0.715
-1.28 -0.695
-1.41 -0.605
-1.42 -0.75
-1.32 -0.71
-1.43 -0.76
-1.6 -0.855
-1.64 -0.855
-1.44 -0.775
-1.48 -0.725
-1.35 -0.715
-1.35 -0.71
-1.4 -0.64
-1.32 -0.69
-1.33 -0.725
-1.5 -0.805
-1.46 -0.69
-1.33 -0.71
-1.33 -0.605
-1.08 -0.455
-1.12 -0.365
-1.26 -0.36
-1.18 -0.34
-1.33 -0.53
-1.24 -0.525
-1.21 -0.605
-1.2 -0.545
-1 -0.36
-1.09 -0.155
-1.19 0.06
-1.13 0.32
-1.18 0.43
-1.18 0.305
-1.17 0.36
-1.04 0.245
-1.23 0.27
-1.12 0.27
-1.28 0.105
-1.28 0.3
-1.31 0.455
-1.35 0.515
-1.53 0.44
-1.29 0.42
-0.97 0.345
-1.2 0.355
-1.23 0.465
-1.21 0.395
-1.26 0.505
-1.5 0.82
-1.46 0.75
-1.32 0.705
-1.48 0.79
-1.31 0.685
-1.39 0.71
-1.36 0.705
-1.29 0.745
-1.41 0.71
-1.36 0.68
-1.3 0.695
-1.3 0.66
-1.35 0.645
-1.3 0.63
-1.19 0.53
-1.05 0.345
-1.11 0.455
-1 0.25
-1.45 0.4
-1.26 0.385
-1.33 0.45
-1.4 0.55
-1.3 0.545
-1.35 0.59
-1.33 0.555
-1.34 0.57
-1.41 0.515
-1.16 0.54
-1.17 0.49
-1.15 0.49
-1.19 0.52
-1.32 0.55
-1.26 0.445
-1.42 0.605
-1.47 0.68
-1.24 0.535
-1.42 0.57
-1.18 0.5
-1.23 0.565
-1.22 0.505
-1.28 0.38
-1.31 0.44
-1.44 0.555
-1.31 0.65
-1.43 0.78
-1.6 0.87
-1.54 0.82
-1.52 0.805
-1.5 0.78
-1.4 0.69
-1.45 0.74
-1.24 0.71
-1.41 0.745
-1.15 0.53
-1.21 0.52
-1.47 0.81
-1.47 0.805
-1.4 0.725
-1.31 0.75
-1.46 0.59
-1.24 0.545
-1.41 0.68
-1.4 0.77
-1.3 0.635
-1.41 0.725
-1.5 0.795
-1.41 0.7
-1.26 0.61
-1.34 0.72
-1.27 0.65
-1.4 0.43
-1.28 0.485
-1.25 0.475
-1.35 0.57
-1.44 0.76
-1.39 0.74
-1.36 0.61
-1.44 0.76
-1.54 0.8
-1.4 0.715
-1.39 0.69
-1.38 0.585
-1.49 0.775
-1.41 0.7
-1.29 0.655
-1.16 0.535
-1.45 0.72
-1.38 0.715
-1.47 0.765
-1.34 0.72
-1.33 0.64
-1.12 0.55
-1.12 0.485
-1.3 0.46
-1.15 0.555
-1.49 0.8
-1.36 0.645
-1.4 0.725
-1.38 0.72
-1.46 0.7
-1.25 0.65
-1.25 0.55
-1.01 0.365
-1.35 0.61
-1.18 0.61
-1.57 0.835
-1.52 0.665
-1.37 0.69
-1.44 0.73
-1.41 0.75
-1.46 0.8
-1.47 0.785
-1.35 0.695
-1.44 0.78
-1.12 0.555
-1.43 0.75
-1.55 0.805
-1.34 0.685
-1.28 0.59
-1.5 0.62
-1.36 0.705
-1.47 0.805
-1.62 0.85
-1.57 0.855
-1.63 0.87
-1.47 0.82
-1.47 0.75
-1.18 0.525
-1.21 0.57
-1.42 0.725
-1.53 0.82
-1.37 0.72
-1.25 0.615
-1.33 0.66
-1.42 0.765
-1.62 0.88
-1.33 0.7
-1.5 0.76
-1.02 0.515
-1.26 0.32
-1.06 0.28
-1.13 0.41
-1.29 0.595
-1.51 0.72
-1.3 0.63
-1.33 0.605
-1.28 0.6
-1.42 0.59
-1.25 0.285
-1.23 0.1
-1.11 0.015
-1.09 0.105
-1.24 -0.355
-1.47 -0.24
-1.27 -0.46
-1.44 -0.735
-1.51 -0.78
-1.59 -0.865
-1.44 -0.715
-1.42 -0.66
-1.47 -0.55
-1.47 -0.815
-1.61 -0.845
-1.46 -0.68
-1.37 -0.65
-1.35 -0.665
-1.38 -0.705
-1.28 -0.53
-1.13 -0.545
-1.12 -0.5
-1.64 -0.85
-1.66 -0.87
-1.51 -0.805
-1.51 -0.78
-1.34 -0.725
-1.52 -0.755
-1.43 -0.8
-1.57 -0.855
-1.51 -0.785
-1.43 -0.775
-1.51 -0.785
-1.35 -0.515
-1.4 -0.45
-1.31 -0.645
-1.32 -0.61
-1.24 -0.6
-1.26 -0.545
-1.16 -0.48
-1.13 -0.335
-1.32 -0.39
-1.24 -0.43
-1.42 -0.575
-1.42 -0.68
-1.53 -0.795
-1.36 -0.695
-1.46 -0.725
-1.24 -0.635
-1.42 -0.8
-1.21 -0.38
-1.28 -0.595
-1.49 -0.645
-1.52 -0.835
-1.6 -0.87
-1.61 -0.88
-1.61 -0.88
-1.42 -0.73
-1.39 -0.75
-1.47 -0.76
-1.47 -0.775
-1.51 -0.755
-1.24 -0.675
-1.27 -0.66
-1.37 -0.73
-1.16 -0.61
-1.39 -0.69
-1.57 -0.805
-1.36 -0.535
-1.46 -0.66
-1.45 -0.715
-1.5 -0.81
-1.58 -0.82
-1.41 -0.705
-1.34 -0.745
-1.54 -0.83
-1.34 -0.71
-1.41 -0.635
-1.28 -0.65
-1.28 -0.445
-1.36 -0.665
-1.18 -0.505
-1.2 -0.545
-1.21 -0.34
-1.23 -0.45
-1.4 -0.62
-1.11 -0.385
-1.09 0.055
-1.1 0.005
-1.36 0.045
-1.27 0.235
-1.28 0.175
-1.26 0.26
-1.22 -0.06
-1.32 -0.32
-1.23 0.02
-1.29 -0.13
-1.18 -0.32
-1.24 -0.34
-1.18 -0.33
-1.31 -0.35
-1.34 -0.21
-1.16 -0.175
-1.3 -0.45
-1.19 -0.225
-1.33 -0.2
-1.2 -0.365
-1.33 -0.64
-1.32 -0.69
-1.58 -0.845
-1.48 -0.815
-1.4 -0.73
-1.32 -0.675
-1.43 -0.755
-1.19 -0.615
-1.35 -0.755
-1.51 -0.785
-1.53 -0.755
-1.41 -0.685
-1.43 -0.75
-1.72 -0.9
-1.75 -0.895
-1.48 -0.835
-1.54 -0.805
-1.49 -0.735
-1.26 -0.575
-1.29 -0.59
-1.51 -0.805
-1.47 -0.68
-1.07 -0.44
-1.17 -0.555
-1.21 -0.485
-1.1 -0.485
-1.2 -0.535
-1.26 -0.605
-1.26 -0.6
-1.32 -0.57
-1.36 -0.645
-1.06 -0.41
-1.21 -0.415
-1.27 -0.235
-1.23 -0.325
-1.16 -0.345
-1.08 -0.265
-1.41 -0.185
-1.09 -0.3
-1.35 -0.485
-1.36 -0.63
-1.53 -0.705
-1.41 -0.775
-1.29 -0.625
-1.4 -0.69
-1.33 -0.73
-1.34 -0.67
-1.14 -0.285
-1.19 -0.52
-1.17 -0.52
-1.08 -0.49
-1.25 -0.62
-1.25 -0.63
-1.55 -0.855
-1.31 -0.705
-1.41 -0.72
-1.48 -0.765
-1.37 -0.735
-1.48 -0.765
-1.5 -0.73
-1.5 -0.805
-1.51 -0.815
-1.54 -0.825
-1.53 -0.745
-1.48 -0.67
-1.35 -0.71
-1.52 -0.82
-1.37 -0.745
-1.31 -0.7
-1.04 -0.455
-1.64 -0.835
-1.27 -0.63
-1.22 -0.665
-1.55 -0.845
-1.52 -0.8
-1.68 -0.89
-1.3 -0.705
-1.2 -0.53
-1.2 -0.385
-1.23 -0.585
-1.56 -0.79
-1.34 -0.68
-1.39 -0.77
-1.44 -0.78
-1.59 -0.815
-1.53 -0.81
-1.42 -0.655
-1.46 -0.765
-1.64 -0.89
-1.41 -0.705
-1.27 -0.59
-1.48 -0.725
-1.4 -0.74
-1.54 -0.76
-1.49 -0.815
-1.26 -0.715
-1.5 -0.755
-1.18 -0.425
-1.34 -0.685
-1.37 -0.65
-1.2 -0.515
-1.35 -0.69
-1.45 -0.63
-1.24 -0.47
-1.02 -0.38
-1.15 -0.39
-1.18 -0.495
-1.27 -0.495
-1.33 -0.53
-1.3 -0.58
-1.16 -0.39
-1.36 -0.595
-1.37 -0.495
-1.23 -0.585
-1.2 -0.56
-1.39 -0.605
-1.32 -0.51
-1.37 -0.635
-1.29 -0.665
-1.48 -0.8
-1.14 -0.45
-1.32 -0.545
-1.36 -0.59
-1.47 -0.565
-1.54 -0.73
-1.43 -0.745
-1.39 -0.67
-1.43 -0.76
-1.5 -0.78
-1.43 -0.78
-1.35 -0.725
-1.55 -0.715
-1.38 -0.66
-1.38 -0.75
-1.53 -0.825
-1.53 -0.755
-1.22 -0.58
-1.05 -0.475
-1.34 -0.68
-1.21 -0.4
-1.19 -0.35
-1.09 -0.16
-1.21 0.03
-1.34 -0.005
-1.23 -0.02
-1.19 0.215
-1.29 0.405
-1.17 0.52
-1.33 0.66
-1.16 0.62
-1.44 0.805
-1.29 0.595
-1.24 0.505
-1.26 0.61
-1.43 0.725
-1.43 0.765
-1.28 0.695
-1.49 0.84
-1.34 0.65
-1.51 0.82
-1.3 0.74
-1.52 0.81
-1.59 0.825
-1.43 0.805
-1.26 0.695
-1.32 0.655
-1.25 0.635
-1.38 0.625
-1.46 0.63
-1.27 0.615
-1.46 0.78
-1.33 0.62
-1.47 0.715
-1.29 0.66
-1.53 0.805
-1.34 0.74
-1.37 0.645
-1.28 0.575
-1.3 0.575
-1.48 0.685
-1.27 0.46
-1.5 0.72
-1.4 0.725
-1.32 0.675
-1.32 0.585
-1.42 0.73
-1.32 0.625
-1.71 0.895
-1.59 0.865
-1.24 0.68
-1.17 0.64
-1.44 0.805
-1.43 0.7
-1.63 0.85
-1.45 0.81
-1.53 0.805
-1.48 0.72
-1.23 0.565
-1.33 0.735
-1.46 0.66
-1.25 0.65
-1.5 0.815
-1.39 0.735
-1.39 0.69
-1.31 0.67
-1.24 0.7
-1.59 0.85
-1.45 0.785
-1.47 0.815
-1.42 0.74
-1.09 0.61
-1.21 0.515
-1.36 0.61
-1.34 0.62
-1.36 0.475
-1.2 0.325
-1.17 0.46
-1.26 0.435
-1.09 0.235
-1.17 0.285
-1.26 0.385
-1.26 0.31
-1.21 0.095
-1.2 -0.08
-1.08 -0.125
-1.07 -0.23
-1.22 -0.41
-1.22 -0.405
-1.35 -0.61
-1.33 -0.54
-1.28 -0.37
-1.3 -0.29
-1.26 -0.33
-1.11 -0.325
-1.31 -0.295
-1.07 -0.3
-1.37 -0.385
-1.3 -0.475
-1.21 -0.63
-1.29 -0.635
-1.31 -0.72
-1.46 -0.785
-1.37 -0.685
-1.2 -0.635
-1.51 -0.51
-1.33 -0.49
-1.54 -0.5
-1.23 -0.52
-1.15 -0.11
-1 -0.035
-0.99 0.035
-1.1 0.32
-1.16 0.27
-1.17 0.365
-1.45 0.775
-1.57 0.86
-1.57 0.855
-1.5 0.805
-1.46 0.725
-1.24 0.58
-1.35 0.51
-1.17 0.46
-1.17 0.63
-1.31 0.655
-1.4 0.69
-1.34 0.57
-1.25 0.45
-1.2 0.205
-1 0.06
-1.32 -0.23
-1.22 -0.21
-1.17 0.065
-1.31 -0.025
-1.14 -0.08
-1.13 -0.005
-0.99 0.065
-1.21 -0.08
-1.1 -0.115
-1.07 -0.035
-1.38 -0.13
-1.24 -0.025
-1.08 -0.105
-1.27 -0.36
-1.25 -0.445
-1.06 -0.205
-1.23 -0.59
-1.34 -0.465
-1.29 -0.59
-1.31 -0.71
-1.35 -0.61
-1.28 -0.495
-1.51 -0.735
-1.52 -0.78
-1.51 -0.825
-1.7 -0.87
-1.37 -0.69
-1.31 -0.68
-1.55 -0.83
-1.4 -0.725
-1.42 -0.76
-1.34 -0.675
-1.4 -0.665
-1.44 -0.685
-1.26 -0.42
-1.29 -0.305
-1.29 -0.52
-1.36 -0.665
-1.44 -0.75
-1.6 -0.87
-1.48 -0.805
-1.38 -0.755
-1.36 -0.77
-1.47 -0.8
-1.45 -0.765
-1.64 -0.855
-1.54 -0.67
-1.43 -0.795
-1.4 -0.685
-1.27 -0.6
-1.32 -0.645
-1.52 -0.815
-1.44 -0.605
-1.26 -0.595
-1.38 -0.585
-1.36 -0.51
-1.19 -0.3
-1.43 -0.545
-1.22 -0.495
-1.3 -0.47
-1.3 -0.435
-1.31 -0.435
-1.22 -0.41
-1.1 -0.195
-1.13 -0.225
-1.25 -0.515
-1.09 -0.535
-1.51 -0.68
-1.22 -0.56
-1.21 -0.325
-1.21 -0.315
-1.07 -0.21
-1.36 -0.475
-1.35 -0.505
-1.24 -0.525
-1.21 -0.355
-1.15 -0.42
-1.15 -0.365
-1.08 -0.325
-1 -0.03
-1.22 -0.03
-1.19 -0.2
-1.11 -0.125
-1.25 -0.12
-1.13 -0.05
-1.02 -0.01
-0.95 -0.095
-1.07 0.07
-1.1 0.14
-1.18 0.34
-1.53 0.65
-1.2 0.54
-1.46 0.73
-1.28 0.665
-1.27 0.66
-1.39 0.735
-1.47 0.745
-1.41 0.675
-1.59 0.88
-1.57 0.86
-1.36 0.685
-1.34 0.72
-1.43 0.72
-1.5 0.765
-1.37 0.74
-1.49 0.8
-1.35 0.67
-1.38 0.755
-1.5 0.755
-1.4 0.755
-1.33 0.635
-1.41 0.655
-1.4 0.76
-1.38 0.76
-1.29 0.675
-1.46 0.71
-1.42 0.76
-1.17 0.505
-1.35 0.715
-1.57 0.78
-1.26 0.55
-1.28 0.43
-1.21 0.585
-1.29 0.445
-1 0.23
-1.16 0.46
-1.33 0.675
-1.16 0.28
-1.47 0.365
-1.18 0.405
-1.35 0.585
-1.18 0.605
-1.29 0.605
-1.18 0.47
-1.37 0.565
-1.4 0.505
-1.46 0.755
-1.36 0.735
-1.02 0.25
-1.23 0.38
-1.22 0.1
-1.07 -0.13
-1.24 -0.12
-1.34 -0.455
-1.23 -0.29
-1.17 -0.18
-1.39 -0.41
-1.37 -0.535
-1.32 -0.515
-1.28 -0.14
-1.17 -0.375
-1.17 -0.38
-1.26 -0.53
-1.12 -0.415
-1.31 -0.63
-1.35 -0.645
-1.49 -0.7
-1.36 -0.715
-1.48 -0.76
-1.35 -0.785
-1.39 -0.63
-1.12 -0.32
-1.2 -0.16
-1 -0.01
-1.1 -0.01
-1.35 -0.145
-1.22 -0.03
-1.32 0.1
-1.16 -0.055
-1.29 0.165
-1.27 0.08
-1.1 0.185
-1.02 0.04
-1.08 0.045
-1.1 -0.015
-1.09 0.175
-1.22 0.075
-1.1 0.07
-1.06 0.26
-1.3 0.26
-1.21 0.15
-1.27 0.295
-1.27 0.345
-1 0.19
-1.26 0.145
-1.19 0.085
-1.11 0.22
-1.06 -0.03
-1.01 -0.06
-1.2 -0.455
-1.24 -0.35
-1.27 -0.435
-1.19 -0.475
-1.37 -0.675
-1.45 -0.725
-1.21 -0.495
-1.22 -0.395
-1.15 -0.335
-1.17 -0.285
-1.24 -0.4
-1.11 -0.435
-1.27 -0.61
-1.41 -0.78
-1.59 -0.855
-1.3 -0.675
-1.32 -0.675
-1.5 -0.825
-1.17 -0.665
-1.64 -0.895
-1.47 -0.83
-1.23 -0.625
-1.49 -0.795
-1.55 -0.83
-1.46 -0.79
-1.37 -0.695
-1.5 -0.76
-1.62 -0.885
-1.26 -0.69
-1.54 -0.775
-1.42 -0.765
-1.26 -0.575
-1.27 -0.5
-1.23 -0.5
-1.09 -0.41
-1.26 -0.43
-1.2 -0.275
-1.13 -0.22
-0.98 -0.07
-1.11 -0.17
-1.36 -0.215
-1.32 -0.415
-1.24 -0.505
-1.25 -0.46
-1.35 -0.36
-1.2 -0.42
-1.34 -0.44
-1.34 -0.47
-1.16 -0.45
-1.41 -0.67
-1.18 -0.46
-1.12 -0.39
-1 -0.365
-1.17 -0.395
-1.13 -0.34
-1.23 -0.36
-1.27 -0.365
-1.07 -0.3
-1.27 -0.305
-1.26 -0.25
-1.05 -0.38
-1.04 -0.165
-1.06 0.18
-1.18 0.21
-1.26 0.245
-1.3 0.48
-1.35 0.675
-1.52 0.835
-1.32 0.61
-1.34 0.73
-1.48 0.815
-1.51 0.735
-1.45 0.76
-1.49 0.825
-1.31 0.625
-1.49 0.64
-1.32 0.69
-1.55 0.835
-1.5 0.835
-1.34 0.765
-1.33 0.605
-1.28 0.39
-1 0.45
-1.22 0.195
-1.01 0.125
-1.21 0.13
-1.14 0.11
-1.29 -0.085
-1.16 -0.1
-1.09 -0.31
-1.25 -0.175
-1.12 -0.155
-1.18 -0.185
-1.23 -0.315
-1.13 -0.285
-1.13 0.005
-1.14 -0.05
-1.06 0.21
-1.24 0.23
-1.28 0.345
-1.16 0.14
-1.26 0.17
-1.12 0.005
-1.04 -0.075
-1.18 -0.22
-1.2 -0.14
-1.31 -0.49
-1.22 -0.4
-1.22 -0.26
-1.19 -0.345
-1.17 -0.385
-1.29 -0.28
-1.19 -0.04
-1.21 -0.045
-1.25 -0.11
-1.06 0.16
-1.13 0.23
-1.12 0.345
-1.22 0.45
-1.14 0.255
-0.96 0.105
-1.28 0.405
-1.26 0.43
-1.27 0.515
-1.14 0.4
-1.02 0.27
-1.08 0.18
-1.35 -0.26
-1.19 -0.395
-1.2 -0.31
-1.23 0.275
-1.35 0.48
-1.35 0.51
-1.22 0.61
-1.24 0.56
-1.22 0.57
-1.41 0.745
-1.48 0.76
-1.48 0.8
-1.6 0.805
-1.43 0.645
-1.23 0.57
-1.24 0.59
-1.27 0.5
-1.36 0.455
-1.25 0.48
-1.28 0.395
-1.33 0.495
-1.13 0.395
-1.21 0.42
-1.3 0.59
-1.43 0.78
-1.24 0.62
-1.49 0.805
-1.48 0.75
-1.27 0.665
-1.45 0.8
-1.28 0.635
-1.35 0.75
-1.55 0.865
-1.63 0.875
-1.42 0.74
-1.42 0.78
-1.41 0.72
-1.45 0.79
-1.4 0.745
-1.38 0.75
-1.38 0.7
-1.4 0.78
-1.45 0.705
-1.21 0.345
-1.4 0.575
-1.16 0.42
-1.45 0.655
-1.55 0.82
-1.57 0.815
-1.51 0.78
-1.32 0.61
-1.1 0.5
-1.22 0.42
-1.27 0.605
-1.41 0.79
-1.65 0.865
-1.62 0.87
-1.4 0.81
-1.65 0.87
-1.61 0.865
-1.41 0.705
-1.45 0.645
-1.33 0.655
-1.47 0.775
-1.39 0.75
-1.45 0.775
-1.56 0.87
-1.53 0.82
-1.24 0.605
-1.29 0.535
-1.28 0.625
-1.04 0.49
-1.45 0.765
-1.45 0.68
-1.44 0.745
-1.45 0.76
-1.64 0.865
-1.34 0.65
-1.09 0.42
-1.27 0.53
-1.15 0.605
-1.24 0.465
-1.03 0.375
-1.42 0.41
-1.32 0.495
-1.36 0.565
-1.37 0.55
-1.47 0.735
-1.43 0.715
-1.15 0.62
-1.47 0.735
-1.42 0.795
-1.39 0.745
-1.53 0.735
-1.43 0.73
-1.47 0.78
-1.48 0.72
-1.39 0.63
-1.17 0.42
-1.22 0.41
-1.21 0.545
-1.46 0.78
-1.36 0.715
-1.61 0.76
-1.25 0.685
-1.3 0.63
-1.52 0.81
-1.52 0.77
-1.18 0.475
-1.68 0.84
-1.5 0.825
-1.45 0.78
-1.51 0.695
-1.54 0.7
-1.35 0.745
-1.41 0.75
-1.32 0.7
-1.25 0.585
-1.34 0.63
-1.23 0.635
-1.26 0.655
-1.41 0.75
-1.37 0.72
-1.52 0.855
-1.22 0.655
-1.38 0.555
-1.29 0.58
-1.31 0.52
-1.31 0.375
-1.24 0.25
-1.44 0.67
-1.34 0.66
-1.28 0.62
-1.21 0.475
-1.13 0.43
-1.38 0.625
-1.36 0.54
-1.27 0.42
-1.31 0.465
-1.24 0.34
-1.44 0.405
-1.33 0.37
-1.09 0.18
-1.28 0.365
-1.33 0.335
-1.21 0.445
-1.31 0.43
-1.36 0.59
-1.27 0.635
-1.21 0.57
-1.38 0.545
-1.09 0.525
-1.15 0.595
-1.23 0.445
-1.25 0.45
-1.32 0.49
-1.5 0.65
-1.41 0.63
-1.38 0.575
-1.35 0.595
-1.39 0.755
-1.26 0.62
-1.33 0.48
-1.22 0.215
-1.11 -0.085
-1.03 0.095
-1.23 0.025
-1.03 -0.22
-1.19 -0.285
-1.26 -0.365
-1.04 -0.515
-1.4 -0.69
-1.44 -0.755
-1.57 -0.83
-1.23 -0.655
-1.51 -0.76
-1.36 -0.765
-1.55 -0.82
-1.42 -0.71
-1.46 -0.76
-1.49 -0.805
-1.4 -0.725
-1.32 -0.76
-1.44 -0.74
-1.45 -0.68
-1.3 -0.6
-1.18 -0.495
-1.38 -0.675
-1.37 -0.71
-1.45 -0.76
-1.44 -0.785
-1.38 -0.605
-1.44 -0.67
-1.28 -0.555
-1.16 -0.49
-1.35 -0.72
-1.53 -0.835
-1.57 -0.805
-1.53 -0.84
-1.7 -0.885
-1.35 -0.715
-1.38 -0.765
-1.48 -0.805
-1.39 -0.77
-1.4 -0.745
-1.31 -0.72
-1.48 -0.77
-1.46 -0.82
-1.58 -0.86
-1.55 -0.82
-1.59 -0.85
-1.4 -0.76
-1.53 -0.85
-1.43 -0.785
-1.45 -0.79
-1.27 -0.695
-1.37 -0.77
-1.45 -0.785
-1.51 -0.83
-1.23 -0.67
-1.31 -0.69
-1.36 -0.77
-1.46 -0.73
-1.47 -0.805
-1.3 -0.625
-1.36 -0.655
-1.1 -0.545
-1.24 -0.68
-1.55 -0.825
-1.39 -0.745
-1.41 -0.775
-1.61 -0.835
-1.56 -0.86
-1.56 -0.855
-1.55 -0.79
-1.47 -0.71
-1.55 -0.705
-1.4 -0.435
-1.26 -0.355
-1.16 -0.495
-1.25 -0.59
-1.5 -0.78
-1.72 -0.92
-1.6 -0.87
-1.59 -0.855
-1.41 -0.785
-1.52 -0.825
-1.37 -0.725
-1.53 -0.855
-1.28 -0.665
-1.3 -0.63
-1.12 -0.255
-1.18 -0.265
-1.21 -0.15
-1.28 -0.43
-1.45 -0.59
-1.32 -0.58
-1.44 -0.775
-1.25 -0.675
-1.51 -0.82
-1.31 -0.76
-1.56 -0.87
-1.37 -0.58
-1.31 -0.445
-1.27 -0.5
-1.35 -0.555
-1.23 -0.635
-1.45 -0.78
-1.48 -0.805
-1.58 -0.85
-1.5 -0.81
-1.38 -0.63
-1.39 -0.7
-1.4 -0.745
-1.53 -0.82
-1.41 -0.73
-1.19 -0.57
-1.33 -0.69
-1.38 -0.67
-1.36 -0.61
-1.24 -0.445
-1.27 -0.62
-1.28 -0.41
-1.21 -0.505
-1.11 -0.44
-1.42 -0.45
-1.51 -0.75
-1.42 -0.75
-1.37 -0.715
-1.56 -0.84
-1.51 -0.71
-1.74 -0.92
-1.61 -0.85
-1.48 -0.75
-1.08 -0.635
-1.61 -0.81
-1.24 -0.665
-1.52 -0.795
-1.33 -0.745
-1.31 -0.7
-1.39 -0.725
-1.38 -0.795
-1.43 -0.745
-1.43 -0.745
-1.54 -0.85
-1.51 -0.805
-1.54 -0.83
-1.51 -0.81
-1.48 -0.75
-1.06 -0.525
-1.41 -0.735
-1.34 -0.575
-1.15 -0.57
-1.26 -0.615
-1.45 -0.605
-1.42 -0.695
-1.38 -0.765
-1.28 -0.585
-1.28 -0.4
-0.93 -0.33
-1.15 -0.5
-1.18 -0.5
-1.37 -0.725
-1.37 -0.68
-1.61 -0.885
-1.54 -0.815
-1.22 -0.625
-1.35 -0.63
-1.4 -0.765
-1.4 -0.705
-1.69 -0.905
-1.44 -0.655
-1.51 -0.775
-1.22 -0.6
-1.58 -0.855
-1.48 -0.78
-1.46 -0.745
-1.46 -0.74
-1.41 -0.75
-1.45 -0.715
-1.27 -0.59
-1.21 -0.535
-1.19 -0.12
-1.25 -0.445
-1.24 -0.31
-1.24 -0.25
-1.13 -0.115
-1.19 -0.185
-1.33 -0.22
-1.07 -0.115
-1.18 -0.33
-1.32 -0.375
-1.13 -0.315
-1.2 -0.39
-1.04 -0.28
-1.27 -0.625
-1.46 -0.76
-1.41 -0.65
-1.14 -0.49
-1.06 -0.34
-1.14 -0.185
-1.31 -0.135
-1.26 0.06
-1.32 0.315
-1.11 0.34
-0.99 0.325
-1.19 0.47
-1.2 0.41
-1.21 0.43
-1.23 0.375
-1.3 0.4
-1.14 0.45
-1.27 0.365
-1.4 0.585
-1.22 0.49
-1.3 0.45
-1.24 0.655
-1.24 0.525
-1.3 0.595
-1.3 0.51
-1.31 0.61
-1.16 0.585
-1.5 0.78
-1.47 0.75
-1.41 0.75
-1.5 0.83
-1.55 0.765
-1.43 0.78
-1.43 0.78
-1.32 0.615
-1.22 0.485
-1.41 0.65
-1.27 0.64
-1.12 0.44
-1.19 0.345
-1.26 0.195
-1.18 0.49
-1.22 0.07
-1.19 0.365
-1.21 0.255
-1.16 0.15
-1.1 0.17
-1.12 -0.115
-0.98 -0.145
-1.14 -0.295
-1.09 -0.355
-1.37 -0.695
-1.44 -0.695
-1.28 -0.655
-1.36 -0.54
-1.1 -0.4
-1.21 -0.525
-1.39 -0.58
-1.34 -0.56
-1.38 -0.63
-1.56 -0.825
-1.51 -0.805
-1.54 -0.82
-1.38 -0.71
-1.46 -0.71
-1.46 -0.755
-1.63 -0.86
-1.48 -0.76
-1.37 -0.71
-1.57 -0.83
-1.4 -0.765
-1.23 -0.615
-1.29 -0.67
-1.47 -0.81
-1.41 -0.79
-1.52 -0.79
-1.42 -0.645
-1.34 -0.605
-1.35 -0.635
-1.36 -0.655
-1.36 -0.725
-1.35 -0.67
-1.39 -0.62
-1.34 -0.47
-1.31 -0.505
-1.22 -0.53
-1.13 -0.34
-1.06 -0.14
-1.29 -0.395
-1.27 -0.52
-1.15 -0.485
-1.2 -0.6
-1.21 -0.555
-1.5 -0.72
-1.42 -0.735
-1.52 -0.765
-1.39 -0.705
-1.48 -0.805
-1.62 -0.81
-1.56 -0.795
-1.42 -0.78
-1.38 -0.66
-1.26 -0.665
-1.35 -0.7
-1.35 -0.655
-1.41 -0.645
-1.6 -0.85
-1.39 -0.69
-1.45 -0.765
-1.43 -0.72
-1.52 -0.765
-1.4 -0.725
-1.19 -0.505
-1.18 -0.515
-1.49 -0.82
-1.44 -0.725
-1.58 -0.87
-1.31 -0.725
-1.34 -0.69
-1.31 -0.7
-1.55 -0.85
-1.34 -0.755
-1.24 -0.635
-1.25 -0.68
-1.59 -0.77
-1.73 -0.915
-1.43 -0.795
-1.48 -0.785
-1.4 -0.73
-1.45 -0.755
-1.51 -0.835
-1.46 -0.765
-1.38 -0.705
-1.41 -0.775
-1.56 -0.83
-1.6 -0.87
-1.57 -0.805
-1.17 -0.51
-1.58 -0.74
-1.38 -0.755
-1.73 -0.905
-1.49 -0.81
-1.47 -0.82
-1.61 -0.845
-1.56 -0.83
-1.34 -0.69
-1.39 -0.695
-1.11 -0.64
-1.67 -0.885
-1.52 -0.825
-1.36 -0.765
-1.56 -0.85
-1.29 -0.595
-1.56 -0.815
-1.67 -0.79
-1.32 -0.545
-1.07 -0.48
-1.33 -0.6
-1.13 -0.58
-1.18 -0.575
-1.31 -0.635
-1.4 -0.58
-1.08 -0.38
-1.14 -0.57
-1.42 -0.7
-1.23 -0.525
-1.26 -0.555
-1.3 -0.485
-1.41 -0.71
-1.57 -0.835
-1.43 -0.77
-1.34 -0.79
-1.52 -0.84
-1.47 -0.74
-1.36 -0.56
-1.5 -0.695
-1.43 -0.705
-1.33 -0.6
-1.41 -0.695
-1.45 -0.73
-1.32 -0.69
-1.14 -0.46
-1.28 -0.505
-1.21 -0.52
-1.48 -0.72
-1.44 -0.775
-1.63 -0.88
-1.47 -0.72
-1.31 -0.565
-1.22 -0.46
-1.37 -0.385
-1.13 -0.5
-1.24 -0.215
-1.26 -0.365
-1.17 0.085
-1.07 0.205
-1.32 0.29
-1.25 0.37
-1.29 0.555
-1.41 0.57
-1.52 0.78
-1.46 0.795
-1.48 0.775
-1.48 0.815
-1.39 0.77
-1.43 0.795
-1.42 0.79
-1.61 0.845
-1.48 0.81
-1.29 0.61
-1.29 0.595
-1.19 0.555
-1.24 0.6
-1.32 0.665
-1.48 0.72
-1.61 0.855
-1.3 0.62
-1.43 0.77
-1.24 0.685
-1.37 0.735
-1.18 0.56
-1.53 0.83
-1.53 0.855
-1.32 0.755
-1.5 0.8
-1.45 0.77
-1.28 0.62
-1.28 0.555
-1.35 0.675
-1.44 0.78
-1.3 0.65
-1.35 0.665
-1.36 0.695
-1.44 0.725
-1.43 0.68
-1.56 0.85
-1.49 0.81
-1.31 0.68
-1.5 0.83
-1.45 0.775
-1.29 0.725
-1.38 0.76
-1.55 0.815
-1.41 0.735
-1.5 0.82
-1.48 0.76
-1.55 0.835
-1.45 0.805
-1.31 0.705
-1.55 0.77
-1.49 0.78
-1.39 0.75
-1.51 0.79
-1.15 0.56
-1.43 0.67
-1.37 0.635
-1.48 0.635
-1.32 0.62
-1.24 0.275
-1.21 0.07
-1.22 -0.02
-1.19 -0.145
-1.25 0.005
-1.37 0.2
-1.18 0.22
-1.23 0.23
-1.16 0.095
-1.02 0.2
-1.15 0.025
-1.16 0.115
-1.16 -0.13
-1.27 -0.46
-1.25 -0.465
-1.14 -0.405
-1.43 -0.71
-1.38 -0.64
-1.41 -0.745
-1.59 -0.875
-1.39 -0.755
-1.57 -0.84
-1.46 -0.825
-1.43 -0.8
-1.38 -0.735
-1.56 -0.835
-1.65 -0.895
-1.62 -0.865
-1.38 -0.755
-1.7 -0.895
-1.43 -0.74
-1.44 -0.71
-1.51 -0.77
-1.33 -0.63
-1.43 -0.705
-1.47 -0.55
-1.27 -0.485
-1.26 -0.515
-1.28 -0.695
-1.23 -0.515
-1.32 -0.615
-1.38 -0.59
-1.21 -0.365
-1.24 -0.375
-1.06 -0.005
-1.23 -0.27
-1.35 -0.15
-1.06 0.075
-1.15 -0.115
-1.22 -0.345
-1.3 -0.49
-1.26 -0.53
-1.42 -0.73
-1.4 -0.68
-1.4 -0.655
-1.48 -0.78
-1.75 -0.9
-1.52 -0.795
-1.44 -0.735
-1.38 -0.695
-1.53 -0.79
-1.32 -0.62
-1.46 -0.695
-1.64 -0.89
-1.61 -0.825
-1.31 -0.68
-1.67 -0.885
-1.44 -0.81
-1.51 -0.835
-1.48 -0.81
-1.56 -0.795
-1.4 -0.725
-1.17 -0.425
-1.27 -0.35
-1.36 -0.415
-1.45 -0.54
-1.47 -0.825
-1.39 -0.77
-1.28 -0.695
-1.53 -0.725
-1.37 -0.595
-1.23 -0.575
-1.08 -0.44
-1.3 -0.61
-1.4 -0.78
-1.61 -0.835
-1.59 -0.835
-1.59 -0.835
-1.47 -0.8
-1.47 -0.68
-1.32 -0.7
-1.3 -0.74
-1.61 -0.87
-1.39 -0.715
-1.36 -0.745
-1.23 -0.525
-1.44 -0.8
-1.64 -0.885
-1.27 -0.6
-1.41 -0.79
-1.6 -0.835
-1.23 -0.58
-1.07 -0.455
-1.27 -0.59
-1.21 -0.49
-1.48 -0.67
-1.59 -0.7
-1.49 -0.735
-1.16 -0.635
-1.48 -0.7
-1.44 -0.64
-1.29 -0.555
-1.35 -0.525
-1.25 -0.425
-1.32 -0.5
-1.21 -0.43
-1.31 -0.3
-1.22 -0.025
-1.11 0.11
-1.06 -0.325
-1.21 -0.185
-1.16 -0.285
-1.23 -0.03
-1.22 -0.11
-1.22 -0.065
-1.14 0.205
-1.12 0.29
-1.07 0.405
-1.27 0.18
-1.27 0.1
-1.13 0.135
-1.2 0.165
-1.27 0.185
-1.31 0.3
-1.26 0.575
-1.09 0.565
-1.24 0.5
-1.31 0.495
-1.22 0.525
-1.29 0.58
-1.6 0.815
-1.42 0.71
-1.52 0.775
-1.5 0.815
