-1.46 -0.27
-0.95 -0.065
-1.11 0.05
-1.05 -0.005
-0.95 -0.105
-1.17 -0.125
-1.1 -0.175
-1.15 -0.215
-1.28 -0.19
-1.17 -0.21
-1.22 -0.055
-1.26 -0.215
-1.01 -0.025
-1.18 -0.035
-1.12 0.055
-1.2 -0.24
-1.12 -0.165
-1.22 0.26
-1.18 0.465
-1.44 0.66
-1.29 0.515
-1.28 0.535
-1.26 0.44
-1.27 0.53
-1.22 0.565
-1.28 0.52
-1.27 0.625
-1.13 0.48
-1.41 0.58
-1.37 0.655
-1.35 0.75
-1.51 0.72
-1.36 0.645
-1.29 0.565
-1.34 0.615
-1.1 0.505
-1.18 0.49
-1.27 0.71
-1.31 0.53
-1.11 0.315
-1.21 0.485
-1.42 0.725
-1.13 0.415
-1.21 0.535
-1.01 0.33
-1.14 0.42
-1.13 0.31
-1.13 0.275
-1.18 0.44
-1.08 0.24
-1.11 0.025
-1.22 0.31
-1.12 0.345
-1.12 0.465
-1.2 0.505
-1.33 0.5
-1.28 0.43
-1.12 0.395
-1.34 0.655
-1.33 0.64
-1.07 0.565
-1.23 0.49
-1.28 0.42
-1.21 0.215
-0.93 0.35
-1.16 0.375
-0.99 0.19
-1.17 0.19
-1.27 0.38
-1.17 0.315
-1.11 0.395
-1.39 0.58
-1.25 0.44
-1.04 0.24
-1.23 0.21
-0.9 -0.055
-1.1 0.22
-1 0.1
-1.15 0.24
-1.01 0.33
-0.94 0.285
-1.15 0.375
-1.12 0.32
-1.16 0.235
-1.23 0.52
-1.44 0.7
-1.5 0.84
-1.33 0.695
-1.31 0.64
-1.32 0.715
-1.3 0.66
-1.12 0.375
-1.09 0.22
-1.06 0.25
-1.14 0.43
-1.06 0.265
-1.09 -0.09
-1.11 -0.305
-1.11 -0.39
-1.07 -0.31
-1.16 -0.375
-1.24 -0.45
-1.48 -0.605
-1.45 -0.7
-1.48 -0.805
-1.55 -0.83
-1.53 -0.835
-1.44 -0.77
-1.3 -0.68
-1.45 -0.74
-1.46 -0.73
-1.52 -0.845
-1.42 -0.8
-1.47 -0.77
-1.28 -0.66
-1.39 -0.685
-1.37 -0.67
-1.44 -0.675
-1.37 -0.705
-1.37 -0.66
-1.38 -0.55
-1.28 -0.595
-1.46 -0.735
-1.36 -0.775
-1.31 -0.73
-1.26 -0.645
-1.63 -0.855
-1.55 -0.855
-1.5 -0.77
-1.5 -0.81
-1.21 -0.635
-1.06 -0.555
-1.31 -0.59
-1.34 -0.6
-1.38 -0.635
-1.2 -0.475
-1.28 -0.57
-1.11 -0.505
-1.17 -0.625
-1.09 -0.38
-1.13 -0.565
-1.41 -0.71
-1.31 -0.67
-1.45 -0.7
-1.27 -0.555
-1.45 -0.675
-1.02 -0.37
-1.27 -0.45
-1.23 -0.295
-0.98 -0.09
-1.05 -0.09
-1.24 -0.315
-1.18 -0.36
-1.29 -0.43
-1.05 -0.31
-1.41 -0.56
-1.22 -0.48
-1.47 -0.735
-1.53 -0.8
-1.5 -0.81
-1.45 -0.735
-1.16 -0.55
-1.4 -0.65
-1.42 -0.65
-1.46 -0.8
-1.49 -0.81
-1.23 -0.725
-1.33 -0.64
-1.16 -0.585
-1.22 -0.53
-1.19 -0.61
-1.03 -0.49
-1.29 -0.675
-1.09 -0.555
-1.33 -0.675
-1.26 -0.655
-1.1 -0.67
-1.44 -0.745
-1.15 -0.545
-1.02 -0.365
-1.1 -0.35
-1.1 -0.245
-1.17 -0.31
-1.15 -0.085
-1.15 0.16
-1.23 -0.275
-1.21 -0.33
-1.14 -0.095
-0.99 -0.14
-1.37 0.11
-1.21 0.21
-1.29 0
-1.22 -0.01
-1.1 -0.03
-1.12 0.19
-1.12 0.195
-1.27 0.48
-0.93 0.17
-1.36 0.54
-1.39 0.58
-1.2 0.555
-1.25 0.59
-1.2 0.53
-1.27 0.675
-1.26 0.54
-1.35 0.675
-1.35 0.725
-1.4 0.625
-1.31 0.71
-1.66 0.885
-1.13 0.54
-1.42 0.725
-1.48 0.765
-1.39 0.695
-1.24 0.535
-1.34 0.615
-1.46 0.7
-1.39 0.805
-1.47 0.735
-1.25 0.515
-1.28 0.615
-1.35 0.705
-1.28 0.605
-1.61 0.825
-1.36 0.685
-1.48 0.71
-1.41 0.735
-1.36 0.69
-1.33 0.62
-1.07 0.45
-1.43 0.74
-1.45 0.77
-1.24 0.55
-1.24 0.435
-1.15 0.305
-1.09 0.065
-1.14 -0.22
-1.01 -0.105
-1.19 -0.455
-1.3 -0.69
-1.26 -0.71
-1.42 -0.8
-1.31 -0.73
-1.49 -0.79
-1.11 -0.555
-1.25 -0.485
-1.17 -0.49
-1.31 -0.565
-1.38 -0.585
-1.31 -0.59
-1.32 -0.6
-1.28 -0.63
-1.32 -0.69
-1.36 -0.695
-1.15 -0.48
-1.13 -0.335
-1.1 0.05
-1.18 0.07
-0.89 -0.01
-1.15 -0.105
-1.13 0.175
-1.07 0.34
-1.16 0.535
-1.21 0.455
-1.21 0.485
-1.42 0.765
-1.21 0.7
-1.32 0.405
-1.26 0.205
-1.19 0.115
-1.21 0.08
-1.4 0.045
-1.02 0.135
-1.16 -0.09
-1.31 -0.305
-1.21 -0.235
-1.16 -0.435
-0.94 -0.24
-1.11 -0.09
-0.96 -0.295
-1.15 -0.32
-1.26 -0.53
-0.91 -0.41
-1.21 -0.275
-1.25 -0.51
-1.24 -0.645
-1.18 -0.59
-1.51 -0.765
-1.24 -0.54
-1.21 -0.47
-1.01 -0.21
-0.91 0.17
-1.06 -0.075
-1.16 -0.23
-1.03 0.065
-1.11 -0.07
-1.07 -0.055
-1.15 0.345
-1.07 0.19
-0.99 0.345
-1.23 0.485
-1.28 0.42
-1.21 0.41
-1.37 0.655
-1.25 0.715
-1.27 0.67
-1.2 0.635
-1.37 0.61
-1.28 0.335
-1.04 0.2
-1.11 -0.035
-1.07 0.12
-1.14 0.17
-1.11 0.11
-1.08 0.015
-1.11 0.075
-1.15 0.2
-0.98 0.1
-1.29 0.22
-1.28 0.345
-1.1 0.4
-1.24 0.525
-1.04 0.49
-1.2 0.515
-1.25 0.445
-1.52 0.72
-1.3 0.615
-1.32 0.62
-1.37 0.615
-1.33 0.735
-1.22 0.41
-1.01 0.385
-1.31 0.62
-1.3 0.695
-1.48 0.73
-1.19 0.59
-1.21 0.52
-1.2 0.475
-1.24 0.455
-1.22 0.47
-1.17 0.35
-1.06 0.2
-1.04 0.025
-1.11 0.33
-1.04 0.335
-1.22 0.31
-1.11 0.135
-1.2 0.17
-1.11 0.04
-1 0.16
-1.43 0.58
-1.27 0.5
-1.38 0.625
-1.21 0.345
-1.16 0.13
-1.15 0.225
-1.11 0.32
-1.05 0.15
-1.27 0.305
-1.09 0.26
-1.21 0.375
-1.36 0.66
-1.49 0.695
-1.46 0.675
-1.25 0.56
-1.31 0.57
-1.33 0.465
-1.1 0.555
-1.2 0.455
-1.16 0.585
-1.04 0.425
-1.22 0.41
-1.24 0.44
-0.89 0.15
-1.02 -0.06
-1.06 -0.08
-1.2 -0.21
-0.99 -0.15
-1.08 -0.385
-1.03 -0.205
-1.19 -0.38
-1.14 -0.48
-1.26 -0.45
-1.28 -0.635
-1.16 -0.58
-1.36 -0.64
-1.32 -0.615
-1.29 -0.43
-1.24 -0.425
-1.21 -0.485
-1.43 -0.63
-1.2 -0.645
-1.31 -0.715
-1.19 -0.555
-1.07 -0.47
-1.5 -0.8
-1.31 -0.57
-1.19 -0.565
-1.34 -0.725
-1.5 -0.825
-1.16 -0.455
-1.02 -0.25
-1.1 -0.265
-1.01 -0.365
-1.12 -0.375
-1.19 -0.505
-1.11 -0.31
-1.24 -0.45
-1.07 -0.44
-1.14 -0.15
-1.05 0.1
-1.15 0.38
-1.25 0.4
-1.24 0.335
-1.2 0.3
-1.04 0.31
-1.14 0.23
-1.22 0.4
-1.12 0.32
-1.17 0.395
-1.31 0.48
-1.16 0.32
-1.29 0.495
-1.13 0.515
-1.36 0.62
-1.19 0.385
-1.24 0.545
-1.23 0.46
-1.11 0.325
-1.35 0.445
-0.99 0.02
-1.08 0.255
-1.18 0.3
-1.21 0.34
-1.18 0.41
-1.1 0.565
-1.23 0.645
-1.39 0.665
-1.29 0.66
-1.31 0.555
-1.3 0.5
-0.98 0.425
-1.32 0.61
-1.4 0.745
-1.69 0.905
-1.49 0.785
-1.26 0.71
-1.5 0.82
-1.54 0.85
-1.2 0.625
-1.33 0.645
-1.39 0.69
-1.3 0.67
-1.32 0.71
-1.38 0.63
-1.38 0.655
-1.52 0.83
-1.52 0.79
-1.45 0.72
-1.56 0.87
-1.29 0.73
-1.41 0.785
-1.34 0.65
-1.17 0.475
-1.12 0.425
-1.29 0.21
-1.18 0.325
-1.09 0.21
-1.04 0.35
-1.2 0.425
-0.97 0.44
-1.18 0.535
-1.15 0.335
-1.19 0.255
-1.19 0.25
-1.2 0.37
-1.1 0.405
-1.29 0.61
-1.34 0.64
-1.13 0.32
-1.2 0.31
-1.25 0.37
-1.15 0.165
-1.24 0.165
-1.03 0.345
-1.34 0.625
-1.16 0.545
-1.28 0.59
-1.26 0.59
-1.29 0.6
-1.21 0.58
-1.07 0.41
-0.92 0.42
-1.14 0.52
-1.5 0.82
-1.45 0.825
-1.38 0.75
-1.36 0.75
-1.29 0.73
-1.34 0.77
-1.29 0.76
-1.33 0.65
-1.04 0.385
-1.3 0.47
-1.11 0.465
-1.25 0.39
-1.1 0.33
-1.12 0.41
-1.06 0.405
-1.27 0.6
-1.41 0.575
-1.43 0.795
-1.3 0.755
-1.32 0.63
-1.3 0.62
-1 0.45
-1.24 0.64
-1.28 0.605
-1.37 0.69
-1.19 0.55
-1.15 0.525
-1.31 0.63
-1.32 0.66
-1.32 0.68
-1.41 0.655
-1.3 0.46
-1.3 0.59
-1.45 0.725
-1.43 0.76
-1.41 0.75
-1.34 0.7
-1.23 0.595
-1.28 0.6
-1.43 0.745
-1.43 0.77
-1.45 0.81
-1.48 0.83
-1.2 0.66
-1.53 0.78
-1.24 0.59
-1.24 0.655
-1.35 0.73
-1.49 0.8
-1.47 0.82
-1.32 0.5
-1.36 0.595
-1.4 0.685
-1.25 0.64
-1.27 0.67
-1.5 0.75
-1.47 0.755
-1.41 0.675
-1.47 0.73
-1.31 0.63
-1.35 0.54
-1.23 0.7
-1.27 0.68
-1.23 0.505
-1.22 0.675
-1.57 0.81
-1.17 0.575
-1.24 0.62
-1.21 0.655
-1.15 0.585
-1.34 0.72
-1.37 0.705
-1.49 0.835
-1.36 0.68
-1.4 0.73
-1.48 0.815
-1.26 0.705
-1.31 0.68
-1.2 0.5
-1.14 0.395
-1.05 0.305
-0.95 0.325
-1.22 0.245
-1.19 0.275
-1.19 0.22
-1.19 0.2
-1.19 0.35
-1.17 0.49
-1.06 0.37
-1.01 0.385
-1.15 0.26
-1.02 0.335
-1.1 0.265
-1.07 0.36
-1.16 0.19
-1.14 -0.03
-0.95 -0.075
-1.03 0.1
-1.21 0.03
-1.17 -0.015
-1.31 -0.24
-0.89 -0.215
-1.13 -0.24
-1.1 -0.32
-1.21 -0.56
-1.12 -0.555
-1.38 -0.42
-1.33 -0.55
-1.38 -0.73
-1.23 -0.57
-1.22 -0.6
-1.35 -0.68
-1.29 -0.63
-1.33 -0.485
-1.25 -0.555
-1.37 -0.74
-1.36 -0.59
-1.13 -0.385
-1.07 -0.31
-1.15 -0.135
-1.12 -0.48
-1.25 -0.415
-1.1 -0.39
-0.99 -0.065
-1.02 0.115
-1.28 -0.23
-1.29 -0.265
-1.18 0.12
-0.95 -0.02
-1.23 -0.34
-1.38 -0.49
-1.25 -0.665
-1.21 -0.5
-1.09 -0.405
-1.17 -0.39
-1.25 -0.475
-1.09 -0.33
-1.18 -0.34
-1.24 -0.225
-1.24 -0.37
-1.28 -0.26
-1.23 -0.42
-1.21 -0.425
-1.2 -0.28
-1.34 -0.27
-1.23 -0.345
-1.35 -0.425
-1.29 -0.625
-1.06 -0.38
-1.19 -0.505
-1.21 -0.525
-1.39 -0.645
-1.05 -0.545
-1.3 -0.44
-1.22 -0.415
-1.44 -0.45
-1.32 -0.515
-1.01 -0.33
-1.2 -0.44
-1.18 -0.25
-1.15 -0.09
-1.11 0.1
-1.07 0.15
-0.98 0.005
-1.1 0.095
-1.18 0
-1.26 0.01
-1.02 -0.17
-1.16 -0.05
-1.14 0.31
-1.07 0.095
-0.96 0.02
-0.99 -0.22
-1.31 -0.615
-1.31 -0.7
-1.28 -0.65
-1.31 -0.725
-1.43 -0.745
-1.39 -0.685
-1.25 -0.42
-1.19 -0.49
-1.14 -0.42
-1.13 -0.18
-1.2 -0.155
-1.17 -0.095
-1.09 -0.23
-1.2 -0.125
-1.2 0.01
-1.11 -0.155
-0.85 -0.21
-1.1 -0.055
-0.86 -0.04
-1.1 -0.345
-1.07 -0.145
-1.08 -0.3
-0.93 -0.245
-1.26 -0.53
-1.17 -0.455
-1.31 -0.535
-1.43 -0.595
-1.31 -0.53
-1.47 -0.765
-1.55 -0.83
-1.55 -0.84
-1.23 -0.665
-1.25 -0.565
-1.33 -0.6
-1.25 -0.425
-1.35 -0.385
-1.01 -0.375
-1.08 -0.215
-1.06 -0.23
-1.02 -0.255
-1.11 -0.39
-1 -0.41
-1.34 -0.715
-1.22 -0.645
-1.36 -0.685
-1.36 -0.74
-1.05 -0.515
-1.42 -0.705
-1.24 -0.625
-1.19 -0.685
-1.46 -0.795
-1.35 -0.785
-1.44 -0.75
-1.31 -0.725
-1.12 -0.3
-1.22 -0.27
-1.2 -0.18
-1.26 -0.41
-1.3 -0.38
-1.11 -0.425
-1.2 -0.46
-1.14 -0.51
-1.41 -0.705
-1.26 -0.66
-1.17 -0.525
-1.47 -0.785
-1.44 -0.81
-1.58 -0.855
-1.48 -0.81
-1.28 -0.62
-1.12 -0.475
-1.22 -0.42
-1.25 -0.605
-1.36 -0.695
-1.2 -0.565
-1.27 -0.545
-1.35 -0.675
-1.23 -0.64
-0.94 -0.23
-1.07 -0.23
-1.14 -0.445
-1.42 -0.535
-1.3 -0.555
-1.39 -0.67
-1.06 -0.41
-1.2 -0.57
-1.26 -0.605
-1.2 -0.575
-1.25 -0.465
-1.33 -0.58
-1.16 -0.42
-1.15 -0.53
-1.19 -0.49
-1.32 -0.375
-1.31 -0.475
-1.25 -0.265
-1.09 -0.17
-1.12 -0.165
-1.22 -0.135
-1 -0.085
-1.14 0.065
-1.19 -0.025
-1.14 -0.13
-1.04 -0.065
-1.15 0.24
-1.02 0.095
-1.11 -0.05
-1.05 -0.1
-1.14 -0.085
-0.99 -0.07
-1.1 0.1
-1.07 -0.05
-1.21 -0.11
-1.3 -0.32
-1.13 -0.33
-1.07 -0.13
-0.95 -0.235
-1.25 -0.355
-1.3 -0.345
-1.29 -0.51
-1.14 -0.41
-1.26 -0.575
-1.32 -0.595
-1.25 -0.53
-1.11 -0.59
-1.25 -0.68
-1.23 -0.605
-1.4 -0.58
-1.29 -0.535
-1.23 -0.4
-1.13 -0.415
-1.2 -0.49
-1.26 -0.38
-1.04 -0.31
-1.22 -0.44
-1.09 -0.395
-1.4 -0.705
-1.22 -0.525
-1.28 -0.59
-1.42 -0.715
-1.2 -0.665
-1.31 -0.57
-1.02 -0.305
-1.26 -0.455
-1.02 -0.36
-1.13 -0.19
-1.27 -0.035
-1.16 0.245
-0.98 0.105
-1.09 0.24
-0.94 0.285
-1.12 0.18
-1.08 0
-1.14 0.13
-1.11 0.235
-1.19 0.46
-1.18 0.28
-1.17 0.42
-1.29 0.45
-1.22 0.55
-1.11 0.445
-1.19 0.465
-1.15 0.65
-1.51 0.77
-1.4 0.73
-1.33 0.68
-1.35 0.76
-1.5 0.83
-1.26 0.43
-1.09 0.29
-1.32 0.39
-1.23 0.365
-0.94 0.14
-0.99 -0.15
-1.2 -0.105
-1.23 -0.265
-1.02 -0.15
-1.07 -0.265
-1.21 -0.345
-1.14 -0.22
-1.23 -0.295
-1.17 -0.23
-1.26 -0.295
-1.02 -0.37
-1.13 -0.345
-1 -0.465
-1.22 -0.605
-1.17 -0.52
-1.15 -0.405
-1.21 -0.465
-1.28 -0.685
-1.35 -0.755
-1.15 -0.56
-1.29 -0.71
-1.27 -0.535
-1.36 -0.69
-1.29 -0.615
-1.46 -0.795
-1.37 -0.705
-1.49 -0.83
-1.34 -0.63
-1.38 -0.685
-1.32 -0.775
-1.31 -0.69
-1.3 -0.635
-1.08 -0.375
-1.28 -0.51
-1.27 -0.455
-1.19 -0.51
-1.34 -0.565
-1.28 -0.645
-1.35 -0.665
-1.27 -0.6
-1.11 -0.31
-1.17 -0.34
-1.2 -0.335
-1.25 -0.315
-1.31 -0.45
-1.13 0.045
-1.16 0.165
-1.11 0.01
-1.19 -0.205
-1.11 -0.295
-1.33 -0.56
-1.31 -0.665
-1.25 -0.585
-1.3 -0.57
-1.26 -0.595
-1.27 -0.68
-1.28 -0.62
-1.33 -0.665
-1.37 -0.72
-1.24 -0.69
-1.19 -0.63
-1.31 -0.52
-1.1 -0.32
-1.13 -0.38
-1.04 -0.24
-1.04 -0.265
-1.27 -0.375
-1.14 -0.255
-1.15 -0.43
-1.21 -0.185
-1.22 -0.295
-1.15 -0.04
-1.04 -0.03
-1.18 0.23
-0.94 -0.035
-1.09 -0.135
-1.05 -0.025
-0.91 -0.305
-1.05 -0.295
-1.22 -0.28
-1.01 -0.19
-1.14 -0.19
-1.22 -0.08
-1.25 -0.185
-1.14 -0.44
-1.49 -0.545
-1.09 -0.275
-1.24 -0.425
-1.31 -0.64
-1.23 -0.68
-1.23 -0.69
-1.46 -0.755
-1.04 -0.58
-1.19 -0.62
-1.1 -0.585
-1.12 -0.4
-1.34 -0.355
-1.1 -0.18
-1.09 -0.035
-1.02 0.215
-1.11 0.18
-1.19 0.24
-1.1 0.47
-1.17 0.4
-1.24 0.525
-1.13 0.52
-1.1 0.295
-0.98 -0.065
-0.95 -0.105
-0.98 -0.16
-1.19 -0.125
-1.24 0.175
-1.09 0.225
-1.31 0.535
-1.25 0.64
-1.23 0.57
-1.26 0.62
-1.3 0.665
-1.24 0.465
-1.19 0.555
-1.31 0.4
-1.27 0.495
-1.47 0.71
-1.26 0.525
-1.33 0.61
-1.34 0.665
-1.42 0.665
-1.29 0.545
-1.21 0.365
-1.27 0.35
-1.21 0.565
-1.38 0.63
-1.38 0.65
-1.28 0.52
-1.22 0.505
-1.19 0.545
-1.27 0.485
-1.23 0.57
-1.28 0.6
-1.27 0.545
-1.11 0.54
-1.48 0.825
-1.13 0.5
-1.24 0.61
-1.26 0.555
-1.25 0.615
-1.5 0.72
-1.37 0.525
-1.36 0.47
-1.04 0.51
-1.31 0.69
-1.39 0.645
-1.31 0.695
-1.41 0.75
-1.54 0.78
-1.37 0.735
-1.38 0.72
-1.46 0.755
-1.27 0.69
-1.44 0.775
-1.31 0.705
-1.16 0.495
-1.3 0.67
-1.48 0.795
-1.38 0.645
-1.52 0.775
-1.44 0.785
-1.23 0.625
-1.44 0.74
-1.57 0.825
-1.67 0.85
-1.48 0.82
-1.27 0.645
-1.38 0.77
-1.45 0.71
-1.36 0.69
-1.29 0.69
-1.48 0.655
-1.34 0.645
-1.61 0.805
-1.34 0.715
-1.29 0.655
-1.61 0.875
-1.37 0.715
-1.49 0.77
-1.39 0.74
-1.42 0.56
-1.07 0.455
-1.33 0.55
-1.2 0.38
-1.07 0.45
-1.04 -0.09
-1.18 0.135
-1.31 0.08
-1.09 0.1
-1.02 0.15
-1.1 0.065
-1.05 0.23
-1.12 0.16
-1.06 0.2
-1.14 0.325
-1.04 0.215
-1.23 -0.155
-1.08 -0.285
-1.03 -0.005
-1.06 0.155
-1.02 0.05
-1.07 0.205
-1.06 0.195
-1.27 0.39
-1.2 0.49
-1.23 0.28
-1.25 0.05
-0.99 -0.01
-1.33 0.035
-0.97 0.01
-1.16 0.2
-1.28 0.42
-1.12 0.53
-1.25 0.63
-1.35 0.6
-1.31 0.49
-1.4 0.655
-1.25 0.725
-1.43 0.805
-1.39 0.755
-1.34 0.745
-1.47 0.815
-1.32 0.585
-1.44 0.775
-1.32 0.69
-1.46 0.615
-1.31 0.605
-1.43 0.815
-1.26 0.74
-1.33 0.595
-1.33 0.485
-1.16 0.5
-1.37 0.4
-1.29 0.615
-1.3 0.605
-1.18 0.62
-1.27 0.53
-1.22 0.47
-1.06 0.38
-1.13 0.295
-1.18 0.44
-1.22 0.555
-1.24 0.57
-1.36 0.67
-1.31 0.58
-1.06 0.34
-1.48 0.705
-1.21 0.71
-1.37 0.71
-1.41 0.725
-1.44 0.795
-1.44 0.8
-1.36 0.65
-1.39 0.67
-1.47 0.735
-1.24 0.635
-1.34 0.6
-1.47 0.565
-1.24 0.595
-1.4 0.77
-1.32 0.65
-1.1 0.56
-1.33 0.675
-1.41 0.655
-1.18 0.635
-1.35 0.705
-1.28 0.66
-1.22 0.69
-1.49 0.8
-1.63 0.88
-1.32 0.67
-1.21 0.53
-1.37 0.465
-1.35 0.695
-1.44 0.735
-1.53 0.825
-1.52 0.755
-1.56 0.85
-1.53 0.83
-1.37 0.645
-1.54 0.82
-1.34 0.71
-1.36 0.71
-1.25 0.685
-1.53 0.79
-1.5 0.8
-1.59 0.855
-1.34 0.715
-1.36 0.69
-1.49 0.815
-1.47 0.725
-1.27 0.545
-1.49 0.74
-1.13 0.445
-1.26 0.665
-1.34 0.66
-1.25 0.635
-1.28 0.65
-1.26 0.525
-1.17 0.615
-1.17 0.63
-1.31 0.72
-1.43 0.715
-1.34 0.645
-1.41 0.665
-1.36 0.73
-1.48 0.84
-1.39 0.775
-1.5 0.845
-1.4 0.745
-1.19 0.55
-1.42 0.755
-1.38 0.625
-1.4 0.65
-1.39 0.795
-1.3 0.7
-1.4 0.71
-1.4 0.695
-1.39 0.685
-1.47 0.745
-1.08 0.355
-1.13 0.07
-1.16 0.075
-1.12 0.18
-1.08 0.195
-0.97 0.335
-1.09 0.38
-1.31 0.63
-1.53 0.835
-1.44 0.73
-1.31 0.665
-1.15 0.475
-1.35 0.635
-1.38 0.64
-1.3 0.62
-1.1 0.395
-1.3 0.65
-1.47 0.82
-1.56 0.81
-1.46 0.66
-1.33 0.65
-1.22 0.61
-1.18 0.575
-1.13 0.58
-1.26 0.69
-1.28 0.705
-1.42 0.735
-1.35 0.73
-1.36 0.645
-1.17 0.53
-1.32 0.72
-0.95 0.375
-1.15 0.505
-1.43 0.75
-1.47 0.735
-1.2 0.56
-1.14 0.44
-1.45 0.52
-1.2 0.485
-1.14 0.525
-1.22 0.665
-1.32 0.625
-1.53 0.815
-1.38 0.79
-1.32 0.69
-1.49 0.745
-1.15 0.425
-1.26 0.63
-1.31 0.63
-1.3 0.525
-1.14 0.23
-1.12 -0.045
-0.89 -0.02
-1.01 0.01
-1.19 0.03
-1.08 -0.035
-1.11 -0.155
-1.26 0.015
-1.23 -0.1
-1.15 -0.18
-1.2 -0.085
-0.92 -0.115
-1.17 0.145
-1.14 0.06
-1.18 0.07
-1.24 -0.155
-1.21 0.02
-1.18 0.015
-1.16 -0.175
-1.18 -0.2
-1.15 -0.26
-0.88 -0.105
-1.1 -0.075
-1.04 -0.29
-1.29 -0.505
-1.02 -0.21
-0.97 -0.12
-1.11 -0.535
-1.16 -0.285
-1.33 -0.28
-1.07 -0.33
-1.13 -0.13
-1.04 -0.155
-0.92 -0.16
-1.16 0.19
-1.19 0.185
-1.01 -0.21
-1.13 -0.235
-1.25 -0.19
-1.18 -0.18
-1.1 -0.3
-1.05 -0.245
-1.09 -0.39
-1.06 -0.41
-1.08 -0.41
-1.28 -0.345
-1.29 -0.39
-1.3 -0.54
-1.15 -0.445
-1.27 -0.545
-1.27 -0.58
-1.14 -0.605
-1.14 -0.54
-1.28 -0.665
-1.23 -0.655
-1.34 -0.73
-1.38 -0.625
-1.57 -0.77
-1.66 -0.875
-1.19 -0.44
-1.35 -0.71
-1.5 -0.835
-1.6 -0.855
-1.5 -0.805
-1.35 -0.65
-1.04 -0.48
-1.11 -0.535
-1.21 -0.625
-1.4 -0.705
-1.1 -0.545
-1.31 -0.65
-1.4 -0.675
-1.37 -0.765
-1.45 -0.805
-1.55 -0.81
-1.4 -0.78
-1.35 -0.76
-1.25 -0.565
-1.27 -0.375
-1.22 -0.41
-1.19 -0.5
-1.15 -0.49
-1.3 -0.395
-1.3 -0.335
-1.21 -0.32
-1.31 -0.27
-1.06 -0.025
-1.09 -0.055
-1.16 -0.395
-1.18 -0.47
-1.35 -0.54
-1.28 -0.535
-1.07 -0.41
-1.28 -0.515
-1.35 -0.725
-1.26 -0.515
-1.16 -0.425
-0.92 -0.08
-1.1 -0.07
-1.18 -0.055
-1.22 -0.04
-0.97 0.21
-1.18 0.16
-1.22 0.205
-1.07 0.015
-1.21 -0.27
-0.98 -0.355
-1.22 -0.275
-1.06 -0.325
-1.1 -0.315
-1.1 -0.495
-1.05 -0.37
-1.29 -0.46
-1.11 -0.37
-1.21 -0.225
-1.28 -0.185
-1.17 -0.17
-1.18 -0.395
-1.22 -0.25
-1.5 -0.325
-1.13 -0.415
-1.11 -0.4
-1.22 -0.46
-1.16 -0.57
-1.47 -0.815
-1.38 -0.775
-1.37 -0.715
-1.19 -0.575
-1.4 -0.78
-1.51 -0.835
-1.51 -0.84
-1.21 -0.62
-1.3 -0.64
-1.35 -0.63
-1.22 -0.57
-1.15 -0.57
-1.16 -0.33
-1.19 -0.35
-1.3 -0.4
-1.17 -0.23
-1.08 -0.25
-1.23 -0.555
-1.11 -0.45
-1.34 -0.49
-1.08 -0.21
-1.29 -0.32
-1.25 0.025
-1.18 0.12
-1.32 0.4
-1.1 0.255
-1.09 0.015
-1.23 0.055
-1.17 -0.135
-1.23 -0.13
-1.25 0.08
-1.21 0.195
-1.12 0.305
-1.28 0.47
-1.14 0.36
-1.31 0.595
-1.46 0.695
-1.28 0.545
-1.08 0.3
-1.14 0.365
-1.18 0.31
-1.1 -0.11
-1.15 -0.355
-1.09 -0.19
-1.08 -0.195
-0.92 -0.195
-1.06 0.135
-0.99 0.03
-1.21 0.26
-1.01 0.32
-1.22 0.395
-1.15 0.43
-1.27 0.44
-1.24 0.43
-0.97 0.195
-1.34 0.285
-1.34 0.21
-1.21 0.3
-1.01 0.36
-1.05 0.135
-1.17 0.38
-1.28 -0.075
-1.16 -0.135
-1.18 -0.04
-1.21 0.035
-1.12 0.005
-1.09 -0.105
-1.18 -0.175
-1.25 -0.245
-0.92 -0.175
-1.13 -0.45
-1.33 -0.48
-1.15 -0.465
-1.24 -0.41
-1.16 -0.455
-1.06 -0.325
-1.05 -0.27
-1.08 -0.43
-1.24 -0.35
-1.2 -0.385
-0.98 -0.435
-1.29 -0.59
-1.29 -0.6
-1.37 -0.66
-1.25 -0.545
-1.28 -0.455
-1.2 -0.39
-1.13 -0.47
-1.24 -0.355
-1.25 -0.43
-0.97 -0.265
-1.12 -0.15
-1.01 -0.205
-1.1 -0.36
-1.13 -0.355
-1.21 -0.385
-1.3 -0.415
-1.24 -0.225
-1 -0.3
-1.2 -0.435
-1.08 -0.12
-1.04 0.16
-1 0.14
-1.09 0.225
-1.14 0.06
-1.28 0.045
-0.89 0.04
-1.1 0.345
-1.25 0.505
-1.08 0.46
-1.41 0.695
-1.33 0.63
-1.42 0.76
-1.46 0.775
-1.2 0.695
-1.35 0.66
-1.03 0.47
-1.31 0.525
-1.25 0.49
-1.3 0.545
-1.09 0.395
-1.05 0.3
-1.06 -0.005
-1.15 0
-1.16 -0.035
-1.26 -0.04
-1.15 -0.04
-1.05 -0.18
-1.22 -0.36
-1.3 -0.275
-1.06 0.115
-1.16 0.265
-1.03 0.03
-1.35 -0.115
-1.25 0.02
-1.1 -0.12
-1 0.085
-1.16 0.025
-1.1 0.385
-1.15 0.18
-1.15 0.28
-1.14 0.53
-1.2 0.27
-1.14 0.26
-1.2 0.11
-1.07 0.08
-1.24 0.3
-0.97 0.41
-1.01 0.38
-1.22 0.22
-1.15 0.14
-1.17 0.345
-1.16 0.14
-1.21 0.18
-0.98 -0.065
-1.08 -0.175
-1.23 -0.38
-1.18 -0.445
-1.13 -0.22
-1.18 -0.28
-1.1 -0.245
-1.17 -0.38
-1.25 -0.225
-1.07 -0.215
-1.21 -0.205
-1.08 -0.335
-1.09 -0.25
-1.1 -0.35
-1.35 -0.375
-1.22 -0.11
-1.15 -0.225
-1.21 -0.235
-1.09 0.07
-1.07 -0.045
-1.25 -0.215
-1.2 -0.375
-1.2 -0.34
-1.16 -0.445
-1.36 -0.405
-1.18 -0.305
-1.05 -0.315
-1.17 -0.54
-1.33 -0.435
-1.11 -0.41
-1.33 -0.585
-1.32 -0.57
-1.41 -0.73
-1.29 -0.49
-1.06 -0.195
-1.11 -0.16
-1.05 -0.21
-1.03 -0.46
-1.36 -0.645
-1.32 -0.675
-1.17 -0.455
-1.23 -0.61
-1.42 -0.735
-1.34 -0.725
-1.46 -0.785
-1.49 -0.855
-1.48 -0.825
-1.08 -0.61
-1.33 -0.695
-1.28 -0.61
-1.49 -0.83
-1.29 -0.66
-1.49 -0.74
-1.19 -0.595
-1.33 -0.59
-1.17 -0.62
-1.33 -0.565
-1.04 -0.045
-1.08 0.075
-0.94 0.225
-0.96 0.01
-1.22 -0.295
-1.24 -0.145
-1.13 -0.16
-1.18 -0.295
-1.17 -0.295
-1.18 -0.5
-1.36 -0.605
-1.11 -0.39
-1.24 -0.35
-1.22 -0.33
-1.32 -0.385
-1.19 -0.425
-1.16 -0.32
-1.12 0.115
-0.99 0.06
-0.99 -0.015
-0.87 -0.14
-0.91 -0.16
-1.06 -0.055
-1.03 -0.155
-1.09 0.08
-1.25 -0.16
-1.04 -0.23
-1.18 -0.29
-1.39 -0.485
-1.36 -0.585
-1.35 -0.6
-1.2 -0.405
-1.22 -0.575
-1.2 -0.555
-1.28 -0.645
-1.17 -0.545
-1.27 -0.555
-1.14 -0.545
-1.11 -0.49
-1.1 -0.39
-1.02 -0.24
-1.2 -0.56
-1.39 -0.685
-1.46 -0.76
-1.42 -0.75
-1.59 -0.855
-1.5 -0.78
-1.39 -0.7
-1.07 -0.39
-1.17 -0.4
-1.2 -0.33
-1.12 -0.215
-1.32 -0.525
-1.12 -0.35
-1.27 -0.25
-1.1 -0.385
-1.25 -0.495
-1.22 -0.51
-1.23 -0.57
-1.34 -0.695
-1.42 -0.71
-1.47 -0.8
-1.12 -0.57
-1.28 -0.695
-1.38 -0.74
-1.18 -0.62
-1.21 -0.545
-1.44 -0.765
-1.49 -0.72
-1.54 -0.755
-1.47 -0.775
-1.37 -0.7
-1.32 -0.655
-1.3 -0.665
-1.36 -0.75
-1.44 -0.785
-1.39 -0.75
-1.42 -0.765
-1.33 -0.75
-1.18 -0.52
-1.19 -0.515
-1.02 -0.36
-1.19 -0.625
-1.38 -0.77
-1.45 -0.815
-1.33 -0.575
-1.16 -0.535
-1.4 -0.605
-1.19 -0.18
-1.23 -0.325
-1.22 -0.59
-1.39 -0.57
-1.26 -0.605
-1.19 -0.45
-1.23 -0.615
-1.25 -0.345
-1.07 -0.23
-1.3 -0.535
-1.12 -0.33
-1.11 -0.33
-1.23 -0.475
-1.16 -0.55
-1.13 -0.28
-1.36 -0.6
-1.27 -0.39
-1.24 -0.355
-1.05 -0.29
-1.21 -0.46
-1.18 -0.375
-1.34 -0.49
-1.27 -0.515
-1.23 -0.575
-1.27 -0.74
-1.19 -0.665
-1.12 -0.58
-1.36 -0.635
-1.47 -0.7
-1.33 -0.61
-1.18 -0.575
-1.39 -0.72
-1.46 -0.72
-1.47 -0.605
-1.18 -0.385
-1.24 -0.36
-1.11 -0.195
-1.37 -0.625
-1.26 -0.5
-1.33 -0.705
-1.42 -0.725
-1 -0.395
-1.02 -0.365
-1.15 -0.39
-1.26 -0.49
-1.12 -0.365
-1.04 -0.485
-1.15 -0.505
-1.31 -0.71
-1.11 -0.395
-1.04 -0.125
-1.17 0.37
-1.3 0.425
-1.29 0.425
-1.22 0.22
-1.06 0.075
-1.05 0.165
-1 0.155
-1.3 0.38
-0.93 0.22
-1.39 0.69
-1.41 0.745
-1.32 0.595
-1.43 0.725
-1.39 0.685
-1.3 0.695
-1.09 0.275
-1.2 0.4
-1.14 0.12
-1.11 0.355
-1.09 0.23
-0.99 -0.035
-1.08 0.005
-1.06 0.235
-1.01 0.465
-1.32 0.665
-1.31 0.665
-1.11 0.48
-1.3 0.585
-1.33 0.565
-1.28 0.43
-1.35 0.565
-1.29 0.58
-1.19 0.51
-1.32 0.695
-1.51 0.85
-1.33 0.7
-1.14 0.48
-1.17 0.495
-1.41 0.65
-1.09 0.375
-1.06 0.5
-1.39 0.75
-1.4 0.71
-1.59 0.86
-1.17 0.565
-1.15 0.505
-1.09 0.575
-1.23 0.5
-1.37 0.635
-1.1 0.435
-1.23 0.545
-1.11 0.435
-1.45 0.49
-1.3 0.52
-1.11 0.32
-0.98 0.115
-1.27 -0.23
-1.34 -0.52
-1.29 -0.62
-1.26 -0.505
-1.17 -0.475
-1.24 -0.49
-1.09 -0.43
-1.14 -0.395
-1.32 -0.545
-1.25 -0.435
-1.4 -0.635
-1.1 -0.495
-1.24 -0.645
-1.46 -0.79
-1.48 -0.66
-1.2 -0.545
-1.06 -0.425
-1.18 -0.435
-1.03 0.07
-1.32 0.04
-1.08 0.175
-1.05 0.105
-0.99 0.06
-0.96 0.065
-1.14 0.16
-1.14 0.36
-1 0.105
-1.27 0.04
-1.25 0.165
-1.15 -0.005
-1.05 0.075
-1.11 -0.03
-1.01 -0.235
-1.27 -0.425
-1.26 -0.65
-1.48 -0.785
-1.51 -0.825
-1.41 -0.77
-1.28 -0.61
-1.3 -0.66
-1.39 -0.605
-1.2 -0.62
-1.23 -0.59
-1.25 -0.515
-1.21 -0.46
-1.14 -0.46
-1.34 -0.565
-1.25 -0.505
-1.07 -0.545
-1.1 -0.465
-1.36 -0.685
-1.44 -0.675
-1.46 -0.79
-1.43 -0.755
-1.39 -0.61
-1.24 -0.385
-1.3 -0.62
-1.17 -0.485
-1.47 -0.79
-1.35 -0.615
-1.23 -0.575
-1.15 -0.59
-1.34 -0.715
-1.01 -0.34
-1.16 -0.59
-1.38 -0.81
-1.4 -0.785
-1.56 -0.805
-1.41 -0.755
-1.47 -0.82
-1.4 -0.73
-1.51 -0.82
-1.25 -0.71
-1.26 -0.68
-1.24 -0.665
-1.34 -0.67
-1.18 -0.665
-1.22 -0.65
-1.32 -0.74
-1.5 -0.795
-1.58 -0.835
-1.32 -0.705
-1.25 -0.6
-1.11 -0.445
-1.37 -0.515
-1.28 -0.535
-1.37 -0.565
-1.1 -0.475
-1.27 -0.615
-1.18 -0.65
-1.25 -0.635
-1.44 -0.74
-1.14 -0.55
-1.51 -0.535
-1.21 -0.595
-1.32 -0.665
-1.19 -0.49
-1.41 -0.74
-1.3 -0.685
-1.63 -0.87
-1.58 -0.855
-1.27 -0.71
-1.04 -0.47
-1.34 -0.63
-1.47 -0.735
-1.46 -0.645
-1.18 -0.425
-1.18 -0.205
-1.21 -0.295
-0.97 -0.085
-1.13 -0.025
-1.22 -0.235
-1.02 0.04
-1.25 0.055
-1.11 -0.095
-1.13 -0.145
-1.26 -0.41
-1.05 -0.2
-0.93 0.02
-1.25 0.005
-1.1 0.03
-1.15 -0.125
-0.97 0.055
-0.88 0.14
-1.1 -0.015
-1.17 0.35
-1.39 0.68
-1.15 0.46
-1.3 0.555
-1.4 0.705
-1.29 0.585
-1.24 0.62
-1.55 0.775
-1.3 0.44
-1.14 0.255
-1.24 0.565
-1.22 0.635
-1.17 0.545
-1.33 0.67
-1.49 0.805
-1.57 0.85
-1.31 0.67
-1.43 0.795
-1.55 0.845
-1.45 0.755
-1.16 0.62
-1.5 0.76
-1.31 0.76
-1.44 0.805
-1.37 0.775
-1.35 0.74
-1.41 0.6
-1.12 0.285
-1.19 0.375
-1.19 0.255
-1.01 0.415
-1.25 0.235
-0.93 0.055
-1.15 0.025
-1.1 0.215
-1.13 0.325
-1.24 0.535
-1.4 0.475
-1.06 0.325
-1.28 0.41
-1 0.275
-1.13 0.275
-1.29 0.225
-1.27 0.205
-1.24 0.28
-1.11 0.27
-1 0.15
-1.19 0.3
-1.34 0.59
-1.3 0.68
-1.31 0.695
-1.43 0.765
-1.47 0.795
-1.29 0.695
-1.46 0.725
-1.34 0.535
-1.42 0.545
-1.35 0.545
-1.23 0.445
-1.1 0.095
-1.1 0.04
-1.17 0.23
-1.04 0.24
-1.26 0.39
-1.02 0.23
-1.09 0.325
-1.17 0.455
-1.06 0.185
-1.18 0.365
-1.23 0.365
-1.21 0.305
-1.15 0.35
-1.05 0.39
-1.08 0.16
-1.15 0.31
-1.08 0.245
-1.11 0.29
-0.99 0.12
-1.02 0.35
-1.1 0.33
-1.13 0.34
-1.24 0.335
-1.23 0.445
-1.18 0.335
-1.17 0.34
-0.99 0.195
-1.26 0.245
-1.03 0.19
-1.08 0.395
-1.38 0.6
-1.2 0.575
-1.34 0.69
-1.42 0.7
-1.51 0.81
-1.33 0.645
-1.42 0.775
-1.46 0.8
-1.3 0.685
-1.2 0.62
-1.35 0.685
-1.27 0.67
-1.5 0.68
-1.42 0.685
-1.37 0.79
-1.32 0.76
-1.3 0.675
-1.41 0.74
-1.47 0.75
-1.29 0.4
-1.21 0.43
-1.48 0.565
-1.44 0.62
-1.43 0.775
-1.43 0.72
-1.25 0.6
-1.52 0.74
-1.46 0.775
-1.41 0.66
-1.22 0.575
-1.29 0.51
-1.37 0.565
-1.44 0.825
-1.26 0.615
-1.38 0.715
-1.37 0.705
-1.22 0.655
-1.38 0.69
-1.27 0.56
-1.28 0.58
-1.31 0.4
-1.18 0.24
-1.13 0.25
-1.12 -0.015
-1.2 0.105
-1.05 0.32
-1.12 0.13
-1.2 0.115
-0.95 0.05
-1.1 -0.06
-1.06 0.135
-1.19 0.31
-0.96 0.365
-1.26 0.59
-1.09 0.58
-1.38 0.755
-1.41 0.695
-1.6 0.66
-1.29 0.685
-1.45 0.8
-1.26 0.485
-1.19 0.485
-1.33 0.69
-1.54 0.82
-1.46 0.77
-1.57 0.88
-1.56 0.855
-1.42 0.765
-1.48 0.775
-1.45 0.725
-1.44 0.75
-1.39 0.75
-1.41 0.74
-1.47 0.78
-1.26 0.585
-1.22 0.575
-1.33 0.505
-1.2 0.525
-1.26 0.445
-1.18 0.34
-1.11 0.095
-1.12 0.165
-1.49 0.525
-1.23 0.205
-0.98 -0.03
-1.19 0.15
-1.21 -0.045
-1.12 -0.105
-1.03 -0.005
-1.13 -0.055
-1.06 0.25
-1.05 0.39
-1.19 0.4
-1.37 0.5
-1.16 0.33
-1.21 0.23
-1.09 0.485
-1.17 0.575
-1.19 0.43
-1.27 0.54
-1.18 0.535
-1.31 0.625
-1.34 0.665
-1.45 0.785
-1.35 0.695
-1.11 0.22
-1.07 0.19
-0.99 0.315
-1.04 0.28
-1.26 0.5
-1.32 0.59
-1.34 0.67
-1.3 0.66
-1.24 0.62
-1.33 0.7
-1.41 0.735
-1.31 0.59
-1.33 0.67
-1.3 0.61
-1.2 0.575
-1.32 0.62
-1.22 0.64
-1.4 0.72
-1.51 0.8
-1.34 0.755
-1.34 0.7
-1.2 0.69
-1.42 0.73
-1.24 0.645
-1.26 0.515
-1.23 0.52
-1.04 0.375
-1.4 0.45
-1.11 0.305
-1.29 0.425
-1.11 0.28
-1.35 0.365
-1.32 0.4
-1.02 0.2
-1.16 0.43
-1.16 0.595
-1.31 0.675
-1.34 0.65
-1.52 0.705
-1.33 0.52
-1.09 0.4
-1.36 0.755
-1.19 0.505
-1.3 0.49
-1.27 0.585
-1.22 0.54
-1.39 0.675
-1.17 0.3
-1.06 0.275
-1.09 0.175
-1.05 -0.02
-1.09 0.125
-1.14 0.3
-1.13 0.06
-1.23 0.38
-1.21 0.29
-1.22 0.255
-1.19 0.21
-1.23 0.025
-1.2 0.225
-1.04 0.335
-1.03 0.375
-1.17 0.31
-1.2 0.4
-1.14 0.1
-1.28 0.28
-1.2 0.42
-1.41 0.79
-1.52 0.845
-1.14 0.655
-1.56 0.87
-1.41 0.76
-1.25 0.695
-1.43 0.775
-1.59 0.87
-1.46 0.795
-1.34 0.7
-1.24 0.54
-1.42 0.74
-1.16 0.62
-1.49 0.79
-1.4 0.765
-1.26 0.655
-1.35 0.605
-1.4 0.775
-1.34 0.73
-1.33 0.73
-1.33 0.695
-1.1 0.435
-1.18 0.375
-1.28 0.365
-1.22 0.3
-1.11 0.13
-1.13 0.29
-1.04 0.245
-1.31 0.455
-1.31 0.575
-1.38 0.655
-1.22 0.63
-1.47 0.79
-1.31 0.67
-1.22 0.695
-1.41 0.76
-1.46 0.805
-1.46 0.75
-1.22 0.655
-1.31 0.625
-1.15 0.51
-1.22 0.455
-1.22 0.37
-1.35 0.43
-1.08 0.3
-1.11 0.17
-1.1 0.155
-1.21 0.185
-1.2 0
-1.21 -0.175
-1.09 -0.12
-1.11 -0.325
-1.13 0.05
-1.06 0.075
-1.2 0.195
-1.27 0.24
-1.26 0.37
-1.23 0.445
-1.27 0.36
-1.37 0.47
-1.26 0.375
-1.38 0.49
-1.34 0.71
-1.29 0.655
-1.18 0.605
-1.16 0.43
-1.06 0.405
-1.16 0.22
-1.02 0.28
-1.15 0.195
-1.04 0.095
-1.16 0.155
-1.13 0.195
-1.22 -0.02
-1.12 -0.135
-1.13 0.13
-1.25 0.09
-1.33 0.245
-1.03 0.19
-1.14 0.155
-1.05 0.245
-0.92 0.13
-1.21 0.24
-1.29 0.605
-1.33 0.505
-1.31 0.41
-1.13 0.25
-1.18 0.245
-1.19 0.03
-1.2 -0.23
-1.27 -0.51
-1.25 -0.595
-1.33 -0.565
-1.03 -0.405
-1.16 -0.305
-1.22 -0.11
-1.17 -0.03
-1.08 -0.235
-1.14 -0.335
-1.11 -0.345
-1.16 -0.17
-1.18 -0.07
-1.04 -0.015
-1.02 -0.335
-0.95 -0.255
-1.13 -0.05
-1.24 0.005
-1.2 0
-1.05 -0.11
-0.91 -0.175
-1.18 -0.055
-1.14 0.185
-0.92 0.165
-1.05 0.1
-1.16 0.195
-1.13 0.105
-1.16 0.21
-1.12 0.11
-1.16 0.08
-1.21 -0.07
-1.27 -0.07
-1.32 -0.09
-1.05 0.095
-1.1 0.175
-1.2 0.085
-1.03 -0.065
-1.02 -0.225
-1.07 -0.185
-1.16 -0.085
-1.09 0.04
-1.25 -0.17
-1.16 -0.02
-1.07 0.015
-1.02 0.185
-1.12 0.46
-1.07 0.22
-0.99 -0.145
-1.15 -0.29
-1.16 -0.475
-1.08 -0.355
-1.18 -0.575
-1.34 -0.665
-1.35 -0.76
-1.49 -0.81
-1.61 -0.855
-1.35 -0.67
-1.43 -0.78
-1.28 -0.64
-1.22 -0.515
-1.28 -0.59
-1.17 -0.58
-1.22 -0.46
-1.29 -0.63
-1.33 -0.64
-1.11 -0.14
-1.32 -0.48
-1.21 -0.405
-1.31 -0.475
-1.27 -0.605
-1.21 -0.485
-1.18 -0.53
-1.24 -0.39
-1.38 -0.64
-1.21 -0.545
-1.07 -0.35
-1.14 -0.445
-1.37 -0.62
-1.51 -0.81
-1.22 -0.66
-1.56 -0.8
-1.6 -0.855
-1.42 -0.7
-1.51 -0.76
-1.06 -0.465
-0.97 -0.115
-1.08 -0.115
-1.22 -0.405
-1.16 -0.28
-1.02 -0.27
-1.1 -0.36
-1.17 -0.5
-1.37 -0.645
-0.98 -0.335
-1.16 -0.495
-1.11 -0.36
-1.09 -0.41
-1.05 -0.365
-1.03 -0.25
-1.07 -0.11
-0.96 -0.385
-1.12 -0.505
-1.01 -0.225
-1.27 -0.4
-1.09 -0.5
-1.38 -0.4
-1.35 -0.455
-1.14 -0.325
-1.08 -0.26
-1.17 -0.175
-1.28 -0.385
-1.16 -0.525
-1.17 -0.465
-1.34 -0.645
-1.22 -0.565
-1.32 -0.525
-1.13 -0.43
-1.14 -0.46
-1.22 -0.35
-1.08 -0.205
-1.19 0.095
-1.17 0.055
-1.15 0.01
-1.11 -0.055
-1.08 0.05
-1.23 -0.12
-1.09 -0.205
-1.1 -0.36
-1.28 -0.625
-1.41 -0.715
-1.31 -0.68
-1.61 -0.8
-1.33 -0.67
-1.4 -0.78
-1.6 -0.86
-1.61 -0.805
-1.2 -0.605
-1.42 -0.785
-1.21 -0.575
-1.21 -0.545
-1.34 -0.67
-1.26 -0.61
-1.15 -0.545
-1.26 -0.68
-1.36 -0.7
-1.4 -0.795
-1.18 -0.65
-1.3 -0.51
-1.23 -0.535
-1.28 -0.555
-1.38 -0.685
-1.23 -0.555
-1.28 -0.55
-1.33 -0.57
-1.24 -0.44
-1.18 -0.255
-1.22 -0.53
-1.35 -0.625
-1.08 -0.41
-1.2 -0.28
-1.16 -0.19
-1.08 -0.425
-1.46 -0.5
-1.14 -0.175
-1.04 -0.015
-1.15 0.02
-1.25 0.07
-1.1 -0.08
-1.32 -0.12
-1.1 -0.15
-1.12 -0.36
-1.13 -0.545
-1.34 -0.675
-1.32 -0.62
-0.98 -0.27
-1.18 -0.515
-1.19 -0.555
-1.38 -0.69
-1.47 -0.6
-1.28 -0.69
-1.38 -0.575
-1.35 -0.645
-1.35 -0.7
-1.25 -0.685
-1.21 -0.48
-1.3 -0.5
-1.34 -0.645
-1.26 -0.495
-1.13 -0.31
-1.08 -0.145
-1.18 -0.215
-1.07 -0.315
-1.11 -0.24
-1.16 -0.215
-1.16 -0.42
-1.28 -0.68
-1.14 -0.525
-1.35 -0.44
-1.21 -0.46
-1.37 -0.36
-0.92 -0.315
-1.07 -0.205
-1.37 -0.125
-1.14 0.06
-0.91 0.065
-1.08 -0.175
-1.27 -0.245
-1.02 -0.235
-1 0.085
-1.08 0.075
-1.08 0.155
-1.21 0.13
-1.11 0.175
-1.22 0.38
-1.25 0.385
-1.31 0.455
-1.31 0.54
-1.34 0.66
-1.47 0.775
-1.38 0.74
-1.48 0.82
-1.66 0.865
-1.27 0.63
-1.29 0.69
-1.47 0.79
-1.42 0.805
-1.43 0.775
-1.17 0.58
-1.17 0.34
-0.98 0.365
-1.45 0.765
-1.53 0.8
-1.53 0.79
-1.32 0.61
-1.42 0.71
-1.36 0.76
-1.34 0.72
-1.2 0.65
-1.21 0.695
-1.49 0.785
-1.51 0.83
-1.21 0.67
-1.17 0.615
-1.31 0.65
-1.3 0.555
-1.3 0.655
-1.21 0.675
-1.62 0.875
-1.25 0.705
-1.23 0.5
-1.31 0.46
-1.2 0.565
-1.07 0.51
-1.36 0.44
-1.17 -0.055
-1.16 -0.23
-1.12 -0.385
-1.23 -0.34
-1.2 -0.435
-1.22 -0.255
-1.16 -0.345
-1.12 -0.275
-1.2 -0.56
-1.28 -0.635
-1.22 -0.31
-1.1 -0.375
-1.35 -0.74
-1.37 -0.69
-1.4 -0.685
-1.29 -0.705
-1.51 -0.85
-1.29 -0.705
-1.44 -0.77
-1.36 -0.745
-1.3 -0.685
-1.34 -0.665
-1.59 -0.82
-1.59 -0.835
-1.17 -0.615
-1.49 -0.81
-1.22 -0.71
-1.42 -0.785
-1.09 -0.635
-1.38 -0.765
-1.26 -0.41
-1.25 -0.28
-1 0
-1.17 -0.07
-0.86 0
-1.17 0.195
-1.12 0.295
-1.26 0.42
-1.24 0.29
-1.22 0.295
-1.19 0.475
-1.29 0.62
-1.34 0.54
-1.42 0.695
-1.16 0.575
-1.37 0.705
-1.48 0.775
-1.35 0.715
-1.51 0.825
-1.49 0.825
-1.38 0.755
-1.31 0.695
-1.3 0.52
-1.21 0.27
-1.25 0.43
-1.26 0.415
-1.06 0.32
-1.3 0.66
-1.46 0.765
-1.56 0.85
-1.42 0.71
-1.26 0.4
-1.02 0.34
-1.35 0.43
-1.08 0.24
-1.21 0.07
-1.16 0
-1.15 0.225
-0.99 0.175
-1.16 0.29
-1.25 0.27
-1.12 0.35
-1.19 0.32
-1.15 0.14
-1.02 0.03
-1 0
-1.01 -0.05
-1.09 -0.23
-1.33 -0.615
-1.34 -0.72
-1.2 -0.55
-1.22 -0.58
-1.31 -0.475
-1.2 -0.31
-1.25 -0.505
-1.09 -0.395
-1.19 -0.37
-1 -0.35
-1.19 -0.515
-1.1 -0.35
-0.99 -0.33
-1.17 -0.42
-1.11 -0.195
-1.32 -0.335
-1.08 -0.25
-1.3 -0.295
-1.07 -0.32
-1.01 -0.225
-1.33 -0.57
-1.26 -0.335
-1.27 -0.55
-1.1 -0.59
-1.55 -0.855
-1.41 -0.735
-1.38 -0.6
-1.4 -0.51
-1.15 -0.39
-1.13 -0.52
-1.3 -0.56
-1.22 -0.605
-1.1 -0.38
-1.23 -0.46
-1.3 -0.67
-1.12 -0.385
-1.23 -0.365
-1.06 -0.255
-1.34 -0.395
-1.2 -0.42
-1.16 -0.375
-1.47 -0.805
-1.27 -0.635
-1.36 -0.69
-1.22 -0.555
-1.11 -0.25
-1.11 -0.34
-1.05 -0.47
-1.02 -0.485
-1.2 -0.585
-1.37 -0.57
-1.26 -0.38
-1.25 -0.58
-1.27 -0.58
-1.16 -0.27
-1.1 -0.07
-1.15 -0.115
-1.2 -0.235
-1.18 -0.43
-1.21 -0.35
-1.12 0.015
-1.04 0.205
-1.26 0.365
-1.37 0.45
-1.1 0.185
-1.12 0.43
-1.09 0.17
-1.15 0.15
-1.17 0.31
-1.21 0.265
-1.16 0.385
-1.13 0.5
-1.33 0.725
-1.52 0.785
-1.47 0.815
-1.55 0.83
-1.4 0.705
-1.22 0.575
-1.29 0.68
-1.31 0.71
-1.33 0.75
-1.64 0.89
-1.34 0.73
-1.4 0.725
-1.33 0.615
-1.25 0.605
-1.1 0.545
-1.21 0.465
-1.27 0.63
-1.35 0.655
-1.24 0.56
-1.21 0.65
-1.44 0.66
-1.26 0.625
-1.59 0.83
-1.32 0.61
-1.2 0.47
-1.32 0.56
-1.12 0.485
-1.29 0.56
-1.19 0.605
-1.31 0.67
-1.39 0.68
-1.24 0.545
-1.09 0.345
-1.3 0.645
-1.12 0.565
-1.21 0.46
-1.32 0.7
-1.52 0.825
-1.54 0.805
-1.47 0.77
-1.36 0.535
-1.14 0.45
-1.14 0.405
-1.19 0.445
-1.11 0.51
-1.21 0.37
-1.22 0.505
-1.14 0.515
-1.38 0.715
-1.24 0.52
-1.31 0.53
-1.4 0.625
-1.42 0.685
-1.35 0.73
-1.22 0.36
-1.22 0.29
-1.28 0.56
-1.35 0.71
-1.08 0.57
-1.31 0.605
-1.41 0.51
-1.6 0.77
-1.35 0.555
-1.11 0.49
-1.45 0.75
-1.22 0.665
-1.51 0.775
-1.45 0.665
-1.37 0.6
-1.38 0.61
-1.36 0.615
-1.4 0.665
-1.46 0.77
-1.37 0.805
-1.31 0.6
-1.05 0.5
-1.3 0.5
-1.18 0.18
-1.28 0.34
-1.12 0.355
-1.15 0.38
-1.14 0.195
-1.19 0.135
-1.21 0.165
-1.08 0.025
-0.88 0.01
-1.23 -0.02
-1.27 -0.325
-1.21 -0.285
-1.31 -0.585
-1.1 -0.36
-1.32 -0.43
-1.22 -0.415
-1.23 -0.36
-1.02 -0.18
-1.08 -0.14
-1.03 -0.165
-1.01 -0.205
-1.18 0.09
-1.02 0.05
-0.94 0.04
-1.03 0.045
-1.22 -0.195
-1.16 -0.01
-1.23 -0.15
-1.15 -0.01
-1.23 -0.065
-1.15 -0.14
-1.07 -0.04
-1.3 0.01
-1.11 0.07
-1.15 0.335
-1.07 -0.085
-1.12 0.135
-1.28 0.35
-1.2 0.485
-1.47 0.7
-1.38 0.76
-1.35 0.685
-1.31 0.47
-1.01 0.3
-1.25 0.53
-1.32 0.59
-1.2 0.66
-1.45 0.65
-1.15 0.125
-1.2 0.5
-1.36 0.6
-1.38 0.67
-1.19 0.58
-1.39 0.45
-1.15 0.36
-1.1 0.315
-1.19 0.475
-1.41 0.575
-1.09 0.495
-1.25 0.555
-1.38 0.59
-1.17 0.48
-1.33 0.7
-1.32 0.545
-1.33 0.525
-1.39 0.66
-1.29 0.705
-1.29 0.755
-1.45 0.775
-1.39 0.74
-1.23 0.585
-1.5 0.795
-1.43 0.75
-1.4 0.74
-1.29 0.485
-1.13 0.285
-1.33 0.625
-1.24 0.51
-1.41 0.685
-1.32 0.655
-1.36 0.675
-1.44 0.83
-1.56 0.87
-1.49 0.815
-1.31 0.67
-1.23 0.535
-1.32 0.52
-1.19 0.43
-1.21 0.565
-1.22 0.66
-1.36 0.74
-1.22 0.605
-1.55 0.77
-1.35 0.705
-1.35 0.7
-1.15 0.555
-1.46 0.77
-1.39 0.745
-1.31 0.715
-1.4 0.77
-1.37 0.71
-1.35 0.72
-1.22 0.57
-1.25 0.515
-1.25 0.48
-1.25 0.55
-1.2 0.48
-1.27 0.585
-1.33 0.61
-1.16 0.54
-1.36 0.54
-1.36 0.47
-1.13 0.52
-1.16 0.4
-0.88 0.28
-1.24 0.25
-0.98 0.26
-1.1 0.295
-1.25 0.45
-1.01 0.32
-1.3 0.525
-1.2 0.525
-1.35 0.73
-1.37 0.68
-1.18 0.515
-1.45 0.805
-1.35 0.73
-1.44 0.805
-1.31 0.635
-1.52 0.825
-1.52 0.805
-1.61 0.85
-1.47 0.77
-1.25 0.58
-1.54 0.81
-1.38 0.71
-1.23 0.695
-1.35 0.74
-1.49 0.775
-1.47 0.8
-1.3 0.735
-1.42 0.74
-1.43 0.765
-1.44 0.795
-1.33 0.64
-1.43 0.585
-1.21 0.53
-1.26 0.615
-1.42 0.75
-1.11 0.525
-1.4 0.68
-1.38 0.69
-1.52 0.805
-1.55 0.845
-1.5 0.85
-1.26 0.645
-1.29 0.74
-1.29 0.64
-1.43 0.755
-1.6 0.865
-1.53 0.815
-1.46 0.765
-1.22 0.595
-1.19 0.65
-1.31 0.545
-1.29 0.535
-1.68 0.855
-1.3 0.57
-1.28 0.7
-1.33 0.535
-1.35 0.705
-1.4 0.72
-1.23 0.65
-1.29 0.595
-1.17 0.39
-1.34 0.57
-1.37 0.5
-1.2 0.585
-1.23 0.44
-1.36 0.575
-1.28 0.365
-1.19 0.06
-1.11 -0.065
-1.17 -0.025
-0.92 -0.01
-1.01 0.225
-1.29 0.585
-1.14 0.355
-1.09 0.22
-1.19 0.165
-1.04 0.085
-0.88 0.1
-1.11 0.155
-1.05 0.385
-1.34 0.345
-1.17 0.35
-1.15 0.46
-1.24 0.28
-1.11 0.415
-1.3 0.51
-1.33 0.62
-1.2 0.56
-1.43 0.78
-1.45 0.78
-1.52 0.84
-1.41 0.785
-1.49 0.78
-1.51 0.8
-1.55 0.83
-1.5 0.81
-1.66 0.85
-1.33 0.675
-1.41 0.745
-1.34 0.675
-1.36 0.705
-1.36 0.745
-1.38 0.73
-1.45 0.68
-1.48 0.78
-1.31 0.695
-1.63 0.875
-1.27 0.515
-1.37 0.675
-1.35 0.69
-1.49 0.775
-1.32 0.625
-1.23 0.515
-1.31 0.535
-1.3 0.39
-1.23 0.2
-1.22 0.215
-1.37 0.06
-0.99 0.21
-1.39 0.615
-1.38 0.605
-1.28 0.65
-0.95 0.37
-1 0.325
-1.14 0.4
-1.09 0.335
-1.17 0.195
-1.03 0.015
-1.06 0.015
-1.12 -0.02
-1.28 -0.235
-0.99 -0.36
-1.16 -0.39
-1.21 -0.37
-1.24 -0.205
-1.1 -0.25
-1.12 -0.385
-1.14 -0.365
-1.14 -0.245
-1.04 -0.265
-1.28 -0.41
-1.09 -0.28
-1.05 -0.245
-1.1 -0.3
-1.26 -0.61
-1.49 -0.76
-1.69 -0.895
-1.54 -0.785
-1.16 -0.515
-1.22 -0.34
-1.08 -0.3
-1.06 -0.38
-1.32 -0.61
-1.29 -0.595
-1.37 -0.65
-1.21 -0.495
-1.28 -0.17
-0.92 -0.04
-1.05 -0.23
-1.1 -0.37
-1.12 -0.5
-1.21 -0.65
-1.28 -0.64
-1.39 -0.715
-1.36 -0.765
-1.15 -0.555
-1.39 -0.485
-1.14 -0.435
-1.28 -0.455
-1.28 -0.64
-1.21 -0.545
-1.2 -0.175
-1.22 -0.185
-1.23 -0.18
-1.21 -0.335
-1.11 -0.23
-1.08 -0.185
-1.01 0.03
-1.1 -0.12
-1.25 -0.29
-1.4 -0.54
-1.2 -0.455
-1.22 -0.44
-1.24 -0.52
