-1.82 -0.95
-1.37 -0.71
-1.57 -0.78
-1.33 -0.76
-1.38 -0.76
-1.28 -0.595
-1.39 -0.575
-1.39 -0.765
-1.49 -0.725
-1.35 -0.445
-1.23 -0.31
-1.21 -0.41
-1.17 -0.34
-1.38 -0.485
-1.24 -0.26
-1.42 -0.4
-1.38 -0.31
-1.16 -0.225
-1.16 -0.515
-1.14 -0.45
-1.17 -0.33
-1.27 -0.41
-1.43 -0.66
-1.41 -0.72
-1.32 -0.67
-1.39 -0.75
-1.57 -0.865
-1.39 -0.775
-1.61 -0.835
-1.47 -0.805
-1.44 -0.8
-1.57 -0.795
-1.5 -0.745
-1.36 -0.62
-1.39 -0.625
-1.38 -0.65
-1.47 -0.775
-1.38 -0.63
-1.43 -0.445
-1.18 -0.15
-1.16 -0.31
-1.38 -0.265
-1.05 -0.28
-1.05 -0.28
-1.05 -0.2
-1.18 -0.45
-1.3 -0.65
-1.33 -0.71
-1.49 -0.845
-1.43 -0.76
-1.63 -0.88
-1.42 -0.71
-1.33 -0.68
-1.25 -0.63
-1.37 -0.63
-1.62 -0.885
-1.5 -0.815
-1.12 -0.57
-1.49 -0.795
-1.39 -0.72
-1.27 -0.59
-1.31 -0.575
-1.23 -0.575
-1.23 -0.445
-1.19 -0.185
-1.08 -0.2
-1.01 0.055
-1.15 0.23
-1.29 0.34
-1.27 0.43
-1.37 0.525
-1.34 0.325
-1.21 0.26
-1.21 -0.17
-1.22 -0.205
-1.14 -0.125
-1.09 -0.11
-1.11 -0.115
-1.24 -0.01
-1.08 0.02
-1.12 0.205
-0.92 0.295
-1.2 0.485
-1.16 0.295
-1.21 0.425
-1.41 0.57
-1.31 0.43
-1.29 0.615
-1.48 0.765
-1.32 0.675
-1.27 0.685
-1.2 0.51
-1.16 0.7
-1.38 0.705
-1.38 0.635
-1.32 0.63
-1.35 0.65
-1.28 0.63
-1.35 0.675
-1.46 0.79
-1.73 0.915
-1.5 0.815
-1.53 0.755
-1.57 0.83
-1.62 0.87
-1.65 0.875
-1.67 0.89
-1.58 0.835
-1.46 0.77
-1.56 0.85
-1.58 0.855
-1.54 0.835
-1.28 0.71
-1.42 0.675
-1.29 0.67
-1.49 0.805
-1.72 0.92
-1.52 0.795
-1.64 0.86
-1.53 0.81
-1.45 0.77
-1.57 0.8
-1.48 0.78
-1.37 0.705
-1.43 0.79
-1.42 0.755
-1.67 0.885
-1.64 0.89
-1.65 0.89
-1.61 0.88
-1.36 0.755
-1.28 0.675
-1.55 0.83
-1.55 0.84
-1.23 0.635
-1.24 0.42
-1.48 0.7
-1.15 0.6
-1.09 0.54
-1.24 0.39
-1.05 0.495
-1.46 0.68
-1.42 0.615
-1.29 0.525
-1.29 0.54
-1.49 0.765
-1.35 0.67
-1.42 0.655
-1.38 0.67
-1.4 0.78
-1.3 0.67
-1.58 0.84
-1.42 0.78
-1.47 0.775
-1.21 0.585
-1.42 0.685
-1.56 0.85
-1.76 0.93
-1.71 0.89
-1.56 0.84
-1.5 0.8
-1.25 0.57
-1.33 0.58
-1.52 0.695
-1.44 0.795
-1.49 0.835
-1.29 0.755
-1.28 0.65
-1.24 0.495
-1.38 0.685
-1.47 0.735
-1.17 0.53
-1.38 0.61
-1.21 0.54
-1.36 0.685
-1.14 0.62
-1.2 0.615
-1.28 0.605
-1.35 0.715
-1.11 0.58
-1.21 0.635
-1.24 0.62
-1.39 0.715
-1.47 0.77
-1.6 0.745
-1.47 0.815
-1.46 0.77
-1.46 0.795
-1.54 0.855
-1.45 0.785
-1.31 0.745
-1.56 0.775
-1.54 0.785
-1.45 0.77
-1.43 0.635
-1.41 0.775
-1.49 0.8
-1.26 0.715
-1.51 0.835
-1.4 0.775
-1.39 0.76
-1.24 0.6
-1.42 0.73
-1.48 0.8
-1.45 0.665
-1.4 0.735
-1.38 0.745
-1.54 0.84
-1.45 0.78
-1.63 0.875
-1.31 0.595
-1.49 0.765
-1.63 0.88
-1.55 0.83
-1.22 0.555
-1.33 0.675
-1.39 0.58
-1.23 0.54
-1.51 0.805
-1.51 0.745
-1.35 0.69
-1.53 0.81
-1.51 0.79
-1.63 0.825
-1.44 0.705
-1.35 0.605
-1.42 0.71
-1.52 0.785
-1.45 0.72
-1.31 0.645
-1.53 0.84
-1.61 0.84
-1.35 0.735
-1.4 0.79
-1.38 0.695
-1.05 0.445
-1.15 0.32
-1.08 0.395
-1.09 0.32
-1.42 0.55
-1.31 0.615
-1.47 0.815
-1.57 0.87
-1.51 0.8
-1.29 0.67
-1.32 0.71
-1.43 0.81
-1.51 0.82
-1.61 0.845
-1.4 0.75
-1.47 0.76
-1.25 0.7
-1.5 0.815
-1.4 0.73
-1.25 0.585
-1.17 0.365
-1.14 0.48
-1.47 0.81
-1.39 0.77
-1.43 0.66
-1.38 0.675
-1.2 0.575
-1.34 0.63
-1.4 0.76
-1.41 0.74
-1.46 0.775
-1.36 0.75
-1.33 0.58
-1.53 0.715
-1.59 0.835
-1.4 0.675
-1.65 0.84
-1.11 0.53
-1.25 0.41
-1.42 0.555
-1.28 0.435
-1.18 0.42
-1.15 0.465
-1.15 0.245
-1.18 0.23
-1.13 -0.025
-1.26 0.255
-1.1 0.32
-1.36 0.395
-1.31 0.455
-1.34 0.595
-1.21 0.47
-1.38 0.405
-1.26 0.295
-1.3 0.45
-1.29 0.54
-1.26 0.735
-1.05 0.57
-1.39 0.74
-1.16 0.595
-1.41 0.715
-1.26 0.625
-1.37 0.695
-1.26 0.68
-1.36 0.76
-1.61 0.775
-1.56 0.745
-1.55 0.765
-1.51 0.775
-1.31 0.605
-1.28 0.595
-1.12 0.57
-1.38 0.58
-1.36 0.645
-1.29 0.685
-1.28 0.68
-1.34 0.69
-1.41 0.75
-1.68 0.905
-1.44 0.805
-1.46 0.795
-1.5 0.79
-1.41 0.7
-1.55 0.835
-1.49 0.79
-1.48 0.78
-1.47 0.8
-1.51 0.835
-1.6 0.855
-1.36 0.75
-1.57 0.825
-1.46 0.72
-1.54 0.825
-1.54 0.795
-1.44 0.79
-1.41 0.75
-1.17 0.645
-1.22 0.5
-1.37 0.735
-1.61 0.79
-1.48 0.82
-1.48 0.76
-1.41 0.7
-1.32 0.61
-1.33 0.715
-1.19 0.53
-1.25 0.565
-1.51 0.825
-1.44 0.795
-1.2 0.645
-1.27 0.375
-1.34 0.58
-1.52 0.835
-1.58 0.815
-1.4 0.755
-1.56 0.83
-1.73 0.92
-1.78 0.89
-1.3 0.53
-1.4 0.64
-1.41 0.705
-1.44 0.695
-1.42 0.64
-1.52 0.675
-1.43 0.715
-1.38 0.665
-1.47 0.68
-1.28 0.675
-1.61 0.825
-1.54 0.78
-1.51 0.795
-1.65 0.855
-1.4 0.77
-1.3 0.7
-1.4 0.765
-1.33 0.705
-1.47 0.79
-1.57 0.825
-1.36 0.725
-1.3 0.61
-1.32 0.66
-1.48 0.77
-1.37 0.715
-1.35 0.71
-1.39 0.785
-1.68 0.885
-1.37 0.73
-1.47 0.735
-1.43 0.75
-1.49 0.81
-1.61 0.87
-1.48 0.73
-1.49 0.8
-1.49 0.715
-1.44 0.74
-1.59 0.72
-1.41 0.64
-1.2 0.595
-1.01 0.38
-1.26 0.515
-1.4 0.47
-1.2 0.395
-1.19 0.28
-1.19 0.135
-1.07 0.055
-1.18 0.06
-1.06 -0.075
-1.08 -0.215
-1.07 -0.12
-1.14 -0.22
-1.34 -0.53
-1.14 -0.36
-1.25 -0.47
-1.2 -0.37
-1.13 -0.2
-1.38 -0.51
-1.46 -0.66
-1.2 -0.475
-1.21 -0.29
-1.26 -0.445
-1.24 -0.575
-1.27 -0.615
-1.4 -0.73
-1.3 -0.64
-1.47 -0.825
-1.6 -0.845
-1.46 -0.765
-1.55 -0.805
-1.43 -0.785
-1.55 -0.845
-1.37 -0.665
-1.3 -0.655
-1.26 -0.605
-1.33 -0.74
-1.34 -0.7
-1.13 -0.605
-1.22 -0.515
-1.59 -0.83
-1.48 -0.79
-1.4 -0.76
-1.32 -0.715
-1.41 -0.76
-1.47 -0.77
-1.25 -0.685
-1.47 -0.775
-1.4 -0.7
-1.04 -0.445
-1.36 -0.56
-1.48 -0.77
-1.73 -0.91
-1.61 -0.83
-1.37 -0.755
-1.68 -0.895
-1.6 -0.88
-1.35 -0.725
-1.36 -0.715
-1.6 -0.85
-1.38 -0.775
-1.26 -0.66
-1.38 -0.68
-1.46 -0.755
-1.45 -0.78
-1.45 -0.74
-1.6 -0.855
-1.59 -0.86
-1.39 -0.78
-1.59 -0.87
-1.57 -0.855
-1.56 -0.775
-1.27 -0.67
-1.59 -0.865
-1.52 -0.82
-1.37 -0.675
-1.32 -0.71
-1.47 -0.765
-1.05 -0.38
-1.02 -0.245
-1.03 -0.155
-1.12 0.19
-1.16 0.17
-1.31 0.27
-1.08 0.32
-1.27 0.25
-1.19 0.295
-1.11 0.41
-1.24 0.455
-1.27 0.515
-1.43 0.615
-1.42 0.645
-1.37 0.625
-1.32 0.585
-1.27 0.54
-1.3 0.665
-1.41 0.7
-1.45 0.68
-1.46 0.79
-1.18 0.66
-1.16 0.585
-1.28 0.54
-1.35 0.495
-1.35 0.585
-1.32 0.705
-1.54 0.865
-1.43 0.795
-1.38 0.79
-1.4 0.805
-1.35 0.67
-1.17 0.545
-1.37 0.505
-1.18 0.195
-1.09 0.18
-1.19 0.285
-1.16 -0.085
-0.99 -0.105
-1.08 -0.13
-1.39 -0.475
-1.28 -0.505
-1.22 -0.53
-1.29 -0.45
-1.25 -0.45
-1.33 -0.57
-1.16 -0.55
-1.34 -0.725
-1.46 -0.65
-1.35 -0.745
-1.49 -0.785
-1.31 -0.64
-1.41 -0.69
-1.31 -0.655
-1.34 -0.54
-1.31 -0.62
-1.32 -0.61
-1.49 -0.785
-1.35 -0.64
-1.46 -0.695
-1.45 -0.705
-1.28 -0.585
-1.29 -0.54
-1.19 -0.415
-1.08 -0.01
-1.33 -0.075
-1.14 0.07
-1.16 0.225
-1.4 0.435
-1.33 0.46
-1.06 0.35
-1.43 0.53
-1.37 0.705
-1.36 0.68
-1.37 0.64
-1.32 0.51
-1.35 0.585
-1.17 0.51
-1.38 0.305
-1.33 0.17
-1.2 -0.07
-1.25 -0.03
-1.3 -0.045
-1.06 -0.125
-1.22 0.055
-1.13 -0.01
-1.17 -0.145
-1.16 -0.04
-1.05 -0.025
-1.34 -0.395
-1.35 -0.345
-1.22 -0.53
-1.34 -0.685
-1.36 -0.64
-1.28 -0.675
-1.38 -0.655
-1.33 -0.74
-1.37 -0.685
-1.41 -0.755
-1.55 -0.835
-1.4 -0.78
-1.39 -0.73
-1.41 -0.75
-1.4 -0.7
-1.24 -0.59
-1.12 -0.445
-1.29 -0.48
-1.2 -0.37
-1.36 -0.41
-1.37 -0.345
-1.22 -0.22
-1.17 -0.195
-1.05 -0.125
-1.05 -0.17
-1.32 -0.41
-1.07 -0.485
-1.1 -0.035
-1.21 -0.115
-1.19 -0.085
-1.14 -0.245
-1.2 -0.22
-1.21 -0.19
-1.25 -0.44
-1.24 -0.29
-1.29 0.035
-1.14 -0.03
-1.16 -0.265
-1.14 -0.245
-1.14 -0.15
-1.25 -0.24
-1.21 -0.16
-1.22 -0.09
-1.23 -0.175
-1.07 -0.1
-1.25 0.08
-1.26 -0.115
-1.24 -0.03
-1.2 -0.09
-1.19 -0.055
-1.06 0.065
-1.21 0.23
-1.08 0.345
-1.26 0.535
-1.48 0.635
-1.3 0.715
-1.18 0.545
-1.35 0.58
-1.19 0.595
-1.43 0.78
-1.51 0.77
-1.58 0.805
-1.57 0.845
-1.46 0.735
-1.38 0.72
-1.33 0.635
-1.37 0.785
-1.48 0.795
-1.34 0.705
-1.57 0.84
-1.34 0.72
-1.29 0.52
-1.41 0.795
-1.74 0.915
-1.47 0.775
-1.49 0.77
-1.4 0.755
-1.62 0.865
-1.45 0.775
-1.67 0.84
-1.54 0.78
-1.6 0.785
-1.41 0.76
-1.31 0.59
-1.33 0.665
-1.23 0.335
-1.27 0.405
-1.2 0.53
-1.71 0.915
-1.6 0.85
-1.68 0.905
-1.47 0.77
-1.26 0.535
-1.32 0.46
-1.26 0.515
-1.23 0.47
-1.39 0.65
-1.48 0.67
-1.3 0.64
-1.23 0.585
-1.39 0.615
-1.57 0.8
-1.42 0.775
-1.65 0.9
-1.42 0.73
-1.32 0.73
-1.55 0.725
-1.28 0.475
-1.25 0.605
-1.31 0.5
-1.34 0.665
-1.46 0.77
-1.59 0.795
-1.46 0.72
-1.36 0.595
-1.35 0.72
-1.2 0.5
-1.13 0.49
-1.44 0.645
-1.3 0.65
-1.36 0.565
-1.36 0.535
-1.26 0.545
-1.41 0.705
-1.14 0.54
-1.12 0.26
-1.19 0.06
-1.16 -0.105
-1.07 -0.025
-1.19 0.02
-1.24 -0.13
-1.17 0.235
-1.06 0.115
-1.16 0.065
-1.3 -0.085
-1.23 -0.005
-1.32 0.035
-1.3 -0.1
-1.3 -0.005
-1.13 0.04
-1.27 0.195
-1.16 0.07
-1.24 -0.02
-1.13 0.1
-1.11 0.27
-1.26 0.59
-1.31 0.645
-1.41 0.72
-1.52 0.805
-1.47 0.735
-1.3 0.69
-1.26 0.715
-1.4 0.72
-1.21 0.58
-1.07 0.505
-1.3 0.49
-1.21 0.61
-1.2 0.635
-1.58 0.87
-1.48 0.81
-1.61 0.835
-1.42 0.785
-1.16 0.625
-1.5 0.84
-1.42 0.76
-1.59 0.84
-1.62 0.875
-1.5 0.83
-1.38 0.725
-1.29 0.535
-1.35 0.585
-1.23 0.505
-1.23 0.57
-1.38 0.455
-1.36 0.685
-1.55 0.69
-1.2 0.345
-1.2 0.26
-1.31 0.415
-1.26 0.435
-1.26 0.345
-1.23 0.29
-0.99 0.19
-1.12 0.025
-1.03 0.105
-1.06 -0.075
-0.97 0.06
-1.3 -0.215
-1.12 0.03
-1.07 0.155
-1.22 0.185
-1.18 0.22
-0.99 0.045
-1.2 -0.055
-1.36 -0.05
-1.15 -0.13
-1.26 0.1
-1.31 0
-1.22 0.145
-1.14 0.2
-1.13 0.225
-1.24 0.165
-1.16 0.215
-1.16 -0.02
-1.08 -0.135
-1.16 -0.355
-1.2 -0.505
-1.34 -0.505
-1.26 -0.56
-1.34 -0.59
-1.23 -0.325
-1.05 -0.375
-1.28 -0.245
-1.08 -0.29
-1.16 -0.15
-1.05 0.02
-1.14 -0.135
-1.06 0.01
-1.1 -0.035
-1.1 -0.025
-1.35 -0.295
-1.44 -0.37
-1.33 -0.545
-1.28 -0.66
-1.32 -0.68
-1.52 -0.8
-1.59 -0.78
-1.47 -0.645
-1.48 -0.83
-1.34 -0.73
-1.39 -0.605
-1.37 -0.715
-1.14 -0.485
-1.21 -0.615
-1.3 -0.665
-1.48 -0.78
-1.51 -0.77
-1.57 -0.795
-1.45 -0.83
-1.65 -0.845
-1.65 -0.88
-1.35 -0.7
-1.4 -0.73
-1.36 -0.62
-1.14 -0.285
-1.25 -0.225
-1.24 0.02
-1.26 0.125
-0.99 -0.01
-1.3 -0.295
-1.1 -0.395
-1.53 -0.735
-1.34 -0.74
-1.39 -0.735
-1.68 -0.905
-1.48 -0.79
-1.34 -0.76
-1.6 -0.865
-1.09 -0.455
-1.14 -0.28
-1.14 0.065
-1.2 0.045
-1.2 -0.185
-1.24 0.02
-1.21 0.1
-1.26 0.065
-1.16 -0.03
-1.24 -0.425
-1.26 -0.46
-1.37 -0.625
-1.37 -0.78
-1.53 -0.77
-1.43 -0.73
-1.43 -0.775
-1.23 -0.65
-1.64 -0.885
-1.57 -0.82
-1.42 -0.7
-1.56 -0.845
-1.45 -0.785
-1.31 -0.62
-1.1 -0.36
-1.3 -0.625
-1.55 -0.78
-1.43 -0.715
-1.35 -0.71
-1.6 -0.85
-1.48 -0.735
-1.5 -0.76
-1.52 -0.81
-1.52 -0.78
-1.32 -0.685
-1.61 -0.835
-1.22 -0.67
-1.53 -0.825
-1.25 -0.7
-1.38 -0.76
-1.29 -0.615
-1.35 -0.62
-1.3 -0.47
-1.14 -0.37
-1.33 -0.365
-1.05 -0.2
-1.1 -0.37
-1.48 -0.415
-1.32 -0.455
-1.24 -0.54
-1.21 -0.545
-1.5 -0.625
-1.42 -0.675
-1.26 -0.69
-1.26 -0.52
-1.27 -0.645
-1.21 -0.57
-1.44 -0.705
-1.45 -0.71
-1.37 -0.715
-1.58 -0.845
-1.45 -0.77
-1.63 -0.875
-1.5 -0.805
-1.47 -0.82
-1.35 -0.635
-1.25 -0.605
-1.44 -0.665
-1.47 -0.715
-1.34 -0.64
-1.6 -0.76
-1.36 -0.695
-1.49 -0.845
-1.14 -0.65
-1.26 -0.62
-1.46 -0.8
-1.32 -0.66
-1.34 -0.655
-1.39 -0.705
-1.3 -0.655
-1.27 -0.395
-1.29 -0.305
-1.22 -0.33
-1.28 -0.42
-1.25 -0.405
-1.35 -0.335
-1.08 -0.36
-1.33 -0.495
-1.17 -0.515
-1.2 -0.435
-1.21 -0.34
-1.36 -0.665
-1.36 -0.615
-1.29 -0.62
-1.44 -0.64
-1.24 -0.545
-1.15 -0.315
-1.27 -0.31
-1.17 -0.015
-1.24 -0.005
-1.33 0.01
-1.07 0.01
-1.1 0.07
-1.06 0.28
-1.08 0.125
-1.2 0.235
-1.28 0.375
-1.3 0.205
-1.32 0.46
-1.44 0.745
-1.26 0.66
-1.31 0.595
-1.33 0.405
-1.16 0.265
-1.26 0.505
-1.35 0.59
-1.2 0.62
-1.49 0.715
-1.34 0.535
-1.27 0.46
-1.3 0.555
-1.22 0.43
-1.25 0.315
-1.08 0.225
-1.27 0.355
-1.25 0.475
-1.33 0.54
-1.42 0.715
-1.44 0.695
-1.28 0.63
-1.23 0.57
-1.15 0.44
-1.28 0.575
-1.58 0.815
-1.7 0.905
-1.64 0.885
-1.5 0.735
-1.45 0.59
-1.36 0.525
-1.08 0.275
-0.99 0.275
-1.37 0.405
-1.4 0.405
-1.27 0.34
-1.22 0.39
-1.29 0.295
-1.32 0.36
-1.21 0.335
-1.05 0.27
-1.35 0.39
-1.31 0.135
-1.25 0.145
-1.25 0.205
-1.33 0.17
-1.23 0.295
-1.31 0.255
-1.23 0.21
-1.2 0.495
-1.3 0.515
-1.45 0.585
-1.38 0.68
-1.34 0.65
-1.26 0.55
-1.38 0.595
-1.34 0.555
-1.52 0.775
-1.27 0.59
-1.46 0.795
-1.43 0.78
-1.48 0.805
-1.58 0.83
-1.43 0.635
-1.34 0.61
-1.21 0.6
-1.46 0.68
-1.52 0.815
-1.35 0.74
-1.41 0.74
-1.6 0.87
-1.37 0.77
-1.53 0.815
-1.51 0.805
-1.3 0.575
-1.48 0.71
-1.31 0.665
-1.25 0.435
-1.38 0.705
-1.48 0.675
-1.24 0.58
-1.45 0.74
-1.47 0.78
-1.33 0.695
-1.49 0.765
-1.6 0.855
-1.63 0.87
-1.54 0.855
-1.1 0.55
-1.31 0.66
-1.41 0.735
-1.58 0.86
-1.28 0.66
-1.64 0.865
-1.59 0.86
-1.66 0.885
-1.49 0.795
-1.5 0.825
-1.59 0.845
-1.4 0.695
-1.57 0.795
-1.38 0.72
-1.42 0.69
-1.28 0.645
-1.38 0.41
-1.38 0.465
-1.08 0.535
-1.15 0.6
-1.33 0.555
-1.39 0.69
-1.33 0.685
-1.39 0.76
-1.56 0.87
-1.51 0.77
-1.7 0.895
-1.56 0.84
-1.3 0.7
-1.34 0.7
-1.43 0.77
-1.44 0.725
-1.28 0.535
-1.41 0.715
-1.19 0.56
-1.29 0.615
-1.32 0.62
-1.18 0.57
-1.22 0.39
-1.31 0.495
-1.41 0.45
-1.2 0.435
-1.37 0.355
-1.06 0.115
-1.34 0.24
-1.18 0.125
-1.22 0.01
-1.28 -0.03
-1.28 -0.23
-1.27 -0.56
-1.3 -0.415
-1.04 -0.235
-1.09 0.06
-1.2 -0.295
-1.36 -0.35
-1.23 -0.525
-1.26 -0.555
-1.27 -0.595
-1.2 -0.63
-1.4 -0.705
-1.48 -0.805
-1.41 -0.79
-1.48 -0.84
-1.4 -0.75
-1.42 -0.775
-1.42 -0.77
-1.44 -0.615
-1.51 -0.77
-1.49 -0.81
-1.55 -0.795
-1.53 -0.765
-1.27 -0.645
-1.2 -0.625
-1.36 -0.6
-1.42 -0.78
-1.45 -0.71
-1.3 -0.54
-1.43 -0.71
-1.42 -0.765
-1.38 -0.77
-1.68 -0.865
-1.32 -0.76
-1.42 -0.69
-1.3 -0.705
-1.5 -0.825
-1.47 -0.815
-1.59 -0.835
-1.48 -0.75
-1.51 -0.805
-1.42 -0.685
-1.4 -0.765
-1.54 -0.78
-1.22 -0.51
-1.28 -0.54
-1.29 -0.395
-1.1 -0.415
-1.4 -0.49
-1.42 -0.63
-1.28 -0.585
-1.46 -0.655
-1.25 -0.61
-1.33 -0.725
-1.48 -0.75
-1.5 -0.79
-1.37 -0.74
-1.35 -0.735
-1.51 -0.805
-1.42 -0.74
-1.68 -0.9
-1.68 -0.9
-1.55 -0.78
-1.62 -0.875
-1.57 -0.825
-1.46 -0.705
-1.61 -0.865
-1.46 -0.795
-1.44 -0.765
-1.32 -0.72
-1.44 -0.775
-1.52 -0.845
-1.61 -0.865
-1.29 -0.71
-1.39 -0.705
-1.55 -0.845
-1.53 -0.835
-1.31 -0.64
-1.55 -0.7
-1.46 -0.76
-1.34 -0.72
-1.54 -0.775
-1.27 -0.645
-1.48 -0.625
-1.2 -0.395
-1.22 -0.425
-0.98 -0.285
-1.26 -0.15
-1.3 -0.05
-1.17 0.035
-1.27 0.05
-1.14 0.165
-1.22 0.6
-1.4 0.635
-1.34 0.695
-1.46 0.81
-1.27 0.645
-1.3 0.725
-1.44 0.76
-1.49 0.72
-1.49 0.8
-1.35 0.7
-1.44 0.73
-1.31 0.585
-1.5 0.79
-1.41 0.685
-1.29 0.515
-1.23 0.615
-1.13 0.51
-1.25 0.535
-1.26 0.495
-1.22 0.43
-1.15 0.6
-1.22 0.565
-1.39 0.74
-1.34 0.7
-1.46 0.785
-1.4 0.63
-1.47 0.835
-1.62 0.81
-1.59 0.87
-1.27 0.68
-1.39 0.705
-1.61 0.88
-1.62 0.86
-1.58 0.78
-1.31 0.645
-1.33 0.58
-1.11 0.38
-1.3 0.64
-1.57 0.85
-1.53 0.82
-1.65 0.89
-1.5 0.785
-1.25 0.5
-1.14 0.43
-1.24 0.49
-0.92 0.055
-1.19 0.21
-1.22 0.055
-1.19 -0.06
-1.09 0.26
-1.23 0.565
-1.3 0.515
-1.29 0.625
-1.5 0.745
-1.24 0.71
-1.46 0.695
-1.33 0.565
-1.36 0.47
-1.15 0.43
-1.3 0.455
-1.07 0.095
-1.14 -0.015
-1.12 0.045
-1.17 -0.03
-1.18 0.105
-1.21 0.09
-1.15 0.175
-1.12 0.055
-1.13 0.35
-1.34 0.56
-1.24 0.46
-1.23 0.47
-1.2 0.3
-1.05 0.41
-1.31 0.515
-1.06 0.375
-1.27 0.41
-1.24 0.39
-1.33 0.165
-1.22 0.23
-1.24 0.19
-1.12 -0.11
-1.14 -0.03
-1.37 0.02
-1.09 0.155
-1.2 0.275
-1.29 0.415
-1.19 0.555
-1.56 0.785
-1.51 0.715
-1.34 0.695
-1.58 0.855
-1.59 0.815
-1.73 0.915
-1.6 0.865
-1.51 0.825
-1.38 0.79
-1.49 0.765
-1.45 0.69
-1.42 0.735
-1.56 0.835
-1.36 0.685
-1.6 0.835
-1.57 0.845
-1.39 0.7
-1.25 0.575
-1.29 0.555
-1.35 0.775
-1.41 0.675
-1.48 0.74
-1.55 0.835
-1.46 0.74
-1.34 0.7
-1.46 0.755
-1.58 0.855
-1.14 0.585
-1.22 0.525
-1.25 0.445
-1.18 0.375
-1.39 0.395
-1.28 0.47
-1.49 0.675
-1.58 0.76
-1.3 0.69
-1.35 0.69
-1.48 0.735
-1.59 0.8
-1.47 0.775
-1.46 0.75
-1.44 0.765
-1.52 0.755
-1.23 0.66
-1.47 0.725
-1.18 0.55
-1.35 0.745
-1.45 0.795
-1.53 0.84
-1.55 0.835
-1.57 0.835
-1.53 0.84
-1.4 0.78
-1.53 0.825
-1.37 0.69
-1.56 0.82
-1.37 0.68
-1.27 0.655
-1.39 0.705
-1.42 0.77
-1.49 0.715
-1.39 0.545
-1.27 0.575
-1.4 0.595
-1.35 0.625
-1.26 0.52
-1.3 0.465
-1.14 0.345
-1.18 0.345
-1.42 0.38
-1.21 0.415
-1.2 0.565
-1.41 0.64
-1.33 0.565
-1.17 0.465
-1.31 0.705
-1.58 0.79
-1.27 0.69
-1.46 0.775
-1.32 0.625
-1.47 0.76
-1.43 0.565
-1.28 0.525
-1.39 0.55
-1.44 0.695
-1.22 0.42
-1.19 0.43
-1.04 0.05
-1.35 0.075
-1.15 -0.01
-1.28 -0.405
-1.25 -0.475
-1.34 -0.55
-1.37 -0.685
-1.51 -0.76
-1.76 -0.915
-1.4 -0.775
-1.54 -0.825
-1.55 -0.84
-1.56 -0.835
-1.53 -0.845
-1.49 -0.765
-1.43 -0.765
-1.26 -0.68
-1.59 -0.875
-1.68 -0.9
-1.52 -0.84
-1.31 -0.635
-1.33 -0.675
-1.37 -0.58
-1.28 -0.635
-1.28 -0.6
-1.25 -0.615
-1.45 -0.785
-1.46 -0.795
-1.45 -0.82
-1.32 -0.71
-1.43 -0.61
-1.42 -0.75
-1.34 -0.73
-1.36 -0.71
-1.41 -0.63
-1.4 -0.685
-1.44 -0.745
-1.48 -0.785
-1.42 -0.745
-1.44 -0.76
-1.6 -0.825
-1.47 -0.8
-1.39 -0.7
-1.48 -0.795
-1.46 -0.685
-1.44 -0.795
-1.29 -0.615
-1.23 -0.65
-1.46 -0.75
-1.47 -0.75
-1.29 -0.65
-1.13 -0.365
-1.23 -0.46
-1.32 -0.535
-1.16 -0.415
-1.28 -0.53
-1.29 -0.585
-1.27 -0.315
-1.29 -0.565
-1.28 -0.335
-1.11 -0.165
-1 -0.07
-1.05 -0.08
-1.06 -0.075
-1.04 -0.125
-1.31 -0.315
-1.21 -0.255
-1.32 -0.265
-1.31 -0.22
-1.41 -0.035
-1.23 0.135
-1.03 0.065
-1.04 0.105
-1.08 0.025
-1.18 0.21
-1.2 0.32
-1.37 0.295
-1.3 0.205
-1 0.14
-1.18 0.19
-1.16 0.095
-1.07 0.07
-1.19 0.295
-1.12 0.205
-1.28 0.25
-1.21 0.39
-1.13 0.315
-1.22 0.285
-1.18 0.48
-1.23 0.455
-1.22 0.44
-0.99 0.22
-1.17 0.445
-1.03 0.325
-1.24 0.505
-1.23 0.48
-1.44 0.78
-1.31 0.65
-1.38 0.645
-1.37 0.63
-1.48 0.66
-1.43 0.69
-1.54 0.78
-1.11 0.56
-1.22 0.62
-1.11 0.38
-1.13 0.185
-1.07 0.06
-1.17 0.085
-1.34 -0.015
-1.27 0.095
-1.16 0.21
-1.32 0.21
-1.23 -0.025
-1.22 -0.04
-1.16 0.075
-1.27 0.31
-1.29 0.25
-1.33 0.35
-1.11 0.315
-1.19 0.465
-1.22 0.575
-1.16 0.44
-1.47 0.785
-1.51 0.79
-1.36 0.63
-1.47 0.76
-1.27 0.72
-1.4 0.695
-1.15 0.645
-1.34 0.655
-1.45 0.795
-1.45 0.8
-1.37 0.725
-1.47 0.815
-1.48 0.595
-1.24 0.545
-1.43 0.71
-1.42 0.78
-1.32 0.655
-1.41 0.725
-1.52 0.805
-1.41 0.7
-1.25 0.615
-1.41 0.76
-1.23 0.55
-1.44 0.36
-1.19 0.41
-1.17 0.215
-1.2 0.42
-1.12 0.335
-1.28 0.425
-1.26 0.6
-1.37 0.72
-1.41 0.67
-1.39 0.665
-1.44 0.755
-1.47 0.705
-1.53 0.83
-1.61 0.86
-1.42 0.75
-1.14 0.565
-1.51 0.56
-1.34 0.67
-1.54 0.85
-1.42 0.76
-1.36 0.71
-1.18 0.52
-1.11 0.53
-1.24 0.385
-1.24 0.64
-1.57 0.845
-1.39 0.655
-1.39 0.735
-1.4 0.735
-1.46 0.695
-1.3 0.67
-1.6 0.855
-1.3 0.7
-1.25 0.465
-1.1 0.38
-1.39 0.37
-1.33 0.43
-1.22 0.25
-1.16 0.47
-1.27 0.56
-1.31 0.585
-1.44 0.725
-1.42 0.79
-1.5 0.81
-1.29 0.7
-1.53 0.81
-1.43 0.67
-1.37 0.755
-1.39 0.65
-1.56 0.65
-1.4 0.72
-1.49 0.805
-1.58 0.835
-1.62 0.87
-1.63 0.87
-1.52 0.84
-1.5 0.77
-1.21 0.54
-1.21 0.595
-1.39 0.74
-1.47 0.78
-1.29 0.64
-1.27 0.505
-1.28 0.59
-1.4 0.74
-1.62 0.88
-1.35 0.735
-1.53 0.825
-1.11 0.63
-1.44 0.74
-1.28 0.58
-1.3 0.675
-1.23 0.655
-1.56 0.795
-1.27 0.605
-1.27 0.53
-1.29 0.62
-1.41 0.705
-1.47 0.775
-1.62 0.88
-1.43 0.765
-1.31 0.68
-1.49 0.71
-1.55 0.745
-1.38 0.775
-1.5 0.85
-1.59 0.84
-1.6 0.865
-1.44 0.715
-1.42 0.66
-1.47 0.55
-1.47 0.815
-1.6 0.84
-1.51 0.73
-1.41 0.695
-1.44 0.745
-1.45 0.76
-1.28 0.505
-1.09 0.385
-0.96 0.325
-1.57 0.78
-1.61 0.845
-1.51 0.805
-1.43 0.705
-1.36 0.735
-1.5 0.68
-1.42 0.74
-1.61 0.87
-1.56 0.805
-1.46 0.785
-1.54 0.81
-1.33 0.715
-1.39 0.73
-1.39 0.74
-1.51 0.79
-1.24 0.64
-1.19 0.61
-1.15 0.595
-1.23 0.3
-1.23 0.48
-1.29 0.505
-1.43 0.635
-1.5 0.69
-1.5 0.67
-1.53 0.745
-1.34 0.635
-1.3 0.615
-1.35 0.68
-1.28 0.565
-1.28 0.685
-1.51 0.66
-1.29 0.61
-1.44 0.76
-1.42 0.63
-1.56 0.835
-1.39 0.72
-1.39 0.75
-1.47 0.755
-1.52 0.835
-1.52 0.765
-1.24 0.675
-1.27 0.66
-1.42 0.755
-1.16 0.595
-1.42 0.7
-1.31 0.635
-1.43 0.595
-1.49 0.79
-1.66 0.88
-1.53 0.82
-1.58 0.82
-1.49 0.765
-1.45 0.79
-1.57 0.84
-1.34 0.71
-1.41 0.63
-1.3 0.655
-1.3 0.515
-1.24 0.55
-1.16 0.395
-1.21 0.51
-1.19 0.27
-1.29 0.505
-1.33 0.58
-1.08 0.43
-1.14 0.315
-1.18 0.51
-1.63 0.87
-1.36 0.685
-1.4 0.57
-1.27 0.495
-1.22 0.245
-1.26 0.115
-1.12 -0.005
-1.11 0.225
-1.16 0.06
-1.19 -0.18
-1.1 -0.195
-1.35 -0.415
-1.33 -0.55
-1.26 -0.62
-1.49 -0.695
-1.33 -0.755
-1.64 -0.855
-1.59 -0.83
-1.44 -0.78
-1.44 -0.745
-1.58 -0.845
-1.48 -0.815
-1.4 -0.73
-1.35 -0.69
-1.44 -0.76
-1.19 -0.615
-1.35 -0.755
-1.51 -0.785
-1.53 -0.755
-1.41 -0.685
-1.46 -0.76
-1.76 -0.91
-1.75 -0.895
-1.48 -0.835
-1.54 -0.805
-1.49 -0.735
-1.26 -0.57
-1.25 -0.58
-1.6 -0.845
-1.47 -0.665
-1.05 -0.475
-1.14 -0.55
-1.15 -0.5
-1.06 -0.215
-1.28 -0.3
-1.08 -0.395
-1.25 -0.55
-1.38 -0.73
-1.54 -0.785
-1.19 -0.62
-1.53 -0.83
-1.35 -0.545
-1.27 -0.48
-1.18 -0.58
-1.22 -0.645
-1.27 -0.66
-1.22 -0.65
-1.52 -0.67
-1.23 -0.635
-1.48 -0.75
-1.57 -0.85
-1.44 -0.735
-1.45 -0.74
-1.57 -0.85
-1.36 -0.66
-1.19 -0.345
-1.12 -0.4
-1.29 -0.655
-1.34 -0.735
-1.24 -0.65
-1.16 -0.485
-1.39 -0.67
-1.2 -0.6
-1.42 -0.74
-1.45 -0.7
-1.34 -0.71
-1.48 -0.765
-1.52 -0.735
-1.54 -0.835
-1.48 -0.79
-1.48 -0.75
-1.43 -0.63
-1.41 -0.625
-1.36 -0.715
-1.65 -0.86
-1.37 -0.735
-1.26 -0.64
-1.24 -0.62
-1.4 -0.635
-1.27 -0.47
-1.02 -0.485
-1.45 -0.8
-1.59 -0.85
-1.76 -0.92
-1.3 -0.705
-1.27 -0.56
-1.21 -0.385
-1.21 -0.48
-1.4 -0.66
-1.24 -0.58
-1.46 -0.735
-1.41 -0.68
-1.45 -0.665
-1.43 -0.725
-1.49 -0.805
-1.4 -0.76
-1.56 -0.79
-1.36 -0.625
-1.33 -0.38
-1.19 -0.315
-1.16 -0.3
-1.39 -0.47
-1.23 -0.335
-1.2 -0.18
-1.16 -0.17
-1.13 -0.03
-1.19 -0.07
-1.28 -0.185
-1.22 -0.06
-1.3 -0.2
-1.29 -0.15
-1.22 -0.135
-1.05 -0.05
-1.32 -0.375
-1.31 -0.515
-1.17 -0.3
-1.29 -0.61
-1.15 -0.375
-1.03 -0.295
-1.17 -0.045
-1.13 -0.175
-1.31 -0.235
-1.27 -0.35
-1.31 -0.425
-1.19 -0.35
-1.35 -0.735
-1.36 -0.705
-1.55 -0.84
-1.14 -0.525
-1.34 -0.615
-1.56 -0.745
-1.57 -0.835
-1.57 -0.845
-1.44 -0.775
-1.28 -0.595
-1.35 -0.5
-1.23 -0.305
-1.28 -0.255
-1.12 -0.26
-1.23 -0.23
-1.35 -0.275
-1.17 -0.31
-1.24 -0.385
-1.31 -0.595
-1.22 -0.545
-0.99 -0.22
-1.32 -0.46
-1.35 -0.385
-1.29 -0.405
-1.24 -0.69
-1.31 -0.66
-1.36 -0.74
-1.36 -0.72
-1.37 -0.71
-1.64 -0.88
-1.38 -0.685
-1.44 -0.7
-1.05 -0.58
-1.35 -0.735
-1.45 -0.76
-1.27 -0.605
-1.33 -0.735
-1.44 -0.76
-1.44 -0.7
-1.37 -0.725
-1.57 -0.875
-1.43 -0.715
-1.42 -0.76
-1.28 -0.735
-1.5 -0.775
-1.65 -0.855
-1.35 -0.75
-1.35 -0.76
-1.41 -0.78
-1.39 -0.765
-1.51 -0.81
-1.64 -0.855
-1.29 -0.675
-1.22 -0.51
-1.19 -0.42
-1.4 -0.505
-1.34 -0.53
-1.39 -0.735
-1.3 -0.665
-1.33 -0.525
-1.33 -0.525
-1.24 -0.485
-1.46 -0.54
-1.15 -0.36
-1.45 -0.55
-1.29 -0.315
-1.15 -0.515
-1.15 -0.54
-1.44 -0.675
-1.44 -0.735
-1.64 -0.835
-1.64 -0.88
-1.2 -0.66
-1.21 -0.665
-1.37 -0.745
-1.46 -0.72
-1.54 -0.775
-1.45 -0.725
-1.48 -0.76
-1.48 -0.785
-1.36 -0.71
-1.48 -0.84
-1.68 -0.905
-1.5 -0.755
-1.54 -0.81
-1.41 -0.74
-1.43 -0.71
-1.4 -0.76
-1.26 -0.7
-1.53 -0.8
-1.55 -0.84
-1.38 -0.71
-1.42 -0.715
-1.15 -0.65
-1.34 -0.725
-1.4 -0.685
-1.53 -0.835
-1.55 -0.82
-1.49 -0.785
-1.33 -0.7
-1.48 -0.77
-1.16 -0.46
-1.31 -0.62
-1.38 -0.49
-1.12 -0.39
-1.16 -0.375
-1.42 -0.55
-1.15 -0.31
-1.19 -0.45
-1.12 -0.41
-1.1 -0.295
-1.17 -0.115
-1.08 -0.32
-1.26 -0.61
-1.39 -0.635
-1.35 -0.51
-1.17 -0.45
-1.17 -0.41
-1.2 -0.16
-1.11 -0.01
-1.07 0.155
-1.18 0.03
-1.33 0.11
-1.15 0.145
-1.29 -0.035
-1.24 -0.01
-1.18 0.08
-1.31 -0.35
-1.34 -0.315
-1.4 -0.395
-1.19 -0.405
-1.21 -0.275
-1.37 -0.335
-1.26 -0.3
-1.18 -0.545
-1.56 -0.85
-1.28 -0.735
-1.52 -0.85
-1.49 -0.81
-1.53 -0.845
-1.55 -0.825
-1.48 -0.74
-1.25 -0.595
-1.45 -0.54
-1.22 -0.375
-1.31 -0.095
-1.22 -0.005
-1.15 -0.005
-1.18 -0.245
-0.93 -0.25
-1.14 -0.325
-1.19 -0.09
-1.27 -0.035
-1.24 0.07
-1.18 0.07
-1.16 0.03
-1.19 0.235
-1.13 -0.055
-1.17 -0.15
-1.38 -0.2
-1.16 -0.38
-1.11 -0.34
-1.13 -0.525
-1.27 -0.65
-1.4 -0.69
-1.64 -0.865
-1.42 -0.74
-1.37 -0.715
-1.57 -0.85
-1.42 -0.585
-1.33 -0.65
-1.26 -0.655
-1.21 -0.49
-1.19 -0.605
-1.53 -0.695
-1.45 -0.57
-1.24 -0.545
-1.54 -0.61
-1.3 -0.49
-1.13 -0.48
-1.24 -0.435
-1.33 -0.415
-1.43 -0.4
-1.07 -0.065
-1.08 -0.145
-1.16 -0.04
-1.37 -0.03
-1.24 0.25
-1.4 0.245
-1.28 0.29
-1.26 0.09
-1.14 0.1
-1.2 0.12
-1.14 -0.05
-1.24 -0.24
-1.21 -0.45
-1.13 -0.375
-1.5 -0.59
-1.45 -0.8
-1.5 -0.82
-1.43 -0.775
-1.32 -0.67
-1.49 -0.805
-1.52 -0.775
-1.56 -0.785
-1.46 -0.75
-1.57 -0.795
-1.61 -0.86
-1.62 -0.875
-1.63 -0.89
-1.42 -0.735
-1.66 -0.815
-1.6 -0.86
-1.68 -0.905
-1.41 -0.775
-1.43 -0.685
-1.5 -0.785
-1.53 -0.805
-1.27 -0.65
-1.54 -0.83
-1.53 -0.82
-1.33 -0.65
-1.43 -0.66
-1.37 -0.69
-1.45 -0.75
-1.5 -0.785
-1.4 -0.76
-1.43 -0.77
-1.42 -0.785
-1.54 -0.82
-1.44 -0.715
-1.36 -0.67
-1.44 -0.71
-1.24 -0.685
-1.17 -0.525
-1.36 -0.705
-1.31 -0.625
-1.25 -0.565
-1.17 -0.56
-1.29 -0.69
-1.38 -0.76
-1.48 -0.77
-1.69 -0.85
-1.68 -0.905
-1.47 -0.825
-1.37 -0.68
-1.29 -0.625
-1.33 -0.71
-1.55 -0.845
-1.5 -0.77
-1.64 -0.895
-1.51 -0.835
-1.36 -0.685
-1.37 -0.73
-1.47 -0.725
-1.47 -0.8
-1.45 -0.775
-1.53 -0.815
-1.5 -0.8
-1.34 -0.745
-1.56 -0.79
-1.44 -0.8
-1.21 -0.55
-1.3 -0.57
-1.28 -0.52
-1.21 -0.52
-1.28 -0.67
-1.55 -0.765
-1.44 -0.76
-1.27 -0.58
-1.28 -0.61
-1.44 -0.72
-1.36 -0.56
-1.31 -0.565
-1.31 -0.655
-1.29 -0.63
-1.09 -0.46
-1.33 -0.56
-1.37 -0.465
-1.18 -0.305
-1.21 -0.285
-1.15 -0.345
-1.46 -0.705
-1.36 -0.75
-1.58 -0.845
-1.31 -0.735
-1.6 -0.855
-1.65 -0.89
-1.67 -0.89
-1.38 -0.745
-1.1 -0.355
-1.27 -0.33
-1.18 -0.12
-1.09 -0.185
-1.28 -0.105
-1.2 -0.455
-1.34 -0.305
-1.26 -0.235
-1.31 -0.32
-1.21 -0.17
-1.22 -0.055
-1.31 -0.075
-1.26 -0.185
-1.23 -0.065
-1.08 -0.225
-1.1 0
-1.04 0.07
-1.17 0.165
-1.27 0.355
-1.14 0.18
-1.19 0.125
-1.22 0.335
-1.29 0.54
-1.31 0.6
-1.38 0.605
-1.23 0.71
-1.21 0.645
-1.73 0.92
-1.46 0.735
-1.55 0.75
-1.42 0.79
-1.53 0.835
-1.57 0.86
-1.42 0.785
-1.24 0.655
-1.41 0.74
-1.51 0.835
-1.46 0.77
-1.36 0.505
-1.27 0.565
-1.11 0.185
-1.19 0.25
-1.24 0.275
-1.25 0.22
-1.25 0.315
-1.19 0.445
-1.26 0.34
-1.42 0.57
-1.37 0.69
-1.43 0.67
-1.31 0.73
-1.3 0.61
-1.21 0.32
-1.35 0.71
-1.48 0.79
-1.45 0.765
-1.53 0.815
-1.38 0.745
-1.43 0.785
-1.28 0.655
-1.12 0.385
-1.15 0.34
-1.1 0.37
-1.29 0.66
-1.33 0.59
-1.38 0.595
-1.1 0.37
-1.26 0.54
-1.4 0.73
-1.16 0.61
-1.46 0.745
-1.44 0.735
-1.3 0.72
-1.45 0.77
-1.48 0.76
-1.51 0.805
-1.45 0.73
-1.5 0.76
-1.6 0.875
-1.29 0.735
-1.67 0.9
-1.5 0.815
-1.27 0.635
-1.45 0.795
-1.53 0.81
-1.2 0.605
-1.49 0.74
-1.26 0.515
-1.16 0.48
-1.27 0.37
-1.19 0.18
-1.43 0.57
-1.29 0.41
-1.22 0.665
-1.34 0.62
-1.34 0.57
-1.28 0.52
-1.44 0.7
-1.41 0.69
-1.6 0.865
-1.47 0.75
-1.34 0.71
-1.3 0.725
-1.38 0.765
-1.34 0.65
-1.25 0.665
-1.34 0.6
-1.29 0.655
-1.19 0.435
-1.44 0.655
-1.41 0.755
-1.36 0.805
-1.27 0.695
-1.31 0.625
-1.36 0.625
-1.4 0.59
-1.34 0.48
-1.31 0.46
-1.33 0.405
-1.27 0.26
-1.12 0.23
-1.12 0.17
-1.34 0.175
-1.3 0.355
-1.21 0.525
-1.36 0.68
-1.62 0.785
-1.54 0.835
-1.63 0.89
-1.47 0.815
-1.38 0.775
-1.33 0.605
-1.35 0.4
-1.07 0.425
-1.27 0.43
-1.21 0.635
-1.52 0.78
-1.34 0.775
-1.65 0.875
-1.44 0.775
-1.38 0.665
-1.28 0.715
-1.25 0.545
-1.08 0.49
-1.4 0.625
-1.29 0.715
-1.38 0.645
-1.23 0.59
-1.14 0.495
-1.44 0.675
-1.38 0.71
-1.38 0.6
-1.27 0.485
-1.26 0.59
-1.39 0.755
-1.47 0.77
-1.56 0.84
-1.55 0.83
-1.46 0.77
-1.42 0.77
-1.37 0.755
-1.36 0.76
-1.63 0.815
-1.47 0.81
-1.56 0.83
-1.47 0.71
-1.27 0.535
-1.15 0.265
-1.31 0.245
-1.09 0.33
-1.15 0.395
-1.01 0.235
-1.1 0.215
-1.23 0.22
-1.1 -0.01
-1.09 -0.295
-1.1 -0.295
-1.35 -0.355
-1.27 -0.17
-1.12 -0.125
-1.03 -0.26
-1.31 -0.005
-1.32 0.19
-1.27 -0.14
-1.3 -0.11
-1.04 -0.05
-1.18 -0.4
-1.27 -0.32
-1.15 -0.525
-1.3 -0.645
-1.53 -0.77
-1.4 -0.585
-1.21 -0.585
-1.36 -0.665
-1.41 -0.8
-1.48 -0.77
-1.48 -0.825
-1.38 -0.67
-1.44 -0.73
-1.51 -0.835
-1.48 -0.785
-1.51 -0.835
-1.32 -0.73
-1.21 -0.61
-1.27 -0.69
-1.47 -0.725
-1.25 -0.59
-1.43 -0.78
-1.3 -0.6
-1.28 -0.705
-1.49 -0.8
-1.52 -0.725
-1.35 -0.635
-1.36 -0.75
-1.4 -0.71
-1.41 -0.75
-1.33 -0.685
-1.38 -0.715
-1.4 -0.68
-1.42 -0.79
-1.45 -0.7
-1.21 -0.355
-1.5 -0.68
-1.27 -0.53
-1.47 -0.29
-1.31 -0.345
-1.25 -0.495
-1.33 -0.44
-1.18 -0.475
-1.26 -0.435
-1.13 -0.33
-1.19 -0.33
-0.98 -0.085
-1.25 -0.255
-1.45 -0.325
-1.19 -0.32
-1.26 -0.27
-1.28 -0.28
-1.12 -0.19
-1.27 -0.1
-1.13 -0.11
-1.24 -0.04
-1.16 -0.32
-1.03 -0.22
-1.31 -0.505
-1.06 -0.295
-1.13 -0.42
-1.07 -0.355
-1.15 -0.445
-1.07 -0.52
-1.3 -0.685
-1.42 -0.68
-1.4 -0.76
-1.46 -0.795
-1.61 -0.825
-1.27 -0.61
-1.31 -0.625
-1.37 -0.725
-1.25 -0.695
-1.52 -0.76
-1.1 -0.385
-1.35 -0.495
-1.37 -0.625
-1.48 -0.815
-1.53 -0.86
-1.41 -0.725
-1.46 -0.725
-1.08 -0.515
-1.11 -0.395
-1.23 -0.52
-1.31 -0.58
-1.44 -0.66
-1.46 -0.735
-1.56 -0.825
-1.64 -0.89
-1.45 -0.745
-1.24 -0.55
-1.19 -0.515
-1.28 -0.58
-1.39 -0.535
-1.18 -0.4
-1.31 -0.395
-1.13 -0.535
-1.38 -0.72
-1.64 -0.885
-1.54 -0.775
-1.23 -0.55
-1.7 -0.85
-1.49 -0.81
-1.51 -0.815
-1.48 -0.77
-1.52 -0.74
-1.32 -0.735
-1.53 -0.825
-1.36 -0.74
-1.48 -0.77
-1.4 -0.67
-1.29 -0.685
-1.39 -0.77
-1.42 -0.75
-1.4 -0.75
-1.47 -0.835
-1.26 -0.64
-1.46 -0.53
-1.3 -0.475
-1.27 -0.45
-1.31 -0.59
-1.38 -0.73
-1.64 -0.885
-1.6 -0.845
-1.41 -0.765
-1.3 -0.59
-1.23 -0.605
-1.26 -0.585
-1.25 -0.605
-1.33 -0.45
-1.36 -0.5
-1.21 -0.625
-1.62 -0.855
-1.5 -0.82
-1.47 -0.815
-1.61 -0.845
-1.51 -0.725
-1.3 -0.675
-1.56 -0.87
-1.53 -0.83
-1.47 -0.81
-1.31 -0.725
-1.53 -0.725
-1.26 -0.605
-1.17 -0.54
-1.3 -0.35
-1.22 -0.545
-1.5 -0.745
-1.55 -0.87
-1.51 -0.805
-1.58 -0.8
-1.5 -0.71
-1.53 -0.825
-1.33 -0.7
-1.34 -0.655
-1.34 -0.56
-1.42 -0.7
-1.49 -0.785
-1.7 -0.92
-1.43 -0.775
-1.48 -0.815
-1.34 -0.67
-1.19 -0.53
-1.28 -0.59
-1.46 -0.685
-1.53 -0.775
-1.15 -0.635
-1.54 -0.77
-1.32 -0.705
-1.55 -0.82
-1.51 -0.775
-1.52 -0.81
-1.5 -0.77
-1.33 -0.76
-1.29 -0.7
-1.42 -0.69
-1.53 -0.78
-1.5 -0.77
-1.53 -0.825
-1.35 -0.655
-1.4 -0.64
-1.49 -0.725
-1.52 -0.82
-1.3 -0.47
-1.36 -0.465
-1.31 -0.525
-1.3 -0.745
-1.44 -0.77
-1.32 -0.62
-1.32 -0.43
-1.33 -0.4
-1.59 -0.78
-1.26 -0.4
-1.24 -0.63
-1.06 -0.485
-1.41 -0.74
-1.4 -0.665
-1.08 -0.5
-1.31 -0.55
-1.38 -0.655
-1.34 -0.675
-1.6 -0.87
-1.62 -0.87
-1.4 -0.76
-1.55 -0.86
-1.46 -0.81
-1.43 -0.785
-1.28 -0.715
-1.36 -0.765
-1.58 -0.85
-1.54 -0.85
-1.29 -0.715
-1.3 -0.68
-1.42 -0.79
-1.44 -0.725
-1.47 -0.805
-1.3 -0.645
-1.24 -0.53
-1.05 -0.325
-1.33 -0.685
-1.52 -0.77
-1.27 -0.655
-1.35 -0.645
-1.49 -0.62
-1.24 -0.42
-1.41 -0.67
-1.55 -0.745
-1.54 -0.785
-1.42 -0.645
-1.37 -0.655
-1.55 -0.81
-1.31 -0.635
-1.36 -0.665
-1.51 -0.695
-1.57 -0.73
-1.57 -0.865
-1.48 -0.785
-1.43 -0.805
-1.56 -0.845
-1.4 -0.74
-1.55 -0.86
-1.29 -0.67
-1.29 -0.65
-1.16 -0.41
-1.32 -0.625
-1.42 -0.7
-1.64 -0.865
-1.46 -0.72
-1.36 -0.56
-1.42 -0.77
-1.27 -0.675
-1.45 -0.72
-1.23 -0.69
-1.56 -0.87
-1.4 -0.595
-1.3 -0.465
-1.21 -0.56
-1.44 -0.67
-1.37 -0.71
-1.41 -0.725
-1.35 -0.595
-1.43 -0.765
-1.5 -0.81
-1.38 -0.635
-1.32 -0.605
-1.33 -0.74
-1.47 -0.795
-1.44 -0.73
-1.22 -0.61
-1.28 -0.655
-1.39 -0.585
-1.37 -0.695
-1.58 -0.87
-1.62 -0.87
-1.53 -0.85
-1.37 -0.755
-1.34 -0.72
-1.6 -0.845
-1.64 -0.885
-1.63 -0.885
-1.43 -0.735
-1.56 -0.84
-1.51 -0.71
-1.76 -0.93
-1.59 -0.845
-1.5 -0.755
-1.08 -0.635
-1.58 -0.785
-1.24 -0.565
-1.56 -0.865
-1.39 -0.79
-1.34 -0.74
-1.36 -0.715
-1.42 -0.81
-1.45 -0.76
-1.48 -0.775
-1.58 -0.86
-1.51 -0.805
-1.54 -0.83
-1.51 -0.805
-1.43 -0.715
-1.01 -0.41
-1.41 -0.75
-1.3 -0.555
-1.15 -0.57
-1.27 -0.685
-1.33 -0.66
-1.44 -0.785
-1.48 -0.835
-1.42 -0.725
-1.46 -0.65
-1.11 -0.505
-1.53 -0.84
-1.42 -0.725
-1.41 -0.75
-1.38 -0.685
-1.61 -0.87
-1.54 -0.815
-1.22 -0.625
-1.35 -0.59
-1.33 -0.665
-1.42 -0.735
-1.69 -0.905
-1.44 -0.655
-1.55 -0.79
-1.26 -0.625
-1.55 -0.805
-1.31 -0.655
-1.43 -0.725
-1.45 -0.665
-1.34 -0.685
-1.38 -0.64
-1.25 -0.575
-1.17 -0.515
-1.34 -0.57
-1.46 -0.69
-1.35 -0.65
-1.05 -0.265
-1.01 -0.37
-1.12 -0.465
-1.49 -0.76
-1.36 -0.7
-1.53 -0.78
-1.46 -0.715
-1.26 -0.49
-1.29 -0.54
-1.32 -0.675
-1.26 -0.65
-1.41 -0.65
-1.26 -0.51
-1.28 -0.61
-1.23 -0.6
-1.41 -0.66
-1.41 -0.495
-1.33 -0.48
-1.23 -0.42
-1.24 -0.57
-1.45 -0.76
-1.28 -0.685
-1.3 -0.63
-1.27 -0.695
-1.46 -0.705
-1.24 -0.515
-1.25 -0.59
-1.59 -0.84
-1.48 -0.765
-1.39 -0.6
-1.32 -0.63
-1.37 -0.73
-1.31 -0.56
-1.34 -0.66
-1.42 -0.765
-1.56 -0.81
-1.23 -0.6
-1.41 -0.7
-1.38 -0.485
-1.38 -0.68
-1.42 -0.665
-1.34 -0.65
-1.37 -0.735
-1.41 -0.765
-1.26 -0.51
-0.99 -0.22
-1.3 -0.27
-1.11 -0.25
-1.23 -0.395
-1.35 -0.28
-1.32 -0.51
-1.23 -0.385
-1.17 -0.375
-1.11 -0.155
-1.15 -0.265
-1.09 -0.225
-1.18 -0.16
-1.21 -0.025
-1.25 -0.27
-1.38 -0.27
-1.12 0.055
-1.25 0.02
-1.24 0.245
-1.12 0.12
-1.16 0.185
-1.14 0.325
-1.25 0.59
-1.68 0.84
-1.35 0.635
-1.3 0.535
-1.35 0.52
-1.29 0.47
-1.45 0.78
-1.38 0.71
-1.53 0.79
-1.58 0.815
-1.53 0.83
-1.56 0.86
-1.46 0.775
-1.62 0.85
-1.4 0.765
-1.2 0.62
-1.23 0.575
-1.45 0.76
-1.32 0.705
-1.5 0.76
-1.42 0.685
-1.48 0.74
-1.49 0.81
-1.55 0.845
-1.43 0.755
-1.36 0.61
-1.34 0.52
-1.27 0.38
-1.24 0.425
-1.16 0.53
-1.28 0.47
-1.27 0.275
-1.22 0.275
-1.25 0.185
-1.24 0.19
-1.18 0.375
-1.03 0.215
-1.34 0.36
-1.37 0.41
-1.29 0.355
-1.27 0.48
-1.16 0.365
-1.25 0.475
-1.54 0.735
-1.39 0.73
-1.35 0.655
-1.41 0.785
-1.4 0.75
-1.37 0.71
-1.36 0.615
-1.35 0.68
-1.38 0.62
-1.39 0.72
-1.45 0.71
-1.5 0.755
-1.39 0.72
-1.24 0.555
-1.26 0.595
-1.53 0.815
-1.35 0.64
-1.46 0.765
-1.31 0.725
-1.34 0.69
-1.3 0.725
-1.55 0.85
-1.34 0.765
-1.25 0.64
-1.17 0.62
-1.54 0.805
-1.72 0.915
-1.34 0.7
-1.32 0.59
-1.35 0.65
-1.59 0.84
-1.5 0.825
-1.48 0.77
-1.4 0.675
-1.42 0.735
-1.41 0.74
-1.25 0.665
-1.47 0.75
-1.23 0.625
-1.66 0.89
-1.47 0.815
-1.73 0.905
-1.52 0.83
-1.47 0.82
-1.64 0.855
-1.56 0.83
-1.35 0.69
-1.42 0.72
-1.17 0.635
-1.79 0.945
-1.53 0.835
-1.31 0.695
-1.4 0.77
-1.28 0.58
-1.5 0.76
-1.77 0.86
-1.43 0.69
-1.28 0.655
-1.41 0.595
-1.26 0.66
-1.39 0.73
-1.47 0.775
-1.54 0.765
-1.27 0.61
-1.54 0.835
-1.75 0.935
-1.37 0.72
-1.46 0.8
-1.35 0.735
-1.52 0.785
-1.55 0.82
-1.43 0.77
-1.4 0.81
-1.52 0.84
-1.47 0.74
-1.36 0.56
-1.54 0.755
-1.31 0.66
-1.27 0.525
-1.37 0.625
-1.31 0.605
-1.24 0.615
-1.16 0.24
-1.24 0.32
-1.18 0.225
-1.32 0.38
-1.27 0.41
-1.3 0.525
-1.39 0.575
-1.24 0.445
-1.34 0.545
-1.22 0.55
-1.19 0.41
-1.22 0.275
-1.3 0.32
-1.31 0.38
-0.97 0.13
-1.28 0.11
-1.28 0.23
-1.06 0.08
-1.19 0.04
-1.42 0.2
-1.25 0.235
-1.33 0.4
-1.38 0.575
-1.17 0.56
-1.35 0.675
-1.4 0.76
-1.47 0.61
-1.37 0.695
-1.3 0.68
-1.35 0.675
-1.15 0.405
-1.27 0.46
-1.17 0.55
-1.5 0.78
-1.57 0.835
-1.3 0.62
-1.42 0.765
-1.23 0.655
-1.26 0.685
-1.08 0.395
-1.4 0.435
-1.3 0.5
-1.15 0.395
-1.23 0.38
-1.29 0.595
-1.31 0.525
-1.37 0.72
-1.44 0.745
-1.56 0.85
-1.5 0.82
-1.49 0.82
-1.46 0.775
-1.62 0.865
-1.67 0.88
-1.64 0.88
-1.56 0.845
-1.44 0.78
-1.52 0.835
-1.45 0.785
-1.29 0.725
-1.38 0.76
-1.55 0.815
-1.41 0.735
-1.53 0.83
-1.48 0.76
-1.57 0.82
-1.49 0.82
-1.31 0.705
-1.55 0.77
-1.5 0.785
-1.39 0.75
-1.51 0.79
-1.17 0.58
-1.44 0.73
-1.53 0.78
-1.59 0.835
-1.56 0.83
-1.53 0.865
-1.25 0.73
-1.53 0.825
-1.45 0.785
-1.55 0.84
-1.55 0.835
-1.51 0.795
-1.55 0.84
-1.26 0.675
-1.42 0.775
-1.5 0.77
-1.48 0.805
-1.62 0.86
-1.51 0.76
-1.62 0.89
-1.54 0.825
-1.57 0.875
-1.51 0.79
-1.54 0.82
-1.59 0.875
-1.45 0.77
-1.57 0.84
-1.5 0.845
-1.43 0.8
-1.33 0.7
-1.58 0.85
-1.68 0.905
-1.62 0.865
-1.4 0.76
-1.7 0.895
-1.48 0.78
-1.59 0.78
-1.58 0.8
-1.32 0.62
-1.43 0.705
-1.49 0.555
-1.27 0.485
-1.27 0.525
-1.29 0.63
-1.32 0.595
-1.5 0.575
-1.48 0.58
-1.14 0.475
-1.22 0.29
-1.18 0.275
-1.16 0.29
-1.29 0.47
-1.3 0.34
-1.19 0.39
-1.26 0.585
-1.44 0.795
-1.29 0.675
-1.47 0.66
-1.46 0.72
-1.57 0.82
-1.54 0.83
-1.81 0.945
-1.52 0.795
-1.44 0.735
-1.38 0.695
-1.51 0.795
-1.41 0.68
-1.29 0.605
-1.3 0.425
-1.4 0.395
-1.19 0.175
-1.34 0.32
-1.35 0.65
-1.26 0.61
-1.28 0.68
-1.56 0.795
-1.4 0.725
-1.18 0.435
-1.27 0.34
-1.26 0.375
-1.35 0.375
-1.24 0.33
-1.17 0.245
-1.13 0.2
-1.34 0.06
-1.29 0.135
-1.27 -0.09
-1.14 -0.09
-1.19 0.09
-1.29 0.365
-1.45 0.11
-1.41 -0.09
-1.21 0.205
-1.16 0.01
-1.09 -0.07
-1.26 0.035
-1.21 0.13
-1.34 0.195
-1.32 0.355
-1.22 0.44
-1.45 0.56
-1.48 0.735
-1.57 0.83
-1.27 0.59
-1.38 0.76
-1.62 0.865
-1.29 0.645
-1.18 0.585
-1.28 0.67
-1.53 0.79
-1.54 0.755
-1.57 0.805
-1.48 0.785
-1.19 0.595
-1.45 0.6
-1.48 0.67
-1.38 0.75
-1.58 0.835
-1.38 0.72
-1.38 0.77
-1.24 0.535
-1.28 0.38
-1.02 0.16
-1.13 0.2
-1.23 0.3
-1.05 0.33
-1.05 0.165
-1.03 0.31
-1.17 0.43
-1.2 0.225
-1.17 0.305
-1.28 0.275
-1.17 0.29
-1.2 0.35
-1.11 0.38
-1.11 0.475
-1.18 0.285
-1.33 0.525
-1.35 0.5
-1.36 0.63
-1.25 0.66
-1.39 0.665
-1.33 0.61
-1.31 0.63
-1.37 0.635
-1.55 0.7
-1.28 0.515
-1.31 0.47
-1.39 0.705
