-1.31 -0.09
-1.08 0.15
-1.27 0.095
-1.16 0.05
-1.14 0.355
-1.24 0.27
-1.32 0.45
-1.22 0.095
-1.36 -0.165
-1.19 -0.21
-1.14 -0.115
-1.31 -0.355
-1.3 -0.41
-1.41 -0.49
-1.55 -0.82
-1.66 -0.895
-1.64 -0.87
-1.59 -0.815
-1.33 -0.635
-1.45 -0.72
-1.42 -0.695
-1.44 -0.755
-1.58 -0.86
-1.52 -0.84
-1.38 -0.735
-1.48 -0.81
-1.59 -0.87
-1.55 -0.85
-1.67 -0.87
-1.53 -0.83
-1.44 -0.8
-1.54 -0.78
-1.5 -0.75
-1.42 -0.71
-1.52 -0.815
-1.47 -0.755
-1.5 -0.8
-1.44 -0.68
-1.52 -0.54
-1.16 -0.405
-1.35 -0.475
-1.52 -0.71
-1.17 -0.37
-1.22 -0.475
-1.1 -0.515
-1.22 -0.525
-1.44 -0.52
-1.39 -0.765
-1.55 -0.855
-1.51 -0.79
-1.59 -0.75
-1.57 -0.845
-1.48 -0.805
-1.35 -0.69
-1.39 -0.63
-1.54 -0.81
-1.43 -0.725
-1.19 -0.63
-1.58 -0.865
-1.43 -0.78
-1.4 -0.75
-1.5 -0.695
-1.44 -0.78
-1.28 -0.57
-1.21 -0.395
-1.19 -0.275
-1.25 -0.23
-1.3 -0.33
-1.39 -0.44
-1.16 -0.265
-1.26 -0.1
-1.21 -0.18
-1.36 -0.035
-1.13 -0.085
-1.18 -0.325
-1.21 -0.255
-1.12 -0.405
-1.28 -0.305
-1.15 -0.33
-1.27 -0.44
-1.21 -0.5
-1.43 -0.725
-1.52 -0.835
-1.44 -0.78
-1.69 -0.895
-1.64 -0.87
-1.4 -0.75
-1.48 -0.715
-1.55 -0.795
-1.34 -0.695
-1.37 -0.755
-1.23 -0.56
-1.22 -0.67
-1.49 -0.77
-1.62 -0.85
-1.52 -0.82
-1.3 -0.585
-1.26 -0.535
-1.32 -0.335
-1.32 -0.42
-1.4 -0.48
-1.44 -0.54
-1.34 -0.66
-1.65 -0.88
-1.66 -0.88
-1.66 -0.88
-1.63 -0.86
-1.54 -0.795
-1.4 -0.72
-1.48 -0.755
-1.48 -0.79
-1.54 -0.835
-1.3 -0.715
-1.58 -0.745
-1.51 -0.83
-1.53 -0.83
-1.68 -0.91
-1.51 -0.8
-1.58 -0.84
-1.69 -0.91
-1.61 -0.855
-1.63 -0.83
-1.64 -0.88
-1.5 -0.79
-1.35 -0.72
-1.45 -0.775
-1.64 -0.88
-1.64 -0.89
-1.67 -0.895
-1.61 -0.88
-1.36 -0.705
-1.2 -0.62
-1.49 -0.73
-1.59 -0.86
-1.27 -0.525
-1.33 -0.505
-1.39 -0.555
-1.29 -0.73
-1.4 -0.755
-1.58 -0.815
-1.41 -0.795
-1.64 -0.885
-1.46 -0.775
-1.52 -0.82
-1.36 -0.69
-1.47 -0.75
-1.16 -0.5
-1.42 -0.68
-1.25 -0.565
-1.25 -0.69
-1.32 -0.64
-1.51 -0.74
-1.32 -0.755
-1.54 -0.835
-1.29 -0.64
-1.61 -0.84
-1.65 -0.875
-1.81 -0.94
-1.71 -0.89
-1.59 -0.855
-1.63 -0.84
-1.25 -0.59
-1.44 -0.615
-1.71 -0.885
-1.52 -0.78
-1.49 -0.835
-1.29 -0.76
-1.33 -0.665
-1.27 -0.635
-1.27 -0.635
-1.57 -0.86
-1.3 -0.68
-1.57 -0.865
-1.39 -0.78
-1.6 -0.86
-1.3 -0.725
-1.18 -0.575
-1.46 -0.69
-1.27 -0.635
-1.23 -0.41
-1.27 -0.535
-1.49 -0.81
-1.61 -0.845
-1.57 -0.855
-1.59 -0.735
-1.47 -0.77
-1.37 -0.73
-1.55 -0.825
-1.58 -0.855
-1.39 -0.755
-1.32 -0.75
-1.6 -0.82
-1.65 -0.87
-1.65 -0.855
-1.44 -0.685
-1.54 -0.85
-1.59 -0.855
-1.3 -0.74
-1.56 -0.85
-1.39 -0.75
-1.48 -0.805
-1.33 -0.68
-1.45 -0.755
-1.46 -0.735
-1.6 -0.87
-1.65 -0.89
-1.46 -0.805
-1.54 -0.84
-1.53 -0.83
-1.58 -0.85
-1.36 -0.74
-1.58 -0.81
-1.54 -0.79
-1.6 -0.855
-1.2 -0.43
-1.5 -0.78
-1.47 -0.695
-1.34 -0.68
-1.55 -0.84
-1.49 -0.735
-1.35 -0.69
-1.55 -0.82
-1.48 -0.78
-1.65 -0.835
-1.44 -0.745
-1.36 -0.595
-1.55 -0.815
-1.46 -0.715
-1.41 -0.675
-1.42 -0.745
-1.58 -0.85
-1.58 -0.815
-1.3 -0.67
-1.34 -0.67
-1.45 -0.8
-1.26 -0.68
-1.44 -0.78
-1.33 -0.69
-1.37 -0.73
-1.56 -0.77
-1.48 -0.825
-1.48 -0.825
-1.56 -0.855
-1.49 -0.775
-1.32 -0.685
-1.33 -0.73
-1.43 -0.8
-1.57 -0.855
-1.65 -0.865
-1.48 -0.78
-1.46 -0.795
-1.4 -0.78
-1.59 -0.86
-1.58 -0.83
-1.35 -0.65
-1.34 -0.59
-1.25 -0.545
-1.43 -0.765
-1.39 -0.695
-1.26 -0.55
-1.21 -0.565
-1.23 -0.665
-1.53 -0.845
-1.39 -0.72
-1.5 -0.83
-1.48 -0.79
-1.34 -0.7
-1.57 -0.805
-1.45 -0.75
-1.57 -0.83
-1.39 -0.65
-1.69 -0.855
-1.18 -0.555
-1.28 -0.285
-1.39 -0.515
-1.32 -0.31
-1.12 -0.11
-1.37 -0.1
-1.18 0.18
-1.25 0.165
-1.3 0.325
-1.27 0.17
-1.14 -0.08
-1.23 -0.43
-1.33 -0.625
-1.31 -0.6
-1.15 -0.465
-1.41 -0.58
-1.28 -0.495
-1.29 -0.585
-1.32 -0.56
-1.41 -0.79
-1.17 -0.585
-1.35 -0.745
-1.23 -0.565
-1.38 -0.715
-1.33 -0.72
-1.55 -0.855
-1.32 -0.705
-1.28 -0.645
-1.62 -0.785
-1.52 -0.815
-1.57 -0.775
-1.57 -0.83
-1.38 -0.715
-1.42 -0.79
-1.28 -0.705
-1.34 -0.74
-1.54 -0.78
-1.25 -0.665
-1.37 -0.685
-1.36 -0.595
-1.27 -0.49
-1.37 -0.48
-1.24 -0.545
-1.4 -0.71
-1.49 -0.81
-1.46 -0.79
-1.68 -0.9
-1.7 -0.91
-1.51 -0.815
-1.6 -0.835
-1.43 -0.775
-1.55 -0.815
-1.33 -0.74
-1.52 -0.8
-1.48 -0.735
-1.56 -0.83
-1.6 -0.82
-1.45 -0.75
-1.25 -0.605
-1.14 -0.555
-1.33 -0.535
-1.25 -0.6
-1.51 -0.74
-1.42 -0.725
-1.53 -0.77
-1.38 -0.695
-1.37 -0.645
-1.29 -0.525
-1.48 -0.765
-1.54 -0.855
-1.6 -0.87
-1.49 -0.815
-1.3 -0.745
-1.41 -0.73
-1.56 -0.815
-1.64 -0.865
-1.68 -0.855
-1.49 -0.815
-1.59 -0.825
-1.7 -0.91
-1.78 -0.89
-1.38 -0.595
-1.5 -0.69
-1.52 -0.735
-1.61 -0.86
-1.51 -0.82
-1.63 -0.845
-1.38 -0.78
-1.51 -0.8
-1.5 -0.65
-1.54 -0.795
-1.71 -0.91
-1.54 -0.78
-1.52 -0.78
-1.61 -0.84
-1.45 -0.79
-1.3 -0.715
-1.45 -0.79
-1.23 -0.575
-1.49 -0.79
-1.54 -0.765
-1.31 -0.66
-1.26 -0.605
-1.45 -0.715
-1.48 -0.75
-1.41 -0.705
-1.44 -0.775
-1.38 -0.77
-1.54 -0.775
-1.39 -0.69
-1.46 -0.715
-1.33 -0.57
-1.34 -0.54
-1.53 -0.81
-1.5 -0.79
-1.45 -0.7
-1.5 -0.655
-1.34 -0.525
-1.41 -0.585
-1.21 -0.345
-1.14 -0.225
-1.09 -0.1
-1.19 0.02
-1.27 -0.14
-1.35 -0.355
-1.22 -0.185
-1.09 -0.215
-1.26 -0.175
-1.29 -0.165
-1.1 0.135
-1.23 0.025
-1.23 0.02
-1.24 0.19
-1.31 0.11
-1.25 0.31
-1.35 0.35
-1.21 0.335
-1.19 0.265
-1.18 0.245
-1.37 0.22
-1.13 0.1
-1.31 0.035
-1.38 0.28
-1.27 0.355
-1.15 0.33
-1.21 0.345
-1.12 0.06
-1.27 0.39
-1.43 0.625
-1.36 0.6
-1.48 0.675
-1.48 0.76
-1.62 0.87
-1.58 0.875
-1.46 0.82
-1.53 0.82
-1.36 0.685
-1.37 0.72
-1.27 0.695
-1.39 0.56
-1.42 0.57
-1.32 0.51
-1.19 0.51
-1.14 0.465
-1.25 0.505
-1.26 0.35
-1.22 0.285
-1.44 0.42
-1.18 0.155
-1 0.105
-1.19 0.12
-1.35 0.31
-1.6 0.715
-1.5 0.665
-1.35 0.52
-1.48 0.525
-1.32 0.59
-1.2 0.49
-1.11 0.19
-1.16 0.06
-1.25 0.01
-1.12 0.09
-1.19 -0.02
-1.32 -0.205
-1.18 -0.255
-1.39 -0.23
-1.36 -0.42
-1.33 -0.48
-1.18 -0.315
-1.15 -0.44
-1.5 -0.805
-1.63 -0.865
-1.51 -0.805
-1.65 -0.895
-1.57 -0.84
-1.37 -0.675
-1.33 -0.685
-1.61 -0.87
-1.31 -0.7
-1.31 -0.67
-1.29 -0.68
-1.56 -0.81
-1.49 -0.735
-1.56 -0.865
-1.42 -0.815
-1.57 -0.86
-1.5 -0.78
-1.24 -0.64
-1.43 -0.74
-1.42 -0.725
-1.44 -0.665
-1.49 -0.815
-1.51 -0.805
-1.49 -0.78
-1.32 -0.595
-1.27 -0.58
-1.3 -0.595
-1.51 -0.785
-1.55 -0.84
-1.29 -0.76
-1.13 -0.46
-1.11 -0.32
-1.33 -0.5
-1.3 -0.68
-1.45 -0.79
-1.59 -0.885
-1.45 -0.8
-1.38 -0.79
-1.4 -0.795
-1.37 -0.675
-1.2 -0.575
-1.37 -0.575
-1.22 -0.38
-1.39 -0.64
-1.35 -0.725
-1.46 -0.75
-1.33 -0.685
-1.4 -0.78
-1.61 -0.815
-1.45 -0.75
-1.43 -0.705
-1.54 -0.85
-1.45 -0.78
-1.39 -0.79
-1.42 -0.77
-1.55 -0.845
-1.6 -0.865
-1.4 -0.72
-1.5 -0.79
-1.4 -0.685
-1.45 -0.77
-1.42 -0.75
-1.59 -0.8
-1.51 -0.835
-1.42 -0.72
-1.53 -0.79
-1.44 -0.67
-1.39 -0.635
-1.26 -0.415
-1.08 -0.31
-1.23 -0.385
-1.21 -0.5
-1.39 -0.755
-1.66 -0.875
-1.5 -0.835
-1.28 -0.69
-1.55 -0.85
-1.48 -0.82
-1.41 -0.795
-1.63 -0.875
-1.67 -0.88
-1.59 -0.86
-1.59 -0.86
-1.45 -0.735
-1.63 -0.865
-1.31 -0.68
-1.51 -0.78
-1.69 -0.87
-1.67 -0.895
-1.61 -0.845
-1.7 -0.9
-1.44 -0.71
-1.45 -0.64
-1.37 -0.585
-1.28 -0.54
-1.36 -0.545
-1.21 -0.63
-1.73 -0.92
-1.51 -0.75
-1.48 -0.835
-1.34 -0.71
-1.48 -0.795
-1.46 -0.825
-1.49 -0.78
-1.49 -0.78
-1.24 -0.565
-1.42 -0.745
-1.63 -0.875
-1.45 -0.805
-1.39 -0.73
-1.45 -0.765
-1.47 -0.775
-1.4 -0.665
-1.2 -0.5
-1.4 -0.655
-1.23 -0.46
-1.3 -0.36
-1.27 -0.095
-1.3 -0.455
-1.23 -0.305
-1.09 -0.27
-1.2 -0.4
-1.55 -0.745
-1.29 -0.66
-1.36 -0.6
-1.38 -0.635
-1.38 -0.76
-1.31 -0.68
-1.42 -0.78
-1.42 -0.725
-1.52 -0.785
-1.28 -0.615
-1.43 -0.705
-1.47 -0.81
-1.43 -0.74
-1.32 -0.56
-1.42 -0.705
-1.49 -0.78
-1.53 -0.745
-1.34 -0.74
-1.62 -0.82
-1.51 -0.84
-1.54 -0.775
-1.5 -0.79
-1.5 -0.755
-1.52 -0.81
-1.54 -0.82
-1.34 -0.665
-1.32 -0.605
-1.39 -0.69
-1.26 -0.57
-1.47 -0.655
-1.4 -0.735
-1.29 -0.695
-1.49 -0.785
-1.44 -0.765
-1.54 -0.865
-1.63 -0.815
-1.58 -0.805
-1.64 -0.885
-1.46 -0.74
-1.45 -0.755
-1.32 -0.625
-1.4 -0.79
-1.49 -0.815
-1.42 -0.79
-1.59 -0.845
-1.37 -0.73
-1.34 -0.57
-1.55 -0.82
-1.72 -0.91
-1.47 -0.775
-1.57 -0.805
-1.45 -0.795
-1.53 -0.82
-1.46 -0.785
-1.59 -0.775
-1.56 -0.8
-1.7 -0.905
-1.63 -0.87
-1.43 -0.78
-1.58 -0.81
-1.48 -0.69
-1.39 -0.64
-1.22 -0.39
-1.44 -0.42
-1.33 -0.39
-1.36 -0.505
-1.52 -0.845
-1.51 -0.805
-1.47 -0.685
-1.46 -0.705
-1.44 -0.77
-1.4 -0.735
-1.62 -0.855
-1.53 -0.83
-1.37 -0.74
-1.49 -0.74
-1.43 -0.54
-1.49 -0.795
-1.59 -0.875
-1.55 -0.81
-1.46 -0.775
-1.38 -0.56
-1.26 -0.43
-1.32 -0.63
-1.32 -0.58
-1.33 -0.635
-1.6 -0.85
-1.61 -0.8
-1.47 -0.75
-1.42 -0.615
-1.49 -0.765
-1.46 -0.72
-1.19 -0.52
-1.53 -0.685
-1.32 -0.67
-1.57 -0.81
-1.65 -0.835
-1.52 -0.81
-1.52 -0.825
-1.3 -0.72
-1.33 -0.645
-1.27 -0.455
-1.25 -0.575
-1.15 -0.37
-1.14 -0.145
-1.4 -0.195
-1.29 -0.33
-1.29 -0.48
-1.24 -0.41
-1.43 -0.33
-1.36 -0.545
-1.49 -0.695
-1.52 -0.765
-1.68 -0.89
-1.43 -0.75
-1.63 -0.83
-1.5 -0.8
-1.48 -0.78
-1.53 -0.76
-1.54 -0.85
-1.5 -0.81
-1.5 -0.8
-1.32 -0.675
-1.53 -0.805
-1.49 -0.795
-1.3 -0.63
-1.35 -0.73
-1.47 -0.765
-1.36 -0.67
-1.18 -0.555
-1.38 -0.615
-1.26 -0.68
-1.45 -0.795
-1.53 -0.79
-1.54 -0.83
-1.63 -0.835
-1.45 -0.835
-1.29 -0.73
-1.45 -0.615
-1.36 -0.535
-1.42 -0.53
-1.46 -0.675
-1.45 -0.7
-1.44 -0.77
-1.27 -0.53
-1.44 -0.635
-1.31 -0.67
-1.36 -0.735
-1.6 -0.875
-1.6 -0.835
-1.62 -0.835
-1.5 -0.73
-1.37 -0.67
-1.39 -0.66
-1.45 -0.715
-1.46 -0.68
-1.35 -0.685
-1.25 -0.595
-1.32 -0.485
-1.31 -0.585
-1.16 -0.45
-1.18 -0.53
-1.43 -0.72
-1.28 -0.685
-1.48 -0.705
-1.47 -0.765
-1.52 -0.805
-1.42 -0.8
-1.39 -0.73
-1.53 -0.82
-1.47 -0.815
-1.5 -0.76
-1.32 -0.55
-1.34 -0.6
-1.32 -0.7
-1.41 -0.715
-1.49 -0.755
-1.51 -0.79
-1.36 -0.71
-1.37 -0.78
-1.28 -0.675
-1.42 -0.575
-1.2 -0.545
-1.29 -0.575
-1.46 -0.695
-1.34 -0.605
-1.4 -0.685
-1.42 -0.73
-1.25 -0.585
-1.38 -0.495
-1.31 -0.635
-1.47 -0.79
-1.42 -0.69
-1.47 -0.755
-1.52 -0.8
-1.75 -0.925
-1.68 -0.89
-1.57 -0.845
-1.48 -0.715
-1.18 -0.6
-1.43 -0.6
-1.38 -0.535
-1.46 -0.675
-1.52 -0.865
-1.43 -0.78
-1.64 -0.835
-1.52 -0.84
-1.38 -0.765
-1.37 -0.8
-1.43 -0.72
-1.56 -0.83
-1.51 -0.77
-1.57 -0.785
-1.33 -0.715
-1.55 -0.795
-1.65 -0.895
-1.54 -0.815
-1.51 -0.815
-1.43 -0.7
-1.26 -0.65
-1.3 -0.495
-1.33 -0.54
-1.42 -0.615
-1.1 -0.42
-1.32 -0.495
-1.08 -0.545
-1.49 -0.8
-1.31 -0.725
-1.27 -0.57
-1.66 -0.9
-1.64 -0.89
-1.47 -0.82
-1.54 -0.8
-1.1 -0.355
-1.1 -0.14
-1.26 0.02
-1.23 -0.405
-1.25 -0.26
-1.27 -0.29
-1.38 -0.495
-1.39 -0.545
-1.24 -0.435
-1.24 -0.42
-1.21 -0.5
-1.38 -0.75
-1.57 -0.87
-1.56 -0.79
-1.41 -0.715
-1.51 -0.805
-1.33 -0.705
-1.66 -0.89
-1.59 -0.83
-1.4 -0.685
-1.58 -0.855
-1.5 -0.785
-1.36 -0.695
-1.16 -0.44
-1.46 -0.805
-1.63 -0.86
-1.49 -0.745
-1.36 -0.71
-1.61 -0.855
-1.57 -0.845
-1.6 -0.835
-1.52 -0.83
-1.52 -0.78
-1.39 -0.735
-1.58 -0.79
-1.23 -0.655
-1.53 -0.815
-1.29 -0.7
-1.41 -0.79
-1.35 -0.665
-1.46 -0.72
-1.45 -0.79
-1.33 -0.625
-1.39 -0.755
-1.31 -0.62
-1.71 -0.9
-1.65 -0.835
-1.62 -0.885
-1.44 -0.76
-1.44 -0.795
-1.66 -0.86
-1.54 -0.8
-1.41 -0.82
-1.48 -0.825
-1.36 -0.755
-1.3 -0.615
-1.48 -0.66
-1.6 -0.885
-1.52 -0.795
-1.62 -0.855
-1.48 -0.78
-1.63 -0.875
-1.53 -0.815
-1.53 -0.84
-1.4 -0.7
-1.3 -0.67
-1.52 -0.785
-1.56 -0.805
-1.54 -0.84
-1.75 -0.92
-1.56 -0.825
-1.58 -0.88
-1.39 -0.805
-1.42 -0.765
-1.41 -0.775
-1.44 -0.83
-1.41 -0.765
-1.56 -0.835
-1.43 -0.725
-1.33 -0.465
-1.38 -0.415
-1.32 -0.505
-1.24 -0.545
-1.26 -0.575
-1.46 -0.735
-1.26 -0.655
-1.51 -0.79
-1.44 -0.73
-1.47 -0.8
-1.65 -0.89
-1.61 -0.865
-1.61 -0.885
-1.42 -0.815
-1.57 -0.805
-1.37 -0.63
-1.27 -0.6
-1.53 -0.805
-1.32 -0.61
-1.45 -0.72
-1.43 -0.595
-1.33 -0.55
-1.4 -0.64
-1.33 -0.76
-1.42 -0.755
-1.5 -0.78
-1.78 -0.93
-1.56 -0.78
-1.49 -0.795
-1.58 -0.81
-1.54 -0.86
-1.63 -0.855
-1.62 -0.865
-1.53 -0.825
-1.41 -0.765
-1.61 -0.88
-1.48 -0.815
-1.54 -0.835
-1.54 -0.805
-1.35 -0.625
-1.39 -0.465
-1.32 -0.6
-1.42 -0.735
-1.31 -0.575
-1.36 -0.615
-1.41 -0.62
-1.55 -0.785
-1.5 -0.695
-1.57 -0.825
-1.36 -0.67
-1.18 -0.47
-1.15 -0.18
-1.11 -0.01
-1.29 0.365
-1.42 0.69
-1.37 0.55
-1.4 0.53
-1.38 0.59
-1.38 0.68
-1.51 0.805
-1.3 0.69
-1.43 0.68
-1.35 0.585
-1.54 0.835
-1.5 0.82
-1.58 0.825
-1.53 0.8
-1.43 0.78
-1.56 0.81
-1.52 0.82
-1.45 0.78
-1.48 0.765
-1.44 0.67
-1.57 0.82
-1.52 0.86
-1.66 0.89
-1.63 0.89
-1.5 0.825
-1.38 0.725
-1.51 0.815
-1.5 0.795
-1.49 0.81
-1.49 0.74
-1.48 0.825
-1.43 0.7
-1.65 0.89
-1.44 0.705
-1.44 0.66
-1.27 0.645
-1.46 0.8
-1.61 0.845
-1.46 0.69
-1.6 0.84
-1.35 0.775
-1.55 0.85
-1.57 0.825
-1.4 0.795
-1.36 0.77
-1.6 0.88
-1.48 0.815
-1.6 0.85
-1.59 0.84
-1.36 0.58
-1.54 0.81
-1.39 0.76
-1.4 0.685
-1.52 0.75
-1.59 0.855
-1.56 0.84
-1.67 0.865
-1.51 0.835
-1.34 0.69
-1.63 0.89
-1.7 0.895
-1.61 0.825
-1.5 0.795
-1.35 0.535
-1.35 0.705
-1.46 0.8
-1.63 0.855
-1.37 0.73
-1.7 0.89
-1.53 0.815
-1.67 0.895
-1.45 0.785
-1.55 0.845
-1.65 0.895
-1.55 0.85
-1.59 0.825
-1.48 0.75
-1.58 0.82
-1.16 0.585
-1.51 0.715
-1.62 0.875
-1.36 0.75
-1.26 0.65
-1.52 0.71
-1.59 0.765
-1.32 0.61
-1.28 0.605
-1.45 0.795
-1.39 0.7
-1.73 0.92
-1.52 0.81
-1.32 0.715
-1.37 0.71
-1.43 0.77
-1.54 0.83
-1.21 0.535
-1.42 0.78
-1.42 0.775
-1.43 0.71
-1.45 0.705
-1.51 0.81
-1.16 0.45
-1.27 0.585
-1.37 0.645
-1.23 0.645
-1.49 0.685
-1.27 0.6
-1.5 0.74
-1.45 0.73
-1.47 0.82
-1.42 0.765
-1.58 0.835
-1.58 0.875
-1.56 0.815
-1.47 0.775
-1.4 0.71
-1.42 0.72
-1.59 0.845
-1.57 0.845
-1.36 0.745
-1.45 0.81
-1.53 0.82
-1.61 0.835
-1.5 0.825
-1.49 0.835
-1.47 0.835
-1.41 0.78
-1.45 0.775
-1.44 0.775
-1.45 0.635
-1.54 0.8
-1.53 0.83
-1.62 0.845
-1.52 0.765
-1.52 0.795
-1.36 0.79
-1.55 0.79
-1.52 0.81
-1.4 0.7
-1.45 0.685
-1.45 0.78
-1.35 0.545
-1.38 0.585
-1.67 0.855
-1.38 0.785
-1.42 0.725
-1.41 0.74
-1.43 0.795
-1.52 0.825
-1.43 0.765
-1.21 0.525
-1.45 0.515
-1.48 0.525
-1.48 0.605
-1.57 0.605
-1.25 0.37
-1.27 0.375
-1.29 0.48
-1.17 0.555
-1.54 0.765
-1.56 0.815
-1.33 0.68
-1.49 0.69
-1.43 0.67
-1.25 0.42
-1.37 0.56
-1.52 0.775
-1.45 0.8
-1.4 0.74
-1.58 0.82
-1.53 0.83
-1.73 0.92
-1.68 0.9
-1.66 0.85
-1.62 0.875
-1.61 0.875
-1.54 0.75
-1.62 0.87
-1.49 0.805
-1.43 0.765
-1.5 0.8
-1.58 0.825
-1.63 0.855
-1.62 0.865
-1.36 0.77
-1.5 0.82
-1.56 0.85
-1.52 0.83
-1.28 0.56
-1.4 0.55
-1.27 0.62
-1.34 0.665
-1.51 0.59
-1.32 0.57
-1.4 0.725
-1.39 0.73
-1.45 0.765
-1.3 0.62
-1.43 0.735
-1.43 0.705
-1.33 0.68
-1.62 0.79
-1.44 0.735
-1.57 0.875
-1.64 0.875
-1.59 0.87
-1.57 0.86
-1.31 0.675
-1.38 0.75
-1.49 0.81
-1.61 0.85
-1.65 0.875
-1.36 0.705
-1.54 0.79
-1.53 0.825
-1.62 0.84
-1.64 0.88
-1.42 0.735
-1.55 0.835
-1.56 0.835
-1.52 0.815
-1.46 0.665
-1.36 0.665
-1.32 0.65
-1.36 0.64
-1.47 0.735
-1.57 0.78
-1.48 0.78
-1.38 0.525
-1.42 0.735
-1.62 0.85
-1.59 0.875
-1.29 0.695
-1.4 0.72
-1.58 0.87
-1.66 0.875
-1.67 0.79
-1.27 0.625
-1.4 0.595
-1.15 0.475
-1.25 0.66
-1.34 0.68
-1.54 0.84
-1.67 0.895
-1.58 0.82
-1.35 0.67
-1.3 0.595
-1.27 0.4
-1.19 0.39
-1.22 0.41
-1.47 0.545
-1.48 0.595
-1.25 0.54
-1.33 0.69
-1.39 0.76
-1.46 0.765
-1.48 0.75
-1.34 0.71
-1.49 0.75
-1.26 0.615
-1.35 0.615
-1.29 0.635
-1.38 0.55
-1.28 0.375
-1.25 0.535
-1.32 0.545
-1.34 0.52
-1.38 0.635
-1.33 0.6
-1.17 0.535
-1.25 0.6
-1.29 0.59
-1.34 0.335
-1.21 0.29
-1.38 0.35
-1.36 0.375
-1.18 0.25
-1.28 0.015
-1.11 -0.055
-1.15 -0.075
-1.1 0.06
-1.2 -0.05
-1.2 0.055
-1.1 -0.01
-1.17 -0.14
-1.11 -0.215
-1.25 -0.14
-1.06 -0.235
-1.28 -0.375
-1.29 -0.2
-1.2 -0.09
-1.28 -0.215
-1.39 -0.235
-1.34 -0.135
-1.33 -0.275
-1.21 -0.105
-1.3 0.09
-1.33 0.175
-1.09 0.185
-1.18 0.045
-1.19 0.23
-1.11 0.17
-1.22 0.175
-1.18 -0.055
-1.31 0.02
-1.32 -0.16
-1.22 -0.205
-1.08 -0.29
-1.38 -0.74
-1.46 -0.72
-1.34 -0.72
-1.43 -0.77
-1.61 -0.85
-1.48 -0.715
-1.48 -0.655
-1.31 -0.63
-1.47 -0.7
-1.53 -0.71
-1.17 -0.47
-1.17 -0.505
-1.17 -0.4
-1.33 -0.555
-1.49 -0.745
-1.59 -0.865
-1.78 -0.935
-1.73 -0.92
-1.35 -0.71
-1.44 -0.83
-1.64 -0.87
-1.65 -0.87
-1.47 -0.785
-1.48 -0.77
-1.43 -0.695
-1.43 -0.7
-1.18 -0.53
-1.44 -0.565
-1.22 -0.585
-1.39 -0.675
-1.4 -0.785
-1.58 -0.855
-1.6 -0.86
-1.57 -0.85
-1.61 -0.88
-1.51 -0.835
-1.54 -0.825
-1.47 -0.72
-1.67 -0.875
-1.4 -0.695
-1.32 -0.705
-1.51 -0.74
-1.39 -0.77
-1.52 -0.795
-1.48 -0.77
-1.42 -0.785
-1.49 -0.775
-1.4 -0.715
-1.42 -0.705
-1.52 -0.825
-1.6 -0.87
-1.48 -0.795
-1.7 -0.88
-1.39 -0.76
-1.43 -0.78
-1.5 -0.785
-1.46 -0.775
-1.21 -0.44
-1.3 -0.395
-1.39 -0.265
-1.12 -0.04
-1.39 0.05
-1.29 -0.11
-1.25 -0.095
-1.26 -0.22
-1.1 -0.01
-1.25 0.495
-1.28 0.5
-1.36 0.48
-1.18 0.52
-1.17 0.455
-1.19 0.32
-1.21 0.465
-1.5 0.67
-1.5 0.775
-1.48 0.775
-1.71 0.915
-1.59 0.84
-1.77 0.925
-1.49 0.815
-1.56 0.85
-1.44 0.76
-1.67 0.9
-1.6 0.885
-1.48 0.795
-1.59 0.875
-1.34 0.72
-1.59 0.87
-1.56 0.79
-1.53 0.845
-1.39 0.685
-1.39 0.735
-1.44 0.71
-1.3 0.68
-1.33 0.685
-1.47 0.73
-1.36 0.65
-1.56 0.84
-1.4 0.78
-1.35 0.73
-1.46 0.6
-1.41 0.71
-1.45 0.635
-1.38 0.66
-1.51 0.755
-1.72 0.91
-1.51 0.775
-1.6 0.86
-1.38 0.665
-1.46 0.68
-1.54 0.82
-1.48 0.795
-1.35 0.73
-1.48 0.795
-1.47 0.67
-1.53 0.81
-1.43 0.665
-1.22 0.57
-1.38 0.66
-1.52 0.83
-1.44 0.745
-1.39 0.75
-1.58 0.865
-1.53 0.83
-1.38 0.75
-1.55 0.835
-1.42 0.775
-1.53 0.825
-1.46 0.76
-1.38 0.675
-1.37 0.7
-1.35 0.545
-1.3 0.53
-1.23 0.59
-1.21 0.545
-1.55 0.52
-1.36 0.37
-1.24 0.505
-1.46 0.7
-1.44 0.675
-1.4 0.625
-1.19 0.53
-1.32 0.57
-1.32 0.59
-1.33 0.6
-1.46 0.665
-1.62 0.84
-1.73 0.925
-1.48 0.835
-1.52 0.83
-1.4 0.655
-1.37 0.465
-1.15 0.4
-1.24 0.38
-1.45 0.65
-1.46 0.67
-1.35 0.645
-1.56 0.755
-1.59 0.78
-1.36 0.695
-1.29 0.675
-1.17 0.47
-1.23 0.62
-1.25 0.665
-1.51 0.75
-1.63 0.865
-1.59 0.875
-1.43 0.745
-1.49 0.82
-1.58 0.855
-1.56 0.855
-1.48 0.775
-1.6 0.85
-1.2 0.6
-1.25 0.64
-1.13 0.515
-1.29 0.635
-1.38 0.69
-1.44 0.785
-1.72 0.875
-1.64 0.83
-1.41 0.755
-1.6 0.855
-1.5 0.795
-1.49 0.775
-1.51 0.775
-1.52 0.76
-1.39 0.755
-1.37 0.62
-1.28 0.6
-1.38 0.705
-1.58 0.84
-1.6 0.86
-1.55 0.815
-1.46 0.765
-1.41 0.68
-1.59 0.815
-1.3 0.715
-1.42 0.685
-1.18 0.66
-1.4 0.69
-1.49 0.8
-1.52 0.815
-1.41 0.74
-1.47 0.78
-1.5 0.615
-1.36 0.71
-1.54 0.8
-1.52 0.84
-1.49 0.81
-1.52 0.765
-1.55 0.84
-1.45 0.785
-1.25 0.605
-1.53 0.785
-1.33 0.7
-1.63 0.745
-1.51 0.71
-1.27 0.59
-1.4 0.71
-1.29 0.62
-1.43 0.755
-1.45 0.655
-1.52 0.81
-1.64 0.86
-1.45 0.72
-1.44 0.79
-1.57 0.85
-1.67 0.885
-1.61 0.86
-1.5 0.81
-1.32 0.705
-1.4 0.57
-1.22 0.465
-1.37 0.615
-1.3 0.63
-1.38 0.71
-1.21 0.655
-1.14 0.5
-1.23 0.465
-1.28 0.72
-1.45 0.66
-1.31 0.595
-1.39 0.74
-1.43 0.8
-1.55 0.84
-1.52 0.795
-1.68 0.895
-1.39 0.81
-1.39 0.715
-1.27 0.645
-1.57 0.815
-1.45 0.715
-1.3 0.555
-1.36 0.725
-1.37 0.66
-1.48 0.795
-1.49 0.8
-1.32 0.665
-1.54 0.82
-1.27 0.695
-1.64 0.88
-1.66 0.84
-1.42 0.775
-1.51 0.82
-1.6 0.86
-1.46 0.78
-1.6 0.875
-1.68 0.89
-1.54 0.82
-1.71 0.91
-1.62 0.88
-1.64 0.855
-1.34 0.685
-1.26 0.575
-1.38 0.665
-1.48 0.71
-1.35 0.5
-1.23 0.515
-1.09 0.38
-1.27 0.48
-1.48 0.7
-1.41 0.485
-1.35 0.445
-1.15 0.47
-1.32 0.515
-1.12 0.265
-1.24 0.49
-1.15 0.41
-1.39 0.695
-1.47 0.625
-1.41 0.61
-1.18 0.24
-1.19 0.175
-1.16 0.275
-1.14 0.195
-1.1 0.2
-1.26 0.37
-1.29 0.47
-1.5 0.705
-1.34 0.695
-1.53 0.84
-1.59 0.84
-1.6 0.865
-1.44 0.715
-1.42 0.66
-1.52 0.715
-1.57 0.86
-1.64 0.85
-1.53 0.74
-1.4 0.64
-1.41 0.7
-1.53 0.77
-1.18 0.46
-1.27 0.455
-1.26 0.6
-1.61 0.85
-1.66 0.87
-1.52 0.805
-1.66 0.89
-1.43 0.765
-1.52 0.755
-1.4 0.77
-1.62 0.875
-1.58 0.81
-1.46 0.785
-1.54 0.81
-1.35 0.75
-1.46 0.78
-1.4 0.75
-1.53 0.76
-1.2 0.565
-1.22 0.295
-1.06 0.02
-1.14 -0.285
-1.34 -0.34
-1.22 -0.14
-1.31 -0.275
-1.26 -0.195
-1.34 -0.19
-1.16 -0.095
-1.26 -0.11
-1.12 -0.325
-1.15 -0.305
-1.27 -0.48
-1.24 -0.495
-1.42 -0.59
-1.31 -0.585
-1.31 -0.6
-1.46 -0.73
-1.56 -0.83
-1.48 -0.75
-1.44 -0.775
-1.48 -0.765
-1.51 -0.82
-1.44 -0.725
-1.26 -0.68
-1.29 -0.655
-1.43 -0.745
-1.28 -0.705
-1.31 -0.72
-1.53 -0.76
-1.43 -0.58
-1.43 -0.58
-1.44 -0.72
-1.61 -0.85
-1.59 -0.86
-1.57 -0.87
-1.46 -0.675
-1.43 -0.77
-1.47 -0.81
-1.56 -0.825
-1.43 -0.82
-1.35 -0.59
-1.31 -0.515
-1.36 -0.47
-1.37 -0.445
-1.29 -0.475
-1.29 -0.455
-1.49 -0.635
-1.39 -0.8
-1.46 -0.615
-1.23 -0.555
-1.5 -0.765
-1.33 -0.735
-1.47 -0.775
-1.41 -0.77
-1.35 -0.6
-1.22 -0.42
-1.52 -0.825
-1.38 -0.68
-1.51 -0.735
-1.46 -0.805
-1.51 -0.81
-1.57 -0.815
-1.41 -0.77
-1.36 -0.73
-1.57 -0.81
-1.52 -0.815
-1.71 -0.81
-1.4 -0.73
-1.54 -0.825
-1.44 -0.735
-1.61 -0.86
-1.59 -0.85
-1.5 -0.765
-1.38 -0.715
-1.46 -0.81
-1.18 -0.635
-1.43 -0.765
-1.48 -0.78
-1.45 -0.71
-1.44 -0.7
-1.51 -0.8
-1.74 -0.905
-1.77 -0.9
-1.5 -0.84
-1.56 -0.81
-1.51 -0.74
-1.31 -0.6
-1.37 -0.71
-1.65 -0.875
-1.42 -0.63
-1.19 -0.5
-1.28 -0.715
-1.4 -0.685
-1.32 -0.71
-1.41 -0.605
-1.39 -0.8
-1.38 -0.76
-1.43 -0.76
-1.48 -0.685
-1.28 -0.575
-1.51 -0.625
-1.41 -0.71
-1.19 -0.49
-1.12 -0.565
-1.25 -0.445
-1.29 -0.62
-1.32 -0.575
-1.58 -0.855
-1.24 -0.62
-1.41 -0.595
-1.28 -0.63
-1.3 -0.525
-1.28 -0.345
-1.28 -0.405
-1.23 -0.515
-1.23 -0.405
-1.3 -0.56
-1.29 -0.58
-1.26 -0.565
-1.2 -0.405
-1.25 -0.345
-1.32 -0.5
-1.21 -0.185
-1.26 -0.365
-1.49 -0.425
-1.31 -0.395
-1.17 -0.265
-1.26 -0.095
-1.28 -0.145
-1.25 0.175
-1.21 -0.06
-1.21 -0.335
-1.16 -0.33
-1.17 -0.32
-1.34 -0.345
-1.32 -0.465
-1.18 -0.43
-1.01 -0.275
-1.42 -0.35
-1.25 -0.35
-1.19 -0.345
-1.31 -0.47
-1.3 -0.355
-1.54 -0.605
-1.38 -0.515
-1.29 -0.46
-1.32 -0.435
-1.32 -0.575
-1.58 -0.825
-1.44 -0.795
-1.47 -0.795
-1.53 -0.855
-1.68 -0.91
-1.62 -0.86
-1.49 -0.705
-1.48 -0.73
-1.65 -0.885
-1.43 -0.785
-1.46 -0.74
-1.48 -0.745
-1.52 -0.815
-1.69 -0.91
-1.59 -0.87
-1.43 -0.805
-1.45 -0.79
-1.48 -0.755
-1.57 -0.865
-1.42 -0.675
-1.28 -0.66
-1.5 -0.795
-1.56 -0.805
-1.5 -0.785
-1.52 -0.795
-1.78 -0.935
-1.63 -0.86
-1.61 -0.87
-1.55 -0.815
-1.31 -0.635
-1.4 -0.7
-1.41 -0.735
-1.39 -0.74
-1.47 -0.76
-1.3 -0.705
-1.65 -0.84
-1.58 -0.85
-1.53 -0.865
-1.44 -0.795
-1.55 -0.83
-1.37 -0.705
-1.42 -0.635
-1.4 -0.675
-1.48 -0.725
-1.44 -0.775
-1.53 -0.78
-1.52 -0.685
-1.54 -0.765
-1.5 -0.805
-1.53 -0.82
-1.4 -0.79
-1.58 -0.72
-1.36 -0.57
-1.22 -0.46
-1.1 -0.355
-1.24 -0.14
-1.1 -0.17
-0.98 -0.215
-1.34 -0.195
-1.38 -0.375
-1.36 -0.565
-1.55 -0.795
-1.6 -0.865
-1.43 -0.77
-1.41 -0.715
-1.44 -0.735
-1.51 -0.735
-1.47 -0.7
-1.34 -0.72
-1.11 -0.455
-1.11 -0.395
-1.23 -0.26
-1.19 -0.345
-1.33 -0.465
-1.32 -0.56
-1.46 -0.76
-1.39 -0.71
-1.56 -0.86
-1.5 -0.755
-1.37 -0.71
-1.27 -0.725
-1.6 -0.865
-1.72 -0.9
-1.41 -0.7
-1.37 -0.755
-1.38 -0.765
-1.47 -0.81
-1.63 -0.865
-1.66 -0.865
-1.26 -0.635
-1.25 -0.455
-1.33 -0.57
-1.6 -0.83
-1.13 -0.56
-1.41 -0.66
-1.37 -0.74
-1.45 -0.78
-1.52 -0.81
-1.49 -0.775
-1.72 -0.9
-1.44 -0.755
-1.77 -0.93
-1.48 -0.78
-1.41 -0.755
-1.43 -0.775
-1.56 -0.81
-1.36 -0.46
-1.6 -0.595
-1.35 -0.54
-1.26 -0.52
-1.22 -0.645
-1.37 -0.72
-1.55 -0.855
-1.77 -0.93
-1.49 -0.835
-1.59 -0.84
-1.51 -0.805
-1.44 -0.755
-1.37 -0.635
-1.52 -0.7
-1.3 -0.6
-1.54 -0.815
-1.45 -0.72
-1.52 -0.8
-1.52 -0.83
-1.38 -0.74
-1.55 -0.83
-1.56 -0.85
-1.45 -0.795
-1.6 -0.84
-1.08 -0.555
-1.39 -0.74
-1.36 -0.645
-1.54 -0.84
-1.54 -0.82
-1.52 -0.8
-1.5 -0.66
-1.54 -0.8
-1.33 -0.625
-1.36 -0.69
-1.51 -0.745
-1.54 -0.77
-1.49 -0.77
-1.57 -0.785
-1.38 -0.55
-1.34 -0.435
-1.23 -0.475
-1.25 -0.2
-1.34 -0.265
-1.1 -0.415
-1.26 -0.385
-1.28 -0.305
-1.22 -0.385
-1.39 -0.555
-1.38 -0.635
-1.32 -0.645
-1.45 -0.805
-1.51 -0.82
-1.45 -0.765
-1.47 -0.695
-1.38 -0.735
-1.63 -0.87
-1.54 -0.745
-1.22 -0.51
-1.46 -0.595
-1.47 -0.665
-1.71 -0.855
-1.51 -0.79
-1.41 -0.64
-1.44 -0.775
-1.56 -0.78
-1.27 -0.585
-1.52 -0.735
-1.21 -0.52
-1.38 -0.535
-1.3 -0.465
-1.34 -0.59
-1.5 -0.75
-1.32 -0.525
-1.22 -0.315
-1.43 -0.59
-1.11 -0.315
-1.23 -0.455
-1.4 -0.555
-1.35 -0.485
-1.35 -0.425
-1.24 -0.46
-1.34 -0.57
-1.27 -0.58
-1.44 -0.615
-1.53 -0.85
-1.55 -0.835
-1.69 -0.89
-1.39 -0.695
-1.33 -0.575
-1.33 -0.665
-1.3 -0.385
-1.31 -0.495
-1.22 -0.455
-1.44 -0.735
-1.49 -0.8
-1.51 -0.785
-1.68 -0.88
-1.65 -0.86
-1.51 -0.785
-1.51 -0.78
-1.44 -0.595
-1.24 -0.565
-1.41 -0.77
-1.33 -0.68
-1.35 -0.64
-1.49 -0.71
-1.56 -0.81
-1.45 -0.705
-1.6 -0.805
-1.46 -0.735
-1.41 -0.74
-1.59 -0.85
-1.4 -0.66
-1.33 -0.65
-1.54 -0.86
-1.53 -0.845
-1.5 -0.81
-1.51 -0.765
-1.6 -0.88
-1.83 -0.95
-1.7 -0.905
-1.55 -0.83
-1.66 -0.9
-1.5 -0.81
-1.44 -0.8
-1.53 -0.825
-1.6 -0.845
-1.48 -0.755
-1.68 -0.865
-1.55 -0.85
-1.52 -0.85
-1.44 -0.75
-1.42 -0.75
-1.53 -0.8
-1.6 -0.835
-1.56 -0.79
-1.46 -0.76
-1.67 -0.905
-1.72 -0.905
-1.59 -0.865
-1.64 -0.88
-1.42 -0.78
-1.62 -0.765
-1.53 -0.75
-1.5 -0.785
-1.45 -0.785
-1.43 -0.685
-1.52 -0.775
-1.54 -0.845
-1.24 -0.62
-1.66 -0.885
-1.56 -0.83
-1.39 -0.675
-1.53 -0.775
-1.31 -0.615
-1.44 -0.7
-1.48 -0.75
-1.34 -0.72
-1.38 -0.755
-1.53 -0.83
-1.6 -0.85
-1.23 -0.535
-1.3 -0.48
-1.25 -0.465
-1.2 -0.565
-1.27 -0.56
-1.38 -0.615
-1.31 -0.615
-1.3 -0.6
-1.31 -0.535
-1.25 -0.62
-1.25 -0.475
-1.18 -0.405
-1.66 -0.82
-1.51 -0.78
-1.44 -0.805
-1.4 -0.675
-1.31 -0.695
-1.55 -0.85
-1.58 -0.855
-1.54 -0.79
-1.7 -0.915
-1.6 -0.865
-1.55 -0.86
-1.59 -0.855
-1.51 -0.81
-1.57 -0.845
-1.59 -0.87
-1.55 -0.82
-1.56 -0.815
-1.35 -0.755
-1.57 -0.81
-1.55 -0.845
-1.4 -0.695
-1.41 -0.65
-1.38 -0.575
-1.18 -0.56
-1.22 -0.6
-1.37 -0.61
-1.48 -0.795
-1.34 -0.66
-1.44 -0.78
-1.73 -0.915
-1.61 -0.84
-1.57 -0.825
-1.42 -0.715
-1.35 -0.71
-1.08 -0.325
-1.16 -0.06
-1.35 -0.2
-1.24 -0.045
-1.28 0.07
-1.24 0.405
-1.41 0.43
-1.25 0.415
-1.35 0.565
-1.18 0.56
-1.4 0.625
-1.6 0.795
-1.58 0.81
-1.36 0.74
-1.27 0.575
-1.27 0.52
-1.27 0.465
-1.27 0.505
-1.38 0.535
-1.44 0.685
-1.28 0.605
-1.22 0.45
-1.26 0.38
-1.26 0.445
-1.2 0.315
-1.28 0.345
-1.28 0.36
-1.32 0.475
-1.35 0.515
-1.26 0.475
-1.23 0.445
-1.23 0.51
-1.41 0.625
-1.26 0.555
-1.47 0.73
-1.21 0.605
-1.37 0.68
-1.31 0.65
-1.49 0.74
-1.28 0.68
-1.2 0.525
-1.49 0.69
-1.36 0.41
-1.31 0.48
-1.25 0.525
-1.4 0.465
-1.44 0.64
-1.36 0.705
-1.24 0.6
-1.26 0.605
-1.42 0.555
-1.31 0.525
-1.5 0.51
-1.29 0.625
-1.31 0.585
-1.42 0.74
-1.47 0.805
-1.57 0.785
-1.44 0.745
-1.47 0.79
-1.43 0.705
-1.32 0.535
-1.37 0.65
-1.36 0.605
-1.42 0.685
-1.38 0.68
-1.37 0.6
-1.53 0.79
-1.55 0.835
-1.52 0.825
-1.59 0.84
-1.4 0.755
-1.56 0.83
-1.4 0.74
-1.27 0.57
-1.53 0.765
-1.31 0.66
-1.57 0.85
-1.42 0.775
-1.46 0.76
-1.19 0.45
-1.46 0.71
-1.6 0.875
-1.28 0.715
-1.58 0.805
-1.41 0.725
-1.32 0.745
-1.53 0.82
-1.58 0.84
-1.46 0.79
-1.5 0.75
-1.63 0.87
-1.65 0.895
-1.25 0.71
-1.65 0.88
-1.52 0.83
-1.3 0.645
-1.45 0.79
-1.4 0.715
-1.29 0.64
-1.55 0.805
-1.38 0.725
-1.29 0.645
-1.28 0.63
-1.36 0.77
-1.66 0.865
-1.63 0.88
-1.44 0.77
-1.43 0.655
-1.41 0.635
-1.5 0.725
-1.53 0.705
-1.51 0.81
-1.51 0.74
-1.42 0.7
-1.42 0.69
-1.49 0.75
-1.33 0.705
-1.33 0.665
-1.27 0.685
-1.24 0.595
-1.44 0.765
-1.3 0.725
-1.59 0.85
-1.62 0.87
-1.38 0.81
-1.28 0.725
-1.48 0.81
-1.45 0.775
-1.45 0.81
-1.54 0.835
-1.64 0.89
-1.54 0.84
-1.45 0.73
-1.4 0.75
-1.58 0.85
-1.58 0.685
-1.28 0.44
-1.22 0.28
-1.24 0.425
-1.39 0.57
-1.27 0.435
-1.54 0.76
-1.42 0.77
-1.44 0.81
-1.37 0.645
-1.49 0.525
-1.22 0.385
-1.16 0.36
-1.29 0.67
-1.7 0.91
-1.44 0.805
-1.65 0.875
-1.42 0.755
-1.54 0.785
-1.36 0.75
-1.37 0.575
-1.32 0.605
-1.36 0.675
-1.3 0.67
-1.47 0.74
-1.44 0.8
-1.22 0.625
-1.28 0.55
-1.24 0.575
-1.21 0.475
-1.29 0.32
-1.14 0.375
-1.15 0.5
-1.37 0.59
-1.36 0.62
-1.41 0.62
-1.34 0.665
-1.35 0.45
-1.2 0.525
-1.28 0.555
-1.66 0.815
-1.54 0.83
-1.56 0.84
-1.48 0.8
-1.33 0.685
-1.22 0.495
-1.39 0.555
-1.32 0.73
-1.46 0.82
-1.2 0.59
-1.4 0.68
-1.55 0.78
-1.59 0.83
-1.3 0.6
-1.3 0.66
-1.46 0.795
-1.29 0.61
-1.34 0.71
-1.47 0.825
-1.39 0.695
-1.59 0.845
-1.38 0.71
-1.54 0.81
-1.41 0.705
-1.42 0.71
-1.4 0.63
-1.27 0.455
-1.49 0.68
-1.71 0.92
-1.49 0.685
-1.32 0.64
-1.3 0.615
-1.43 0.68
-1.43 0.66
-1.31 0.715
-1.38 0.69
-1.34 0.685
-1.52 0.825
-1.47 0.77
-1.54 0.85
-1.35 0.73
-1.21 0.655
-1.46 0.735
-1.33 0.525
-1.23 0.365
-1.26 0.245
-0.96 0.14
-1.23 0.435
-1.48 0.785
-1.58 0.845
-1.55 0.8
-1.47 0.795
-1.4 0.71
-1.48 0.78
-1.36 0.71
-1.37 0.63
-1.46 0.51
-1.2 0.48
-1.3 0.66
-1.19 0.52
-1.53 0.7
-1.45 0.83
-1.7 0.885
-1.68 0.895
-1.69 0.905
-1.54 0.845
-1.53 0.845
-1.16 0.545
-1.35 0.62
-1.33 0.66
-1.25 0.63
-1.67 0.87
-1.61 0.85
-1.46 0.825
-1.67 0.875
-1.65 0.885
-1.46 0.75
-1.64 0.785
-1.42 0.755
-1.65 0.89
-1.42 0.76
-1.46 0.79
-1.49 0.795
-1.5 0.8
-1.45 0.77
-1.42 0.815
-1.58 0.85
-1.06 0.52
-1.48 0.74
-1.44 0.76
-1.43 0.745
-1.48 0.775
-1.71 0.89
-1.29 0.615
-1.19 0.6
-1.48 0.755
-1.35 0.745
-1.6 0.835
-1.21 0.595
-1.61 0.865
-1.58 0.85
-1.49 0.83
-1.51 0.86
-1.43 0.735
-1.44 0.745
-1.18 0.595
-1.39 0.625
-1.23 0.62
-1.37 0.695
-1.46 0.705
-1.45 0.735
-1.56 0.805
-1.62 0.875
-1.45 0.69
-1.3 0.68
-1.22 0.59
-1.29 0.685
-1.54 0.735
-1.24 0.53
-1.6 0.85
-1.33 0.715
-1.36 0.67
-1.65 0.89
-1.5 0.755
-1.32 0.655
-1.69 0.88
-1.64 0.875
-1.51 0.815
-1.62 0.86
-1.64 0.85
-1.42 0.785
-1.52 0.82
-1.35 0.75
-1.54 0.785
-1.4 0.67
-1.34 0.715
-1.45 0.78
-1.46 0.785
-1.48 0.8
-1.51 0.845
-1.32 0.655
-1.55 0.535
-1.3 0.485
-1.34 0.515
-1.36 0.505
-1.21 0.55
-1.47 0.765
-1.55 0.83
-1.46 0.745
-1.37 0.675
-1.27 0.63
-1.37 0.69
-1.4 0.7
-1.36 0.585
-1.51 0.745
-1.44 0.825
-1.7 0.89
-1.47 0.77
-1.42 0.68
-1.31 0.51
-1.36 0.6
-1.27 0.575
-1.57 0.845
-1.54 0.83
-1.38 0.74
-1.33 0.74
-1.52 0.74
-1.37 0.685
-1.51 0.82
-1.32 0.605
-1.44 0.665
-1.44 0.535
-1.5 0.795
-1.45 0.79
-1.61 0.81
-1.56 0.8
-1.52 0.825
-1.36 0.705
-1.52 0.685
-1.43 0.615
-1.5 0.645
-1.39 0.545
-1.47 0.695
-1.33 0.325
-1.26 0.445
-1.11 0.425
-1.02 0.475
-1.31 0.62
-1.38 0.62
-1.34 0.615
-1.24 0.63
-1.44 0.605
-1.24 0.46
-1.3 0.395
-1.36 0.285
-1.35 0.43
-1.18 0.155
-1.25 0.29
-1.13 0.135
-1.24 0.255
-1.22 0.235
-1.31 0.25
-1.24 0.505
-1.42 0.58
-1.56 0.695
-1.47 0.815
-1.61 0.88
-1.42 0.765
-1.48 0.755
-1.55 0.795
-1.45 0.605
-1.27 0.67
-1.48 0.765
-1.56 0.745
-1.45 0.78
-1.73 0.91
-1.38 0.7
-1.42 0.74
-1.45 0.79
-1.38 0.745
-1.49 0.69
-1.26 0.64
-1.3 0.575
-1.42 0.775
-1.46 0.785
-1.57 0.825
-1.57 0.835
-1.35 0.7
-1.5 0.79
-1.46 0.82
-1.49 0.81
-1.26 0.71
-1.46 0.81
-1.59 0.85
-1.53 0.825
-1.36 0.76
-1.44 0.75
-1.34 0.71
-1.45 0.765
-1.6 0.84
-1.51 0.855
-1.67 0.885
-1.49 0.845
-1.27 0.61
-1.56 0.78
-1.5 0.8
-1.37 0.745
-1.61 0.795
-1.48 0.755
-1.4 0.625
-1.47 0.71
-1.73 0.885
-1.62 0.845
-1.58 0.79
-1.61 0.84
-1.39 0.72
-1.29 0.68
-1.44 0.615
-1.52 0.61
-1.45 0.74
-1.69 0.885
-1.55 0.84
-1.51 0.825
-1.55 0.835
-1.56 0.855
-1.42 0.755
-1.57 0.86
-1.41 0.76
-1.4 0.75
-1.6 0.825
-1.59 0.845
-1.48 0.775
-1.67 0.895
-1.5 0.775
-1.36 0.75
-1.54 0.815
-1.29 0.74
-1.45 0.76
-1.52 0.66
-1.36 0.285
-1.21 0.33
-1.3 0.505
-1.34 0.645
-1.54 0.72
-1.61 0.875
-1.6 0.87
-1.51 0.805
-1.39 0.575
-1.47 0.74
-1.55 0.785
-1.68 0.88
-1.42 0.755
-1.3 0.6
-1.32 0.435
-1.35 0.42
-1.26 0.255
-1.38 0.32
-1.33 0.365
-1.35 0.33
-1.18 0.12
-1.26 0.245
-1.36 0.415
-1.43 0.535
-1.46 0.52
-1.23 0.4
-1.3 0.485
-1.26 0.185
-1.27 0.255
-1.33 0.04
-1.14 -0.01
-1.12 -0.18
-1.39 -0.08
-1.25 0.08
-1.27 -0.03
-1.15 -0.2
-1.18 -0.325
-1.21 -0.185
-1.2 0.04
-1.07 0.035
-1.1 -0.06
-1.16 -0.245
-1.17 0.12
-1.27 0.06
-1.15 0.07
-1.14 0.2
-1.01 0.025
-1.14 -0.075
-1.08 0.12
-1.01 0.02
-1.09 0.05
-1.08 -0.005
-1.39 0.185
-1.42 0.605
-1.35 0.495
-1.26 0.425
-1.06 0.355
-1.27 0.405
-1.32 0.62
-1.27 0.55
-1.29 0.52
-1.4 0.64
-1.54 0.78
-1.43 0.795
-1.53 0.805
-1.24 0.685
-1.22 0.58
-1.62 0.85
-1.6 0.85
-1.62 0.835
-1.4 0.735
-1.64 0.885
-1.47 0.82
-1.64 0.87
-1.62 0.845
-1.39 0.7
-1.38 0.645
-1.29 0.64
-1.35 0.66
-1.21 0.42
-1.42 0.735
-1.6 0.86
-1.37 0.73
-1.47 0.66
-1.37 0.76
-1.56 0.795
-1.26 0.55
-1.41 0.62
-1.29 0.595
-1.2 0.63
-1.3 0.68
-1.35 0.56
-1.22 0.455
-1.47 0.66
-1.41 0.73
-1.16 0.68
-1.24 0.695
-1.44 0.725
-1.46 0.645
-1.58 0.735
-1.29 0.605
-1.2 0.54
-1.42 0.76
-1.26 0.555
-1.35 0.56
-1.31 0.71
-1.46 0.76
-1.45 0.79
-1.4 0.64
-1.6 0.825
-1.45 0.775
-1.6 0.775
-1.51 0.78
-1.44 0.77
-1.34 0.615
-1.41 0.695
-1.41 0.735
-1.52 0.8
-1.26 0.645
-1.57 0.855
-1.51 0.75
-1.54 0.795
-1.59 0.845
-1.59 0.845
-1.47 0.745
-1.46 0.8
-1.33 0.63
-1.2 0.575
-1.55 0.825
-1.38 0.74
-1.42 0.77
-1.68 0.905
-1.49 0.725
-1.54 0.85
-1.33 0.65
-1.52 0.75
-1.57 0.775
-1.56 0.845
-1.5 0.805
-1.55 0.775
-1.51 0.79
-1.7 0.865
-1.36 0.57
-1.26 0.52
-1.43 0.635
-1.37 0.725
-1.45 0.755
-1.2 0.635
-1.4 0.78
-1.84 0.95
-1.4 0.725
-1.32 0.61
-1.47 0.75
-1.45 0.775
-1.4 0.745
-1.34 0.68
-1.62 0.865
-1.6 0.825
-1.71 0.91
-1.55 0.82
-1.47 0.73
-1.64 0.855
-1.4 0.765
-1.32 0.695
-1.28 0.61
-1.36 0.715
-1.36 0.69
-1.57 0.805
-1.42 0.795
-1.59 0.815
-1.53 0.84
-1.57 0.85
-1.46 0.77
-1.54 0.685
-1.39 0.61
-1.28 0.45
-1.56 0.81
-1.28 0.685
-1.35 0.745
-1.41 0.73
-1.72 0.915
-1.69 0.9
-1.35 0.715
-1.46 0.745
-1.5 0.825
-1.61 0.86
-1.58 0.855
-1.6 0.855
-1.6 0.835
-1.51 0.79
-1.67 0.84
-1.68 0.865
-1.49 0.825
-1.41 0.74
-1.31 0.665
-1.34 0.66
-1.32 0.64
-1.48 0.71
-1.47 0.685
-1.37 0.69
-1.6 0.885
-1.53 0.83
-1.62 0.825
-1.51 0.795
-1.35 0.65
-1.47 0.73
-1.63 0.88
-1.44 0.69
-1.55 0.815
-1.28 0.735
-1.46 0.775
-1.5 0.82
-1.66 0.91
-1.34 0.75
-1.34 0.68
-1.27 0.69
-1.64 0.79
-1.75 0.92
-1.43 0.795
-1.53 0.82
-1.38 0.745
-1.48 0.81
-1.55 0.85
-1.58 0.8
-1.4 0.71
-1.4 0.715
-1.51 0.79
-1.48 0.805
-1.54 0.815
-1.34 0.695
-1.57 0.765
-1.32 0.715
-1.64 0.84
-1.47 0.785
-1.43 0.755
-1.61 0.845
-1.59 0.86
-1.47 0.725
-1.33 0.6
-1.23 0.685
-1.77 0.93
-1.61 0.845
-1.44 0.755
-1.34 0.7
-1.3 0.625
-1.67 0.91
-1.8 0.93
-1.58 0.82
-1.39 0.76
-1.52 0.765
-1.5 0.8
-1.38 0.645
-1.31 0.585
-1.38 0.525
-1.24 0.6
-1.56 0.86
-1.73 0.93
-1.36 0.7
-1.53 0.815
-1.37 0.615
-1.46 0.45
-1.37 0.365
-1.13 0.37
-1.1 0.34
-1.2 0.495
-1.33 0.55
-1.24 0.515
-1.4 0.665
-1.43 0.75
-1.53 0.79
-1.45 0.66
-1.31 0.57
-1.26 0.48
-1.22 0.48
-1.28 0.455
-1.19 0.18
-1.27 0.385
-1.34 0.12
-1.38 0.21
-1.38 0.315
-1.2 0.385
-1.23 0.47
-1.37 0.55
-1.1 0.46
-1.38 0.61
-1.45 0.71
-1.53 0.815
-1.32 0.745
-1.42 0.61
-1.48 0.68
-1.37 0.72
-1.34 0.62
-1.48 0.755
-1.43 0.75
-1.66 0.905
-1.49 0.835
-1.41 0.8
-1.51 0.825
-1.47 0.8
-1.61 0.85
-1.51 0.825
-1.39 0.665
-1.48 0.655
-1.31 0.645
-1.22 0.575
-1.35 0.695
-1.56 0.675
-1.57 0.79
-1.24 0.555
-1.42 0.795
-1.25 0.68
-1.42 0.675
-1.19 0.62
-1.53 0.81
-1.46 0.795
-1.36 0.755
-1.44 0.75
-1.52 0.825
-1.4 0.725
-1.44 0.675
-1.37 0.61
-1.42 0.715
-1.36 0.63
-1.39 0.775
-1.44 0.72
-1.51 0.79
-1.63 0.86
-1.68 0.89
-1.6 0.87
-1.48 0.79
-1.59 0.865
-1.49 0.82
-1.37 0.76
-1.34 0.705
-1.43 0.565
-1.42 0.665
-1.4 0.575
-1.54 0.755
-1.56 0.8
-1.46 0.78
-1.33 0.705
-1.54 0.79
-1.47 0.765
-1.47 0.77
-1.49 0.775
-1.16 0.58
-1.52 0.76
-1.67 0.905
-1.6 0.845
-1.6 0.84
-1.56 0.875
-1.32 0.72
-1.42 0.75
-1.44 0.795
-1.56 0.825
-1.38 0.66
-1.43 0.785
-1.52 0.83
-1.18 0.625
-1.41 0.645
-1.42 0.735
-1.33 0.485
-1.42 0.49
-1.34 0.475
-1.51 0.775
-1.49 0.8
-1.61 0.89
-1.4 0.67
-1.36 0.635
-1.6 0.85
-1.52 0.775
-1.57 0.84
-1.67 0.915
-1.43 0.815
-1.42 0.795
-1.49 0.785
-1.63 0.875
-1.65 0.875
-1.44 0.77
-1.7 0.895
-1.47 0.765
-1.56 0.81
-1.64 0.855
-1.43 0.755
-1.51 0.695
-1.65 0.865
-1.52 0.745
-1.47 0.755
-1.38 0.72
-1.33 0.58
-1.44 0.685
-1.5 0.595
-1.15 0.45
-1.19 0.245
-1.3 0.08
-1.27 0.335
-1.39 0.41
-1.26 0.525
-1.3 0.53
-1.38 0.605
-1.46 0.655
-1.4 0.695
-1.54 0.835
-1.48 0.73
-1.64 0.865
-1.6 0.85
-1.72 0.91
-1.55 0.81
-1.44 0.735
-1.4 0.65
-1.39 0.62
-1.39 0.63
-1.47 0.66
-1.46 0.72
-1.59 0.82
-1.49 0.795
-1.68 0.885
-1.51 0.815
-1.54 0.845
-1.54 0.83
-1.53 0.825
-1.54 0.765
-1.16 0.615
-1.56 0.805
-1.47 0.745
-1.58 0.85
-1.46 0.805
-1.39 0.75
-1.27 0.71
-1.61 0.79
-1.63 0.83
-1.47 0.765
-1.27 0.625
-1.15 0.46
-1.23 0.54
-1.49 0.53
-1.38 0.48
-1.43 0.61
-1.37 0.52
-1.43 0.635
-1.55 0.8
-1.34 0.785
-1.75 0.925
-1.42 0.725
-1.46 0.785
-1.42 0.65
-1.43 0.75
-1.64 0.885
-1.31 0.69
-1.44 0.775
-1.62 0.835
-1.28 0.65
-1.19 0.65
-1.41 0.72
-1.51 0.78
-1.57 0.775
-1.66 0.855
-1.65 0.87
-1.25 0.62
-1.53 0.805
-1.39 0.665
-1.34 0.665
-1.48 0.78
-1.45 0.775
-1.45 0.79
-1.31 0.645
-1.31 0.45
-1.12 0.27
-1.15 0.445
-1.32 0.37
-1.19 0.465
-1.2 0.49
-1.17 0.25
-1.25 0.265
-1.23 0.37
-1.08 0.425
-1.35 0.59
-1.18 0.375
-1.22 0.305
-1.35 0.495
-1.26 0.61
-1.26 0.53
-1.62 0.865
-1.58 0.865
-1.61 0.855
-1.51 0.845
-1.53 0.81
-1.41 0.745
-1.43 0.72
-1.48 0.625
-1.53 0.625
-1.4 0.635
-1.42 0.775
-1.41 0.795
-1.44 0.745
-1.55 0.785
-1.22 0.685
-1.83 0.955
-1.64 0.835
-1.48 0.655
-1.35 0.63
-1.41 0.755
-1.61 0.865
-1.58 0.85
-1.75 0.905
-1.47 0.83
-1.27 0.705
-1.45 0.795
-1.46 0.72
-1.33 0.655
-1.4 0.645
-1.59 0.86
-1.65 0.885
-1.4 0.78
-1.44 0.79
-1.34 0.575
-1.32 0.455
-1.41 0.495
-1.42 0.51
-1.33 0.61
-1.5 0.715
-1.48 0.67
-1.62 0.845
-1.6 0.88
-1.57 0.835
-1.47 0.815
-1.52 0.8
-1.6 0.845
-1.4 0.745
-1.41 0.74
-1.36 0.71
-1.31 0.595
-1.5 0.6
-1.49 0.68
-1.57 0.805
-1.55 0.835
-1.67 0.88
-1.64 0.83
-1.51 0.86
-1.48 0.805
-1.48 0.73
-1.52 0.82
-1.49 0.785
-1.25 0.48
-1.33 0.53
-1.19 0.655
-1.37 0.645
-1.33 0.57
-1.59 0.83
-1.48 0.745
-1.48 0.745
-1.68 0.89
-1.57 0.86
-1.36 0.64
-1.35 0.515
-1.35 0.39
-1.25 0.35
-1.22 0.055
-1.05 -0.055
-1.26 -0.315
-1.23 -0.44
-1.27 -0.39
-1.23 -0.5
-1.42 -0.73
-1.51 -0.805
-1.51 -0.775
-1.51 -0.815
-1.51 -0.815
-1.63 -0.85
-1.52 -0.845
-1.46 -0.76
-1.59 -0.795
-1.41 -0.785
-1.15 -0.58
-1.09 -0.37
-1.23 -0.25
-1.34 -0.27
-1.25 -0.325
-1.2 -0.49
-1.5 -0.83
-1.56 -0.795
-1.56 -0.82
-1.53 -0.775
-1.58 -0.775
-1.36 -0.665
-1.59 -0.84
-1.54 -0.85
-1.5 -0.815
-1.61 -0.85
-1.66 -0.88
-1.66 -0.87
-1.41 -0.69
-1.31 -0.325
-1.35 -0.235
-1.11 -0.195
-1.28 -0.58
-1.37 -0.545
-1.33 -0.68
-1.2 -0.4
-1.26 -0.6
-1.24 -0.565
-1.24 -0.725
-1.62 -0.84
-1.41 -0.775
-1.52 -0.79
-1.61 -0.875
-1.54 -0.83
-1.61 -0.84
-1.46 -0.84
-1.59 -0.82
-1.59 -0.85
-1.53 -0.805
-1.55 -0.86
-1.49 -0.825
-1.69 -0.905
-1.41 -0.72
-1.41 -0.785
-1.67 -0.88
-1.54 -0.83
-1.28 -0.715
-1.26 -0.635
-1.37 -0.74
-1.62 -0.835
-1.58 -0.835
-1.4 -0.745
-1.72 -0.855
-1.22 -0.665
-1.55 -0.84
-1.7 -0.915
-1.28 -0.685
-1.43 -0.685
-1.36 -0.505
-1.17 -0.315
-1.28 -0.28
-1.33 -0.42
-1.2 -0.305
-1.32 -0.61
-1.38 -0.705
-1.4 -0.71
-1.43 -0.8
-1.47 -0.795
-1.72 -0.9
-1.68 -0.91
-1.31 -0.705
-1.54 -0.81
-1.54 -0.815
-1.52 -0.815
-1.71 -0.905
-1.51 -0.8
-1.42 -0.76
-1.61 -0.815
-1.45 -0.81
-1.49 -0.785
-1.69 -0.9
-1.51 -0.81
-1.57 -0.845
-1.18 -0.705
-1.25 -0.555
-1.44 -0.5
-1.34 -0.7
-1.35 -0.665
-1.53 -0.815
-1.53 -0.805
-1.46 -0.825
-1.34 -0.675
-1.4 -0.76
-1.58 -0.845
-1.72 -0.92
-1.61 -0.865
-1.56 -0.845
-1.37 -0.735
-1.53 -0.8
-1.54 -0.81
-1.37 -0.68
-1.44 -0.45
-1.37 -0.355
-1.19 -0.255
-1.17 -0.215
-1.22 -0.385
-1.45 -0.535
-1.06 -0.2
-1.19 -0.39
-1.39 -0.46
-1.58 -0.845
-1.33 -0.69
-1.56 -0.79
-1.46 -0.745
-1.4 -0.69
-1.39 -0.64
-1.44 -0.72
-1.45 -0.79
-1.65 -0.875
-1.44 -0.715
-1.26 -0.685
-1.61 -0.81
-1.58 -0.86
-1.44 -0.745
-1.44 -0.78
-1.49 -0.825
-1.43 -0.785
-1.35 -0.745
-1.4 -0.7
-1.28 -0.685
-1.3 -0.68
-1.45 -0.835
-1.6 -0.84
-1.5 -0.84
-1.47 -0.795
-1.47 -0.785
-1.34 -0.68
-1.48 -0.8
-1.68 -0.875
-1.65 -0.9
-1.61 -0.875
-1.64 -0.84
-1.39 -0.695
-1.47 -0.795
-1.17 -0.57
-1.35 -0.61
-1.34 -0.595
-1.11 -0.355
-1.16 -0.42
-1.24 -0.24
-0.94 0.18
-1.13 -0.12
-1.16 -0.135
-1.35 -0.31
-1.16 -0.33
-1.24 -0.25
-1.14 -0.035
-1.11 -0.135
-1.14 -0.265
-1.54 -0.635
-1.26 -0.595
-1.43 -0.66
-1.33 -0.465
-1.29 -0.44
-1.2 -0.365
-1.02 -0.19
-1.22 -0.3
-1.35 -0.425
-1.32 -0.53
-1.2 -0.315
-1.26 -0.45
-1.3 -0.535
-1.23 -0.43
-1.16 -0.545
-1.27 -0.6
-1.45 -0.735
-1.54 -0.73
-1.22 -0.475
-1.52 -0.815
-1.34 -0.725
-1.3 -0.68
-1.31 -0.66
-1.56 -0.835
-1.36 -0.73
-1.51 -0.745
-1.57 -0.815
-1.66 -0.89
-1.37 -0.705
-1.52 -0.8
-1.44 -0.745
-1.36 -0.67
-1.52 -0.725
-1.28 -0.62
-1.3 -0.56
-1.3 -0.67
-1.02 -0.5
-1.35 -0.575
-1.31 -0.61
-1.38 -0.6
-1.38 -0.615
-1.55 -0.83
-1.6 -0.87
-1.62 -0.89
-1.25 -0.67
-1.48 -0.775
-1.47 -0.735
-1.46 -0.795
-1.44 -0.725
-1.38 -0.745
-1.64 -0.885
-1.66 -0.865
-1.71 -0.895
-1.44 -0.675
-1.46 -0.745
-1.44 -0.715
-1.53 -0.75
-1.34 -0.71
-1.38 -0.715
-1.47 -0.81
-1.59 -0.84
-1.5 -0.81
-1.46 -0.6
-1.6 -0.815
-1.3 -0.61
-1.43 -0.655
-1.32 -0.665
-1.1 -0.545
-1.34 -0.535
-1.24 -0.515
-1.51 -0.765
-1.52 -0.835
-1.42 -0.765
-1.5 -0.795
-1.52 -0.845
-1.51 -0.79
-1.33 -0.7
-1.44 -0.785
-1.47 -0.83
-1.53 -0.805
-1.47 -0.8
-1.68 -0.845
-1.54 -0.805
-1.54 -0.815
-1.27 -0.725
-1.51 -0.755
-1.59 -0.87
-1.54 -0.83
-1.55 -0.795
-1.36 -0.655
-1.45 -0.665
-1.6 -0.87
-1.68 -0.905
-1.66 -0.87
-1.73 -0.905
-1.38 -0.745
-1.61 -0.835
-1.56 -0.84
-1.49 -0.825
-1.48 -0.75
-1.53 -0.79
-1.65 -0.845
-1.56 -0.85
-1.45 -0.82
-1.42 -0.765
-1.66 -0.905
-1.45 -0.795
-1.58 -0.865
-1.44 -0.79
-1.37 -0.7
-1.5 -0.73
-1.36 -0.58
-1.37 -0.69
-1.73 -0.915
-1.51 -0.77
-1.48 -0.805
-1.38 -0.76
-1.48 -0.725
-1.44 -0.665
-1.31 -0.67
-1.37 -0.64
-1.41 -0.71
-1.32 -0.68
-1.26 -0.605
-1.39 -0.545
-1.56 -0.845
-1.62 -0.86
-1.59 -0.855
-1.45 -0.795
-1.5 -0.775
-1.46 -0.795
-1.72 -0.91
-1.47 -0.785
-1.46 -0.815
-1.51 -0.845
-1.56 -0.79
-1.3 -0.705
-1.43 -0.685
-1.22 -0.5
-1.47 -0.565
-1.4 -0.68
-1.18 -0.565
-1.43 -0.74
-1.47 -0.81
-1.42 -0.745
-1.46 -0.58
-1.42 -0.755
-1.52 -0.795
-1.45 -0.725
-1.35 -0.57
-1.35 -0.585
-1.32 -0.55
-1.42 -0.71
-1.49 -0.795
-1.61 -0.795
-1.64 -0.89
-1.61 -0.84
-1.35 -0.7
-1.53 -0.73
-1.18 -0.69
-1.24 -0.675
-1.56 -0.855
-1.61 -0.82
-1.48 -0.805
-1.79 -0.92
-1.52 -0.81
-1.58 -0.835
-1.65 -0.9
-1.45 -0.75
-1.61 -0.885
-1.58 -0.835
-1.58 -0.79
-1.56 -0.78
-1.4 -0.62
-1.42 -0.575
-1.46 -0.715
-1.42 -0.59
-1.39 -0.605
-1.46 -0.745
-1.37 -0.695
-1.49 -0.73
-1.33 -0.715
-1.38 -0.615
-1.38 -0.42
-1.25 -0.27
-1.09 -0.455
-1.41 -0.585
-1.63 -0.855
-1.58 -0.805
-1.59 -0.86
-1.74 -0.89
-1.4 -0.785
-1.4 -0.755
-1.3 -0.52
-1.4 -0.535
-1.4 -0.45
-1.19 -0.285
-1.18 -0.39
-1.3 -0.455
-1.15 -0.355
-0.9 -0.2
-1.15 -0.375
-1.33 -0.56
-1.3 -0.37
-1.13 -0.42
-1.15 -0.38
-1.23 -0.515
-1.34 -0.72
-1.5 -0.795
-1.65 -0.875
-1.55 -0.84
-1.5 -0.81
-1.55 -0.865
-1.43 -0.8
-1.43 -0.695
-1.28 -0.63
-1.54 -0.815
-1.69 -0.905
-1.66 -0.855
-1.62 -0.815
-1.28 -0.525
-1.4 -0.6
-1.3 -0.605
-1.5 -0.79
-1.33 -0.67
-1.19 -0.535
-1.38 -0.52
-1.23 -0.355
-1.33 -0.405
-1.34 -0.455
-1.22 -0.48
-1.2 -0.565
-1.46 -0.665
-1.5 -0.705
-1.25 -0.565
-1.31 -0.72
-1.39 -0.75
-1.55 -0.765
-1.54 -0.83
-1.45 -0.735
-1.54 -0.805
-1.65 -0.895
-1.61 -0.86
-1.46 -0.815
-1.26 -0.675
-1.64 -0.86
-1.57 -0.86
-1.54 -0.805
-1.34 -0.71
-1.49 -0.76
-1.65 -0.86
-1.54 -0.86
-1.55 -0.84
-1.79 -0.94
-1.54 -0.83
-1.32 -0.66
-1.41 -0.585
-1.07 -0.39
-1.33 -0.6
-1.44 -0.665
-1.66 -0.88
-1.68 -0.905
-1.53 -0.825
-1.76 -0.915
-1.54 -0.825
-1.73 -0.88
-1.25 -0.615
-1.38 -0.595
-1.41 -0.6
-1.4 -0.52
-1.43 -0.545
-1.27 -0.445
-1.29 -0.585
-1.32 -0.44
-1.28 -0.45
-1.52 -0.69
-1.32 -0.485
-1.24 -0.425
-1.3 -0.605
-1.34 -0.485
-1.35 -0.465
-1.33 -0.675
-1.44 -0.75
-1.22 -0.515
-1.22 -0.27
-1.43 -0.505
-1.35 -0.595
-1.26 -0.495
-1.34 -0.355
-1.21 -0.57
-1.36 -0.67
-1.44 -0.79
-1.44 -0.71
-1.4 -0.65
-1.58 -0.8
-1.43 -0.775
-1.57 -0.84
-1.47 -0.695
-1.43 -0.755
-1.4 -0.735
-1.46 -0.805
-1.45 -0.69
-1.25 -0.525
-1.35 -0.62
-1.33 -0.485
-1.3 -0.58
-1.51 -0.78
-1.36 -0.77
-1.44 -0.775
-1.59 -0.835
-1.65 -0.87
-1.51 -0.8
-1.43 -0.72
-1.46 -0.81
-1.47 -0.72
-1.56 -0.68
-1.36 -0.715
-1.55 -0.835
-1.35 -0.715
-1.51 -0.775
-1.59 -0.84
-1.53 -0.83
-1.38 -0.745
-1.5 -0.785
-1.45 -0.78
-1.54 -0.8
-1.53 -0.8
-1.53 -0.72
-1.41 -0.77
-1.44 -0.805
-1.56 -0.77
-1.45 -0.735
-1.46 -0.8
-1.28 -0.715
-1.52 -0.78
-1.48 -0.83
-1.46 -0.805
-1.4 -0.74
-1.26 -0.645
-1.55 -0.84
-1.59 -0.835
-1.49 -0.8
-1.44 -0.745
-1.49 -0.795
-1.61 -0.875
-1.21 -0.635
-1.4 -0.785
-1.29 -0.64
-1.45 -0.785
-1.52 -0.795
-1.62 -0.88
-1.44 -0.765
-1.52 -0.83
-1.46 -0.795
-1.47 -0.705
-1.41 -0.69
-1.36 -0.725
-1.33 -0.475
-1.32 -0.54
-1.28 -0.58
-1.4 -0.715
-1.41 -0.685
-1.36 -0.63
-1.44 -0.725
-1.45 -0.725
-1.45 -0.74
-1.3 -0.75
-1.49 -0.805
-1.53 -0.81
-1.52 -0.8
-1.65 -0.87
-1.27 -0.625
-1.57 -0.875
-1.53 -0.81
-1.36 -0.71
-1.41 -0.63
-1.38 -0.575
-1.41 -0.56
-1.2 -0.52
-1.3 -0.64
-1.34 -0.58
-1.34 -0.505
-1.24 -0.545
-1.21 -0.575
-1.4 -0.76
-1.65 -0.845
-1.27 -0.585
-1.19 -0.495
-1.37 -0.665
-1.62 -0.845
-1.5 -0.775
-1.58 -0.88
-1.39 -0.615
-1.52 -0.795
-1.34 -0.7
-1.33 -0.675
-1.58 -0.81
-1.48 -0.79
-1.42 -0.625
-1.18 -0.375
-1.26 -0.31
-1.46 -0.585
-1.36 -0.705
-1.38 -0.555
-1.4 -0.45
-1.2 -0.16
-1.14 -0.16
-1.06 -0.16
-1.2 -0.56
-1.22 -0.59
-1.37 -0.69
-1.21 -0.58
-1.39 -0.565
-1.43 -0.6
-1.36 -0.605
-1.3 -0.65
-1.48 -0.79
-1.52 -0.795
-1.49 -0.695
-1.4 -0.395
-1.25 -0.39
-1.36 -0.63
-1.32 -0.625
-1.37 -0.555
-1.11 -0.475
-1.21 -0.35
-1.25 -0.55
-1.39 -0.58
-1.35 -0.54
-1.27 -0.59
-1.17 -0.28
-1.41 -0.615
-1.32 -0.6
-1.36 -0.61
-1.37 -0.695
-1.42 -0.735
-1.53 -0.82
-1.48 -0.765
-1.55 -0.78
-1.45 -0.755
-1.59 -0.82
-1.39 -0.695
-1.4 -0.635
-1.48 -0.79
-1.31 -0.575
-1.27 -0.535
-1.47 -0.735
-1.56 -0.785
-1.47 -0.64
-1.34 -0.59
-1.4 -0.6
-1.4 -0.72
-1.39 -0.735
-1.49 -0.745
-1.32 -0.615
-1.37 -0.57
-1.45 -0.625
-1.52 -0.645
-1.21 -0.535
-1.44 -0.48
-1.28 -0.4
-1.11 -0.43
-1.26 -0.155
-1.17 -0.055
-1.25 -0.28
-1.35 -0.15
-1.2 -0.155
-1.16 -0.085
-1.24 0.18
-1.36 0.05
-1.12 -0.035
-1.14 0.105
-1.21 -0.17
-1.28 -0.36
-1.2 -0.54
-1.26 -0.535
-1.2 -0.52
-1.34 -0.47
-1.29 -0.67
-1.46 -0.78
-1.45 -0.79
-1.45 -0.765
-1.41 -0.705
-1.45 -0.665
-1.35 -0.535
-1.15 -0.565
-1.39 -0.735
-1.46 -0.81
-1.52 -0.815
-1.48 -0.73
-1.42 -0.715
-1.37 -0.675
-1.37 -0.57
-1.39 -0.72
-1.45 -0.72
-1.47 -0.5
-1.37 -0.48
-1.44 -0.585
-1.17 -0.405
-1.33 -0.415
-1.18 -0.325
-1.22 -0.445
-1.37 -0.56
-1.49 -0.64
-1.4 -0.65
-1.18 -0.415
-1.37 -0.67
-1.57 -0.725
-1.32 -0.575
-1.45 -0.66
-1.56 -0.845
-1.44 -0.795
-1.53 -0.79
-1.44 -0.77
-1.39 -0.74
-1.35 -0.565
-1.26 -0.615
-1.47 -0.74
-1.41 -0.785
-1.43 -0.745
-1.41 -0.785
-1.68 -0.885
-1.47 -0.82
-1.61 -0.845
-1.53 -0.83
-1.57 -0.845
-1.4 -0.62
-1.34 -0.6
-1.41 -0.54
-1.39 -0.53
-1.33 -0.52
-1.42 -0.615
-1.47 -0.745
-1.6 -0.785
-1.41 -0.76
-1.6 -0.85
-1.5 -0.805
-1.38 -0.755
-1.5 -0.825
-1.39 -0.785
-1.61 -0.875
-1.65 -0.855
-1.58 -0.855
-1.61 -0.81
-1.39 -0.695
-1.34 -0.62
-1.42 -0.625
-1.32 -0.63
-1.26 -0.605
-1.38 -0.65
-1.5 -0.76
-1.47 -0.795
-1.61 -0.88
-1.55 -0.815
-1.52 -0.82
-1.56 -0.855
-1.57 -0.86
-1.67 -0.87
-1.5 -0.805
-1.48 -0.815
-1.52 -0.77
-1.45 -0.79
-1.32 -0.55
-1.33 -0.695
-1.57 -0.74
-1.43 -0.655
-1.47 -0.71
-1.33 -0.695
-1.35 -0.67
-1.49 -0.615
-1.41 -0.64
-1.23 -0.52
-1.26 -0.565
-1.23 -0.59
-1.61 -0.845
-1.37 -0.785
-1.53 -0.76
-1.32 -0.69
-1.62 -0.88
-1.55 -0.82
-1.44 -0.75
-1.55 -0.86
-1.47 -0.755
-1.42 -0.68
-1.56 -0.815
-1.52 -0.825
-1.49 -0.825
-1.66 -0.875
-1.56 -0.825
-1.62 -0.875
-1.53 -0.815
-1.62 -0.8
-1.41 -0.715
-1.31 -0.71
-1.35 -0.77
-1.51 -0.71
-1.35 -0.665
-1.44 -0.71
-1.35 -0.71
-1.3 -0.695
-1.43 -0.745
-1.55 -0.82
-1.49 -0.835
-1.53 -0.795
-1.45 -0.775
-1.58 -0.845
-1.33 -0.66
-1.49 -0.785
-1.49 -0.75
-1.33 -0.58
-1.38 -0.68
-1.41 -0.745
-1.34 -0.7
-1.59 -0.865
-1.38 -0.725
-1.31 -0.65
-1.4 -0.65
-1.33 -0.565
-1.46 -0.565
-1.09 -0.25
-1.26 -0.18
-1.25 -0.285
-1.35 -0.435
-1.33 -0.475
-1.22 -0.42
-1.34 -0.435
-1.28 -0.29
-1.19 -0.22
-1.15 -0.215
-1.22 -0.285
-1.29 -0.315
-1.26 -0.515
-0.92 -0.18
-1.11 -0.075
-1.16 -0.35
-1.28 -0.365
-1.34 -0.485
-1.39 -0.605
-1.17 -0.53
-1.05 -0.385
-1.22 -0.41
-1.43 -0.605
-1.48 -0.77
-1.45 -0.78
-1.53 -0.82
-1.34 -0.565
-1.23 -0.42
-1.28 -0.175
-1.13 -0.155
-1.33 -0.34
-1.23 -0.43
-1.15 -0.185
-1.34 -0.265
-1.24 -0.215
-1.32 -0.075
-1.26 -0.205
-1.41 -0.025
-1.22 0.04
-1.34 -0.06
-1.24 -0.295
-1.34 -0.3
-1.47 -0.67
-1.35 -0.575
-1.27 -0.51
-1.31 -0.68
-1.34 -0.685
-1.4 -0.72
-1.32 -0.685
-1.05 -0.27
-1.32 -0.53
-1.32 -0.535
-1.51 -0.745
-1.41 -0.705
-1.38 -0.695
-1.57 -0.855
-1.52 -0.815
-1.52 -0.835
-1.4 -0.725
-1.39 -0.74
-1.46 -0.785
-1.52 -0.84
-1.49 -0.83
-1.62 -0.88
-1.64 -0.875
-1.45 -0.79
-1.5 -0.8
-1.58 -0.835
-1.62 -0.855
-1.39 -0.73
-1.35 -0.585
-1.45 -0.77
-1.47 -0.665
-1.35 -0.41
-1.21 -0.415
-1.18 -0.2
-1.41 -0.545
-1.28 -0.47
-1.54 -0.665
-1.45 -0.505
-1.35 -0.675
-1.5 -0.71
-1.53 -0.785
-1.4 -0.74
-1.44 -0.765
-1.29 -0.625
-1.55 -0.82
-1.43 -0.755
-1.34 -0.7
-1.37 -0.635
-1.41 -0.755
-1.54 -0.845
-1.61 -0.845
-1.26 -0.605
-1.35 -0.77
-1.42 -0.565
-1.49 -0.655
-1.46 -0.67
-1.26 -0.595
-1.47 -0.695
-1.6 -0.84
-1.57 -0.87
-1.5 -0.73
-1.55 -0.85
-1.3 -0.69
-1.58 -0.835
-1.48 -0.75
-1.43 -0.77
-1.57 -0.845
-1.56 -0.815
-1.5 -0.765
-1.5 -0.745
-1.46 -0.79
-1.45 -0.77
-1.43 -0.69
-1.42 -0.67
-1.33 -0.76
-1.59 -0.84
-1.52 -0.85
-1.47 -0.82
-1.63 -0.82
-1.67 -0.89
-1.65 -0.855
-1.53 -0.815
-1.32 -0.61
-1.35 -0.555
-1.31 -0.64
-1.26 -0.54
-1.22 -0.165
-1.34 -0.215
-1.22 -0.275
-1.29 -0.495
-1.34 -0.595
-1.66 -0.76
-1.46 -0.73
-1.48 -0.81
-1.47 -0.705
-1.54 -0.805
-1.43 -0.735
-1.45 -0.78
-1.6 -0.865
-1.65 -0.88
-1.41 -0.735
-1.43 -0.71
-1.43 -0.79
-1.52 -0.77
-1.51 -0.74
-1.52 -0.74
-1.21 -0.645
-1.38 -0.685
-1.33 -0.725
-1.63 -0.88
-1.69 -0.905
-1.46 -0.8
-1.29 -0.725
-1.54 -0.775
-1.5 -0.795
-1.3 -0.68
-1.44 -0.65
-1.42 -0.68
-1.3 -0.72
-1.47 -0.735
-1.26 -0.6
-1.37 -0.51
-1.37 -0.66
-1.56 -0.795
-1.42 -0.75
-1.22 -0.67
-1.41 -0.785
-1.48 -0.81
-1.46 -0.69
-1.29 -0.55
-1.22 -0.53
-1.35 -0.32
-1.18 -0.245
-1.18 -0.175
-1.24 -0.19
-1.2 -0.18
-1.39 -0.36
-1.2 -0.235
-1.24 -0.285
-1.39 -0.38
-1.25 -0.435
-1.32 -0.62
-1.48 -0.72
-1.29 -0.515
-1.41 -0.755
-1.44 -0.76
-1.17 -0.555
-1.25 -0.39
-1.24 -0.285
-1.37 -0.545
-1.3 -0.655
-1.34 -0.49
-1.3 -0.24
-1.3 -0.41
-1.21 -0.395
-1.42 -0.355
-1.19 -0.27
-1.49 -0.625
-1.37 -0.8
-1.45 -0.76
-1.45 -0.82
-1.61 -0.775
-1.53 -0.805
-1.67 -0.855
-1.41 -0.75
-1.25 -0.65
-1.59 -0.885
-1.46 -0.705
-1.18 -0.595
-1.45 -0.78
-1.46 -0.76
-1.4 -0.715
-1.3 -0.63
-1.56 -0.785
-1.65 -0.89
-1.59 -0.865
-1.51 -0.84
-1.59 -0.785
-1.49 -0.83
-1.6 -0.855
-1.5 -0.78
-1.38 -0.68
-1.22 -0.625
-1.35 -0.67
-1.38 -0.69
-1.68 -0.825
-1.5 -0.765
-1.41 -0.745
-1.46 -0.805
-1.64 -0.85
-1.69 -0.91
-1.41 -0.79
-1.46 -0.815
-1.45 -0.75
-1.33 -0.595
-1.44 -0.74
-1.54 -0.79
-1.47 -0.76
-1.35 -0.615
-1.4 -0.7
-1.4 -0.74
-1.45 -0.73
-1.35 -0.785
-1.58 -0.835
-1.3 -0.695
-1.52 -0.845
-1.46 -0.815
-1.6 -0.86
-1.73 -0.905
-1.61 -0.875
-1.39 -0.76
-1.36 -0.705
-1.47 -0.805
-1.67 -0.895
-1.52 -0.835
-1.48 -0.82
-1.45 -0.815
-1.53 -0.835
-1.37 -0.66
-1.49 -0.79
-1.52 -0.835
-1.51 -0.715
-1.29 -0.67
-1.47 -0.69
-1.6 -0.845
-1.52 -0.84
-1.6 -0.845
-1.7 -0.91
-1.53 -0.76
-1.2 -0.625
-1.4 -0.765
-1.44 -0.765
-1.71 -0.91
-1.57 -0.88
-1.67 -0.89
-1.61 -0.82
-1.53 -0.805
-1.54 -0.81
-1.64 -0.85
-1.45 -0.72
-1.51 -0.77
-1.35 -0.725
-1.36 -0.72
-1.55 -0.84
-1.53 -0.845
-1.36 -0.685
-1.38 -0.755
-1.17 -0.425
-1.46 -0.665
-1.39 -0.69
-1.48 -0.78
-1.49 -0.78
-1.43 -0.725
-1.41 -0.785
-1.67 -0.9
-1.61 -0.85
-1.5 -0.805
-1.39 -0.65
-1.47 -0.71
-1.34 -0.605
-1.44 -0.64
-1.12 -0.455
-1.33 -0.625
-1.47 -0.785
-1.45 -0.75
-1.46 -0.77
-1.5 -0.785
-1.32 -0.675
-1.43 -0.655
-1.57 -0.855
-1.73 -0.895
-1.66 -0.88
-1.47 -0.81
-1.5 -0.815
-1.38 -0.715
-1.48 -0.815
-1.49 -0.795
-1.54 -0.83
-1.55 -0.855
-1.47 -0.765
-1.39 -0.76
-1.66 -0.88
-1.48 -0.78
-1.28 -0.6
-1.27 -0.41
-1.29 -0.2
-1.34 -0.1
-1.29 -0.19
-1.3 -0.215
-1.26 -0.185
-1.26 -0.06
-1.17 -0.095
-1.23 0.08
-1.14 -0.075
-1.13 -0.18
-1.36 -0.315
-1.32 -0.275
-1.27 -0.21
-1.28 -0.505
-1.36 -0.475
-1.33 -0.54
-1.25 -0.4
-1.3 -0.305
-1.12 -0.15
-1.31 0.025
-1.21 0.02
-1.24 -0.025
-1.13 -0.015
-1.19 0.315
-1.17 0.38
-1.24 0.285
-1.27 0.42
-1.23 0.405
-1.29 0.575
-1.61 0.87
-1.51 0.83
-1.41 0.785
-1.6 0.835
-1.59 0.845
-1.7 0.905
-1.53 0.81
-1.48 0.73
-1.43 0.765
-1.56 0.84
-1.55 0.81
-1.38 0.685
-1.53 0.855
-1.58 0.84
-1.54 0.825
-1.5 0.8
-1.67 0.835
-1.44 0.715
-1.37 0.705
-1.52 0.795
-1.5 0.785
-1.49 0.8
-1.34 0.515
-1.54 0.785
-1.43 0.755
-1.63 0.81
-1.63 0.85
-1.46 0.71
-1.47 0.74
-1.41 0.685
-1.67 0.845
-1.46 0.8
-1.56 0.855
-1.3 0.65
-1.43 0.76
-1.25 0.66
-1.4 0.655
-1.43 0.76
-1.43 0.79
-1.47 0.75
-1.5 0.63
-1.43 0.635
-1.24 0.58
-1.31 0.525
-1.42 0.52
-1.44 0.54
-1.44 0.685
-1.49 0.73
-1.44 0.72
-1.32 0.605
-1.37 0.665
-1.21 0.58
-1.41 0.76
-1.58 0.845
-1.21 0.58
-1.47 0.73
-1.29 0.685
-1.42 0.78
-1.65 0.865
-1.35 0.72
-1.3 0.68
-1.33 0.655
-1.52 0.79
-1.72 0.9
-1.4 0.805
-1.56 0.84
-1.52 0.73
-1.61 0.855
-1.64 0.875
-1.73 0.905
-1.52 0.795
-1.54 0.84
-1.61 0.88
-1.5 0.76
-1.55 0.85
-1.55 0.82
-1.38 0.715
-1.4 0.72
-1.26 0.56
-1.58 0.765
-1.48 0.74
-1.3 0.675
-1.25 0.675
-1.28 0.61
-1.51 0.725
-1.54 0.81
-1.3 0.64
-1.31 0.695
-1.42 0.735
-1.51 0.825
-1.61 0.855
-1.41 0.76
-1.62 0.86
-1.42 0.785
-1.52 0.815
-1.6 0.885
-1.55 0.755
-1.4 0.605
-1.15 0.435
-1.25 0.32
-1.15 -0.02
-1.32 0.19
-1.12 0.075
-1.4 0.06
-1.23 -0.225
-1.51 -0.455
-1.21 -0.345
-1.19 -0.325
-1.16 -0.24
-1.09 -0.325
-1.14 -0.19
-1.07 -0.18
-1.04 -0.335
-1.27 -0.46
-1.45 -0.7
-1.13 -0.575
-1.61 -0.865
-1.52 -0.82
-1.56 -0.83
-1.58 -0.83
-1.45 -0.725
-1.55 -0.795
-1.3 -0.745
-1.64 -0.89
-1.55 -0.795
-1.53 -0.835
-1.64 -0.86
-1.33 -0.595
-1.44 -0.705
-1.58 -0.835
-1.7 -0.9
-1.28 -0.69
-1.4 -0.755
-1.44 -0.675
-1.27 -0.6
-1.48 -0.775
-1.58 -0.79
-1.31 -0.585
-1.46 -0.62
-1.36 -0.625
-1.42 -0.76
-1.47 -0.83
-1.54 -0.8
-1.51 -0.795
-1.5 -0.795
-1.6 -0.875
-1.36 -0.615
-1.4 -0.575
-1.48 -0.605
-1.23 -0.555
-1.34 -0.52
-1.38 -0.69
-1.4 -0.65
-1.35 -0.72
-1.62 -0.9
-1.52 -0.8
-1.45 -0.74
-1.44 -0.775
-1.44 -0.695
-1.46 -0.76
-1.44 -0.755
-1.41 -0.725
-1.41 -0.67
-1.4 -0.685
-1.44 -0.795
-1.51 -0.805
-1.32 -0.72
-1.54 -0.84
-1.48 -0.84
-1.36 -0.73
-1.58 -0.825
-1.49 -0.785
-1.37 -0.76
-1.43 -0.755
-1.32 -0.605
-1.35 -0.68
-1.44 -0.72
-1.42 -0.72
-1.46 -0.665
-1.49 -0.72
-1.6 -0.855
-1.37 -0.75
-1.45 -0.76
-1.39 -0.675
-1.55 -0.645
-1.49 -0.78
-1.39 -0.77
-1.42 -0.765
-1.59 -0.86
-1.58 -0.845
-1.4 -0.81
-1.21 -0.65
-1.44 -0.765
-1.63 -0.875
-1.44 -0.74
-1.43 -0.745
-1.29 -0.57
-1.47 -0.56
-1.35 -0.74
-1.48 -0.805
-1.54 -0.81
-1.32 -0.665
-1.58 -0.72
-1.28 -0.49
-1.29 -0.575
-1.16 -0.455
-1.36 -0.675
-1.46 -0.695
-1.61 -0.87
-1.37 -0.74
-1.47 -0.725
-1.44 -0.7
-1.53 -0.815
-1.53 -0.815
-1.64 -0.885
-1.42 -0.735
-1.69 -0.88
-1.55 -0.78
-1.63 -0.865
-1.7 -0.865
-1.64 -0.805
-1.26 -0.68
-1.3 -0.425
-1.24 -0.5
-1.42 -0.615
-1.36 -0.585
-1.27 -0.645
-1.53 -0.805
-1.54 -0.815
-1.49 -0.74
-1.38 -0.655
-1.52 -0.76
-1.61 -0.875
-1.46 -0.785
-1.35 -0.54
-1.52 -0.805
-1.69 -0.91
-1.4 -0.775
-1.18 -0.525
-1.11 -0.475
-1.49 -0.675
-1.54 -0.625
-1.62 -0.78
-1.64 -0.88
-1.76 -0.94
-1.42 -0.77
-1.27 -0.695
-1.55 -0.85
-1.27 -0.56
-1.31 -0.675
-1.4 -0.715
-1.31 -0.61
-1.46 -0.545
-1.32 -0.595
-1.37 -0.575
-1.27 -0.625
-1.34 -0.57
-1.37 -0.555
-1.22 -0.19
-1.29 -0.34
-1.26 -0.205
-1.33 -0.365
-1.48 -0.61
-1.22 -0.35
-1.14 -0.195
-1.01 0
-1 0.12
-1.18 0.265
-1.14 0.115
-1.25 -0.025
-1.2 -0.055
-1.17 0.215
-1.29 0.205
-1.22 0.225
-1.37 0.18
-1.24 0.03
-1.27 0.275
-1.31 0.075
-1.17 -0.04
-1.03 -0.07
-1.22 0.22
-1.1 0.155
-1.18 0.245
-1.1 -0.055
-1.23 -0.45
-1.31 -0.62
-1.33 -0.655
-1.48 -0.79
-1.6 -0.835
-1.46 -0.795
-1.43 -0.71
-1.25 -0.625
-1.36 -0.625
-1.28 -0.66
-1.25 -0.69
-1.35 -0.75
-1.78 -0.94
-1.54 -0.775
-1.59 -0.79
-1.51 -0.815
-1.42 -0.7
-1.3 -0.565
-1.12 -0.25
-1.18 -0.055
-1.17 -0.04
-1.16 0.27
-1.29 0.405
-1.44 0.5
-1.43 0.435
-1.41 0.225
-1.33 0.265
-1.03 0.1
-1.23 0.445
-1.28 0.58
-1.26 0.4
-1.43 0.75
-1.56 0.8
-1.56 0.84
-1.41 0.8
-1.45 0.77
-1.61 0.84
-1.4 0.795
-1.35 0.755
-1.54 0.825
-1.25 0.65
-1.3 0.51
-1.24 0.26
-1.39 0.51
-1.18 0.445
-1.09 0.375
-1.4 0.305
-1.19 0.365
-1.15 0.4
-1.25 0.37
-1.3 0.365
-1.21 0.295
-1.3 0.435
-1.25 0.2
-1.14 -0.18
-1.32 -0.075
-1.23 -0.03
-1.27 0.22
-1.32 -0.075
-1.13 0.145
-1.08 0.19
-1.25 0.23
-1.15 0.29
-1.27 0.455
-1.31 0.505
-1.33 0.52
-1.58 0.815
-1.37 0.765
-1.34 0.68
-1.5 0.76
-1.55 0.695
-1.22 0.545
-1.6 0.715
-1.42 0.6
-1.57 0.82
-1.38 0.665
-1.47 0.71
-1.31 0.675
-1.41 0.77
-1.54 0.84
-1.5 0.8
-1.56 0.825
-1.41 0.775
-1.43 0.73
-1.39 0.775
-1.08 0.425
-1.16 0.32
-1.11 0.24
-1.17 0.205
-1.1 0.23
-1.14 0.2
-1.25 0.33
-1.31 0.45
-1.17 0.49
-1.37 0.72
-1.23 0.67
-1.4 0.745
-1.56 0.865
-1.63 0.89
-1.52 0.74
-1.31 0.55
-1.39 0.545
-1.29 0.62
-1.55 0.835
-1.54 0.84
-1.48 0.8
-1.38 0.675
-1.33 0.665
-1.31 0.645
-1.3 0.66
-1.47 0.655
-1.62 0.805
-1.49 0.815
-1.39 0.665
-1.3 0.405
-1.17 0.375
-1.47 0.735
-1.51 0.74
-1.42 0.75
-1.63 0.84
-1.57 0.845
-1.32 0.635
-1.5 0.76
-1.52 0.82
-1.77 0.935
-1.41 0.795
-1.56 0.83
-1.3 0.725
-1.35 0.66
-1.65 0.79
-1.18 0.57
-1.42 0.705
-1.43 0.705
-1.37 0.585
-1.19 0.34
-1.43 0.67
-1.51 0.73
-1.74 0.895
-1.41 0.72
-1.62 0.855
-1.32 0.615
-1.54 0.81
-1.6 0.81
-1.68 0.905
-1.28 0.645
-1.29 0.545
-1.23 0.465
-1.29 0.63
-1.23 0.705
-1.67 0.885
-1.46 0.79
-1.34 0.665
-1.4 0.725
-1.44 0.755
-1.42 0.77
-1.51 0.795
-1.59 0.84
-1.66 0.88
-1.44 0.79
-1.54 0.83
-1.43 0.73
-1.45 0.685
-1.25 0.535
-1.24 0.64
-1.38 0.74
-1.52 0.82
-1.67 0.85
-1.46 0.83
-1.44 0.79
-1.39 0.665
-1.46 0.695
-1.45 0.735
-1.32 0.7
-1.39 0.715
-1.2 0.675
-1.46 0.76
-1.57 0.835
-1.58 0.845
-1.38 0.745
-1.37 0.72
-1.79 0.94
-1.54 0.81
-1.24 0.57
-1.36 0.54
-1.57 0.75
-1.34 0.65
-1.4 0.665
-1.45 0.77
-1.44 0.745
-1.53 0.84
-1.21 0.66
-1.44 0.75
-1.42 0.75
-1.39 0.64
-1.42 0.72
-1.47 0.805
-1.67 0.895
-1.63 0.845
-1.42 0.79
-1.62 0.86
-1.55 0.85
-1.45 0.745
-1.56 0.78
-1.59 0.885
-1.62 0.855
-1.52 0.83
-1.32 0.58
-1.46 0.7
-1.5 0.785
-1.68 0.88
-1.59 0.845
-1.42 0.82
-1.6 0.805
-1.54 0.815
-1.53 0.83
-1.73 0.925
-1.62 0.845
-1.33 0.535
-1.22 0.465
-1.19 0.52
-1.31 0.42
-1.46 0.505
-1.35 0.365
-1.32 0.295
-1.4 0.35
-1.25 0.155
-1.29 0.005
-1.01 0.12
-1.32 0.515
-1.21 0.365
-1.45 0.745
-1.59 0.865
-1.52 0.83
-1.48 0.655
-1.41 0.51
-1.17 0.115
-1.16 -0.25
-1.08 0.08
-1.35 0.285
-1.3 0.325
-1.07 0.205
-1.17 0.04
-1.18 -0.04
-1.28 0.22
-1.26 0.31
-1.29 0.2
-1.34 0.265
-1.34 0.395
-1.42 0.44
-1.44 0.54
-1.16 0.26
-1.18 -0.03
-1.3 -0.085
-1.26 -0.17
-1.31 -0.02
-1.21 -0.085
-1.22 -0.155
-1.06 -0.1
-1.28 -0.245
-1.13 -0.185
-1.27 -0.33
-1.2 -0.265
-1.22 -0.39
-1.4 -0.305
-1.14 -0.31
-1.31 -0.405
-1.28 -0.45
-1.41 -0.53
-1.34 -0.51
-1.4 -0.555
-1.24 -0.295
-1.27 -0.08
-1.31 -0.16
-1.29 -0.25
-1.27 -0.215
-0.99 0.11
-1.28 0.085
-1.25 0.085
-0.97 0.155
-1.12 0.195
-1.24 0.27
-1.04 0.07
-1.24 0.42
-1.26 0.515
-1.11 0.245
-1.34 0.345
-1.29 0.485
-1.22 0.205
-1.15 0.205
-1.17 -0.09
-1.17 -0.485
-1.39 -0.365
-1.27 -0.545
-1.5 -0.745
-1.51 -0.81
-1.22 -0.575
-1.52 -0.645
-1.28 -0.405
-1.39 -0.56
-1.17 -0.415
-1.38 -0.75
-1.36 -0.645
-1.28 -0.58
-1.75 -0.925
-1.46 -0.825
-1.53 -0.83
-1.52 -0.82
-1.7 -0.89
-1.64 -0.88
-1.46 -0.75
-1.4 -0.775
-1.48 -0.8
-1.27 -0.605
-1.69 -0.91
-1.41 -0.745
-1.48 -0.65
-1.36 -0.505
-1.55 -0.59
-1.27 -0.57
-1.41 -0.725
-1.57 -0.86
-1.52 -0.825
-1.4 -0.755
-1.38 -0.7
-1.56 -0.785
-1.47 -0.79
-1.51 -0.82
-1.58 -0.86
-1.47 -0.77
-1.41 -0.78
-1.5 -0.775
-1.42 -0.625
-1.38 -0.65
-1.45 -0.75
-1.34 -0.63
-1.22 -0.25
-1.18 0.005
-1.14 -0.115
-1.28 -0.385
-1.21 -0.38
-1.34 -0.485
-1.32 -0.65
-1.44 -0.745
-1.31 -0.55
-1.4 -0.555
-1.16 -0.435
-1.22 -0.395
-1.26 -0.42
-1.16 -0.415
-1.14 0.01
-1.24 -0.155
-1.18 -0.32
-1.53 -0.745
-1.17 -0.365
-1.21 -0.095
-1.15 -0.285
-1.28 -0.505
-1.25 -0.365
-1.2 -0.545
-1.3 -0.62
-1.18 -0.59
-1.3 -0.55
-1.41 -0.755
-1.42 -0.67
-1.27 -0.64
-1.29 -0.66
-1.41 -0.76
-1.47 -0.66
-1.45 -0.6
-1.4 -0.655
-1.49 -0.68
-1.47 -0.57
-1.48 -0.73
-1.76 -0.895
-1.75 -0.89
-1.29 -0.665
-1.21 -0.485
-1.22 -0.47
-1.07 -0.32
-1.24 -0.525
-1.16 -0.33
-1.31 -0.575
-1.61 -0.86
-1.4 -0.785
-1.53 -0.81
-1.64 -0.875
-1.42 -0.83
-1.47 -0.72
-1.54 -0.845
-1.6 -0.845
-1.62 -0.81
-1.61 -0.795
-1.36 -0.71
-1.35 -0.625
-1.53 -0.625
-1.38 -0.675
-1.26 -0.695
-1.55 -0.785
-1.29 -0.69
-1.22 -0.515
-1.21 -0.46
-1.23 -0.46
-1.27 -0.46
-1.27 -0.385
-1.51 -0.375
-1.42 -0.475
-1.23 -0.35
-1.3 -0.565
-1.45 -0.71
-1.36 -0.5
-1.31 -0.575
-1.28 -0.6
-1.34 -0.465
-1.21 -0.48
-1.29 -0.62
-1.45 -0.735
-1.37 -0.67
-1.49 -0.72
-1.19 -0.36
-1.32 -0.38
-1.37 -0.415
-1.33 -0.465
-1.45 -0.44
-1.41 -0.425
-1.19 -0.09
-1.19 -0.395
-1.18 -0.455
-1.43 -0.665
-1.5 -0.78
-1.17 -0.565
-1.51 -0.785
-1.3 -0.595
-1.39 -0.605
-1.32 -0.63
-1.3 -0.545
-1.54 -0.77
-1.19 -0.375
-1.12 -0.345
-1.11 -0.425
-1.13 -0.43
-1.33 -0.47
-1.47 -0.495
-1.25 -0.425
-1.32 -0.24
-1.25 -0.21
-1.26 0.005
-1.26 0.09
-1.13 -0.04
-1.3 -0.185
-1.24 -0.23
-1.15 -0.26
-1.16 -0.11
-1 -0.09
-1.3 -0.355
-1.42 -0.485
-1.29 -0.48
-1.2 -0.59
-1.41 -0.705
-1.54 -0.765
-1.41 -0.73
-1.4 -0.71
-1.28 -0.73
-1.38 -0.665
-1.48 -0.77
-1.62 -0.855
-1.52 -0.805
-1.42 -0.77
-1.32 -0.725
-1.42 -0.72
-1.43 -0.66
-1.68 -0.895
-1.48 -0.715
-1.39 -0.6
-1.25 -0.615
-1.33 -0.61
-1.5 -0.805
-1.53 -0.82
-1.45 -0.765
-1.62 -0.885
-1.51 -0.815
-1.21 -0.49
-1.14 -0.36
-1.25 -0.045
-1.17 0.19
-1.23 0
-1.22 -0.265
-1.39 -0.195
-1.37 0.035
-1.34 -0.22
-1.16 -0.225
-1.22 -0.255
-1.17 -0.35
-1.21 -0.245
-1.21 -0.28
-1.32 -0.67
-1.44 -0.6
-1.52 -0.83
-1.42 -0.745
-1.48 -0.75
-1.34 -0.56
-1.38 -0.655
-1.54 -0.7
-1.28 -0.61
