-1.82 0.95
-1.37 0.71
-1.57 0.8
-1.23 0.68
-1.35 0.705
-1.39 0.67
-1.43 0.79
-1.47 0.83
-1.43 0.705
-1.29 0.38
-1.25 0.39
-1.2 0.42
-1.24 0.455
-1.33 0.46
-1.39 0.62
-1.44 0.705
-1.5 0.655
-1.44 0.74
-1.34 0.605
-1.4 0.635
-1.45 0.765
-1.47 0.655
-1.44 0.73
-1.33 0.65
-1.3 0.66
-1.34 0.7
-1.45 0.69
-1.4 0.68
-1.6 0.825
-1.47 0.805
-1.44 0.8
-1.57 0.795
-1.5 0.745
-1.36 0.62
-1.4 0.625
-1.43 0.7
-1.43 0.695
-1.38 0.645
-1.48 0.625
-1.03 0.38
-1.12 0.395
-1.36 0.475
-1.22 0.56
-1.46 0.75
-1.38 0.72
-1.28 0.665
-1.44 0.585
-1.28 0.535
-1.35 0.66
-1.19 0.53
-1.47 0.7
-1.26 0.575
-1.26 0.25
-1.17 0.205
-1.32 0.485
-1.48 0.435
-1.29 0.52
-1.06 0.285
-1.35 0.75
-1.34 0.73
-1.15 0.585
-1.52 0.715
-1.25 0.625
-1.28 0.595
-1.33 0.635
-1.21 0.485
-1.21 0.435
-1.1 0.43
-1.18 0.225
-1.31 0.32
-1.19 0.12
-1.21 0.185
-1.07 0.15
-1.2 0.035
-1.31 0.04
-1.23 0.09
-1.24 -0.045
-1.17 -0.08
-1.11 -0.155
-1.06 0.015
-1.22 -0.11
-1.05 -0.01
-1.22 -0.045
-1.13 0.05
-1.2 -0.01
-1.26 -0.175
-1.33 -0.2
-1.13 -0.06
-1.23 -0.11
-1.2 -0.35
-1.2 -0.485
-1.17 -0.365
-1.11 -0.325
-1.24 -0.3
-1.22 -0.095
-1.21 -0.33
-1.29 -0.28
-1.22 -0.12
-1.2 -0.19
-1.21 -0.18
-1.49 -0.29
-1.42 -0.21
-1.4 -0.3
-1.28 -0.32
-1.39 -0.405
-1.26 -0.425
-1.35 -0.43
-1.23 -0.455
-1.28 -0.625
-1.32 -0.6
-1.44 -0.795
-1.5 -0.81
-1.3 -0.715
-1.42 -0.675
-1.28 -0.67
-1.49 -0.805
-1.72 -0.92
-1.49 -0.795
-1.55 -0.81
-1.56 -0.82
-1.45 -0.77
-1.6 -0.82
-1.59 -0.855
-1.41 -0.75
-1.46 -0.815
-1.42 -0.735
-1.48 -0.69
-1.59 -0.77
-1.57 -0.835
-1.61 -0.88
-1.3 -0.705
-1.21 -0.62
-1.46 -0.745
-1.63 -0.885
-1.27 -0.56
-1.29 -0.605
-1.42 -0.735
-1.19 -0.515
-1.25 -0.445
-1.23 -0.295
-1 -0.27
-1.14 -0.44
-1.28 -0.355
-1.23 -0.525
-1.32 -0.58
-1.39 -0.565
-1.26 -0.515
-1.32 -0.565
-1.07 -0.33
-1.3 -0.47
-1.38 -0.725
-1.62 -0.86
-1.42 -0.78
-1.47 -0.775
-1.19 -0.575
-1.42 -0.685
-1.58 -0.855
-1.77 -0.94
-1.71 -0.89
-1.56 -0.84
-1.55 -0.815
-1.25 -0.57
-1.37 -0.65
-1.67 -0.815
-1.43 -0.76
-1.47 -0.83
-1.29 -0.76
-1.3 -0.655
-1.07 -0.385
-1.29 -0.535
-1.24 -0.375
-1.22 -0.26
-1.17 -0.105
-1.19 -0.28
-1.31 -0.305
-1 -0.025
-0.97 -0.02
-1.14 0.185
-1.1 0.05
-0.86 0.07
-1.07 -0.135
-1.03 -0.05
-1.25 0.08
-1.28 0.39
-1.27 0.38
-1.24 0.41
-1.23 0.44
-1.37 0.535
-1.36 0.59
-1.35 0.665
-1.23 0.615
-1.54 0.735
-1.49 0.735
-1.45 0.77
-1.43 0.63
-1.42 0.78
-1.49 0.8
-1.3 0.74
-1.56 0.84
-1.38 0.745
-1.46 0.8
-1.3 0.665
-1.44 0.75
-1.41 0.71
-1.38 0.67
-1.53 0.81
-1.46 0.805
-1.54 0.84
-1.5 0.815
-1.59 0.855
-1.32 0.63
-1.5 0.79
-1.59 0.87
-1.58 0.85
-1.19 0.505
-1.41 0.59
-1.43 0.49
-1.23 0.63
-1.55 0.84
-1.45 0.72
-1.35 0.69
-1.53 0.815
-1.52 0.795
-1.63 0.825
-1.44 0.705
-1.35 0.605
-1.47 0.765
-1.52 0.745
-1.38 0.665
-1.3 0.61
-1.42 0.755
-1.57 0.845
-1.35 0.735
-1.4 0.76
-1.38 0.695
-1.09 0.515
-1.32 0.66
-1.26 0.625
-1.31 0.685
-1.54 0.805
-1.38 0.775
-1.45 0.82
-1.59 0.875
-1.51 0.8
-1.29 0.68
-1.32 0.72
-1.42 0.795
-1.52 0.825
-1.62 0.85
-1.4 0.75
-1.47 0.76
-1.25 0.705
-1.5 0.815
-1.4 0.73
-1.24 0.58
-1.23 0.45
-1.16 0.48
-1.46 0.785
-1.37 0.755
-1.42 0.665
-1.37 0.665
-1.28 0.655
-1.43 0.76
-1.41 0.75
-1.46 0.815
-1.45 0.78
-1.4 0.765
-1.44 0.75
-1.43 0.73
-1.6 0.865
-1.42 0.68
-1.65 0.84
-1.11 0.53
-1.28 0.23
-1.3 0.485
-1.34 0.43
-1.17 0.235
-1.23 0.215
-1.14 0.32
-1.29 0.185
-1.26 0.14
-1.18 0.275
-1.07 0.245
-1.33 0.57
-1.48 0.74
-1.44 0.635
-1.4 0.725
-1.54 0.755
-1.54 0.83
-1.5 0.75
-1.41 0.735
-1.34 0.73
-1.05 0.535
-1.33 0.62
-1.25 0.62
-1.43 0.775
-1.33 0.695
-1.42 0.765
-1.29 0.66
-1.26 0.61
-1.5 0.595
-1.46 0.595
-1.34 0.395
-1.29 0.35
-1.18 0.42
-1.38 0.675
-1.28 0.725
-1.39 0.67
-1.34 0.435
-1.06 0.24
-1.19 0.235
-1.14 0.415
-1.19 0.32
-1.35 0.49
-1.27 0.63
-1.37 0.725
-1.5 0.8
-1.48 0.83
-1.68 0.9
-1.6 0.855
-1.48 0.77
-1.51 0.82
-1.48 0.825
-1.62 0.86
-1.41 0.78
-1.57 0.825
-1.46 0.72
-1.54 0.825
-1.54 0.795
-1.44 0.79
-1.41 0.75
-1.19 0.655
-1.26 0.51
-1.24 0.64
-1.57 0.78
-1.49 0.835
-1.5 0.77
-1.41 0.7
-1.35 0.64
-1.33 0.715
-1.19 0.53
-1.25 0.565
-1.43 0.76
-1.33 0.68
-1.29 0.735
-1.45 0.745
-1.5 0.79
-1.65 0.875
-1.56 0.78
-1.39 0.74
-1.51 0.8
-1.61 0.855
-1.76 0.885
-1.3 0.53
-1.4 0.64
-1.41 0.705
-1.44 0.695
-1.42 0.64
-1.52 0.675
-1.41 0.71
-1.39 0.65
-1.5 0.69
-1.42 0.7
-1.56 0.82
-1.45 0.66
-1.52 0.8
-1.65 0.855
-1.42 0.78
-1.31 0.71
-1.4 0.765
-1.33 0.705
-1.52 0.81
-1.64 0.855
-1.39 0.71
-1.23 0.565
-1.29 0.615
-1.58 0.83
-1.26 0.66
-1.36 0.665
-1.23 0.5
-1.57 0.8
-1.39 0.7
-1.3 0.54
-1.22 0.585
-1.43 0.695
-1.51 0.795
-1.5 0.785
-1.48 0.71
-1.49 0.61
-1.34 0.57
-1.47 0.585
-1.39 0.655
-1.15 0.525
-1.24 0.63
-1.14 0.61
-1.54 0.795
-1.52 0.795
-1.4 0.7
-1.27 0.69
-1.35 0.73
-1.47 0.73
-1.25 0.58
-1.24 0.495
-1.26 0.36
-1.22 -0.03
-1.32 -0.06
-1.17 0.15
-1.32 0.11
-1.22 0.43
-1.27 0.415
-1.36 0.605
-1.4 0.665
-1.3 0.605
-1.25 0.395
-1.32 0.59
-1.41 0.76
-1.34 0.675
-1.53 0.815
-1.43 0.75
-1.49 0.83
-1.6 0.845
-1.5 0.8
-1.61 0.835
-1.53 0.83
-1.55 0.845
-1.37 0.665
-1.34 0.745
-1.48 0.785
-1.43 0.755
-1.36 0.695
-1.23 0.655
-1.36 0.63
-1.47 0.665
-1.4 0.675
-1.41 0.755
-1.3 0.625
-1.32 0.61
-1.39 0.49
-1.19 0.545
-1.45 0.61
-1.28 0.445
-1.05 0.37
-1.41 0.69
-1.54 0.81
-1.73 0.91
-1.61 0.83
-1.37 0.755
-1.68 0.895
-1.56 0.865
-1.35 0.725
-1.4 0.74
-1.51 0.775
-1.38 0.68
-1.28 0.66
-1.4 0.65
-1.39 0.755
-1.51 0.825
-1.51 0.76
-1.6 0.86
-1.58 0.855
-1.3 0.62
-1.38 0.685
-1.55 0.835
-1.59 0.785
-1.45 0.795
-1.61 0.87
-1.52 0.82
-1.37 0.675
-1.31 0.675
-1.52 0.815
-1.31 0.67
-1.25 0.605
-1.25 0.65
-1.44 0.7
-1.41 0.65
-1.26 0.555
-1.22 0.675
-1.46 0.8
-1.45 0.68
-1.18 0.565
-1.34 0.55
-1.38 0.69
-1.59 0.845
-1.57 0.84
-1.49 0.825
-1.44 0.725
-1.32 0.675
-1.32 0.69
-1.4 0.63
-1.34 0.59
-1.47 0.715
-1.17 0.66
-1.15 0.565
-1.28 0.54
-1.39 0.525
-1.42 0.66
-1.43 0.78
-1.57 0.88
-1.43 0.795
-1.38 0.79
-1.4 0.795
-1.35 0.67
-1.17 0.545
-1.38 0.58
-1.2 0.48
-1.32 0.595
-1.37 0.715
-1.4 0.645
-1.27 0.6
-1.34 0.715
-1.45 0.645
-1.35 0.77
-1.45 0.785
-1.55 0.855
-1.38 0.74
-1.32 0.67
-1.33 0.705
-1.32 0.48
-1.44 0.34
-1.27 0.445
-1.27 0.39
-1.15 -0.075
-1.22 -0.1
-1.17 -0.085
-1.24 -0.12
-1.15 -0.06
-1.08 -0.075
-1.16 -0.155
-1.21 -0.205
-1.32 -0.435
-1.24 -0.485
-1.06 -0.38
-1.05 -0.345
-1.29 -0.505
-1.16 -0.41
-1.26 -0.405
-1.09 0
-0.95 -0.1
-1.22 -0.035
-1.16 -0.03
-1.07 0.105
-1.42 0.165
-1.2 0.185
-1.16 0.095
-1.3 0.24
-1.14 0.255
-1.09 0.24
-1.13 0.15
-1.19 0.22
-1.26 0.21
-1.33 0.325
-1.17 0.54
-1.58 0.785
-1.34 0.65
-1.31 0.56
-1.44 0.725
-1.41 0.785
-1.48 0.665
-1.12 0.585
-1.61 0.805
-1.42 0.715
-1.29 0.735
-1.35 0.655
-1.54 0.845
-1.38 0.79
-1.43 0.75
-1.45 0.815
-1.37 0.685
-1.43 0.76
-1.62 0.865
-1.42 0.79
-1.39 0.73
-1.45 0.765
-1.47 0.775
-1.36 0.66
-1.23 0.58
-1.39 0.6
-1.2 0.48
-1.36 0.52
-1.33 0.375
-1.29 0.58
-1.26 0.645
-1.21 0.655
-1.14 0.465
-1.31 0.605
-1.27 0.63
-1.13 0.515
-1.53 0.835
-1.44 0.775
-1.3 0.715
-1.37 0.76
-1.43 0.725
-1.47 0.725
-1.37 0.705
-1.62 0.875
-1.53 0.825
-1.29 0.595
-1.07 0.52
-1.41 0.61
-1.48 0.785
-1.64 0.88
-1.44 0.795
-1.6 0.815
-1.42 0.8
-1.5 0.74
-1.45 0.76
-1.46 0.745
-1.51 0.8
-1.51 0.8
-1.33 0.655
-1.44 0.595
-1.38 0.6
-1.1 0.45
-1.3 0.285
-1.3 0.355
-1.13 0.38
-1.34 0.55
-1.33 0.67
-1.38 0.76
-1.45 0.65
-1.52 0.695
-1.59 0.885
-1.44 0.735
-1.39 0.73
-1.33 0.63
-1.39 0.79
-1.47 0.795
-1.3 0.69
-1.59 0.845
-1.37 0.73
-1.29 0.535
-1.43 0.795
-1.71 0.9
-1.47 0.775
-1.49 0.77
-1.4 0.765
-1.64 0.87
-1.47 0.79
-1.71 0.87
-1.56 0.79
-1.7 0.91
-1.61 0.865
-1.37 0.74
-1.46 0.8
-1.47 0.805
-1.56 0.83
-1.31 0.69
-1.66 0.89
-1.6 0.85
-1.75 0.93
-1.53 0.795
-1.26 0.535
-1.32 0.46
-1.39 0.63
-1.29 0.6
-1.36 0.61
-1.62 0.82
-1.46 0.77
-1.4 0.75
-1.46 0.765
-1.52 0.635
-1.21 0.56
-1.5 0.745
-1.54 0.815
-1.38 0.76
-1.53 0.715
-1.31 0.495
-1.21 0.49
-1.36 0.595
-1.32 0.665
-1.5 0.795
-1.61 0.8
-1.46 0.715
-1.31 0.575
-1.37 0.735
-1.28 0.625
-1.25 0.515
-1.47 0.745
-1.32 0.675
-1.51 0.755
-1.52 0.79
-1.46 0.795
-1.47 0.775
-1.24 0.71
-1.22 0.59
-1.18 0.515
-1.21 0.335
-1.09 0.44
-1.35 0.52
-1.27 0.51
-1.4 0.705
-1.31 0.615
-1.5 0.76
-1.58 0.795
-1.4 0.77
-1.67 0.885
-1.51 0.775
-1.53 0.715
-1.22 0.475
-1.3 0.285
-1.14 0
-1.15 0.045
-1.41 0.015
-1.21 0.245
-1.14 0.375
-1.18 0.395
-1.32 0.215
-1.37 0.405
-1.24 0.235
-1.17 0.32
-1.08 0.175
-1.23 0.155
-1.29 0.155
-1.11 0.545
-1.34 0.485
-1.21 0.435
-1.24 0.515
-1.25 0.285
-1.17 0.215
-1.42 0.33
-1.15 0.295
-1.18 0.46
-1.42 0.635
-1.36 0.68
-1.47 0.66
-1.49 0.75
-1.57 0.825
-1.39 0.72
-1.26 0.495
-1.35 0.585
-1.29 0.535
-1.24 0.58
-1.41 0.59
-1.36 0.745
-1.56 0.79
-1.51 0.71
-1.33 0.675
-1.48 0.685
-1.31 0.54
-1.25 0.605
-1.37 0.705
-1.45 0.705
-1.41 0.47
-1.26 0.505
-1.15 0.47
-1.11 0.235
-1.25 0.415
-1.41 0.61
-1.38 0.69
-1.44 0.76
-1.59 0.88
-1.39 0.695
-1.22 0.645
-1.55 0.81
-1.44 0.795
-1.52 0.775
-1.6 0.79
-1.39 0.59
-1.14 0.415
-1.16 0.45
-1.38 0.495
-1.31 0.465
-1.35 0.71
-1.36 0.76
-1.3 0.68
-1.49 0.755
-1.33 0.55
-1.22 0.545
-1.38 0.645
-1.37 0.665
-1.38 0.75
-1.45 0.745
-1.34 0.64
-1.37 0.415
-1.28 0.41
-1.38 0.685
-1.33 0.675
-1.45 0.73
-1.49 0.815
-1.75 0.925
-1.68 0.89
-1.5 0.82
-1.45 0.68
-1.13 0.58
-1.43 0.72
-1.57 0.78
-1.52 0.75
-1.36 0.715
-1.35 0.7
-1.32 0.56
-1.37 0.625
-1.25 0.615
-1.36 0.735
-1.24 0.36
-1.43 0.39
-1.21 0.325
-1.17 0.345
-1.28 0.145
-1.31 0.3
-1.45 0.385
-1.13 0.34
-1.27 -0.02
-1.1 -0.105
-0.98 0.085
-1.25 -0.095
-1.2 -0.16
-1.4 -0.05
-1.01 0.025
-1.21 0.29
-1.23 0.335
-1.24 0.215
-1.18 0.13
-1.24 0.145
-1.21 0.3
-1.11 -0.115
-1.2 -0.16
-1.14 0.12
-1.07 -0.115
-1.16 -0.235
-1.23 -0.34
-1.31 -0.585
-1.56 -0.84
-1.57 -0.865
-1.51 -0.845
-1.68 -0.885
-1.41 -0.7
-1.23 -0.605
-1.34 -0.725
-1.45 -0.79
-1.47 -0.84
-1.56 -0.79
-1.41 -0.715
-1.47 -0.785
-1.2 -0.61
-1.66 -0.89
-1.57 -0.82
-1.42 -0.7
-1.56 -0.845
-1.48 -0.795
-1.38 -0.66
-1.08 -0.38
-1.31 -0.56
-1.43 -0.67
-1.28 -0.665
-1.33 -0.71
-1.53 -0.795
-1.47 -0.755
-1.39 -0.585
-1.39 -0.59
-1.33 -0.55
-1.2 -0.61
-1.44 -0.68
-1.25 -0.65
-1.56 -0.835
-1.25 -0.69
-1.48 -0.83
-1.33 -0.665
-1.34 -0.605
-1.35 -0.465
-1.14 -0.395
-1.29 -0.645
-1.13 -0.365
-1.45 -0.695
-1.57 -0.74
-1.47 -0.67
-1.52 -0.835
-1.43 -0.795
-1.59 -0.775
-1.5 -0.76
-1.3 -0.75
-1.37 -0.735
-1.36 -0.735
-1.24 -0.695
-1.53 -0.815
-1.54 -0.865
-1.51 -0.795
-1.6 -0.85
-1.48 -0.78
-1.63 -0.875
-1.5 -0.805
-1.51 -0.835
-1.39 -0.68
-1.26 -0.615
-1.48 -0.76
-1.61 -0.84
-1.41 -0.69
-1.61 -0.775
-1.42 -0.78
-1.49 -0.845
-1.23 -0.685
-1.27 -0.65
-1.5 -0.82
-1.33 -0.655
-1.39 -0.685
-1.53 -0.825
-1.43 -0.725
-1.33 -0.465
-1.35 -0.405
-1.3 -0.5
-1.19 -0.42
-1.31 -0.47
-1.34 -0.5
-1.39 -0.745
-1.59 -0.865
-1.56 -0.835
-1.51 -0.81
-1.67 -0.9
-1.59 -0.86
-1.57 -0.865
-1.41 -0.8
-1.57 -0.805
-1.4 -0.65
-1.24 -0.58
-1.56 -0.8
-1.36 -0.625
-1.59 -0.865
-1.59 -0.83
-1.46 -0.79
-1.67 -0.9
-1.42 -0.77
-1.53 -0.78
-1.49 -0.735
-1.57 -0.8
-1.62 -0.86
-1.48 -0.815
-1.63 -0.84
-1.53 -0.845
-1.48 -0.765
-1.47 -0.75
-1.27 -0.565
-1.2 -0.36
-1.46 -0.63
-1.29 -0.655
-1.51 -0.82
-1.47 -0.73
-1.35 -0.555
-1.45 -0.58
-1.27 -0.54
-1.33 -0.505
-1.25 -0.465
-1.36 -0.405
-1.23 -0.38
-1.38 -0.545
-1.25 -0.22
-1.29 -0.155
-1.18 -0.31
-0.99 -0.27
-1.18 -0.325
-1.23 -0.33
-1.41 -0.36
-1.34 -0.365
-1.35 -0.37
-1.19 -0.345
-1.22 -0.415
-1.29 -0.635
-1.29 -0.495
-1.31 -0.64
-1.3 -0.39
-1.12 -0.52
-1.41 -0.71
-1.33 -0.62
-1.33 -0.61
-1.52 -0.74
-1.35 -0.64
-1.5 -0.67
-1.56 -0.865
-1.54 -0.815
-1.51 -0.77
-1.34 -0.635
-1.51 -0.795
-1.45 -0.775
-1.46 -0.785
-1.59 -0.845
-1.52 -0.855
-1.35 -0.71
-1.46 -0.8
-1.48 -0.79
-1.49 -0.81
-1.49 -0.74
-1.44 -0.815
-1.41 -0.695
-1.64 -0.885
-1.42 -0.695
-1.42 -0.67
-1.37 -0.715
-1.44 -0.795
-1.58 -0.83
-1.43 -0.635
-1.31 -0.525
-1.12 -0.53
-1.34 -0.59
-1.39 -0.665
-1.38 -0.705
-1.44 -0.775
-1.64 -0.88
-1.46 -0.81
-1.53 -0.815
-1.51 -0.805
-1.33 -0.56
-1.43 -0.64
-1.19 -0.605
-1.3 -0.575
-1.56 -0.77
-1.58 -0.85
-1.44 -0.755
-1.61 -0.85
-1.56 -0.835
-1.28 -0.65
-1.44 -0.715
-1.62 -0.85
-1.59 -0.82
-1.46 -0.77
-1.21 -0.525
-1.4 -0.74
-1.45 -0.79
-1.54 -0.83
-1.28 -0.66
-1.63 -0.83
-1.54 -0.84
-1.63 -0.875
-1.39 -0.765
-1.49 -0.825
-1.59 -0.845
-1.45 -0.775
-1.55 -0.805
-1.45 -0.74
-1.56 -0.79
-1.2 -0.6
-1.38 -0.4
-1.43 -0.495
-1.21 -0.49
-1.05 -0.245
-1.21 -0.025
-1.22 0.295
-1.29 0.175
-1.09 0.205
-1.25 0.47
-1.29 0.375
-1.48 0.53
-1.37 0.625
-1.34 0.725
-1.41 0.77
-1.44 0.705
-1.26 0.575
-1.27 0.55
-1.35 0.69
-1.22 0.59
-1.31 0.62
-1.32 0.61
-1.31 0.6
-1.07 0.085
-1.18 0.04
-1.2 -0.04
-1.02 -0.165
-1.4 -0.33
-1.03 -0.115
-1.47 -0.45
-1.34 -0.595
-1.23 -0.27
-1.28 0.05
-1.23 -0.04
-1.07 -0.255
-1.18 -0.21
-1.17 0.085
-1.21 0.16
-1.21 -0.125
-1.24 0.035
-1.19 0.275
-1.26 0.43
-1.21 0.305
-1.16 0.495
-1.48 0.76
-1.37 0.665
-1.37 0.77
-1.48 0.84
-1.41 0.765
-1.43 0.765
-1.29 0.715
-1.57 0.73
-1.48 0.75
-1.56 0.85
-1.58 0.83
-1.52 0.765
-1.46 0.77
-1.32 0.77
-1.53 0.775
-1.48 0.815
-1.45 0.715
-1.32 0.545
-1.43 0.71
-1.39 0.67
-1.39 0.74
-1.71 0.88
-1.37 0.78
-1.48 0.75
-1.34 0.73
-1.52 0.84
-1.53 0.85
-1.59 0.835
-1.51 0.76
-1.61 0.87
-1.59 0.825
-1.58 0.845
-1.68 0.87
-1.21 0.605
-1.35 0.685
-1.37 0.57
-1.23 0.53
-1.33 0.61
-1.52 0.77
-1.36 0.68
-1.5 0.6
-1.26 0.475
-1.22 0.425
-1.25 0.45
-1.34 0.54
-1.19 0.445
-1.07 0.45
-1.43 0.66
-1.53 0.805
-1.55 0.805
-1.54 0.79
-1.55 0.78
-1.62 0.875
-1.57 0.825
-1.46 0.71
-1.62 0.87
-1.46 0.795
-1.47 0.775
-1.36 0.735
-1.45 0.78
-1.55 0.84
-1.51 0.725
-1.22 0.575
-1.48 0.78
-1.54 0.84
-1.47 0.785
-1.37 0.68
-1.59 0.775
-1.55 0.83
-1.32 0.66
-1.44 0.695
-1.21 0.625
-1.48 0.625
-1.19 0.495
-1.24 0.61
-1.25 0.71
-1.34 0.695
-1.43 0.695
-1.36 0.745
-1.45 0.605
-1.31 0.635
-1.39 0.685
-1.46 0.695
-1.45 0.78
-1.41 0.77
-1.31 0.675
-1.35 0.74
-1.46 0.78
-1.61 0.845
-1.61 0.86
-1.33 0.695
-1.45 0.735
-1.33 0.595
-1.53 0.8
-1.44 0.69
-1.33 0.595
-1.35 0.675
-1.17 0.595
-1.3 0.48
-1.29 0.615
-1.28 0.65
-1.19 0.59
-1.19 0.47
-1.27 0.6
-1.34 0.62
-1.39 0.775
-1.45 0.73
-1.54 0.86
-1.62 0.81
-1.59 0.87
-1.3 0.705
-1.39 0.715
-1.59 0.88
-1.62 0.86
-1.62 0.79
-1.33 0.655
-1.32 0.545
-1.16 0.375
-1.35 0.57
-1.33 0.465
-1.19 0.515
-1.33 0.595
-1.24 0.58
-1.28 0.22
-1.33 0.22
-1.25 0.075
-1.06 -0.03
-1.15 0.03
-1.35 0.175
-1.36 0.48
-1.2 0.45
-1.3 0.45
-1.29 0.5
-1.24 0.49
-1.23 0.475
-1.16 0.5
-1.45 0.66
-1.39 0.66
-1.38 0.67
-1.26 0.695
-1.49 0.75
-1.4 0.68
-1.35 0.725
-1.47 0.77
-1.56 0.86
-1.59 0.83
-1.4 0.72
-1.22 0.705
-1.32 0.735
-1.51 0.82
-1.5 0.76
-1.5 0.81
-1.33 0.585
-1.31 0.675
-1.31 0.485
-1.34 0.48
-1.05 0.41
-1.21 0.16
-1.11 0.105
-1.15 -0.095
-1.25 -0.125
-1.11 -0.255
-1.16 -0.255
-1.24 -0.56
-1.57 -0.835
-1.4 -0.705
-1.24 -0.7
-1.34 -0.695
-1.48 -0.78
-1.51 -0.73
-1.63 -0.87
-1.47 -0.805
-1.64 -0.88
-1.59 -0.815
-1.73 -0.915
-1.6 -0.865
-1.51 -0.825
-1.4 -0.795
-1.58 -0.835
-1.4 -0.7
-1.43 -0.68
-1.6 -0.81
-1.51 -0.78
-1.59 -0.805
-1.54 -0.82
-1.46 -0.71
-1.32 -0.715
-1.43 -0.76
-1.32 -0.695
-1.42 -0.665
-1.48 -0.785
-1.46 -0.735
-1.47 -0.76
-1.45 -0.8
-1.5 -0.755
-1.54 -0.845
-1.14 -0.585
-1.22 -0.525
-1.3 -0.425
-1.26 -0.44
-1.44 -0.555
-1.36 -0.53
-1.44 -0.605
-1.56 -0.75
-1.25 -0.685
-1.42 -0.77
-1.63 -0.87
-1.65 -0.875
-1.47 -0.785
-1.47 -0.76
-1.43 -0.765
-1.48 -0.695
-1.36 -0.75
-1.54 -0.77
-1.31 -0.735
-1.5 -0.79
-1.39 -0.73
-1.51 -0.805
-1.56 -0.845
-1.57 -0.85
-1.55 -0.845
-1.4 -0.785
-1.53 -0.825
-1.35 -0.675
-1.6 -0.83
-1.37 -0.655
-1.22 -0.55
-1.25 -0.57
-1.36 -0.735
-1.47 -0.715
-1.39 -0.545
-1.32 -0.59
-1.39 -0.58
-1.36 -0.65
-1.38 -0.69
-1.45 -0.53
-1.32 -0.605
-1.44 -0.79
-1.7 -0.88
-1.39 -0.75
-1.45 -0.795
-1.48 -0.78
-1.44 -0.77
-1.21 -0.44
-1.25 -0.38
-1.17 0.01
-1.1 -0.055
-1.25 -0.015
-1.28 -0.155
-1.22 -0.08
-1.24 0.08
-1.2 0.44
-1.41 0.635
-1.53 0.82
-1.45 0.755
-1.27 0.65
-1.22 0.455
-1.25 0.365
-1.2 0.295
-1.35 0.365
-1.25 0.41
-1.18 0.3
-1.31 0.32
-1.35 0.245
-1.39 0.035
-1.16 0.075
-1.16 0.135
-1.23 0.255
-1.22 0.385
-1.28 0.65
-1.25 0.485
-1.51 0.73
-1.13 0.515
-1.33 0.545
-1.31 0.41
-1.18 0.32
-1.14 0.395
-1.24 0.45
-1.28 0.505
-1.2 0.54
-1.24 0.55
-1.2 0.53
-1.36 0.675
-1.56 0.87
-1.45 0.82
-1.32 0.71
-1.43 0.61
-1.43 0.69
-1.18 0.51
-1.24 0.615
-1.37 0.535
-1.33 0.465
-1.35 0.43
-1.29 0.455
-1.09 0.125
-1.17 0.125
-1.32 -0.055
-1.21 -0.105
-1.14 -0.165
-1.1 0.025
-1.17 0.075
-1.27 0.125
-1.23 0.295
-1.14 -0.19
-1.25 -0.19
-1.26 -0.18
-1.06 -0.135
-0.96 0.055
-1.04 0.185
-1.1 0.13
-1.2 0.285
-1.36 0.63
-1.35 0.74
-1.31 0.71
-1.47 0.7
-1.41 0.735
-1.32 0.58
-1.22 0.49
-1.24 0.57
-1.31 0.45
-0.99 0.355
-1.35 0.55
-1.27 0.355
-1.18 0.45
-1.44 0.75
-1.53 0.695
-1.26 0.54
-1.26 0.615
-1.23 0.49
-1.24 0.6
-1.37 0.705
-1.6 0.83
-1.65 0.89
-1.7 0.91
-1.47 0.83
-1.48 0.82
-1.32 0.67
-1.3 0.625
-1.25 0.59
-1.29 0.625
-1.32 0.615
-1.21 0.605
-1.23 0.5
-1.33 0.52
-1.31 0.5
-1.09 0.265
-1.26 0.45
-1.04 0.22
-1.24 0.495
-1.23 0.525
-1.33 0.68
-1.59 0.845
-1.59 0.875
-1.33 0.655
-1.38 0.645
-1.41 0.63
-1.45 0.68
-1.43 0.575
-1.42 0.515
-1.04 0.355
-1.14 0.34
-0.94 0.155
-1.06 -0.06
-1.24 0.235
-1.26 -0.055
-1.29 0.09
-1.26 -0.085
-1.21 -0.08
-1.2 -0.3
-1.22 -0.21
-1.09 -0.025
-1.08 -0.02
-1.2 0.03
-1.18 0.115
-1.32 0.06
-1.12 0.195
-1.13 0.14
-1.22 0.02
-1.19 0.185
-1.19 0.12
-1.26 0.09
-1.06 -0.145
-1.32 -0.115
-1.07 -0.015
-1.15 -0.215
-1.1 -0.045
-0.98 0.09
-1.09 0.26
-1.33 0.38
-1.18 0.52
-1.12 0.42
-1.34 0.54
-1.29 0.545
-1.26 0.47
-1.19 0.45
-1.24 0.5
-1.28 0.35
-1.28 0.405
-1.23 0.43
-1.21 0.385
-1.27 0.44
-1.21 0.47
-1.45 0.465
-1.32 0.395
-1.19 0.37
-1.28 0.355
-1.24 0.445
-1.51 0.725
-1.39 0.615
-1.47 0.76
-1.58 0.805
-1.45 0.67
-1.41 0.69
-1.48 0.785
-1.55 0.84
-1.58 0.85
-1.49 0.8
-1.3 0.695
-1.55 0.66
-1.19 0.425
-1.29 0.48
-1.18 0.38
-1.18 0.42
-0.97 0.4
-1.28 0.545
-1.18 0.005
-1.12 -0.005
-1.22 -0.24
-1.22 -0.19
-1.15 -0.41
-1.24 -0.565
-1.36 -0.63
-1.31 -0.675
-1.6 -0.855
-1.29 -0.755
-1.25 -0.585
-1.17 -0.57
-1.56 -0.85
-1.59 -0.825
-1.36 -0.655
-1.46 -0.76
-1.37 -0.68
-1.49 -0.815
-1.47 -0.785
-1.37 -0.7
-1.44 -0.78
-1.22 -0.625
-1.55 -0.85
-1.59 -0.805
-1.33 -0.695
-1.37 -0.67
-1.63 -0.805
-1.36 -0.615
-1.46 -0.67
-1.52 -0.66
-1.39 -0.545
-1.43 -0.52
-1.34 -0.435
-1.39 -0.56
-1.15 -0.5
-1.07 -0.425
-1.43 -0.665
-1.38 -0.64
-1.31 -0.435
-1.25 -0.385
-1.22 -0.26
-1.17 -0.215
-1.15 -0.06
-1.1 -0.22
-1.31 -0.46
-1.01 -0.255
-1.41 -0.325
-1.24 -0.32
-1.44 -0.63
-1.13 -0.485
-1.39 -0.56
-1.19 -0.385
-1.18 -0.375
-1.2 -0.205
-1.34 -0.155
-1.19 -0.375
-1.23 -0.185
-1.18 -0.365
-1.21 -0.48
-1.34 -0.455
-1.39 -0.375
-1.27 -0.04
-1.16 -0.225
-1.29 -0.34
-1.28 -0.475
-1.28 -0.53
-1.4 -0.705
-1.67 -0.87
-1.52 -0.85
-1.49 -0.795
-1.53 -0.74
-1.41 -0.71
-1.46 -0.79
-1.46 -0.725
-1.23 -0.52
-1.25 -0.555
-1.26 -0.605
-1.66 -0.855
-1.66 -0.87
-1.51 -0.805
-1.43 -0.705
-1.4 -0.735
-1.5 -0.68
-1.42 -0.74
-1.61 -0.87
-1.56 -0.805
-1.46 -0.785
-1.54 -0.81
-1.34 -0.74
-1.46 -0.78
-1.39 -0.755
-1.5 -0.75
-1.19 -0.59
-1.21 -0.515
-1.17 -0.63
-1.29 -0.385
-1.29 -0.405
-1.24 -0.415
-1.46 -0.67
-1.47 -0.74
-1.52 -0.745
-1.44 -0.74
-1.41 -0.695
-1.22 -0.63
-1.47 -0.825
-1.31 -0.6
-1.39 -0.695
-1.51 -0.72
-1.37 -0.685
-1.43 -0.68
-1.43 -0.715
-1.57 -0.765
-1.3 -0.64
-1.36 -0.725
-1.45 -0.74
-1.56 -0.845
-1.45 -0.725
-1.16 -0.615
-1.29 -0.685
-1.4 -0.755
-1.19 -0.62
-1.38 -0.685
-1.34 -0.64
-1.37 -0.545
-1.47 -0.76
-1.51 -0.705
-1.58 -0.845
-1.63 -0.87
-1.56 -0.87
-1.56 -0.845
-1.56 -0.835
-1.34 -0.71
-1.4 -0.63
-1.36 -0.76
-1.3 -0.52
-1.37 -0.635
-1.29 -0.575
-1.41 -0.77
-1.61 -0.865
-1.57 -0.865
-1.63 -0.86
-1.31 -0.765
-1.41 -0.53
-1.02 -0.315
-1.32 -0.405
-1.37 -0.48
-1.44 -0.55
-1.26 -0.49
-1.17 0.18
-1.18 0.195
-1.19 0.315
-1.24 0.26
-1.36 0.445
-1.23 0.375
-1.32 0.47
-1.38 0.335
-1.26 0.45
-1.29 0.325
-1.3 0.265
-1.38 0.05
-1.27 0.17
-1.12 0.165
-1.22 0.215
-1.23 0.14
-1.27 0.125
-1.27 -0.145
-1.17 -0.145
-1.1 -0.1
-1.16 -0.175
-1.17 -0.055
-1.27 0.125
-1.19 0.315
-1.25 0.325
-1.16 0.445
-1.34 0.58
-1.54 0.595
-1.4 0.68
-1.33 0.605
-1.29 0.575
-1.46 0.695
-1.33 0.515
-1.34 0.45
-1.36 0.585
-1.18 0.275
-1.05 0.21
-0.93 0.215
-1.16 0.365
-1.08 0.115
-1.15 0.295
-1.13 0.305
-1.2 0.5
-1.23 0.405
-1.2 0.37
-1.12 0.29
-1.26 0.355
-1.36 0.465
-1.26 0.425
-1.03 0.265
-1.05 0.28
-1.18 0.57
-1.3 0.635
-1.56 0.71
-1.24 0.54
-1.41 0.71
-1.26 0.585
-1.33 0.53
-1.24 0.275
-1.21 0.505
-1.36 0.65
-1.26 0.455
-1.11 0.305
-1.11 0.59
-1.01 0.43
-1.09 0.455
-1.23 0.2
-1.42 0.48
-1.15 0.385
-1.22 0.415
-1.45 0.59
-1.15 0.275
-1.23 0.11
-1.34 0.185
-1.23 -0.21
-1.16 -0.07
-1.31 -0.11
-1.32 -0.105
-1.15 0.04
-1.25 0.295
-1.27 0.495
-1.22 0.295
-1.15 0.195
-1.06 -0.135
-1.32 -0.365
-1.05 -0.22
-1.1 0.1
-1.19 0.21
-1.2 0.125
-1.36 -0.07
-1.13 -0.05
-1.24 0.015
-1.24 0.025
-1.28 -0.11
-1.31 -0.41
-1.19 -0.47
-1.17 -0.435
-1.41 -0.675
-1.7 -0.915
-1.55 -0.815
-1.51 -0.77
-1.4 -0.665
-1.6 -0.815
-1.39 -0.715
-1.28 -0.48
-1.26 -0.33
-1.22 -0.49
-1.49 -0.56
-1.35 -0.415
-1.33 -0.405
-1.28 -0.4
-1.17 -0.48
-1.32 -0.575
-1.31 -0.575
-1.34 -0.74
-1.47 -0.785
-1.52 -0.705
-1.44 -0.725
-1.41 -0.66
-1.61 -0.74
-1.39 -0.66
-1.43 -0.76
-1.54 -0.805
-1.28 -0.635
-1.46 -0.71
-1.35 -0.67
-1.41 -0.79
-1.37 -0.6
-1.24 -0.675
-1.48 -0.745
-1.46 -0.79
-1.55 -0.87
-1.44 -0.795
-1.53 -0.825
-1.12 -0.505
-1.24 -0.505
-1.28 -0.6
-1.32 -0.615
-1.38 -0.66
-1.37 -0.63
-1.31 -0.61
-1.42 -0.575
-1.32 -0.465
-1.32 -0.285
-1.29 -0.485
-1.41 -0.46
-1.41 -0.72
-1.44 -0.785
-1.54 -0.82
-1.55 -0.765
-1.26 -0.605
-1.19 -0.535
-1.39 -0.68
-1.32 -0.5
-1.22 -0.385
-1.14 -0.21
-1.28 -0.16
-1.16 -0.25
-1.28 -0.14
-1.23 -0.145
-1.28 -0.195
-1.37 -0.525
-1.47 -0.79
-1.1 -0.6
-1.42 -0.78
-1.39 -0.665
-1.15 -0.515
-1.26 -0.645
-1.38 -0.645
-1.31 -0.59
-1.28 -0.65
-1.57 -0.88
-1.43 -0.715
-1.43 -0.77
-1.29 -0.745
-1.5 -0.775
-1.7 -0.88
-1.36 -0.73
-1.33 -0.73
-1.36 -0.675
-1.18 -0.49
-1.35 -0.5
-1.55 -0.665
-1.28 -0.46
-1.16 -0.38
-1.18 -0.58
-1.34 -0.585
-1.19 -0.59
-1.5 -0.76
-1.47 -0.825
-1.37 -0.64
-1.35 -0.69
-1.38 -0.645
-1.6 -0.77
-1.23 -0.585
-1.6 -0.84
-1.5 -0.81
-1.36 -0.67
-1.37 -0.755
-1.48 -0.795
-1.38 -0.655
-1.54 -0.64
-1.54 -0.825
-1.34 -0.725
-1.15 -0.63
-1.33 -0.59
-1.4 -0.675
-1.5 -0.71
-1.46 -0.79
-1.51 -0.805
-1.5 -0.815
-1.47 -0.765
-1.31 -0.735
-1.68 -0.865
-1.48 -0.7
-1.46 -0.715
-1.43 -0.745
-1.42 -0.71
-1.43 -0.78
-1.27 -0.71
-1.53 -0.8
-1.55 -0.84
-1.38 -0.71
-1.41 -0.705
-1.12 -0.62
-1.31 -0.715
-1.43 -0.71
-1.42 -0.745
-1.55 -0.75
-1.4 -0.71
-1.39 -0.58
-1.67 -0.87
-1.35 -0.655
-1.36 -0.69
-1.51 -0.745
-1.53 -0.765
-1.4 -0.72
-1.58 -0.8
-1.39 -0.73
-1.46 -0.77
-1.25 -0.53
-1.37 -0.695
-1.45 -0.715
-1.58 -0.855
-1.54 -0.795
-1.36 -0.62
-1.51 -0.67
-1.37 -0.695
-1.55 -0.82
-1.47 -0.82
-1.53 -0.845
-1.51 -0.82
-1.43 -0.755
-1.41 -0.68
-1.37 -0.765
-1.54 -0.83
-1.43 -0.715
-1.34 -0.585
-1.51 -0.66
-1.46 -0.635
-1.53 -0.69
-1.4 -0.695
-1.44 -0.765
-1.46 -0.78
-1.54 -0.77
-1.23 -0.54
-1.45 -0.725
-1.21 -0.55
-1.4 -0.575
-1.41 -0.74
-1.53 -0.845
-1.55 -0.825
-1.47 -0.755
-1.28 -0.59
-1.52 -0.755
-1.35 -0.68
-1.37 -0.635
-1.35 -0.72
-1.57 -0.87
-1.6 -0.87
-1.3 -0.7
-1.52 -0.78
-1.48 -0.74
-1.54 -0.82
-1.51 -0.815
-1.44 -0.745
-1.61 -0.865
-1.4 -0.79
-1.3 -0.58
-1.22 -0.57
-1.24 -0.325
-1.21 -0.355
-1.14 -0.525
-1.37 -0.525
-1.3 -0.61
-1.41 -0.655
-1.55 -0.64
-1.36 -0.585
-1.3 -0.385
-1.23 -0.33
-1.24 -0.05
-1.13 0.1
-0.92 -0.34
-1.2 -0.305
-1.15 -0.39
-1.26 -0.485
-1.27 -0.425
-1.23 -0.495
-1.53 -0.81
-1.32 -0.64
-1.27 -0.65
-1.42 -0.715
-1.34 -0.635
-1.3 -0.58
-1.29 -0.445
-1.23 -0.465
-1.34 -0.42
-1.24 -0.44
-1.28 -0.425
-1.35 -0.27
-1.34 -0.405
-1.32 -0.395
-1.22 -0.58
-1.14 -0.365
-1.26 -0.49
-1.32 -0.665
-1.46 -0.68
-1.27 -0.38
-1.39 -0.615
-1.48 -0.76
-1.49 -0.8
-1.45 -0.805
-1.42 -0.72
-1.42 -0.71
-1.49 -0.75
-1.43 -0.65
-1.46 -0.71
-1.59 -0.785
-1.51 -0.765
-1.49 -0.77
-1.61 -0.88
-1.42 -0.735
-1.68 -0.83
-1.55 -0.82
-1.68 -0.905
-1.42 -0.765
-1.43 -0.685
-1.5 -0.785
-1.59 -0.875
-1.23 -0.61
-1.61 -0.855
-1.56 -0.83
-1.36 -0.66
-1.45 -0.655
-1.3 -0.56
-1.36 -0.64
-1.49 -0.755
-1.19 -0.55
-1.22 -0.445
-1.28 -0.435
-1.23 -0.38
-1.23 -0.465
-1.22 -0.555
-1.26 -0.52
-1.27 -0.745
-1.32 -0.685
-1.45 -0.8
-1.45 -0.78
-1.38 -0.71
-1.34 -0.735
-1.19 -0.67
-1.44 -0.795
-1.45 -0.74
-1.63 -0.82
-1.61 -0.865
-1.47 -0.825
-1.37 -0.66
-1.27 -0.615
-1.34 -0.7
-1.55 -0.845
-1.5 -0.77
-1.66 -0.9
-1.57 -0.855
-1.49 -0.785
-1.46 -0.77
-1.59 -0.865
-1.53 -0.825
-1.56 -0.845
-1.53 -0.815
-1.56 -0.815
-1.34 -0.745
-1.56 -0.825
-1.52 -0.805
-1.41 -0.685
-1.35 -0.595
-1.26 -0.52
-1.16 -0.37
-1.34 -0.5
-1.55 -0.715
-1.5 -0.785
-1.16 -0.505
-1.25 -0.515
-1.53 -0.725
-1.36 -0.695
-1.44 -0.7
-1.42 -0.72
-1.4 -0.715
-1.02 -0.15
-1.13 0.09
-1.12 -0.14
-1.09 -0.05
-1.19 0.33
-1.23 0.265
-1.16 0.165
-1.14 0.205
-1.3 0.37
-1.11 0.165
-1.21 0.32
-1.33 0.475
-1.31 0.51
-1.09 0.435
-1.12 0.265
-1.24 -0.09
-1.16 -0.195
-1.07 -0.025
-1.15 -0.015
-1.19 -0.245
-1.07 -0.35
-1.2 -0.53
-1.38 -0.67
-1.46 -0.76
-1.5 -0.8
-1.55 -0.795
-1.41 -0.68
-1.3 -0.65
-1.33 -0.675
-1.37 -0.75
-1.39 -0.765
-1.46 -0.81
-1.47 -0.69
-1.21 -0.635
-1.46 -0.78
-1.3 -0.735
-1.41 -0.745
-1.4 -0.745
-1.53 -0.82
-1.29 -0.755
-1.31 -0.725
-1.75 -0.925
-1.46 -0.735
-1.55 -0.75
-1.44 -0.795
-1.57 -0.845
-1.65 -0.9
-1.47 -0.83
-1.15 -0.535
-1.25 -0.5
-1.32 -0.445
-1.4 -0.72
-1.39 -0.6
-1.31 -0.56
-1.19 -0.43
-1.32 -0.64
-1.35 -0.695
-1.46 -0.765
-1.46 -0.775
-1.41 -0.73
-1.51 -0.76
-1.39 -0.665
-1.39 -0.755
-1.45 -0.715
-1.19 -0.52
-1.34 -0.49
-1.18 -0.18
-1.3 -0.17
-1.15 -0.2
-1.27 -0.32
-1.3 -0.395
-1.05 -0.325
-1.24 -0.42
-1.28 -0.41
-1.01 -0.32
-1.28 -0.295
-1.16 -0.275
-1.23 -0.4
-1.18 -0.46
-1.34 -0.49
-1.27 -0.65
-1.31 -0.57
-1.41 -0.645
-1.1 -0.565
-1.41 -0.61
-1.31 -0.69
-1.34 -0.73
-1.49 -0.78
-1.53 -0.765
-1.4 -0.665
-1.42 -0.615
-1.38 -0.705
-1.47 -0.765
-1.31 -0.73
-1.67 -0.9
-1.52 -0.83
-1.27 -0.635
-1.48 -0.805
-1.53 -0.81
-1.26 -0.645
-1.62 -0.87
-1.34 -0.72
-1.27 -0.575
-1.31 -0.66
-1.36 -0.76
-1.59 -0.74
-1.44 -0.76
-1.38 -0.755
-1.41 -0.635
-1.3 -0.49
-1.33 -0.42
-1.31 -0.405
-1.33 -0.545
-1.44 -0.6
-1.28 -0.555
-1.34 -0.58
-1.29 -0.595
-1.25 -0.585
-1.19 -0.445
-1.01 -0.405
-1.35 -0.375
-1.21 -0.54
-1.22 -0.59
-1.5 -0.795
-1.6 -0.865
-1.32 -0.77
-1.29 -0.7
-1.42 -0.77
-1.4 -0.745
-1.45 -0.81
-1.52 -0.825
-1.61 -0.88
-1.52 -0.825
-1.39 -0.66
-1.36 -0.735
-1.57 -0.855
-1.73 -0.915
-1.36 -0.685
-1.47 -0.525
-1.24 -0.44
-1.5 -0.62
-1.34 -0.695
-1.52 -0.765
-1.43 -0.77
-1.29 -0.74
-1.27 -0.585
-1.42 -0.475
-1.3 -0.38
-1.2 -0.38
-1.19 -0.5
-1.55 -0.75
-1.27 -0.7
-1.66 -0.885
-1.43 -0.76
-1.54 -0.785
-1.36 -0.75
-1.37 -0.575
-1.33 -0.6
-1.38 -0.69
-1.22 -0.635
-1.42 -0.705
-1.39 -0.775
-1.27 -0.67
-1.27 -0.55
-1.34 -0.705
-1.41 -0.66
-1.34 -0.515
-1.21 -0.575
-1.31 -0.655
-1.45 -0.725
-1.5 -0.8
-1.51 -0.78
-1.44 -0.685
-1.31 -0.625
-1.33 -0.53
-1.33 -0.7
-1.64 -0.855
-1.54 -0.835
-1.58 -0.845
-1.43 -0.735
-1.36 -0.685
-1.18 -0.48
-1.49 -0.755
-1.5 -0.825
-1.43 -0.805
-1.25 -0.665
-1.57 -0.85
-1.57 -0.81
-1.55 -0.82
-1.27 -0.585
-1.2 -0.47
-1.33 -0.65
-1.27 -0.605
-1.29 -0.63
-1.24 -0.675
-1.27 -0.5
-1.44 -0.75
-1.38 -0.66
-1.32 -0.725
-1.44 -0.735
-1.49 -0.73
-1.51 -0.775
-1.39 -0.64
-1.39 -0.67
-1.57 -0.835
-1.39 -0.655
-1.31 -0.7
-1.47 -0.765
-1.31 -0.61
-1.44 -0.62
-1.14 -0.355
-1.15 -0.225
-1.1 -0.41
-1.44 -0.315
-1.29 -0.485
-1.27 -0.52
-1.31 -0.7
-1.25 -0.69
-1.55 -0.855
-1.51 -0.76
-1.26 -0.645
-1.39 -0.7
-1.31 -0.655
-1.33 -0.735
-1.51 -0.83
-1.63 -0.875
-1.5 -0.79
-1.44 -0.785
-1.4 -0.71
-1.43 -0.755
-1.29 -0.625
-1.41 -0.73
-1.41 -0.66
-1.32 -0.705
-1.46 -0.675
-1.25 -0.545
-1.48 -0.59
-1.33 -0.695
-1.51 -0.71
-1.44 -0.57
-1.53 -0.68
-1.43 -0.68
-1.48 -0.83
-1.14 -0.53
-1.23 -0.385
-1.38 -0.505
-1.16 -0.45
-1.43 -0.57
-1.55 -0.725
-1.36 -0.665
-1.49 -0.765
-1.56 -0.845
-1.43 -0.71
-1.49 -0.68
-1.41 -0.75
-1.39 -0.64
-1.31 -0.62
-1.49 -0.8
-1.56 -0.865
-1.53 -0.795
-1.23 -0.545
-1.21 -0.415
-1.3 -0.37
-1 -0.255
-1.36 -0.29
-1.3 -0.075
-1.27 0.06
-1.28 0
-1.4 -0.31
-1.33 -0.52
-1.35 -0.66
-1.25 -0.595
-1.31 -0.715
-1.52 -0.755
-1.17 -0.44
-1.24 -0.38
-1.26 -0.485
-1.16 -0.31
-1.32 -0.62
-1.2 -0.405
-1.16 -0.22
-1.22 -0.375
-1.26 -0.33
-1.11 -0.425
-1.2 -0.44
-1.4 -0.68
-1.52 -0.83
-1.49 -0.75
-1.64 -0.89
-1.43 -0.685
-1.34 -0.71
-1.23 -0.58
-1.28 -0.675
-1.53 -0.74
-1.21 -0.44
-1.55 -0.825
-1.3 -0.7
-1.32 -0.65
-1.62 -0.87
-1.5 -0.765
-1.24 -0.56
-1.71 -0.89
-1.61 -0.865
-1.51 -0.815
-1.55 -0.835
-1.62 -0.845
-1.44 -0.79
-1.52 -0.82
-1.33 -0.715
-1.47 -0.76
-1.4 -0.67
-1.29 -0.69
-1.4 -0.765
-1.33 -0.61
-1.32 -0.615
-1.47 -0.83
-1.28 -0.645
-1.53 -0.575
-1.3 -0.51
-1.25 -0.415
-1.25 -0.53
-1.26 -0.575
-1.54 -0.79
-1.68 -0.89
-1.54 -0.83
-1.4 -0.71
-1.22 -0.585
-1.29 -0.58
-1.25 -0.555
-1.28 -0.48
-1.34 -0.625
-1.34 -0.755
-1.59 -0.82
-1.43 -0.785
-1.53 -0.845
-1.6 -0.845
-1.51 -0.725
-1.39 -0.73
-1.59 -0.805
-1.57 -0.82
-1.41 -0.755
-1.27 -0.645
-1.45 -0.77
-1.48 -0.815
-1.31 -0.745
-1.35 -0.665
-1.42 -0.78
-1.6 -0.785
-1.66 -0.9
-1.51 -0.805
-1.58 -0.8
-1.5 -0.71
-1.52 -0.825
-1.34 -0.69
-1.37 -0.565
-1.27 -0.495
-1.31 -0.46
-1.19 -0.425
-1.26 -0.455
-1.23 -0.49
-1.43 -0.775
-1.42 -0.72
-1.18 -0.545
-1.26 -0.56
-1.47 -0.69
-1.45 -0.77
-1.21 -0.67
-1.54 -0.77
-1.36 -0.765
-1.55 -0.82
-1.53 -0.8
-1.52 -0.8
-1.5 -0.77
-1.37 -0.78
-1.28 -0.7
-1.47 -0.775
-1.47 -0.71
-1.27 -0.555
-1.28 -0.5
-1.48 -0.81
-1.66 -0.87
-1.48 -0.805
-1.6 -0.865
-1.33 -0.625
-1.45 -0.525
-1.33 -0.57
-1.21 -0.35
-1.34 -0.415
-1.34 -0.495
-1.24 -0.495
-1.27 -0.605
-1.64 -0.865
-1.34 -0.66
-1.37 -0.71
-1.51 -0.815
-1.38 -0.745
-1.43 -0.665
-1.2 -0.66
-1.32 -0.565
-1.45 -0.8
-1.57 -0.86
-1.57 -0.825
-1.59 -0.855
-1.32 -0.69
-1.55 -0.86
-1.46 -0.81
-1.45 -0.79
-1.26 -0.72
-1.36 -0.77
-1.52 -0.825
-1.49 -0.815
-1.33 -0.75
-1.36 -0.705
-1.37 -0.78
-1.43 -0.725
-1.53 -0.825
-1.34 -0.75
-1.44 -0.7
-1.19 -0.495
-1.17 -0.515
-1.47 -0.64
-1.37 -0.745
-1.39 -0.66
-1.53 -0.77
-1.43 -0.8
-1.62 -0.87
-1.58 -0.8
-1.68 -0.855
-1.61 -0.85
-1.56 -0.785
-1.59 -0.835
-1.38 -0.725
-1.34 -0.645
-1.37 -0.465
-1.46 -0.66
-1.49 -0.805
-1.7 -0.905
-1.47 -0.805
-1.56 -0.855
-1.49 -0.8
-1.52 -0.845
-1.34 -0.695
-1.45 -0.745
-1.3 -0.495
-1.28 -0.535
-1.51 -0.76
-1.51 -0.775
-1.53 -0.74
-1.39 -0.64
-1.39 -0.74
-1.36 -0.75
-1.52 -0.81
-1.25 -0.705
-1.45 -0.76
-1.47 -0.625
-1.34 -0.435
-1.22 -0.555
-1.49 -0.605
-1.21 -0.485
-1.57 -0.725
-1.44 -0.73
-1.42 -0.675
-1.39 -0.715
-1.36 -0.65
-1.34 -0.63
-1.42 -0.735
-1.49 -0.81
-1.39 -0.69
-1.23 -0.63
-1.32 -0.71
-1.46 -0.73
-1.38 -0.69
-1.52 -0.775
-1.62 -0.87
-1.53 -0.85
-1.37 -0.755
-1.36 -0.715
-1.58 -0.81
-1.66 -0.89
-1.65 -0.89
-1.42 -0.725
-1.45 -0.735
-1.57 -0.75
-1.67 -0.87
-1.56 -0.81
-1.5 -0.76
-1.12 -0.655
-1.58 -0.785
-1.24 -0.565
-1.56 -0.865
-1.41 -0.795
-1.35 -0.745
-1.36 -0.715
-1.4 -0.8
-1.41 -0.75
-1.48 -0.775
-1.6 -0.865
-1.51 -0.805
-1.56 -0.845
-1.51 -0.805
-1.43 -0.72
-1.01 -0.39
-1.21 -0.43
-1.25 -0.245
-1.08 -0.165
-1.02 -0.08
-1.15 0.035
-1.27 -0.01
-1.17 -0.085
-1.24 -0.095
-1.21 -0.21
-1.02 -0.4
-1.32 -0.705
-1.4 -0.695
-1.37 -0.745
-1.29 -0.575
-1.55 -0.85
-1.54 -0.775
-1.27 -0.64
-1.37 -0.665
-1.22 -0.555
-1.31 -0.6
-1.6 -0.825
-1.41 -0.645
-1.57 -0.795
-1.29 -0.69
-1.64 -0.855
-1.3 -0.62
-1.45 -0.71
-1.52 -0.79
-1.36 -0.695
-1.32 -0.585
-1.24 -0.59
-1.18 -0.535
-1.36 -0.54
-1.46 -0.76
-1.24 -0.6
-1.21 -0.545
-1.29 -0.46
-1.34 -0.67
-1.59 -0.805
-1.31 -0.7
-1.51 -0.775
-1.46 -0.715
-1.27 -0.515
-1.29 -0.535
-1.24 -0.48
-1.04 -0.355
-1.39 -0.52
-1.4 -0.675
-1.14 -0.575
-1.23 -0.73
-1.44 -0.785
-1.48 -0.63
-1.42 -0.76
-1.59 -0.825
-1.22 -0.58
-1.39 -0.61
-1.4 -0.785
-1.45 -0.75
-1.28 -0.725
-1.42 -0.7
-1.47 -0.795
-1.4 -0.64
-1.59 -0.82
-1.5 -0.76
-1.57 -0.75
-1.42 -0.635
-1.26 -0.57
-1.34 -0.545
-1.23 -0.605
-1.4 -0.78
-1.55 -0.83
-1.17 -0.58
-1.6 -0.865
-1.56 -0.79
-1.51 -0.77
-1.49 -0.775
-1.47 -0.775
-1.41 -0.695
-1.42 -0.79
-1.3 -0.595
-1.23 -0.605
-1.53 -0.805
-1.38 -0.765
-1.31 -0.66
-1.46 -0.64
-1.41 -0.715
-1.45 -0.825
-1.45 -0.715
-1.6 -0.875
-1.53 -0.76
-1.56 -0.845
-1.48 -0.8
-1.54 -0.77
-1.51 -0.79
-1.68 -0.86
-1.32 -0.57
-1.17 -0.555
-1.46 -0.67
-1.26 -0.665
-1.35 -0.645
-1.17 -0.495
-1.23 -0.395
-1.56 -0.435
-1.14 -0.18
-1.21 -0.335
-1.31 -0.56
-1.22 -0.58
-1.26 -0.475
-1.2 -0.395
-1.27 -0.45
-1.43 -0.64
-1.52 -0.76
-1.54 -0.75
-1.38 -0.74
-1.42 -0.605
-1.28 -0.675
-1.16 -0.605
-1.28 -0.65
-1.44 -0.805
-1.43 -0.81
-1.6 -0.87
-1.46 -0.7
-1.53 -0.705
-1.38 -0.63
-1.52 -0.84
-1.46 -0.77
-1.42 -0.635
-1.34 -0.52
-1.27 -0.395
-1.33 -0.57
-1.33 -0.64
-1.35 -0.685
-1.44 -0.755
-1.6 -0.82
-1.61 -0.835
-1.26 -0.64
-1.42 -0.745
-1.49 -0.825
-1.61 -0.86
-1.57 -0.85
-1.59 -0.855
-1.57 -0.825
-1.47 -0.78
-1.63 -0.825
-1.67 -0.845
-1.49 -0.825
-1.41 -0.74
-1.37 -0.735
-1.27 -0.615
-1.11 -0.44
-1.28 -0.495
-1.23 -0.38
-1.37 -0.58
-1.46 -0.69
-1.35 -0.615
-1.34 -0.645
-1.39 -0.72
-1.26 -0.425
-1.3 -0.61
-1.5 -0.825
-1.41 -0.71
-1.47 -0.795
-1.31 -0.725
-1.34 -0.69
-1.36 -0.75
-1.57 -0.86
-1.35 -0.765
-1.31 -0.665
-1.2 -0.645
-1.54 -0.81
-1.74 -0.92
-1.34 -0.7
-1.33 -0.615
-1.3 -0.635
-1.59 -0.84
-1.52 -0.83
-1.56 -0.795
-1.4 -0.71
-1.44 -0.73
-1.45 -0.755
-1.35 -0.695
-1.44 -0.74
-1.25 -0.585
-1.66 -0.86
-1.37 -0.765
-1.69 -0.885
-1.54 -0.835
-1.47 -0.82
-1.64 -0.855
-1.6 -0.845
-1.47 -0.71
-1.4 -0.715
-1.2 -0.635
-1.68 -0.905
-1.53 -0.835
-1.41 -0.745
-1.4 -0.77
-1.3 -0.625
-1.58 -0.855
-1.89 -0.97
-1.57 -0.815
-1.29 -0.675
-1.44 -0.685
-1.45 -0.775
-1.27 -0.6
-1.27 -0.57
-1.43 -0.535
-1.21 -0.61
-1.44 -0.74
-1.61 -0.865
-1.3 -0.655
-1.42 -0.755
-1.29 -0.63
-1.59 -0.67
-1.49 -0.8
-1.43 -0.725
-1.4 -0.81
-1.52 -0.84
-1.47 -0.74
-1.35 -0.585
-1.54 -0.845
-1.43 -0.735
-1.48 -0.75
-1.4 -0.56
-1.44 -0.545
-1.25 -0.525
-1.23 -0.61
-1.35 -0.44
-1.17 -0.24
-1.22 -0.215
-1.24 -0.36
-1.42 -0.4
-1.25 -0.31
-1.17 0.085
-1.16 0.195
-1.25 0.135
-1.13 0.13
-1.39 0.605
-1.36 0.585
-1.39 0.485
-1.22 0.405
-1.37 0.3
-1.35 0.61
-1.27 0.625
-1.38 0.725
-1.57 0.805
-1.45 0.77
-1.53 0.81
-1.49 0.835
-1.35 0.72
-1.44 0.755
-1.4 0.775
-1.55 0.685
-1.5 0.635
-1.33 0.615
-1.41 0.71
-1.28 0.41
-1.27 0.375
-1.19 0.405
-1.36 0.18
-1.3 -0.125
-1.1 -0.15
-1.19 0.09
-1.05 -0.025
-1.1 0.17
-1.1 0.075
-0.95 0.19
-1.09 0.025
-0.93 -0.235
-1.3 -0.44
-1.46 -0.52
-1.31 -0.41
-1.07 -0.245
-1.1 0.035
-1.15 0.005
-1.29 -0.4
-1.18 -0.395
-1.32 -0.34
-1.32 -0.36
-1.39 -0.42
-1.5 -0.565
-1.24 -0.335
-1.2 -0.57
-1.51 -0.83
-1.41 -0.77
-1.34 -0.745
-1.32 -0.7
-1.41 -0.57
-1.34 -0.58
-1.3 -0.48
-1.41 -0.6
-1.54 -0.77
-1.18 -0.595
-1.25 -0.615
-1.56 -0.81
-1.48 -0.77
-1.43 -0.76
-1.51 -0.785
-1.18 -0.59
-1.44 -0.73
-1.6 -0.805
-1.59 -0.835
-1.58 -0.835
-1.53 -0.865
-1.34 -0.76
-1.54 -0.82
-1.44 -0.785
-1.55 -0.84
-1.55 -0.835
-1.51 -0.795
-1.54 -0.83
-1.26 -0.675
-1.42 -0.775
-1.5 -0.77
-1.5 -0.81
-1.62 -0.86
-1.51 -0.76
-1.62 -0.89
-1.54 -0.825
-1.57 -0.875
-1.49 -0.785
-1.54 -0.82
-1.61 -0.88
-1.49 -0.785
-1.57 -0.84
-1.67 -0.915
-1.48 -0.835
-1.38 -0.77
-1.5 -0.785
-1.58 -0.85
-1.62 -0.865
-1.42 -0.765
-1.7 -0.895
-1.45 -0.76
-1.6 -0.785
-1.58 -0.8
-1.34 -0.635
-1.44 -0.69
-1.56 -0.765
-1.43 -0.715
-1.42 -0.73
-1.36 -0.715
-1.34 -0.575
-1.37 -0.605
-1.32 -0.36
-1.18 -0.325
-1.05 -0.43
-1.42 -0.675
-1.35 -0.735
-1.68 -0.75
-1.47 -0.7
-1.54 -0.81
-1.59 -0.845
-1.6 -0.875
-1.37 -0.775
-1.62 -0.835
-1.54 -0.795
-1.63 -0.86
-1.6 -0.85
-1.7 -0.885
-1.53 -0.79
-1.44 -0.735
-1.38 -0.695
-1.49 -0.78
-1.34 -0.625
-1.46 -0.695
-1.66 -0.895
-1.67 -0.91
-1.37 -0.745
-1.66 -0.875
-1.45 -0.795
-1.51 -0.835
-1.5 -0.82
-1.6 -0.86
-1.53 -0.785
-1.16 -0.5
-1.39 -0.56
-1.24 -0.445
-1.46 -0.62
-1.3 -0.55
-1.36 -0.7
-1.26 -0.68
-1.61 -0.79
-1.58 -0.785
-1.53 -0.845
-1.25 -0.635
-1.32 -0.655
-1.35 -0.775
-1.67 -0.855
-1.64 -0.85
-1.65 -0.87
-1.47 -0.805
-1.47 -0.68
-1.53 -0.81
-1.32 -0.75
-1.66 -0.89
-1.42 -0.725
-1.43 -0.775
-1.36 -0.63
-1.46 -0.78
-1.58 -0.87
-1.29 -0.61
-1.38 -0.76
-1.64 -0.87
-1.3 -0.64
-1.18 -0.585
-1.28 -0.67
-1.55 -0.795
-1.54 -0.755
-1.57 -0.805
-1.48 -0.785
-1.22 -0.575
-1.41 -0.44
-1.38 -0.625
-1.35 -0.69
-1.61 -0.845
-1.45 -0.76
-1.45 -0.81
-1.25 -0.575
-1.33 -0.46
-1.09 -0.355
-1.24 -0.39
-1.19 -0.24
-1.07 -0.15
-1.1 -0.215
-1.27 -0.09
-1.2 -0.395
-1.18 -0.23
-1.05 -0.295
-1.4 -0.535
-1.3 -0.5
-1.51 -0.84
-1.5 -0.77
-1.37 -0.735
-1.17 -0.51
-1.42 -0.64
-1.52 -0.825
-1.48 -0.805
-1.23 -0.635
-1.25 -0.535
-1.17 -0.39
-1.29 -0.51
-1.33 -0.4
-1.28 -0.34
-1.33 -0.43
-1.38 -0.495
-1.39 -0.41
