-1.49 -0.655
-1.07 -0.385
-1.26 -0.57
-1.23 -0.545
-1.15 -0.62
-1.21 -0.56
-1.13 -0.265
-1.15 -0.55
-1.51 -0.81
-1.37 -0.595
-1.16 -0.58
-1.37 -0.69
-1.25 -0.635
-1.27 -0.395
-1.18 -0.365
-1.36 -0.445
-1.37 -0.505
-1.22 -0.275
-1.07 -0.435
-1.35 -0.455
-1.18 -0.39
-1.26 -0.155
-1.31 -0.175
-1.1 -0.125
-1.04 0
-0.92 0.12
-1.28 0.46
-1.19 0.53
-1.31 0.615
-1.28 0.255
-1.04 0.025
-1.4 0.12
-1.31 0.1
-1.16 -0.005
-1.05 -0.22
-1.31 -0.495
-1.15 -0.385
-1.02 -0.295
-1.21 -0.215
-1.11 -0.035
-1.1 0.035
-1.28 0.25
-1.05 0.255
-1.18 0.39
-1.07 0.19
-1.11 0.42
-1.31 -0.1
-1 0.005
-0.94 -0.17
-1.18 -0.3
-1.28 -0.305
-1.18 -0.135
-1.1 0
-1.21 -0.22
-1.3 -0.21
-1.27 -0.045
-1.17 0.265
-1.09 0.425
-1.25 0.5
-1.32 0.495
-1.15 0.54
-1.17 0.475
-1.29 0.63
-1.33 0.575
-1.2 0.455
-1.16 0.165
-1.16 0.085
-1.07 0.175
-1.14 -0.165
-1.15 -0.09
-1.16 0.03
-1.15 0.38
-1.17 0.47
-1.05 0.365
-1.28 0.475
-1.24 0.58
-1.23 0.3
-1.09 0.07
-1.05 -0.08
-1.13 0.035
-0.84 0.135
-1.16 0.43
-1.31 0.57
-1.46 0.765
-1.55 0.835
-1.64 0.875
-1.45 0.795
-1.45 0.685
-1.45 0.755
-1.22 0.645
-1.3 0.65
-1.04 0.38
-1.16 0.54
-1.3 0.41
-1.23 0.215
-1.21 0.515
-1.3 0.35
-1.12 0.46
-1.21 0.155
-1.25 0.4
-1.48 0.685
-1.36 0.63
-1.26 0.48
-1.27 0.305
-1.18 0.2
-1.25 0.12
-1.07 0.2
-1.2 0.245
-1.09 0.385
-1.3 0.475
-1.31 0.685
-1.54 0.785
-1.22 0.68
-1.4 0.71
-1.21 0.645
-1.35 0.67
-1.23 0.58
-1.31 0.605
-1.3 0.635
-1.41 0.65
-1.61 0.865
-1.39 0.77
-1.59 0.845
-1.43 0.79
-1.32 0.75
-1.31 0.715
-1.65 0.88
-1.55 0.855
-1.5 0.77
-1.5 0.81
-1.21 0.635
-1.11 0.545
-1.38 0.615
-1.24 0.465
-1.32 0.68
-1.44 0.75
-1.25 0.51
-0.95 0.375
-1.17 0.595
-1.28 0.62
-1.08 0.385
-1.32 0.575
-1.35 0.72
-1.5 0.835
-1.26 0.62
-1.51 0.815
-1.14 0.625
-1.32 0.67
-1.38 0.58
-1.14 0.505
-1.13 0.45
-1.24 0.55
-1.16 0.58
-1.48 0.81
-1.34 0.685
-1.52 0.675
-1.27 0.525
-1.64 0.87
-1.65 0.87
-1.5 0.83
-1.45 0.775
-1.16 0.535
-1.27 0.505
-1.25 0.45
-1.45 0.765
-1.48 0.81
-1.28 0.75
-1.41 0.72
-1.27 0.71
-1.34 0.725
-1.49 0.835
-1.17 0.635
-1.35 0.73
-1.2 0.655
-1.33 0.66
-1.29 0.695
-1.13 0.68
-1.44 0.755
-1.13 0.535
-1.03 0.485
-1.2 0.5
-1.24 0.57
-1.28 0.635
-1.41 0.775
-1.57 0.73
-1.4 0.78
-1.38 0.765
-1.37 0.705
-1.49 0.78
-1.32 0.725
-1.27 0.71
-1.58 0.745
-1.5 0.735
-1.41 0.765
-1.42 0.665
-1.48 0.82
-1.42 0.77
-1.18 0.7
-1.48 0.84
-1.3 0.73
-1.35 0.725
-1.3 0.65
-1.2 0.59
-1.26 0.69
-1.42 0.665
-1.39 0.5
-1.1 0.365
-1.15 0.35
-1.02 0.26
-1.36 0.625
-1.13 0.485
-1.3 0.64
-1.58 0.835
-1.47 0.765
-1.27 0.585
-1.36 0.655
-1.43 0.66
-1.37 0.78
-1.49 0.76
-1.34 0.6
-1.36 0.73
-1.33 0.66
-1.28 0.605
-1.61 0.85
-1.41 0.725
-1.46 0.695
-1.44 0.76
-1.32 0.66
-1.35 0.68
-1.16 0.555
-1.35 0.78
-1.52 0.81
-1.28 0.64
-1.15 0.54
-1.29 0.56
-1.22 0.485
-1.12 0.31
-1.04 0.135
-1.21 0.57
-1.4 0.685
-1.29 0.645
-1.41 0.81
-1.36 0.755
-1.38 0.71
-1.19 0.625
-1.32 0.7
-1.32 0.715
-1.49 0.825
-1.64 0.865
-1.36 0.745
-1.46 0.79
-1.09 0.375
-1.27 0.365
-1.26 0.59
-1.13 0.49
-1.04 0.43
-1.3 0.46
-1.19 0.215
-1.13 0.12
-1.04 0.065
-1.19 0.34
-1.09 0.21
-1.02 0.175
-1.08 0.12
-1.17 -0.025
-1.03 -0.29
-1.03 -0.13
-1.09 -0.02
-1.18 0.1
-1.17 0.13
-1.25 0.02
-1.4 -0.095
-0.98 0.01
-1.09 -0.365
-1.51 -0.775
-1.32 -0.63
-1.28 -0.67
-1.35 -0.695
-1.46 -0.77
-1.4 -0.735
-1.29 -0.645
-1.51 -0.755
-1.22 -0.65
-1.33 -0.425
-1.25 -0.37
-1.11 -0.445
-1.04 -0.415
-1.17 -0.4
-1.32 -0.66
-1.29 -0.52
-1.21 -0.15
-0.96 -0.11
-1.02 -0.385
-1.18 -0.575
-1.27 -0.525
-1.24 -0.685
-1.14 -0.48
-1.18 -0.41
-1.02 -0.415
-1.23 -0.615
-1.69 -0.89
-1.55 -0.85
-1.5 -0.775
-1.42 -0.79
-1.28 -0.69
-1.42 -0.715
-1.1 -0.44
-1.27 -0.545
-1.26 -0.295
-1.07 -0.25
-1.08 -0.285
-1.15 -0.37
-1.23 -0.325
-1.41 -0.48
-1.21 -0.375
-1.28 -0.375
-1.23 -0.535
-1.24 -0.615
-1.41 -0.71
-1.38 -0.735
-1.39 -0.72
-1.47 -0.82
-1.24 -0.575
-1.2 -0.525
-1.28 -0.495
-1.43 -0.4
-1.19 -0.385
-1.33 -0.405
-1.41 -0.455
-1.15 -0.21
-1.15 -0.185
-1.04 -0.095
-1.19 -0.325
-1.09 -0.495
-1.31 -0.665
-1.22 -0.53
-1.28 -0.48
-1.14 -0.21
-1.18 -0.13
-1.16 -0.39
-1.14 -0.25
-1.13 -0.31
-1.06 -0.445
-1.31 -0.445
-1.02 -0.33
-1.16 -0.305
-1.21 -0.555
-1.45 -0.74
-1.33 -0.645
-1.29 -0.7
-1.48 -0.78
-1.56 -0.82
-1.76 -0.885
-1.29 -0.575
-1.33 -0.47
-1.3 -0.56
-1.16 -0.5
-1.16 -0.635
-1.42 -0.605
-1.28 -0.68
-1.38 -0.725
-1.53 -0.835
-1.48 -0.775
-1.53 -0.79
-1.41 -0.73
-1.4 -0.725
-1.25 -0.63
-1.1 -0.44
-1.13 -0.485
-1.15 -0.455
-1.23 -0.55
-1.15 -0.405
-1.15 -0.15
-1.19 0.355
-1.04 0.02
-1.14 -0.155
-1.18 -0.01
-0.99 0.25
-0.98 0.175
-1.22 0.405
-1.32 0.54
-1.14 0.555
-1.47 0.645
-1.31 0.68
-1.28 0.65
-1.28 0.61
-1.29 0.595
-1.31 0.57
-1.29 0.54
-1.28 0.535
-1.47 0.67
-1.19 0.595
-1.28 0.65
-1.3 0.705
-1.14 0.485
-1.29 0.595
-1.31 0.58
-1.43 0.76
-1.23 0.655
-1.42 0.77
-1.22 0.515
-0.99 0.27
-1 0.32
-1.17 0.46
-1.24 0.41
-1.29 0.58
-1.12 0.395
-1.09 0.26
-1.17 0.19
-1.27 0.205
-1.29 0.24
-1.44 0.485
-1.3 0.61
-1.1 0.345
-1.34 0.51
-1.1 0.5
-1.24 0.61
-1.54 0.8
-1.27 0.56
-1.36 0.765
-1.47 0.75
-1.34 0.645
-1.23 0.55
-1.1 0.415
-1.22 0.4
-0.96 0.31
-1.08 0.255
-1.19 -0.13
-1.17 0.02
-1.14 -0.065
-0.96 -0.12
-1.17 -0.3
-1.46 -0.57
-1.39 -0.615
-1.29 -0.69
-1.36 -0.735
-1.33 -0.695
-1.28 -0.565
-1.16 -0.53
-1.3 -0.61
-1.34 -0.57
-0.98 -0.315
-1.38 -0.615
-1.35 -0.56
-1.42 -0.71
-1.55 -0.79
-1.28 -0.71
-1.47 -0.805
-1.57 -0.87
-1.21 -0.63
-1.24 -0.52
-1.38 -0.63
-1.17 -0.575
-1.33 -0.74
-1.31 -0.59
-1.38 -0.61
-1.46 -0.72
-1.58 -0.8
-1.56 -0.835
-1.58 -0.85
-1.27 -0.675
-1.49 -0.805
-1.5 -0.815
-1.36 -0.655
-1.17 -0.6
-1.48 -0.695
-1.34 -0.565
-1.29 -0.43
-1.3 -0.63
-1.42 -0.76
-1.09 -0.585
-1.17 -0.525
-1.08 -0.495
-1.32 -0.58
-1.42 -0.67
-1.48 -0.795
-1 -0.495
-1.28 -0.705
-1.32 -0.605
-1.22 -0.45
-1.26 -0.275
-1.22 -0.24
-1.24 -0.235
-1.32 -0.46
-1.27 -0.555
-1.08 -0.305
-0.99 -0.415
-1.12 -0.495
-1.13 -0.495
-1.19 -0.415
-1.3 -0.625
-1.09 -0.55
-0.98 -0.22
-0.99 -0.3
-1.17 -0.455
-1.22 -0.515
-1.31 -0.53
-1.21 -0.55
-1.22 -0.555
-1.26 -0.465
-1.13 -0.535
-1.25 -0.61
-1.12 -0.48
-1.3 -0.585
-1.16 -0.395
-1.47 -0.58
-1.08 -0.215
-1.19 -0.35
-0.96 -0.385
-1.14 -0.525
-1.48 -0.725
-1.46 -0.77
-1.16 -0.595
-1.3 -0.64
-1.29 -0.63
-1.02 -0.505
-1.35 -0.745
-1.29 -0.625
-1.47 -0.8
-1.32 -0.705
-1.25 -0.605
-1.18 -0.525
-1.3 -0.425
-1.3 -0.595
-1.35 -0.675
-1.37 -0.7
-1.34 -0.665
-1.5 -0.8
-1.38 -0.73
-1.58 -0.845
-1.48 -0.795
-1.19 -0.55
-1.28 -0.625
-1.23 -0.59
-1.37 -0.73
-1.4 -0.715
-1.39 -0.75
-1.2 -0.665
-1.53 -0.78
-1.24 -0.59
-1.24 -0.655
-1.47 -0.83
-1.44 -0.705
-1.4 -0.66
-1.29 -0.555
-1.4 -0.595
-1.34 -0.56
-1.17 -0.55
-1.31 -0.735
-1.42 -0.7
-1.54 -0.815
-1.49 -0.775
-1.64 -0.855
-1.33 -0.64
-1.38 -0.635
-1.24 -0.53
-1.11 -0.49
-1.28 -0.385
-1.26 -0.525
-1.36 -0.425
-1.14 -0.335
-1.23 -0.48
-1.12 -0.46
-1.13 -0.36
-1.1 -0.31
-1.17 -0.32
-1.23 -0.275
-1.13 -0.34
-1.2 -0.195
-1.21 -0.175
-1.17 -0.555
-0.96 -0.165
-1.29 -0.17
-1.17 -0.245
-1 -0.38
-1.18 -0.34
-1.22 -0.315
-1.15 -0.385
-1.2 -0.54
-1.41 -0.625
-1.13 -0.515
-1.05 -0.32
-1.22 -0.285
-1.22 -0.53
-1.41 -0.77
-1.29 -0.705
-1.16 -0.275
-1.14 -0.29
-1.23 -0.19
-1.14 -0.05
-1.13 0.015
-1.2 -0.045
-1.27 -0.035
-1.12 -0.38
-1.34 -0.5
-1.29 -0.59
-1.11 -0.335
-1.1 -0.375
-1.26 -0.575
-1.2 -0.575
-1.26 -0.465
-1.29 -0.7
-1.43 -0.65
-1.23 -0.59
-1.15 -0.5
-1.27 -0.595
-1.29 -0.63
-1.25 -0.595
-1.45 -0.805
-1.36 -0.715
-1.31 -0.505
-1.23 -0.41
-1.11 -0.285
-1.16 -0.12
-1.14 -0.305
-1.15 -0.155
-1.34 -0.1
-1.12 0.145
-1.13 0.2
-1.38 0.35
-1.4 0.465
-1.16 0.49
-1.07 0.29
-1.02 0.37
-1.24 0.39
-1.21 0.36
-1.13 0.17
-1.09 0.11
-1.25 0.25
-1.22 0.03
-1.01 -0.09
-1.23 -0.045
-1.24 0.06
-1.23 0.17
-1.09 0.175
-1.07 0.49
-1.34 0.67
-1.24 0.615
-1.6 0.83
-1.52 0.785
-1.51 0.78
-1.47 0.8
-1.23 0.605
-1.4 0.765
-1.25 0.67
-1.49 0.78
-1.15 0.535
-1.4 0.595
-1.41 0.695
-1.53 0.695
-1.36 0.575
-1.19 0.465
-1.2 -0.025
-1.05 -0.13
-0.99 0.015
-0.99 -0.01
-1.21 -0.19
-1.17 -0.265
-1.14 -0.135
-1.09 -0.1
-1.2 0.04
-1 0.095
-1.19 0.115
-1.17 0.155
-1.05 0.17
-0.99 0.13
-1.01 0.1
-1.06 0.285
-1.17 0.32
-1.21 0.385
-1.26 0.26
-1.22 0.27
-1.16 0.285
-1.16 0.39
-1.11 0.21
-1.17 0.135
-1.06 0.115
-1.17 0.165
-1.1 -0.055
-1.1 0.09
-1.09 0.095
-1.13 -0.01
-1.09 0.015
-1.14 -0.065
-1.15 -0.24
-1.13 -0.08
-0.98 0.08
-0.89 -0.045
-1.1 -0.235
-1.11 -0.105
-1.09 0.12
-1.01 -0.105
-1.1 -0.32
-1.42 -0.295
-1.09 -0.395
-1.13 -0.165
-1.32 -0.165
-1.26 -0.08
-1.16 0.105
-1.27 -0.01
-1.04 -0.085
-1.17 -0.06
-1.2 0.19
-1.03 0.17
-1.16 0.14
-1.21 0.37
-1.2 0.475
-1.27 0.525
-1.18 0.44
-1.28 0.605
-1.25 0.59
-1.32 0.65
-1.39 0.665
-1.02 0.48
-1.4 0.67
-1.2 0.59
-1.2 0.64
-1.52 0.84
-1.38 0.775
-1.55 0.825
-1.43 0.805
-1.16 0.68
-1.43 0.745
-1.11 0.485
-1.31 0.44
-1.4 0.6
-1.33 0.685
-1.31 0.56
-1.21 0.54
-1.36 0.555
-1.21 0.42
-1.29 0.595
-1.48 0.56
-1.45 0.775
-1.71 0.905
-1.4 0.68
-1.23 0.565
-1.27 0.68
-1.44 0.76
-1.48 0.75
-1.4 0.75
-1.33 0.65
-1.41 0.565
-1.34 0.54
-1.14 0.49
-1.05 0.125
-1.16 0.125
-0.97 0.23
-1.19 0.335
-1.34 0.35
-1.29 0.515
-0.96 0.195
-1.2 0.345
-1.28 0.055
-1.14 -0.025
-1.28 -0.195
-1.22 -0.28
-1.3 -0.435
-1.18 -0.37
-1.19 -0.355
-1.16 -0.39
-1.25 -0.39
-1.14 -0.545
-1.08 -0.44
-1.07 -0.235
-1.07 -0.145
-1.22 0
-1.06 0.215
-1.36 0.65
-1.15 0.445
-0.95 0.14
-1.1 0.055
-1.11 0.02
-1.08 0.18
-1.15 0.285
-1.2 0.425
-1.27 0.46
-1.35 0.52
-1.28 0.49
-1.34 0.49
-1.4 0.475
-1.11 0.46
-1.04 0.42
-1.11 0.42
-1.49 0.8
-1.39 0.72
-1.41 0.655
-1.29 0.75
-1.32 0.675
-1.38 0.67
-1.36 0.76
-1.18 0.495
-1.27 0.475
-1.07 0.145
-1.3 -0.02
-1.17 -0.04
-1.17 0.12
-1.01 0.335
-1.25 0.35
-1.13 0.14
-1.17 0.13
-1.1 0.275
-1.08 0.1
-1.2 -0.115
-1.25 0.155
-1.17 -0.015
-1.33 0.32
-1 0.35
-1.15 0.43
-1.05 0.24
-1.23 0.095
-1.08 -0.035
-1.15 0.01
-1.43 0.015
-1.15 0.115
-1.07 -0.325
-1.15 -0.13
-0.81 0.005
-1.07 -0.02
-1.25 0.03
-1.05 -0.1
-1.08 0.075
-0.94 0.16
-1.15 -0.07
-1.14 -0.03
-1.2 -0.115
-1.06 -0.25
-1.14 -0.13
-1.21 -0.08
-1.15 0.01
-1.25 -0.065
-1.34 0.14
-1.23 0.115
-1.01 0.24
-1.34 0.565
-1.34 0.685
-1.29 0.59
-1.34 0.67
-1.34 0.745
-1.12 0.535
-1.16 0.55
-1.46 0.765
-1.61 0.89
-1.45 0.75
-1.35 0.71
-1.51 0.8
-1.31 0.515
-1.32 0.62
-1.38 0.73
-1.31 0.635
-1.24 0.495
-1.32 0.57
-0.95 0.38
-1.16 0.28
-1.01 0.155
-1.3 0.59
-1.08 0.26
-1.3 0.535
-1.34 0.585
-1.15 0.54
-1.34 0.705
-1.13 0.46
-1.57 0.855
-1.5 0.745
-1.47 0.82
-1.38 0.725
-1.62 0.895
-1.48 0.715
-1.47 0.76
-1.27 0.67
-1.33 0.69
-1.28 0.52
-0.93 0.32
-1.11 0.32
-1.17 0.135
-1.04 0.075
-1.13 0.04
-1.12 0.025
-1.08 -0.035
-1.14 0.31
-1.31 0.49
-1.26 0.145
-0.99 0.22
-1.31 -0.16
-1.26 -0.075
-1.04 -0.13
-1.26 -0.14
-1.16 -0.265
-1.1 -0.435
-0.95 -0.49
-1.21 -0.305
-1.2 -0.355
-1.14 -0.31
-1.24 -0.475
-1.38 -0.685
-1.38 -0.775
-1.26 -0.445
-1.21 -0.425
-1.23 -0.475
-1.23 -0.665
-1.17 -0.525
-1.02 -0.135
-1.23 -0.25
-1.28 -0.6
-1.38 -0.75
-1.43 -0.655
-1.46 -0.745
-1.38 -0.765
-1.35 -0.765
-1.35 -0.69
-1.55 -0.825
-1.33 -0.66
-1.34 -0.66
-1.61 -0.865
-1.4 -0.7
-1.35 -0.69
-1.32 -0.6
-1.15 -0.335
-1.27 0.045
-1.14 0.305
-1.17 0.49
-1.14 0.42
-1.34 0.38
-1.33 0.41
-1.26 0.455
-1.22 0.37
-1.09 0.45
-1.32 0.585
-1.41 0.39
-1.22 0.08
-0.99 -0.03
-1.14 -0.02
-1.04 0.1
-1.14 0.02
-1.07 -0.145
-1.25 -0.23
-1.52 -0.67
-1.18 -0.5
-1.47 -0.61
-1.36 -0.74
-1.24 -0.635
-1.27 -0.555
-1.25 -0.54
-1.28 -0.395
-1.25 -0.37
-1.17 -0.33
-1.01 -0.21
-0.98 -0.17
-1.11 -0.24
-1.47 -0.78
-1.62 -0.875
-1.6 -0.86
-1.45 -0.805
-1.48 -0.675
-1.23 -0.52
-1.11 -0.325
-1.14 -0.285
-1.11 -0.315
-1.11 -0.405
-1.08 -0.365
-1.09 -0.095
-1.22 -0.125
-1.21 -0.265
-1.17 -0.395
-1.26 -0.475
-1.29 -0.525
-1.36 -0.55
-1.24 -0.475
-1.15 -0.405
-1.21 -0.285
-1.14 -0.535
-1.48 -0.52
-1.46 -0.465
-1.29 -0.57
-1.32 -0.66
-1.49 -0.715
-1.3 -0.555
-1.3 -0.58
-1.26 -0.53
-1.18 -0.45
-1.07 -0.46
-1.48 -0.765
-1.29 -0.615
-1.24 -0.48
-1.16 -0.43
-1.23 -0.485
-1.28 -0.42
-1.32 -0.37
-1.24 -0.345
-1.18 -0.61
-1.37 -0.67
-1.49 -0.7
-1.22 -0.61
-1.37 -0.785
-1.62 -0.875
-1.36 -0.745
-1.41 -0.745
-1.37 -0.64
-1.28 -0.675
-1.41 -0.755
-1.31 -0.695
-1.14 -0.42
-1.19 -0.56
-1.46 -0.76
-1.32 -0.66
-1.48 -0.755
-1.24 -0.525
-1.27 -0.675
-1.35 -0.665
-1.66 -0.89
-1.68 -0.89
-1.55 -0.845
-1.18 -0.555
-1.38 -0.63
-1.35 -0.425
-1.27 -0.365
-0.97 -0.285
-1.04 -0.16
-1.16 0.185
-1.19 -0.18
-1.29 -0.535
-1.15 -0.495
-1.53 -0.83
-1.39 -0.695
-1.44 -0.715
-1.22 -0.53
-1.32 -0.265
-1.19 -0.495
-1.13 -0.43
-1.19 -0.18
-1.09 0
-1.02 0.11
-0.96 0.135
-1.26 -0.005
-1.12 0.03
-1.12 0.185
-1.29 0.085
-1.14 0.03
-1.27 -0.095
-1.15 0.08
-1.18 -0.19
-1.07 -0.325
-1.3 -0.675
-1.34 -0.675
-1.24 -0.505
-1.29 -0.615
-1.21 -0.57
-1.23 -0.515
-1.24 -0.375
-1.07 -0.285
-1.18 -0.505
-1.22 -0.545
-1.22 -0.555
-0.98 -0.48
-1.43 -0.76
-1.1 -0.505
-1.4 -0.57
-1.43 -0.695
-1.26 -0.66
-1.49 -0.765
-1.35 -0.665
-1.43 -0.74
-1.57 -0.845
-1.36 -0.615
-1.26 -0.58
-1.4 -0.695
-1.28 -0.73
-1.5 -0.815
-1.32 -0.595
-1.39 -0.785
-1.45 -0.805
-1.44 -0.685
-1.28 -0.545
-1.15 -0.23
-1.28 -0.115
-1.16 0.135
-1.15 0.14
-1.2 -0.44
-1.23 -0.215
-1.21 -0.085
-1.08 -0.12
-1.17 -0.005
-1.24 -0.185
-1.04 -0.04
-1.1 0.015
-1.06 -0.185
-1.02 -0.13
-1.03 -0.145
-1.15 0.045
-1.24 0.38
-1.22 0.255
-1.1 0.085
-1.2 0.02
-1.07 -0.225
-1.12 0
-1.11 -0.165
-1.13 -0.375
-0.97 -0.23
-1.05 -0.115
-1.09 0.035
-1.21 0.195
-1.18 0.28
-1.11 0.25
-1.1 0.275
-1.08 0.345
-1.17 0.37
-1.12 0.125
-0.89 0.095
-1.11 0.24
-1.23 0.315
-1.18 0.265
-1.42 0.49
-1.21 0.475
-1.16 0.55
-1.37 0.7
-1.67 0.815
-1.27 0.5
-1.04 0.235
-1.21 0.09
-1.15 -0.005
-1.21 0.365
-1.48 0.685
-1.48 0.71
-1.56 0.85
-1.53 0.83
-1.39 0.66
-1.54 0.82
-1.37 0.72
-1.38 0.715
-1.27 0.69
-1.41 0.755
-1.41 0.79
-1.6 0.86
-1.34 0.715
-1.37 0.695
-1.55 0.845
-1.48 0.74
-1.23 0.52
-1.49 0.715
-1.02 0.3
-1.19 0.47
-1.41 0.365
-1.17 0.2
-1.05 0.285
-1.21 0.345
-1.16 0.405
-0.98 0.45
-1.14 0.35
-1.22 0.435
-1.22 0.355
-1.32 0.415
-1.33 0.565
-1.31 0.57
-1.27 0.52
-1.26 0.555
-1.15 0.285
-1.11 0.365
-1.21 0.425
-1.33 0.555
-1.17 0.315
-1.14 0.235
-1.05 0.21
-1.14 0.28
-1.11 0.285
-1.2 0.245
-1.25 0.16
-0.77 -0.13
-1.06 -0.175
-1.1 -0.225
-1.14 -0.025
-1.11 -0.04
-0.99 -0.26
-1.14 -0.38
-1.19 -0.235
-1.17 -0.425
-1.28 -0.345
-1.2 -0.47
-1.24 -0.38
-1.27 -0.64
-1.41 -0.71
-1.42 -0.77
-1.12 -0.49
-1.37 -0.66
-1.52 -0.84
-1.56 -0.81
-1.46 -0.66
-1.33 -0.65
-1.19 -0.575
-1.14 -0.58
-1.1 -0.545
-1.22 -0.54
-1.23 -0.55
-1.39 -0.63
-1.3 -0.54
-1.14 -0.4
-1.23 -0.52
-1.34 -0.645
-1.2 -0.67
-1.24 -0.555
-1.51 -0.8
-1.56 -0.825
-1.28 -0.65
-1.25 -0.64
-1.5 -0.8
-1.38 -0.63
-1.31 -0.635
-1.21 -0.475
-1.23 -0.39
-1.39 -0.525
-1.28 -0.52
-1.13 -0.595
-1.42 -0.68
-1.08 -0.4
-1.28 -0.67
-1.3 -0.575
-1.4 -0.725
-1.44 -0.77
-1.29 -0.735
-1.32 -0.77
-1.18 -0.67
-1.5 -0.74
-1.46 -0.705
-1.36 -0.755
-1.47 -0.765
-1.26 -0.62
-1.34 -0.715
-1.28 -0.615
-1.02 -0.27
-1.1 -0.08
-1.05 -0.005
-1.26 0.155
-1.15 0.075
-1.03 0.125
-1.15 0.195
-1.03 0.09
-1.13 -0.06
-1.22 -0.08
-1.07 0.065
-1.26 -0.085
-1.03 0.065
-0.95 0.145
-1.26 0.355
-1.15 0.11
-1.21 0.04
-1.29 -0.105
-1.4 0.215
-1.13 0.04
-1.09 -0.18
-1.06 -0.23
-0.98 0.02
-1.11 -0.085
-1.16 -0.085
-1.07 -0.105
-1.12 0.075
-1.32 -0.075
-1.24 0.225
-1.33 0.43
-1.14 0.3
-1.15 0.385
-0.96 -0.005
-0.98 0.255
-1.12 -0.05
-1.18 -0.055
-1.1 -0.005
-1.06 0.095
-1.22 -0.19
-1.25 -0.375
-0.87 -0.005
-1.15 0.185
-1.21 0.23
-1.34 0.51
-1.17 0.375
-1.22 0.305
-1.3 0.285
-1.37 0.445
-1.14 0.195
-1.32 0.305
-1.15 0.22
-1.28 0.36
-1.17 0.255
-1.11 0.215
-1.07 0.315
-1.14 0.415
-1.08 0.29
-1.3 0.375
-1.17 0.415
-1.27 0.57
-1.3 0.695
-1.43 0.75
-1.48 0.81
-1.58 0.835
-1.43 0.8
-1.35 0.76
-1.25 0.565
-1.27 0.375
-1.22 0.41
-1.22 0.525
-1.14 0.515
-1.33 0.69
-1.14 0.485
-1.35 0.39
-1.29 0.39
-0.99 0.445
-1.1 0.34
-1.13 0.27
-1.15 0.245
-1.32 0.16
-1.05 0.3
-1.15 -0.03
-1.22 0.055
-1.12 0.01
-1.13 0.19
-1.22 0.275
-1.19 -0.005
-1.22 -0.03
-1.12 -0.01
-1.16 -0.12
-1 0.085
-1.28 -0.03
-1.15 -0.175
-1.06 -0.005
-1.19 -0.145
-1.15 -0.44
-1.44 -0.615
-1.42 -0.755
-1.41 -0.705
-1.27 -0.66
-1.12 -0.535
-1.25 -0.48
-1.36 -0.705
-1.38 -0.61
-1.33 -0.57
-1.32 -0.475
-1.49 -0.735
-1.23 -0.54
-1.55 -0.67
-1.41 -0.77
-1.42 -0.695
-1.36 -0.64
-1.25 -0.63
-1.24 -0.615
-1.16 -0.585
-1.45 -0.795
-1.11 -0.405
-1.24 -0.445
-1.4 -0.505
-1.36 -0.43
-1.19 -0.375
-1.19 -0.405
-1.26 -0.45
-1.29 -0.635
-1.22 -0.645
-1.35 -0.645
-1.41 -0.78
-1.63 -0.905
-1.44 -0.795
-1.29 -0.695
-1.34 -0.685
-1.39 -0.78
-1.41 -0.76
-1.31 -0.675
-1.64 -0.87
-1.59 -0.83
-1.36 -0.74
-1.32 -0.62
-1.22 -0.515
-1.23 -0.29
-1.2 -0.15
-1.1 -0.145
-1.21 -0.29
-1.24 -0.225
-1.25 -0.11
-1.18 -0.13
-1.19 0.03
-1.31 -0.305
-1.21 -0.165
-1.27 -0.295
-1.24 -0.19
-1.09 -0.05
-1.08 0.015
-1.05 0.19
-1.09 0.07
-1.13 0.15
-1.08 0.005
-1.03 0.04
-1.04 -0.29
-1.23 0.165
-1.13 0.22
-1.26 0.57
-1.21 0.675
-1.32 0.69
-1.34 0.72
-1.63 0.84
-1.54 0.805
-1.49 0.755
-1.52 0.775
-1.4 0.51
-1.16 0.22
-0.96 0.195
-1.09 0.335
-1.07 0.24
-1.19 0.085
-1.15 -0.115
-1.19 -0.15
-1.14 -0.25
-1.14 -0.38
-1.16 -0.415
-1.02 -0.155
-1.19 -0.005
-0.82 0.265
-0.96 0.31
-1.18 0.525
-1.21 0.72
-1.36 0.735
-1.31 0.685
-1.27 0.575
-1.3 0.46
-1.1 0.38
-1.21 0.39
-1 0.195
-1.12 0.405
-1.18 0.475
-1.28 0.555
-1.36 0.715
-1.29 0.665
-1.35 0.625
-1.21 0.565
-1.27 0.68
-1.25 0.605
-1.39 0.705
-1.08 0.52
-1.32 0.67
-1.04 0.34
-1.14 0.45
-1.32 0.53
-1.41 0.745
-1.62 0.74
-1.33 0.61
-1.24 0.435
-1.39 0.735
-1.2 0.555
-1.11 0.57
-1.24 0.57
-1.28 0.635
-1.34 0.735
-1.31 0.68
-1.24 0.565
-1.03 0.35
-1.33 0.61
-1.27 0.54
-1.26 0.61
-1.35 0.725
-1.32 0.69
-1.46 0.795
-1.2 0.695
-1.35 0.66
-1.05 0.39
-1.22 0.37
-1.07 0.24
-1.08 0.3
-1.09 0.19
-1.12 0.255
-1.01 0.075
-1.11 -0.075
-1.19 -0.065
-1.2 -0.02
-1.18 -0.005
-1.13 0.005
-1.2 -0.05
-1.17 -0.065
-1.09 -0.305
-1.17 -0.395
-1 -0.185
-1.22 -0.35
-1.33 -0.495
-1.17 -0.305
-1.19 -0.295
-1.14 -0.345
-1.07 -0.2
-1.1 -0.15
-1.09 0.105
-1.16 0.205
-1.11 0.35
-1.13 0.375
-0.99 0.045
-1.09 -0.015
-0.99 -0.08
-1.03 -0.2
-1.17 -0.045
-1.24 0.045
-1.03 -0.08
-1.19 -0.45
-1.24 -0.545
-1.45 -0.785
-1.18 -0.62
-1.18 -0.625
-1.33 -0.61
-1.32 -0.68
-1.29 -0.59
-1.3 -0.675
-1.25 -0.51
-1.23 -0.61
-1.31 -0.69
-1.52 -0.835
-1.61 -0.87
-1.22 -0.69
-1.18 -0.58
-1.23 -0.38
-1.31 -0.2
-1.12 -0.225
-1.04 -0.115
-1.14 -0.225
-1.1 -0.16
-1.15 -0.575
-1.32 -0.68
-1.3 -0.735
-1.51 -0.825
-1.28 -0.585
-1.41 -0.75
-1.53 -0.8
-1.31 -0.715
-1.27 -0.57
-1.34 -0.575
-1.31 -0.695
-1.35 -0.72
-1.43 -0.78
-1.46 -0.715
-1.4 -0.565
-1.19 -0.5
-1.13 -0.37
-1.09 -0.355
-1.15 -0.42
-1.33 -0.615
-1.4 -0.72
-1.27 -0.48
-1.1 -0.52
-1.24 -0.65
-1.31 -0.75
-1.46 -0.795
-1.38 -0.81
-1.47 -0.795
-1.07 -0.63
-1.49 -0.775
-1.24 -0.57
-1.52 -0.84
-1.31 -0.705
-1.44 -0.66
-1.23 -0.54
-1.24 -0.555
-1.21 -0.605
-1.49 -0.765
-1.31 -0.545
-1.36 -0.705
-1.22 -0.69
-1.14 -0.535
-1.37 -0.51
-1.3 -0.535
-1.38 -0.63
-1.23 -0.645
-1.12 -0.485
-1.3 -0.57
-1.37 -0.615
-1.17 -0.55
-1.38 -0.71
-1.36 -0.705
-1.57 -0.82
-1.42 -0.62
-1.24 -0.495
-1.21 -0.49
-1.07 -0.39
-1.09 -0.515
-1.2 -0.66
-1.17 -0.575
-1.54 -0.825
-1.5 -0.81
-1.48 -0.79
-1.37 -0.645
-1.3 -0.71
-1.45 -0.735
-1.32 -0.635
-1.3 -0.49
-1.25 -0.395
-1.11 -0.15
-0.97 0.045
-1.12 0.19
-1.14 0.045
-1.27 0.03
-1.24 0.31
-1.1 0.28
-1.12 0.29
-0.98 0.145
-0.94 0.215
-1.09 0.375
-1.31 0.49
-1.43 0.55
-1.43 0.485
-1.53 0.755
-1.3 0.695
-1.44 0.73
-1.16 0.53
-1.25 0.67
-1.11 0.38
-1.18 0.505
-1.32 0.635
-1.36 0.685
-1.44 0.735
-1.25 0.505
-1.42 0.565
-1.19 0.52
-1.27 0.465
-1.22 0.415
-1.22 0.41
-1.45 0.695
-1.1 0.48
-1.26 0.52
-1.19 0.58
-1.1 0.465
-1.14 0.495
-1.41 0.75
-1.44 0.765
-1.65 0.875
-1.53 0.81
-1.37 0.7
-1.36 0.67
-1.33 0.675
-1.35 0.77
-1.34 0.715
-1.35 0.72
-1.49 0.81
-1.32 0.75
-1.23 0.535
-1.21 0.56
-1 0.345
-1.21 0.47
-1.21 0.525
-1.35 0.72
-1.32 0.56
-1.1 0.47
-1.39 0.47
-1.15 0.42
-1.35 0.58
-1.26 0.695
-1.3 0.64
-1.15 0.565
-1.3 0.64
-1.38 0.745
-1.43 0.745
-1.11 0.41
-1.23 0.64
-1.25 0.645
-1.29 0.61
-1.43 0.715
-1.25 0.51
-1.09 0.355
-1.32 0.165
-1.23 0.235
-1.21 0.195
-1.14 0.165
-1.07 -0.035
-1.15 0
-1.12 0.145
-1.21 -0.05
-1.06 -0.245
-1.04 -0.265
-1.09 0.015
-0.94 0.165
-1.07 0.27
-1.18 0.38
-1.34 0.535
-1.34 0.53
-1.24 0.575
-1.4 0.625
-1.6 0.75
-1.24 0.705
-1.29 0.58
-1.26 0.62
-1.2 0.405
-1.2 0.4
-1.34 0.41
-1.04 0.375
-1.2 0.505
-1.01 0.465
-1.25 0.61
-1.17 0.63
-1.14 0.425
-1.04 0.495
-1.12 0.32
-1.21 0.415
-1.05 0.035
-1.04 -0.01
-1.08 -0.07
-1.14 0.2
-1.03 0.365
-1.09 0.445
-1.26 0.725
-1.39 0.775
-1.35 0.715
-1.48 0.735
-1.23 0.56
-1.54 0.785
-1.47 0.785
-1.36 0.64
-1.39 0.675
-1.29 0.68
-1.25 0.65
-1.13 0.37
-1.14 0.47
-1.16 0.545
-1.26 0.29
-0.97 0.135
-1.09 -0.155
-1.13 -0.245
-1.09 -0.34
-1.2 -0.145
-1.15 -0.28
-1.11 -0.19
-1.18 -0.065
-1.24 0.125
-1.43 0.36
-1.18 0.54
-1.38 0.72
-1.55 0.795
-1.35 0.665
-1.27 0.505
-1.36 0.695
-1.32 0.705
-1.23 0.595
-1.22 0.59
-1.51 0.74
-1.31 0.695
-1.14 0.635
-1.54 0.845
-1.48 0.77
-1.65 0.88
-1.23 0.63
-1.15 0.565
-1.27 0.63
-1.29 0.685
-1.55 0.79
-1.26 0.665
-1.41 0.77
-1.48 0.83
-1.52 0.78
-1.42 0.715
-1.44 0.825
-1.32 0.71
-1.56 0.865
-1.48 0.795
-1.3 0.655
-1.39 0.665
-1.23 0.62
-1.58 0.815
-1.4 0.775
-1.39 0.79
-1.4 0.74
-1.25 0.53
-1.46 0.755
-1.21 0.455
-1.23 0.41
-1.27 0.435
-1.25 0.52
-1.24 0.54
-1.34 0.745
-1.69 0.905
-1.56 0.835
-1.55 0.81
-1.39 0.765
-1.26 0.6
-1.36 0.665
-1.19 0.64
-1.48 0.79
-1.34 0.68
-1.15 0.53
-1.29 0.51
-1.4 0.63
-1.3 0.67
-1.32 0.69
-1.49 0.82
-1.21 0.62
-1.23 0.39
-1.08 0.235
-1.08 -0.015
-1.2 0.155
-1.15 0.09
-1.11 0.035
-1.07 0.125
-1.01 0.195
-1.12 0.295
-1.24 0.57
-1.38 0.495
-1.32 0.595
-1.09 0.355
-1.27 0.395
-1.09 0.36
-1.02 0.3
-1.02 0
-1.12 -0.08
-1.24 -0.045
-1.17 0.11
-1.15 -0.115
-1.26 -0.47
-1.23 -0.515
-1.3 -0.585
-1.22 -0.54
-1.43 -0.75
-1.26 -0.565
-1.32 -0.58
-1.01 -0.425
-1.18 -0.52
-1.05 -0.39
-1.04 -0.35
-1.06 -0.335
-1.1 -0.11
-1.15 0.035
-1.28 -0.35
-1.22 -0.535
-1.34 -0.675
-1.51 -0.82
-1.25 -0.71
-1.37 -0.725
-1.24 -0.665
-1.34 -0.67
-1.26 -0.705
-1.34 -0.715
-1.3 -0.69
-1.34 -0.645
-1.45 -0.71
-1.12 -0.555
-1.36 -0.71
-1.18 -0.56
-1.33 -0.565
-1.32 -0.715
-1.4 -0.65
-1.45 -0.78
-1.28 -0.68
-1.24 -0.685
-1.28 -0.56
-1.53 -0.75
-1.18 -0.675
-1.7 -0.885
-1.34 -0.675
-1.34 -0.71
-1.25 -0.595
-1.33 -0.68
-1.32 -0.56
-1.59 -0.845
-1.59 -0.865
-1.29 -0.725
-1.05 -0.465
-1.34 -0.63
-1.47 -0.735
-1.49 -0.665
-1.18 -0.425
-1.18 -0.205
-1.19 -0.33
-1.09 0.07
-0.96 0.115
-1.05 0.33
-1.22 0.615
-1.48 0.78
-1.35 0.73
-1.44 0.755
-1.33 0.735
-1.19 0.615
-1.34 0.575
-1.12 0.435
-1.25 0.62
-1.28 0.675
-1 0.47
-1.09 0.53
-1.35 0.64
-1.43 0.755
-1.29 0.61
-1.16 0.565
-1.18 0.46
-1.23 0.32
-1.32 0.515
-1.3 0.45
-1.36 0.565
-1.26 0.475
-1.2 0.43
-1.39 0.685
-1.2 0.5
-1.29 0.61
-1.21 0.475
-1.31 0.645
-1.44 0.78
-1.29 0.655
-1.35 0.705
-1.4 0.705
-1.5 0.795
-1.2 0.64
-1.37 0.62
-1.31 0.76
-1.45 0.815
-1.32 0.755
-1.35 0.72
-1.34 0.55
-1.25 0.49
-1.12 0.41
-1.18 0.23
-1.17 0.325
-1.46 0.475
-1.34 0.395
-1.43 0.415
-1.19 0.275
-1.18 0.21
-1.02 0.28
-1.09 0.2
-1.11 0.09
-1.06 0.035
-1.16 -0.115
-1.1 0.095
-1.35 0.05
-1.23 0.045
-1.22 0.2
-1.22 0.07
-1.02 0.2
-1.43 0.545
-1.32 0.385
-1.31 0.41
-1.2 0.23
-1.31 0.4
-1.18 0.115
-1.07 0.215
-0.95 -0.095
-1.13 0.07
-1.32 -0.2
-1.23 -0.295
-1.18 -0.115
-1.27 -0.24
-1.17 -0.37
-1.2 -0.4
-1.18 -0.535
-1.47 -0.735
-1.24 -0.58
-1.25 -0.68
-1.34 -0.69
-1.43 -0.795
-1.43 -0.7
-1.55 -0.795
-1.26 -0.595
-1.3 -0.64
-1.36 -0.7
-1.29 -0.585
-1.41 -0.76
-1.3 -0.645
-1.33 -0.69
-1.24 -0.505
-1.06 -0.355
-1.15 -0.16
-1.26 -0.19
-1.23 -0.445
-1.16 -0.315
-1.15 -0.315
-1.14 -0.14
-1.15 -0.165
-1.1 0.255
-1.07 0.185
-1.19 0.05
-1.2 0.125
-1.1 -0.025
-1.19 -0.24
-1.35 -0.28
-1.37 -0.29
-1.34 -0.485
-1.37 -0.72
-1.52 -0.815
-1.27 -0.64
-1.16 -0.505
-1.29 -0.655
-1.18 -0.5
-1.37 -0.41
-1.38 -0.49
-1.16 -0.59
-1.26 -0.725
-1.3 -0.675
-1.45 -0.78
-1.47 -0.76
-1.37 -0.545
-1.21 -0.515
-1.45 -0.63
-1.41 -0.515
-1.29 -0.665
-1.28 -0.595
-1.15 -0.59
-1.49 -0.75
-1.52 -0.82
-1.52 -0.76
-1.38 -0.695
-1.32 -0.645
-1.42 -0.755
-1.49 -0.805
-1.23 -0.6
-1.3 -0.685
-1.38 -0.71
-1.24 -0.655
-1.4 -0.735
-1.12 -0.495
-1.19 -0.535
-1.32 -0.655
-1.28 -0.405
-1.13 -0.205
-0.98 0.085
-1.16 0.175
-1.04 0.115
-1.07 0.255
-1.17 0.285
-1 0.32
-1.09 0.155
-1.08 0.395
-1.07 0.42
-1.05 0.365
-1.19 0.485
-1.06 0.5
-1.12 0.38
-1.22 0.405
-1.34 0.375
-1.17 0.145
-1.04 -0.095
-1.07 -0.115
-1.11 -0.05
-1.12 -0.11
-1.09 -0.085
-1.29 -0.255
-1.3 -0.44
-1.18 -0.435
-1.18 -0.475
-1.2 -0.49
-1.28 -0.5
-1.19 -0.44
-1.38 -0.75
-1.41 -0.74
-1.39 -0.735
-1.3 -0.605
-1.27 -0.655
-1.32 -0.64
-1.36 -0.665
-1.22 -0.53
-1.24 -0.23
-1.2 -0.355
-1.28 -0.405
-1.33 -0.535
-1.22 -0.53
-1.04 -0.39
-1.15 -0.515
-1.32 -0.62
-1.22 -0.55
-1.12 -0.16
-1.21 -0.335
-1.04 -0.21
-0.96 -0.2
-1.07 -0.155
-1.23 -0.375
-1.13 -0.425
-1.38 -0.585
-1.05 -0.475
-1.09 -0.455
-1.11 -0.47
-1.2 -0.455
-0.92 -0.375
-1.24 -0.475
-1.3 -0.67
-1.48 -0.735
-1.28 -0.61
-1 -0.45
-1.22 -0.57
-1.25 -0.69
-1.29 -0.685
-1.44 -0.77
-1.48 -0.765
-1.38 -0.69
-1.37 -0.715
-1.42 -0.69
-1.37 -0.735
-1.48 -0.765
-1.36 -0.67
-1.31 -0.63
-1.29 -0.66
-1.27 -0.605
-1.17 -0.39
-1.07 -0.395
-1.15 -0.485
-1.34 -0.625
-1.17 -0.615
-1.14 -0.55
-1.26 -0.72
-1.48 -0.795
-1.39 -0.735
-1.28 -0.6
-1.23 -0.53
-1.13 -0.455
-1.52 -0.75
-1.33 -0.575
-1.49 -0.79
-1.36 -0.76
-1.54 -0.835
-1.61 -0.885
-1.3 -0.685
-1.04 -0.335
-1.1 -0.375
-1.33 -0.59
-1.45 -0.635
-1.29 -0.415
-1.21 -0.4
-1.03 -0.095
-1.17 -0.34
-1.13 -0.325
-1.1 -0.07
-1.04 -0.17
-1.07 -0.075
-1.23 0.05
-1.17 0.11
-1.06 0.25
-1.16 0.345
-1.27 0.35
-1.26 0.475
-1.29 0.68
-1.47 0.78
-1.45 0.77
-1.48 0.785
-1.37 0.715
-1.28 0.665
-1.26 0.6
-1.15 0.51
-0.98 0.285
-1.2 0.46
-1.21 0.645
-1.46 0.8
-1.27 0.635
-1.42 0.695
-1.14 0.46
-1.19 0.47
-1.1 0.45
-1.06 0.425
-1.55 0.865
-1.41 0.76
-1.23 0.665
-1.43 0.775
-1.59 0.87
-1.46 0.795
-1.36 0.695
-1.4 0.705
-1.62 0.885
-1.11 0.625
-1.55 0.84
-1.43 0.785
-1.24 0.55
-1.24 0.515
-1.22 0.495
-1.1 0.35
-1.15 0.225
-1 0.19
-1.06 0.32
-1.08 0.225
-1.13 0.03
-1.2 -0.1
-1.1 0.15
-0.98 0.15
-1.18 0.175
-1.1 0.225
-1.18 0.355
-1.22 0.405
-1.33 0.49
-1.34 0.555
-1.21 0.35
-1.09 0.395
-1.1 0.33
-1.23 0.32
-1.13 0.24
-1.17 0.535
-1.3 0.58
-1.21 0.375
-1.17 0.29
-1.21 0.085
-1.22 0.005
-1.06 0.065
-0.96 0.005
-1.04 0.22
-1.23 0.45
-1.31 0.44
-1.32 0.655
-1.37 0.685
-1.15 0.54
-1.35 0.635
-1.31 0.69
-1.54 0.835
-1.48 0.775
-1.17 0.435
-1.21 0.28
-1.16 0.22
-1.23 0
-1.27 -0.25
-1.23 -0.08
-1.12 -0.12
-1.11 -0.075
-1.03 -0.125
-1.18 0.065
-1.2 -0.18
-1.22 -0.025
-1.01 -0.225
-1.19 -0.175
-1.16 -0.29
-1.18 -0.38
-1.18 -0.55
-1.39 -0.495
-1.15 -0.43
-1.21 -0.46
-1.05 -0.445
-1.21 -0.4
-0.95 -0.475
-1.29 -0.68
-1.34 -0.76
-1.22 -0.68
-1.25 -0.535
-1.17 -0.495
-1.04 -0.335
-1.18 -0.42
-1.16 -0.475
-1.16 -0.615
-1.25 -0.405
-1.27 -0.505
-1.21 -0.29
-1.09 0.145
-1.09 0.185
-1.15 0.235
-1.15 0.37
-1.31 0.34
-1.26 0.515
-1.32 0.66
-1.45 0.745
-1.26 0.515
-1.26 0.185
-1.2 0.175
-1.13 0.34
-1 0.235
-1.07 0.27
-1.38 0.53
-1.39 0.6
-1.45 0.74
-1.29 0.64
-1.22 0.59
-1.31 0.705
-1.35 0.605
-1.2 0.475
-1.13 0.39
-1.19 0.645
-1.49 0.805
-1.45 0.785
-1.34 0.67
-1.12 0.515
-1.19 0.625
-1.53 0.825
-1.56 0.82
-1.4 0.76
-1.56 0.775
-1.5 0.72
-1.14 0.645
-1.28 0.655
-1.19 0.675
-1.33 0.715
-1.16 0.675
-1.43 0.78
-1.35 0.71
-1.46 0.805
-1.43 0.77
-1.48 0.755
-1.29 0.68
-1.18 0.545
-1.28 0.555
-1.15 0.52
-1.08 0.545
-1.2 0.67
-1.34 0.735
-1.26 0.675
-1.39 0.645
-1.4 0.655
-1.35 0.705
-1.45 0.8
-1.34 0.69
-1.29 0.69
-1.4 0.695
-1.19 0.59
-1.27 0.5
-1.29 0.67
-1.32 0.64
-1.16 0.355
-1.53 0.405
-1.14 0.345
-1.45 0.365
-1.34 0.225
-1.28 0.265
-1.15 0.185
-1.11 0.425
-1.09 0.46
-1.24 0.63
-1.34 0.725
-1.31 0.7
-1.57 0.81
-1.48 0.77
-1.15 0.625
-1.58 0.81
-1.58 0.845
-1.4 0.7
-1.52 0.765
-1.07 0.47
-1.08 0.24
-1.13 0.405
-1.26 0.555
-1.22 0.38
-1.26 0.595
-1.21 0.595
-1.29 0.54
-1.37 0.705
-0.97 0.33
-1.18 0.355
-1.14 0.41
-1.24 0.645
-1.4 0.77
-1.53 0.815
-1.16 0.58
-1.17 0.57
-1.37 0.71
-1.28 0.715
-1.48 0.8
-1.03 0.525
-1.36 0.655
-1.42 0.565
-1.26 0.565
-1.04 0.43
-1.19 0.215
-1.2 0.235
-1.05 0.35
-1.13 0.47
-1.05 0.36
-1.14 0.31
-1.22 0.435
-1.27 0.585
-1.35 0.705
-1.42 0.705
-1.22 0.48
-1.21 0.475
-1.13 0.29
-1.15 0.19
-1.07 0.19
-1.15 0.285
-1.34 0.575
-1.15 0.52
-1.36 0.54
-1.46 0.65
-1.51 0.7
-1.26 0.595
-1.56 0.69
-1.36 0.7
-1.43 0.79
-1.6 0.86
-1.61 0.805
-1.21 0.61
-1.42 0.785
-1.26 0.62
-1.27 0.54
-1.28 0.655
-1.1 0.56
-1.2 0.68
-1.37 0.715
-1.4 0.725
-1.32 0.745
-1.3 0.755
-1.44 0.7
-1.42 0.775
-1.62 0.86
-1.39 0.77
-1.41 0.72
-1.62 0.84
-1.39 0.755
-1.31 0.695
-1.35 0.705
-1.18 0.655
-1.28 0.6
-1.25 0.585
-1.2 0.685
-1.32 0.69
-1.27 0.66
-1.53 0.76
-1.23 0.605
-1.19 0.515
-1.3 0.475
-1.18 0.475
-1.11 0.425
-1.33 0.45
-1.17 0.14
-1.11 0.265
-1.1 -0.095
-1.14 -0.35
-1.05 -0.235
-1.15 -0.515
-1.44 -0.665
-1.35 -0.725
-1.59 -0.78
-1.64 -0.895
-1.47 -0.82
-1.57 -0.8
-1.43 -0.625
-1.31 -0.695
-1.24 -0.625
-1.35 -0.51
-1.32 -0.58
-1.38 -0.7
-1.23 -0.44
-1.12 -0.485
-1.11 -0.47
-1.37 -0.595
-1.22 -0.4
-1 -0.32
-1.18 -0.16
-1.16 -0.195
-1.11 -0.215
-1.04 -0.005
-1.15 -0.065
-1.21 0.14
-1.18 0.205
-1.01 0.18
-1.16 0.45
-1.26 0.51
-1.25 0.61
-1.09 0.585
-1.08 0.44
-1.16 0.54
-1.34 0.565
-1.04 0.44
-1.31 0.505
-1.35 0.585
-1.42 0.76
-1.29 0.69
-1.21 0.59
-1.24 0.625
-1.37 0.7
-1.38 0.69
-1.23 0.62
-1.45 0.77
-1.4 0.745
-1.51 0.835
-1.66 0.865
-1.31 0.685
-1.36 0.755
-1.42 0.765
-1.31 0.655
-1.37 0.62
-1.18 0.34
-1.16 0.25
-1.06 -0.18
-1.21 -0.275
-1.28 -0.475
-1.26 -0.24
-1.16 -0.36
-1.4 -0.175
-1.29 -0.275
-1.01 -0.22
-1.05 -0.275
-1.09 -0.34
-1.29 -0.605
-1.33 -0.72
-1.12 -0.595
-1.14 -0.55
-1.23 -0.565
-1.11 -0.355
-1.24 -0.485
-1.24 -0.575
-1.5 -0.77
-1.21 -0.68
-1.16 -0.495
-1.42 -0.585
-1.3 -0.56
-1.21 -0.585
-1.55 -0.78
-1.24 -0.67
-1.4 -0.765
-1.48 -0.78
-1.45 -0.72
-1.59 -0.855
-1.44 -0.71
-1.41 -0.66
-1.32 -0.62
-1.32 -0.65
-1.24 -0.465
-1.37 -0.275
-1.34 -0.18
-1.27 -0.19
-1.15 -0.13
-1.22 -0.3
-1.09 -0.38
-1.35 -0.54
-1.14 -0.57
-1.26 -0.575
-1.31 -0.685
-1.3 -0.685
-1.34 -0.665
-1.57 -0.815
-1.49 -0.74
-1.28 -0.54
-1.31 -0.575
-1.12 -0.61
-1.37 -0.64
-1.15 -0.53
-1.28 -0.64
-1.22 -0.43
-1.17 -0.495
-1.2 -0.605
-1.4 -0.595
-1.09 -0.34
-1.21 -0.39
-1.36 -0.41
-1.49 -0.67
-1.38 -0.725
-1.28 -0.56
-1.18 -0.39
-1.12 -0.215
-1.13 -0.2
-1.28 -0.415
-1.14 -0.52
-1.43 -0.645
-1.32 -0.625
-1.28 -0.645
-1.43 -0.71
-1.41 -0.685
-1.33 -0.64
-1.26 -0.595
-1.31 -0.52
-1.36 -0.485
-1.25 -0.555
-1.34 -0.46
-1.13 -0.255
-1.13 -0.105
-1.27 -0.09
-1.31 -0.25
-1.28 -0.115
-1.01 -0.265
-1.05 -0.26
-1.2 0.105
-1.05 0.075
-1.08 0.18
-0.92 0.165
-1.07 0.15
-1.09 0.04
-0.94 0.18
-1.04 -0.17
-1.2 -0.02
-1.09 -0.07
-1.17 0
-1.15 0.195
-1.34 0.605
-1.41 0.78
-1 0.465
-1.37 0.625
-1.33 0.35
-1.15 0.405
-1.09 0.385
-1.07 0.32
-1.13 0.36
-1.14 0.555
-1.23 0.5
-1.38 0.375
-1.1 0.19
-0.94 0.245
-0.98 -0.025
-1.13 -0.255
-1.21 -0.43
-1.28 -0.5
-1.29 -0.515
-1.22 -0.605
-1.24 -0.205
-1.13 0.06
-1.17 -0.29
-1.17 -0.08
-1.19 -0.325
-1.24 0.14
-0.93 0.025
-1.13 -0.195
-1.05 -0.24
-1.28 -0.41
-1.48 -0.83
-1.14 -0.57
-1.22 -0.525
-1.08 -0.345
-1.04 -0.33
-1.19 -0.36
-1.08 -0.42
-1.26 -0.48
-1.14 -0.565
-1.23 -0.495
-1.19 -0.435
-1.16 -0.345
-1 -0.195
-1.11 -0.195
-1.04 0.04
-1.02 -0.11
-1.01 -0.04
-1.15 0.26
-1.1 0.21
-1.44 0.56
-1.16 0.375
-1.24 0.45
-1.14 0.425
-1.35 0.575
-1.31 0.61
-1.25 0.64
-1.44 0.725
-1.21 0.47
-1.26 0.44
-1.16 0.565
-1.26 0.63
-1.26 0.725
-1.32 0.67
-1.25 0.645
-1.13 0.49
-1.3 0.495
-1.38 0.74
-1.26 0.575
-1.18 0.585
-1.23 0.58
-1.11 0.445
-1.18 0.525
-1.34 0.62
-1.25 0.33
-0.92 0.24
-1.12 0.465
-1.28 0.61
-1.5 0.82
-1.55 0.83
-1.4 0.705
-1.27 0.62
-1.28 0.695
-1.23 0.595
-1.22 0.65
-1.63 0.885
-1.32 0.73
-1.35 0.705
-1.33 0.59
-1.28 0.61
-1.15 0.59
-1.31 0.51
-1.35 0.715
-1.23 0.485
-1.47 0.8
-1.38 0.76
-1.48 0.69
-1.4 0.76
-1.72 0.905
-1.36 0.64
-1.16 0.585
-1.4 0.76
-1.15 0.43
-1.15 0.195
-1.11 0.035
-1.18 0.085
-1.17 -0.105
-1.06 -0.145
-1.03 -0.165
-1.36 -0.375
-1.23 -0.265
-1.2 -0.1
-1.17 -0.1
-1.17 0.025
-1.16 0.39
-1.23 0.205
-1.16 0.02
-1.16 0.09
-1.24 0.23
-1.18 0.065
-1.08 0.325
-1.27 0.19
-1.23 -0.09
-1.04 -0.175
-1.26 -0.02
-1.14 0.12
-1.22 0.09
-1.14 -0.12
-1.07 -0.17
-1.19 0.19
-1.27 0
-1.28 -0.125
-1.27 -0.2
-1.25 -0.43
-0.99 -0.19
-1.25 -0.135
-1.19 -0.37
-1.29 -0.585
-1.56 -0.84
-1.25 -0.65
-1.4 -0.74
-1.33 -0.745
-1.64 -0.89
-1.45 -0.765
-1.4 -0.625
-1.38 -0.625
-1.27 -0.455
-1.31 -0.545
-1.18 -0.4
-1.15 -0.445
-1.16 -0.25
-1.07 -0.315
-1.22 -0.485
-1.24 -0.605
-1.35 -0.67
-1.46 -0.795
-1.32 -0.59
-1.37 -0.71
-1.33 -0.605
-1.32 -0.495
-1.24 -0.57
-0.96 -0.235
-1.25 -0.46
-1.37 -0.595
-1.39 -0.47
-1.34 -0.495
-1.19 -0.595
-1.19 -0.585
-1.27 -0.67
-1.35 -0.655
-1.12 -0.62
-1.11 -0.525
-1.21 -0.58
-1.25 -0.575
-1.5 -0.715
-1.31 -0.715
-1.4 -0.725
-1.14 -0.565
-1.39 -0.675
-1.41 -0.69
-1.45 -0.77
-1.43 -0.73
-1.26 -0.69
-1.48 -0.695
-1.34 -0.745
-1.46 -0.735
-1.19 -0.61
-1.42 -0.725
-1.33 -0.675
-1.53 -0.79
-1.44 -0.74
-1.29 -0.625
-1.36 -0.735
-1.43 -0.76
-1.34 -0.655
-1.21 -0.445
-1.08 -0.185
-1.16 -0.25
-1.21 -0.325
-1.13 -0.435
-1.26 -0.46
-1.18 -0.33
-1.35 -0.58
-1.53 -0.665
-1.28 -0.465
-1.14 -0.46
-1.27 -0.6
-1.2 -0.54
-1.24 -0.56
-1.28 -0.46
-1.27 -0.525
-1.18 -0.48
-1.2 -0.495
-1.34 -0.365
-1.18 -0.285
-1.09 -0.185
-1 0.02
-1.03 0.06
-1.3 -0.185
-1.15 0.045
-1.14 0.29
-1.2 0.275
-1.1 -0.175
-1.03 -0.045
-1.35 0.035
-1.13 0.22
-1.28 0.53
-1.39 0.76
-1.49 0.79
-1.24 0.61
-1.14 0.39
-1.33 0.615
-1.19 0.435
-1.27 0.415
-1 0.485
-1.47 0.79
-1.44 0.79
-1.29 0.65
-1.31 0.575
-1.44 0.745
-1.16 0.51
-1.29 0.61
-1.29 0.69
-1.24 0.55
-1.24 0.6
-1.45 0.705
-1.46 0.78
-1.35 0.7
-1.2 0.605
-1.56 0.815
-1.37 0.705
-1.37 0.765
-1.41 0.785
-1.37 0.71
-1.4 0.76
-1.35 0.74
-1.46 0.69
-1.2 0.595
-1.22 0.6
-1.37 0.69
-1.04 0.445
-1.33 0.625
-1.23 0.6
-1.57 0.835
-1.52 0.78
-1.3 0.655
-1.36 0.655
-1.09 0.565
-1.37 0.73
-0.99 0.49
-1.5 0.83
-1.44 0.72
-1.29 0.705
-1.57 0.845
-1.35 0.74
-1.29 0.66
-1.32 0.645
-1.25 0.605
-1.46 0.8
-1.36 0.715
-1.44 0.805
-1.31 0.635
-1.52 0.825
-1.54 0.81
-1.61 0.85
-1.5 0.79
-1.22 0.555
-1.5 0.795
-1.3 0.64
-1.09 0.525
-1.18 0.53
-1.32 0.475
-1.26 0.375
-1.18 0.38
-1.27 0.59
-1.45 0.68
-1.39 0.72
-1.3 0.635
-1.45 0.655
-1.21 0.485
-1.09 0.505
-1.21 0.5
-0.99 0.245
-1.18 0.175
-1.02 0.04
-1.14 -0.075
-1.08 -0.235
-1.2 -0.435
-0.93 -0.36
-1.05 -0.535
-1.26 -0.66
-1.41 -0.68
-1.47 -0.785
-1.53 -0.8
-1.53 -0.825
-1.23 -0.62
-1.14 -0.43
-1.43 -0.635
-1.27 -0.61
-1.48 -0.725
-1.36 -0.615
-1.38 -0.735
-1.32 -0.6
-1.38 -0.795
-1.46 -0.77
-1.32 -0.73
-1.45 -0.77
-1.29 -0.655
-1.39 -0.705
-1.38 -0.72
-1.34 -0.785
-1.3 -0.68
-1.32 -0.61
-1.37 -0.6
-1.46 -0.71
-1.24 -0.65
-1.48 -0.71
-1.43 -0.74
-1.41 -0.705
-1.51 -0.67
-1.24 -0.61
-1.31 -0.46
-1.48 -0.545
-1.22 -0.525
-1.17 -0.475
-1.31 -0.68
-1.35 -0.68
-1.58 -0.795
-1.34 -0.665
-1.3 -0.75
-1.32 -0.63
-1.09 -0.385
-1.36 -0.615
-1.35 -0.22
-1.1 -0.225
-1.15 0.085
-1.24 0.185
-1.05 0.14
-1.14 0.195
-1.24 0.145
-1.21 0.06
-1.38 0.38
-1.25 0.37
-1.5 0.705
-1.28 0.615
-1.35 0.64
-1.34 0.695
-1.48 0.82
-1.33 0.685
-1.17 0.49
-1.48 0.785
-1.61 0.89
-1.29 0.715
-1.67 0.89
-1.29 0.6
-1.41 0.755
-1.37 0.685
-1.47 0.725
-1.34 0.665
-1.17 0.45
-1.2 0.315
-1.21 0.375
-1.42 0.63
-1.43 0.755
-1.27 0.64
-1.24 0.59
-1.34 0.52
-1.2 0.48
-1.25 0.525
-1.03 0.32
-1.07 0.42
-1.23 0.575
-1.33 0.61
-1.27 0.34
-1.15 0.485
-1.14 0.33
-1.09 0.24
-1.19 0.245
-1.01 0.27
-1.27 0.435
-1.28 0.615
-1.32 0.705
-1.09 0.15
-1.12 0.5
-1.23 0.47
-1.06 0.36
-1.13 0.47
-1.3 0.465
-1.03 0.28
-0.91 0.18
-1 0.28
-1.09 0.24
-1.14 0.085
-1.14 0.12
-1.19 0.025
-1.01 -0.1
-1.13 -0.16
-0.99 -0.205
-1.06 -0.075
-1.12 0.11
-1 -0.03
-1.12 0.19
-0.99 0.19
-1.2 0.05
-1.23 0.13
-1.14 0.16
-1.19 0.345
-1.11 0.235
-1.17 0.46
-1.18 0.305
-1.26 0.205
-1.12 0.33
-0.93 0.35
-1.33 -0.02
-1.07 0.13
-1.32 0.36
-1.34 0.46
-1.26 0.555
-1.09 0.3
-1.18 0.485
-1.47 0.825
-1.47 0.8
-1.28 0.69
-1.25 0.58
-1.11 0.5
-1.32 0.735
-1.6 0.87
-1.58 0.83
-1.33 0.665
-1.42 0.76
-1.32 0.67
