-1.36 -0.595
-1.01 -0.445
-1.05 -0.34
-1.15 -0.4
-1.07 -0.64
-0.88 -0.18
-0.99 -0.38
-0.98 -0.265
-1.13 -0.285
-1.32 -0.345
-0.98 -0.195
-1 -0.135
-1.01 -0.45
-1.23 -0.545
-1.27 -0.495
-1.29 -0.53
-1.27 -0.69
-1.3 -0.53
-0.94 -0.22
-1.01 -0.12
-0.89 -0.185
-0.95 -0.185
-1.13 -0.23
-1.12 -0.21
-1.06 -0.315
-1.02 -0.205
-1 -0.43
-0.84 -0.165
-1.14 -0.14
-1.05 -0.11
-0.99 -0.175
-1.09 -0.15
-1.06 -0.265
-1 0.125
-0.93 -0.06
-1.01 0.02
-0.97 0.27
-1.01 0.34
-1.03 0.175
-0.96 0.25
-0.96 0.08
-1.15 0.19
-0.97 0.44
-1.08 0.54
-1.07 0.425
-1.22 0.58
-1.19 0.64
-1.1 0.585
-1.25 0.665
-1.12 0.26
-1.14 -0.005
-1.01 -0.01
-0.84 0.135
-0.97 0.39
-1.07 0.4
-1.19 0.49
-1.1 0.33
-0.86 0.22
-0.91 0.005
-0.95 0.19
-0.83 0.23
-1.03 0.28
-1.11 0.17
-1.15 0.08
-0.86 0.09
-0.92 -0.04
-0.96 0.2
-0.95 0.425
-1.28 0.525
-1.04 0.42
-1 0.33
-1.06 0.035
-0.91 -0.22
-1.1 -0.2
-1.18 -0.035
-1.08 0.36
-1.17 0.55
-1.22 0.59
-1.28 0.555
-1.11 0.35
-1.02 0.325
-0.97 0.38
-1.18 0.655
-1.26 0.52
-1.28 0.445
-1.25 0.355
-1.32 0.42
-1.15 0.26
-1.14 0.235
-1.1 0.255
-0.99 0.115
-0.88 0.075
-0.83 -0.125
-1.05 -0.265
-1.02 -0.255
-0.93 -0.01
-1.13 0.06
-0.84 0.025
-0.94 0.125
-1.09 0.17
-1.16 -0.15
-1.12 -0.105
-1 0.045
-1.04 0.02
-1.17 0.11
-1.16 0.28
-1.17 0.185
-1.09 0.28
-1.01 0.255
-1.07 0.145
-1.08 -0.24
-1 -0.06
-0.96 0.205
-0.99 0.37
-1.1 0.42
-1.2 0.425
-1 0.34
-1.12 0.485
-1.26 0.575
-1.31 0.65
-1.33 0.7
-1.25 0.685
-1.32 0.565
-0.91 0.22
-0.91 0.07
-0.89 0.26
-1.11 0.47
-1.09 0.395
-1.04 0.355
-1.18 0.265
-0.98 0.39
-1.01 0.125
-1.05 0.115
-1.15 0.345
-1.08 -0.22
-1.03 -0.03
-1.04 -0.165
-0.84 0.155
-1 -0.115
-1.06 -0.015
-1.05 -0.175
-0.93 0.105
-1.03 0.255
-1.06 0.385
-1.18 0.335
-1.2 0.495
-1.06 0.36
-1.02 0.25
-1.04 0.07
-0.89 0.12
-1.06 -0.145
-0.98 -0.185
-1.1 -0.395
-1.09 -0.15
-1 -0.46
-1.01 -0.37
-1.15 -0.37
-1.09 -0.47
-1.08 -0.495
-1.25 -0.645
-1.35 -0.57
-1.12 -0.375
-1 -0.115
-1.2 -0.125
-1.2 -0.055
-1.24 0.06
-0.94 0.115
-0.98 -0.05
-0.93 -0.36
-1.01 -0.205
-1.03 -0.385
-0.92 -0.435
-1.06 -0.465
-0.85 -0.235
-1.12 -0.085
-1.02 0.215
-0.91 0.165
-1.23 0.355
-0.94 0.515
-0.92 0.415
-0.97 0.095
-0.99 0.215
-1.09 0.225
-1.11 -0.035
-0.91 -0.12
-0.99 0.14
-0.96 -0.155
-0.87 0.04
-1.12 -0.02
-0.95 0.075
-0.97 0.115
-0.98 0.015
-1.2 -0.155
-1.1 -0.05
-1.14 0.33
-1.02 -0.015
-1.06 0.17
-0.93 0.005
-1.09 -0.315
-1.18 -0.505
-0.98 -0.345
-1.12 -0.35
-0.98 0.06
-0.77 -0.075
-0.95 0.02
-1.09 -0.27
-0.99 -0.315
-1.04 -0.05
-1.01 -0.04
-0.91 -0.115
-0.9 -0.26
-1.22 -0.37
-1.02 -0.345
-0.97 -0.055
-0.99 -0.22
-1.21 -0.355
-1.06 -0.125
-1.02 -0.19
-1.08 -0.3
-1 -0.065
-0.93 -0.025
-1.09 0.065
-1.05 0.085
-1.02 0.035
-0.84 0.03
-1.21 0.51
-1.12 0.495
-1.12 0.5
-1.11 0.49
-0.88 0.31
-1.01 0.205
-1.1 0.265
-1.05 0.305
-1.01 0.355
-1.06 0.54
-1.07 0.43
-1 0.49
-0.87 0.165
-1.1 0.32
-1.17 0.485
-1.09 0.31
-1.01 0.365
-1.02 -0.04
-1.14 -0.485
-0.99 -0.185
-0.93 -0.2
-0.9 -0.05
-1.06 -0.36
-1.05 -0.1
-0.92 -0.115
-0.94 -0.135
-0.9 0.095
-0.97 0.035
-1.04 -0.095
-1.19 -0.11
-0.88 -0.095
-1.07 0.025
-1.06 -0.155
-0.94 -0.48
-1.12 -0.47
-0.94 -0.35
-0.96 -0.165
-0.98 -0.045
-0.95 0.265
-1.09 -0.13
-0.93 -0.07
-0.93 -0.14
-1.09 -0.025
-1.15 0.16
-0.99 0.055
-1.13 0.06
-1.12 0.27
-0.87 0
-1.09 -0.18
-1.16 -0.17
-1.09 -0.525
-1.08 -0.49
-0.99 -0.32
-0.99 -0.265
-0.99 -0.415
-1.06 -0.185
-1.07 0.04
-0.89 0.265
-1.1 0.28
-1.16 0.185
-0.94 0.23
-1.08 0.295
-1.03 0.46
-1.21 0.525
-1.02 0.24
-1.08 0.31
-0.86 0.005
-0.92 -0.195
-0.79 -0.195
-1.11 0.28
-0.95 -0.045
-1.1 0
-1.11 0.15
-0.87 0.14
-1.11 0.075
-1.1 0.035
-1.2 -0.055
-1.21 -0.23
-1.2 0.05
-1.03 -0.19
-0.99 0.135
-0.92 0.06
-1.14 -0.33
-1.15 -0.23
-0.99 -0.255
-1.08 -0.155
-1.15 0.025
-0.96 0.04
-1.09 0.115
-0.92 0.155
-0.92 0.27
-1.29 0.085
-1.05 0.06
-1.32 -0.03
-1.02 -0.205
-0.94 -0.285
-1 -0.115
-0.94 -0.255
-0.98 -0.41
-1.15 -0.255
-1.24 -0.46
-0.98 -0.385
-1.29 -0.555
-1.17 -0.24
-1.07 -0.32
-0.99 -0.32
-0.9 -0.195
-0.97 -0.185
-0.99 -0.22
-1.15 -0.3
-0.87 -0.13
-0.96 -0.1
-0.99 0.305
-1.15 0.295
-1.21 0.36
-1.06 0.26
-1.05 -0.03
-0.95 -0.095
-1.05 -0.19
-0.96 -0.045
-1.11 0.11
-1.02 -0.16
-0.95 -0.185
-1.18 -0.07
-0.99 -0.03
-1.17 -0.215
-1.09 -0.095
-1.28 -0.125
-0.95 -0.035
-0.96 -0.09
-1.15 0.275
-1.2 0.44
-0.95 0.26
-1.19 0.49
-1.26 0.315
-0.95 0.345
-1.23 0.34
-1.15 0.285
-1.25 0.21
-1.14 0.2
-0.97 -0.005
-1.13 -0.045
-0.94 -0.24
-1.06 -0.435
-1.07 -0.515
-1.02 -0.49
-1.18 -0.525
-0.79 -0.205
-1 -0.125
-0.93 0.085
-0.99 -0.015
-1.05 0.02
-0.98 -0.065
-0.99 -0.095
-1.06 -0.17
-1.09 -0.225
-1.01 -0.28
-1.06 -0.11
-0.94 -0.3
-1.1 -0.345
-1.11 -0.38
-1.13 -0.56
-1.36 -0.595
-1.2 -0.235
-1.13 -0.33
-1.11 -0.2
-1.03 -0.265
-0.93 -0.225
-0.89 -0.17
-0.83 -0.025
-1.16 -0.275
-1.03 -0.205
-1.09 -0.11
-1.01 -0.13
-1.02 0.03
-0.96 -0.035
-1 -0.42
-1.04 -0.255
-1.14 -0.405
-1.14 -0.425
-1.23 -0.51
-1.15 -0.44
-1.08 -0.48
-1.27 -0.625
-1.14 -0.34
-1 -0.205
-1 -0.175
-1.05 -0.19
-1.04 -0.27
-1.12 -0.35
-1.05 -0.52
-0.97 -0.3
-1.05 -0.18
-1.15 0.085
-1.08 0.195
-1.14 -0.045
-1.24 -0.125
-1.01 -0.185
-1.14 -0.065
-1.33 0.19
-1.2 0.36
-1 0.365
-1.1 0.24
-0.99 0.06
-0.91 0.185
-0.93 -0.015
-0.97 0.235
-0.96 0.305
-1.13 0.095
-0.95 0.2
-0.96 -0.115
-1.14 -0.255
-1.12 -0.29
-1.03 -0.16
-1.15 -0.355
-1.26 -0.51
-0.81 -0.25
-0.96 0.005
-1.1 0.15
-1.15 0.27
-1.12 0.345
-0.97 0.31
-1.13 0.33
-1.25 0.39
-1.13 0.39
-0.96 0.14
-1.01 0.385
-1.02 0.35
-1.07 0.155
-1.18 0.19
-1.18 0.075
-1.27 -0.22
-1.16 -0.255
-1.02 -0.06
-0.99 -0.265
-1 -0.385
-1.1 -0.37
-0.93 -0.345
-1.04 -0.245
-1.09 -0.37
-1.23 -0.375
-1.06 -0.085
-0.93 -0.025
-0.94 0.09
-1.15 0.47
-0.96 0.42
-1.12 0.345
-0.9 0.2
-1.23 0.045
-1.13 0.03
-1.12 0.19
-1.1 0.465
-1.18 0.35
-1.1 0.26
-1.02 0.05
-1.05 0.27
-0.96 0.24
-1.11 0.22
-1.12 0.315
-0.94 0.285
-0.92 0.025
-1.05 0.13
-1.09 0.12
-0.94 0.04
-1.03 -0.225
-0.99 -0.185
-0.87 -0.095
-0.83 -0.145
-1.01 0.145
-1.04 -0.12
-0.85 0.085
-0.98 -0.095
-1.03 -0.12
-1.04 0.04
-1.06 -0.25
-0.93 -0.13
-0.93 -0.205
-0.9 -0.215
-1.24 -0.48
-1 -0.4
-1.09 -0.22
-1.02 -0.16
-0.92 -0.34
-0.95 -0.16
-0.9 -0.165
-1.23 -0.45
-1.06 -0.435
-1.22 -0.66
-1.22 -0.605
-1.2 -0.585
-0.99 -0.445
-1.08 -0.43
-1.11 -0.495
-1.13 -0.47
-1.03 -0.41
-0.95 -0.3
-0.94 -0.245
-1.12 -0.27
-1.15 -0.335
-1.19 0.02
-1.11 -0.2
-1.18 0.02
-0.89 0
-0.99 -0.095
-1 -0.01
-0.95 -0.225
-1.05 -0.27
-1.17 -0.545
-1.07 -0.43
-0.96 -0.54
-1.26 -0.675
-1.28 -0.69
-1 -0.52
-1.17 -0.265
-0.83 -0.22
-0.89 0.085
-1 0.01
-1.12 0.095
-0.9 -0.035
-1.14 -0.05
-0.96 -0.235
-0.96 -0.365
-1.11 -0.525
-1.04 -0.425
-1.08 -0.24
-1.03 -0.06
-1.22 -0.3
-1.18 -0.085
-1.04 -0.215
-0.93 0.13
-1 -0.095
-1 -0.085
-1.21 0.295
-0.93 0.11
-1.08 0.34
-1.04 0.325
-1.02 0.255
-1.02 0.19
-1.05 0.39
-1.14 0.415
-1.17 0.615
-1.05 0.4
-1.2 0.245
-1.2 0.495
-1.09 0.545
-1.1 0.575
-1.11 0.495
-0.96 0.54
-1.13 0.43
-1.15 0.44
-1.07 0.085
-0.98 0.17
-0.91 0.12
-1.05 0.33
-1.26 0.29
-1.2 0.485
-1.08 0.37
-1.02 0.355
-0.89 0.295
-0.99 0.44
-0.9 0.135
-1.09 0.13
-1.17 0.325
-1.18 0.525
-1.14 0.685
-1.09 0.595
-1.24 0.6
-1.11 0.46
-0.95 0.375
-1.02 0.345
-1.12 0.41
-1.08 0.52
-0.84 0.235
-1.03 0.32
-1.02 -0.12
-0.96 -0.175
-1.01 -0.115
-1.11 0.005
-0.89 -0.015
-1.05 -0.135
-1.11 -0.175
-0.92 0.075
-1.1 0.135
-1.01 0.155
-0.89 0.04
-1.18 -0.085
-1.02 -0.105
-0.98 0.22
-1.05 0.325
-0.93 0.21
-0.88 0.36
-0.91 0.345
-1 0.345
-1.06 0.535
-1.1 0.36
-0.97 0.35
-1.04 0.37
-1.05 0.41
-1.02 0.305
-1.06 0.285
-1.01 0.25
-1.02 0.17
-0.79 0.15
-1.04 0.17
-0.97 0.105
-1.02 0.285
-0.83 0.205
-1.08 0.205
-1.01 0.25
-0.98 0.23
-1.07 0.415
-1.11 0.425
-1.01 0.135
-1.2 0.385
-1.13 0.355
-1.18 0.255
-0.9 0.215
-0.92 -0.005
-1.14 0.04
-0.99 -0.155
-0.92 -0.16
-0.97 -0.32
-1.18 -0.47
-1.15 -0.535
-1.34 -0.58
-1.01 -0.43
-0.93 -0.35
-0.95 -0.33
-1.04 -0.425
-1.18 -0.575
-1.2 -0.505
-1.07 -0.41
-0.91 -0.15
-0.98 -0.16
-1.06 -0.37
-1.07 -0.125
-0.85 -0.115
-1.03 0.025
-0.95 -0.14
-1.01 -0.135
-1.07 -0.29
-1.02 -0.3
-0.89 -0.075
-1.15 -0.06
-1.12 -0.285
-1.05 -0.47
-1.02 -0.36
-1.09 -0.065
-1.02 -0.02
-1.16 -0.155
-1.14 -0.19
-0.96 -0.195
-0.95 0.035
-0.95 -0.085
-0.98 0.02
-1.08 0.4
-1.08 0.35
-1.03 0.5
-0.92 0.125
-1.07 0.395
-1.01 0.17
-1.03 0.455
-0.89 0.465
-1.08 0.48
-1.12 0.42
-1.11 0.37
-1.11 0.445
-1.14 0.52
-1.22 0.48
-0.81 0.18
-1.12 0.035
-1.25 0.28
-1.21 0.295
-0.86 0.03
-1.12 -0.13
-1.01 0.26
-1.03 -0.01
-0.99 -0.175
-1.03 0.14
-0.95 0.17
-0.82 -0.115
-0.88 -0.075
-1.07 -0.075
-0.88 -0.23
-1.08 -0.53
-1.08 -0.335
-0.95 -0.165
-1.15 -0.425
-0.83 -0.115
-1.07 -0.55
-0.91 -0.265
-0.88 -0.185
-0.9 -0.075
-0.93 -0.205
-1.29 -0.27
-1.03 -0.18
-0.9 -0.21
-0.96 -0.06
-0.9 -0.1
-1.02 0
-1.08 0.165
-1.02 -0.165
-0.97 -0.185
-1.03 -0.255
-1.09 -0.135
-0.97 0.015
-0.83 -0.095
-1.08 -0.425
-1.16 -0.54
-1.11 -0.135
-1.15 0.15
-1.09 0.32
-0.98 -0.085
-1.05 0.27
-1.04 0.195
-1 0.295
-1.05 0.36
-1.01 0.22
-0.98 0.095
-1.06 0.055
-1.11 -0.045
-1.14 -0.35
-1.17 -0.47
-1.24 -0.64
-1.2 -0.545
-1.08 -0.445
-1 -0.22
-0.94 -0.225
-0.99 -0.045
-0.91 -0.355
-1.11 -0.375
-1.06 -0.26
-1.09 -0.305
-1.02 -0.435
-1.09 -0.36
-0.94 -0.18
-1.06 -0.45
-0.9 -0.34
-1.09 -0.35
-1.15 -0.41
-1.07 -0.235
-0.97 -0.33
-1.11 -0.28
-1.16 -0.21
-1.09 -0.285
-0.97 -0.285
-0.96 -0.27
-0.82 0.13
-1.16 0.025
-0.96 0.23
-0.93 0.15
-1.07 0.46
-1.01 0.185
-0.96 -0.15
-1.16 -0.08
-0.99 0.04
-0.96 0.035
-0.99 -0.16
-0.97 -0.255
-1.22 0.065
-1.1 0.065
-1.07 0.22
-0.87 0.055
-1.04 -0.03
-0.97 -0.015
-1.07 -0.265
-0.93 0.015
-0.94 0.155
-1.12 0.345
-1.26 0.485
-1.18 0.59
-0.9 0.16
-1.15 0.34
-1.02 0.235
-0.95 0.285
-1.12 0.005
-1.08 0.18
-0.84 0.065
-0.91 0.18
-1.13 0.165
-0.87 0.18
-1.01 -0.115
-0.94 -0.01
-1.06 0.01
-0.89 0.065
-1 -0.145
-0.95 -0.335
-1.04 -0.27
-0.96 -0.075
-1.08 -0.345
-1.08 -0.36
-0.93 -0.22
-1.01 -0.03
-1.14 0.225
-1.03 0.11
-1.1 -0.29
-0.96 0.045
-1.01 -0.365
-1.09 -0.325
-1.07 -0.31
-1.06 -0.33
-1.16 -0.61
-1.23 -0.575
-1.03 -0.475
-1.01 -0.08
-1.09 -0.09
-1.08 -0.005
-1.05 0.105
-0.87 -0.035
-0.94 -0.16
-1.04 -0.165
-1.01 0.085
-1.1 0.18
-1.15 0.39
-0.95 0.235
-0.9 0.115
-0.97 -0.055
-1.1 0.135
-1.02 -0.025
-1.01 0.165
-1.12 0.2
-0.94 0.075
-1 -0.13
-1.14 -0.325
-1.1 -0.47
-1.16 -0.305
-1.05 -0.335
-1.02 -0.34
-1.11 -0.48
-0.91 -0.315
-1.22 -0.495
-0.99 -0.485
-0.92 -0.39
-1.14 -0.495
-1.11 -0.465
-1.19 -0.35
-1.04 -0.18
-1.05 0.105
-1.08 0.175
-0.87 0.21
-1.12 0.285
-1.01 0.16
-1.17 0.235
-1.13 0.09
-0.85 0.135
-0.9 0.015
-1.12 0.15
-1.01 0.355
-1.08 0.42
-1.1 0.35
-0.97 0.155
-0.96 -0.13
-0.95 -0.165
-0.86 -0.05
-0.88 0.16
-1.08 0.115
-0.99 0.315
-1.03 0.2
-1.19 0.34
-1.19 0.62
-0.88 0.19
-1.21 -0.08
-1.12 0.055
-1.07 0.385
-0.98 0.05
-1.17 0.25
-1 0.01
-0.96 -0.155
-1.06 -0.25
-0.92 -0.305
-0.86 -0.285
-0.99 -0.245
-1.12 -0.55
-1.27 -0.5
-0.92 -0.54
-1.13 -0.435
-1.2 -0.425
-1.06 -0.49
-1.09 -0.455
-1.22 -0.555
-1.07 -0.51
-0.97 -0.385
-1.28 -0.59
-1.24 -0.545
-0.96 -0.17
-1.13 -0.195
-0.96 0.165
-1.01 -0.09
-0.88 0.09
-1.03 -0.035
-0.92 -0.095
-1.14 0.085
-0.98 0.28
-1.07 0.37
-0.99 0.33
-1.09 0.37
-0.9 0.075
-0.97 -0.03
-1.09 -0.095
-1.13 -0.18
-1.09 -0.09
-0.91 0.025
-1.09 0.29
-1.04 0.355
-0.98 0.28
-1.12 0.04
-1.12 0.035
-0.96 -0.085
-1.01 -0.225
-1.09 -0.055
-1.12 0.245
-1.09 0.275
-0.95 -0.01
-1.12 -0.155
-0.92 -0.125
-0.99 0.035
-0.85 0.105
-1.01 0.05
-1.02 0.115
-1.09 0.035
-0.91 -0.165
-1.01 -0.415
-1.03 -0.38
-1.08 -0.045
-0.99 -0.18
-1.19 0.065
-1.07 0.16
-1.02 0.35
-1.07 0.52
-1.12 0.35
-1.08 0.4
-1.03 0.25
-1.2 0.425
-1.02 0.315
-1.14 0.315
-0.98 0.35
-1.14 0.3
-1.11 0.375
-0.95 0.215
-0.99 -0.145
-1.12 -0.28
-0.95 0.125
-1.04 0.125
-1.13 0.04
-1.17 -0.1
-1 -0.14
-1.27 -0.365
-1.09 -0.295
-1.19 -0.34
-0.99 -0.355
-1.02 -0.215
-0.98 -0.14
-1.1 -0.17
-1 -0.27
-0.99 -0.12
-0.96 -0.145
-0.96 -0.015
-0.87 0.06
-0.95 0.06
-1.09 -0.185
-1.02 -0.15
-1.16 -0.365
-1.31 -0.65
-1.37 -0.59
-0.97 -0.305
-1.01 -0.48
-1.26 -0.59
-1.13 -0.465
-1.2 -0.57
-1.22 -0.525
-1.05 -0.505
-1.13 -0.44
-1.13 -0.13
-0.98 -0.165
-1.03 -0.27
-1.17 -0.615
-1.2 -0.585
-1.23 -0.68
-1.28 -0.56
-1.17 -0.26
-1.12 -0.345
-1.01 -0.23
-0.94 -0.035
-1.03 -0.115
-0.91 -0.015
-0.82 0.14
-1.09 0.315
-0.98 0.17
-0.98 0.1
-1.06 -0.11
-1.08 -0.25
-0.88 -0.27
-1.09 -0.54
-1.29 -0.62
-1.28 -0.46
-1.07 -0.36
-0.84 -0.17
-1.02 0.16
-1.01 0.055
-1.23 0.165
-0.98 0.17
-1.04 0.245
-0.96 -0.175
-1.13 -0.205
-1.22 -0.28
-1.15 0.095
-0.96 0.09
-1.14 0.145
-1.05 -0.175
-0.98 -0.14
-1.05 -0.18
-0.95 -0.02
-0.95 -0.215
-1.27 -0.385
-1.07 -0.235
-1.11 -0.34
-1.04 -0.21
-1.19 -0.535
-1.16 -0.425
-0.97 -0.175
-1.09 -0.475
-0.98 -0.325
-1.18 -0.385
-1.14 -0.375
-1.1 -0.065
-0.84 0.015
-1.16 0.27
-0.97 0
-0.81 0.08
-1.11 -0.035
-0.85 -0.135
-1.15 -0.155
-0.96 -0.095
-0.94 -0.305
-1.03 -0.385
-1 -0.115
-0.94 -0.16
-1.13 0.02
-0.94 -0.06
-1.14 0.05
-0.96 0.065
-0.95 0.175
-1.11 0.16
-1.01 0.45
-0.8 0.06
-0.87 0.05
-1.25 0.065
-1.01 0.24
-1.05 0.145
-0.84 0.175
-1.16 -0.035
-1.04 -0.015
-1.03 0.055
-1.1 0.14
-1.17 0.125
-1.19 0.165
-1.06 0.205
-0.99 0.475
-1.23 0.665
-1.11 0.555
-0.99 0.225
-0.98 0.095
-1 0.3
-1.12 0.06
-1.08 0.03
-1.19 0.37
-0.97 0.245
-1.13 0.37
-0.97 0.395
-1.06 0.065
-1.02 0.15
-0.98 0.275
-1.07 0.395
-1.06 0.455
-1.02 0.395
-1.12 0.46
-1 0.43
-1.19 0.585
-1.17 0.32
-0.95 0.33
-1.04 0.54
-1.12 0.56
-0.93 0.325
-1.17 0.505
-1.26 0.675
-1.12 0.64
-1.12 0.56
-1.17 0.535
-1.18 0.57
-1.11 0.24
-1.05 0.24
-1.09 0.105
-1.03 0.34
-1.27 0.5
-1.05 0.495
-1.13 0.36
-1.3 0.66
-1.38 0.71
-1.46 0.73
-1.42 0.765
-1.21 0.575
-1.12 0.455
-1.22 0.67
-1.07 0.52
-1.19 0.64
-1.21 0.555
-1.28 0.635
-1.16 0.61
-1.15 0.44
-1.15 0.465
-1.13 0.52
-1.19 0.645
-1.1 0.505
-1.33 0.675
-1.13 0.38
-1.09 0.485
-1.12 0.21
-0.97 -0.085
-1.02 -0.245
-1.19 -0.385
-1 -0.565
-0.96 -0.405
-1.11 -0.305
-1.07 -0.045
-1.04 -0.135
-1.19 -0.305
-1.16 -0.16
-0.94 -0.035
-1.1 -0.015
-1.03 0.04
-0.95 -0.115
-0.97 -0.255
-0.92 0.145
-1.08 -0.145
-1.16 -0.205
-1.11 -0.1
-1.1 -0.425
-1.09 -0.205
-1.06 -0.085
-0.91 -0.11
-1.01 -0.225
-0.86 -0.245
-0.93 -0.23
-1.15 -0.57
-1.31 -0.72
-1.04 -0.38
-0.96 -0.035
-0.78 -0.145
-0.97 -0.115
-1.04 -0.25
-1.11 -0.315
-0.91 0.145
-1.07 0
-1 -0.07
-1.16 -0.405
-1.01 -0.245
-1 -0.255
-1.04 -0.095
-1.03 -0.135
-1.14 0.06
-1.08 -0.06
-1.16 -0.22
-1 -0.135
-0.85 -0.15
-0.79 0.125
-0.9 0.255
-1.04 0.2
-0.98 0.025
-1.08 -0.165
-0.99 0.155
-1.08 0.2
-0.97 -0.06
-1.07 -0.065
-1.02 0.07
-1.11 -0.12
-1.11 -0.13
-1.04 -0.145
-1 -0.025
-0.96 0.045
-0.87 0.11
-1 0.075
-1.03 0.145
-1.06 -0.125
-0.95 -0.02
-0.84 -0.24
-1.04 -0.125
-0.83 -0.185
-1.04 -0.395
-1.06 -0.41
-1.24 -0.515
-1.04 -0.475
-1.16 -0.185
-1.14 0.275
-0.93 0.33
-0.96 0.04
-1.04 -0.015
-1.11 -0.2
-1.01 0.1
-1.2 0.22
-0.98 0.11
-1.07 0.04
-0.97 -0.19
-0.93 -0.25
-1.18 -0.28
-1.12 -0.01
-1.08 -0.19
-0.95 0.055
-1.28 0.135
-1.06 0.03
-1 0.13
-1.04 0.17
-0.86 0.105
-1.05 0.065
-1.14 0.305
-1.03 0.28
-1.1 0.23
-0.94 0.04
-1.1 0.005
-1.1 0.065
-1.1 0.085
-1.09 0.015
-1.09 -0.235
-1.07 0.03
-0.99 -0.18
-0.93 -0.065
-0.94 -0.13
-1.1 -0.045
-1.05 -0.215
-1.06 -0.37
-1.19 -0.17
-1.14 0.185
-0.9 0.015
-0.77 0.045
-1.02 0.225
-1.15 0.6
-1.15 0.64
-1.27 0.555
-1.26 0.425
-1.07 0.04
-1.11 0.235
-0.91 0.355
-1.01 0.48
-1.02 0.385
-1.04 0.42
-0.97 0.365
-1.1 0.545
-1.18 0.675
-1.41 0.8
-1.29 0.665
-1.19 0.52
-0.96 0.34
-0.8 0.185
-1.04 0.35
-0.95 -0.075
-0.99 -0.135
-1.09 -0.03
-1.04 0.09
-1 -0.265
-1.11 -0.445
-1.23 -0.515
-0.97 -0.355
-0.98 -0.31
-0.97 -0.365
-1.06 -0.375
-1 -0.145
-1.02 -0.355
-1.05 -0.375
-1.18 -0.625
-1.18 -0.49
-1.03 -0.265
-1 -0.135
-1.03 -0.03
-0.78 -0.055
-0.94 -0.015
-1.18 -0.215
-1.08 -0.48
-1.13 -0.335
-1.04 -0.13
-1.11 0.145
-0.91 0.3
-1.16 0.36
-1.16 0.26
-1.15 0.365
-1.04 0.175
-1.22 0.295
-1.13 0.305
-0.97 0.175
-0.96 0.14
-0.97 0.025
-1.2 0.575
-1.11 0.52
-0.99 0.28
-1.09 0.14
-1.22 0.42
-1.23 0.315
-0.92 0.095
-1.02 0.155
-0.93 0.275
-1.13 0.005
-1.05 0.04
-1.09 0.02
-1 0.18
-0.83 0.01
-1.21 0.135
-0.98 0.12
-1.17 0.23
-1.09 0.31
-0.99 0.1
-1.17 0.22
-1.1 0.03
-1.28 0.18
-1.08 0.355
-1.12 0.44
-1.11 0.28
-0.97 0.225
-1.15 0.19
-1.06 -0.08
-1.17 -0.105
-0.89 -0.095
-0.91 0.005
-1.18 0.205
-1.03 0.245
-1.02 0.205
-1.03 0.215
-1.08 0.245
-1.17 0.61
-1.04 0.31
-1.01 -0.12
-1.09 -0.27
-0.91 -0.02
-1.03 0.155
-0.91 0.24
-1.11 -0.065
-0.95 -0.14
-0.74 0.12
-0.94 0.145
-0.98 0
-1.17 -0.26
-1.02 -0.265
-1.03 -0.23
-1.13 -0.265
-1.14 -0.575
-1.14 -0.285
-1.01 -0.265
-1.1 -0.285
-1.11 -0.435
-1.09 -0.54
-1.14 -0.515
-1.06 -0.36
-1 -0.37
-1.07 -0.275
-1.01 -0.375
-1 -0.315
-1.04 -0.43
-0.99 -0.105
-0.94 -0.23
-1.12 -0.42
-1.11 -0.51
-1.25 -0.685
-1.08 -0.44
-0.98 -0.26
-1.08 -0.06
-0.88 0.105
-1.05 0.33
-0.93 0.31
-1.11 0.43
-0.93 0.235
-1.08 -0.015
-1.12 -0.38
-0.89 -0.31
-1.05 -0.075
-1.14 -0.05
-0.91 -0.015
-0.83 0.17
-0.99 -0.25
-1.09 -0.395
-1.09 -0.4
-1.15 -0.475
-1.26 -0.605
-1.12 -0.445
-1.15 -0.515
-1.08 -0.35
-0.95 -0.11
-1.14 -0.235
-0.9 -0.06
-0.86 -0.125
-1.02 -0.095
-1.05 0.045
-1.04 0.05
-0.82 -0.225
-0.92 -0.125
-0.92 0
-0.92 -0.35
-0.87 -0.25
-1.17 -0.105
-0.9 -0.175
-0.99 -0.315
-1.12 -0.175
-1.05 -0.11
-0.98 -0.13
-1.06 -0.15
-1.18 -0.325
-1.11 -0.33
-1.27 -0.49
-1.04 -0.16
-0.99 -0.185
-1.03 -0.41
-0.91 -0.28
-1.08 -0.475
-1.03 -0.335
-1.12 -0.3
-1.12 -0.21
-0.94 -0.225
-0.99 -0.035
-1.13 -0.02
-0.9 -0.04
-0.87 0.085
-1.15 -0.04
-1.03 -0.21
-1.03 -0.125
-1.13 -0.145
-0.91 0.04
-1.07 0.21
-1.08 -0.105
-0.91 -0.13
-1.16 0.21
-1 0.16
-1.08 0.235
-0.99 0.01
-0.92 0.095
-0.97 0.08
-0.74 0.215
-1.09 -0.14
-1.1 -0.31
-0.9 -0.03
-1.14 0.23
-1.04 0.085
-1.01 0.225
-0.92 0.065
-1.01 -0.11
-1.1 -0.355
-1.18 -0.3
-1.05 -0.09
-1.09 -0.295
-0.94 -0.235
-0.94 -0.14
-0.99 -0.035
-0.92 0.045
-0.96 -0.05
-1 -0.175
-0.91 0.08
-0.97 0.025
-0.95 0.09
-1.05 0.24
-0.9 0.055
-0.9 0.055
-1.09 -0.225
-1.06 -0.28
-0.94 0.025
-0.87 0.03
-1 0.065
-0.97 -0.06
-0.99 0.01
-0.95 0.1
-1.04 0.165
-1.08 0.19
-0.82 -0.07
-1.04 -0.02
-1 -0.09
-0.88 -0.1
-0.95 -0.125
-1.01 -0.31
-1.1 -0.275
-1.12 -0.28
-1.08 0.05
-0.94 0.22
-0.93 0.31
-1.01 0.04
-1.1 0.32
-1.18 0.125
-0.79 -0.1
-1.11 0.13
-0.96 0.345
-1.23 0.125
-1.01 0.215
-0.94 0.04
-0.97 -0.17
-0.88 -0.34
-1.06 -0.325
-0.88 -0.28
-0.96 -0.28
-1.08 0.01
-0.9 -0.01
-1.08 0.035
-0.95 0.065
-0.98 0.34
-1.12 0.31
-1.22 0.425
-1.21 0.335
-1.24 0.4
-1.13 0.265
-0.88 0.24
-1.16 0.47
-1.03 0.385
-1.03 0.215
-0.83 -0.22
-0.9 -0.26
-0.93 0.035
-0.95 0.035
-1.05 0.085
-1.14 0.055
-1.08 0.05
-1.03 -0.265
-1.14 -0.365
-1.02 -0.395
-1.2 -0.52
-0.71 -0.125
-1.12 0.385
-1.05 0.535
-1.05 0.185
-1.04 0.48
-1 0.27
-1.11 0.345
-0.88 0.28
-1.02 0.185
-1.43 0.545
-0.93 0.265
-0.97 0.365
-1.11 0.465
-1.21 0.315
-1.02 0.245
-1.14 0.115
-1.08 0.065
-1.12 0.17
-1.04 0.03
-1 -0.12
-0.97 -0.14
-1.12 -0.26
-1.22 -0.16
-0.81 -0.14
-1.09 0.105
-1 0.215
-1.01 0.075
-1.16 0.085
-1.02 -0.01
-0.9 -0.23
-0.98 -0.345
-0.98 0.055
-1.06 -0.035
-1.05 0.305
-0.95 0.275
-1.25 0.6
-1.08 0.5
-1.24 0.31
-1.05 0.33
-1.12 0.325
-1.19 0.415
-1.18 0.39
-1.14 0.51
-1.01 0.4
-1.01 0.22
-0.9 -0.105
-1 0.075
-0.91 0.285
-0.91 0.25
-1.04 0.145
-0.98 0.05
-0.85 -0.04
-1.05 0.085
-1.21 0.46
-1.13 0.525
-1.25 0.505
-0.99 0.235
-1.08 0.425
-0.96 0.205
-1.12 -0.095
-0.95 -0.17
-0.88 -0.29
-1.03 -0.055
-1.09 -0.17
-0.99 -0.17
-0.93 -0.105
-1.15 -0.035
-0.9 0.06
-0.86 0.005
-0.94 0.13
-0.94 -0.085
-1.03 -0.255
-1.03 -0.275
-1.04 -0.135
-0.96 -0.23
-0.97 -0.21
-0.86 -0.14
-1.09 -0.145
-1.05 -0.275
-1.17 -0.13
-1.12 -0.28
-1.09 0
-1.09 0.055
-1.05 0.16
-0.99 0.2
-1.1 0.295
-1.02 0.1
-1.08 0.265
-0.94 0.03
-1.05 0.03
-1.03 0.07
-1.04 0.33
-1.05 0.005
-0.99 -0.225
-0.9 -0.215
-1.25 -0.335
-1.02 -0.04
-0.86 -0.19
-0.93 -0.18
-1.19 0.015
-1.11 -0.045
-1.1 0.055
-0.92 0.25
-1.02 0.225
-1.1 0.405
-1.22 0.535
-1.1 0.16
-0.87 0.225
-0.98 0.365
-1.08 0.245
-1.06 0.295
-1.09 0.14
-0.99 -0.075
-1.02 0.03
-0.94 -0.06
-1.19 -0.29
-0.98 0.135
-0.87 0.29
-1.03 0.225
-1.02 0.38
-1.25 0.485
-0.99 0.415
-1 0.505
-0.9 0.225
-0.76 -0.13
-0.94 -0.165
-1.13 -0.32
-1.05 -0.37
-1.07 -0.475
-1.1 -0.46
-1.16 -0.51
-1.21 -0.38
-1.09 -0.285
-1.1 -0.305
-1.06 -0.295
-0.97 0.045
-0.98 0.175
-0.99 -0.075
-0.93 -0.175
-0.96 -0.365
-0.85 -0.23
-1.09 -0.1
-1.01 -0.095
-1.02 -0.325
-1.12 -0.54
-1.09 -0.4
-1.27 -0.605
-1.02 -0.515
-1.04 -0.43
-1.1 -0.395
-1.25 -0.545
-1.02 -0.425
-1 -0.395
-1.11 -0.355
-1.11 -0.195
-0.82 0
-1.03 -0.01
-1 -0.225
-1.06 -0.12
-0.92 -0.01
-0.98 0.025
-1.04 -0.155
-1.11 0.265
-1.04 0.515
-1.09 0.375
-0.88 0.375
-0.97 0.2
-1.03 0.115
-0.96 0.095
-1.1 0.355
-1.06 0.215
-1.12 0.11
-1.01 0.51
-1.33 0.61
-1.17 0.37
-1.2 0.46
-1.27 0.18
-1.25 0.24
-0.96 0.055
-1.04 0.385
-0.97 0.3
-1.04 0.115
-1.02 0.11
-1.09 -0.175
-0.99 -0.315
-0.9 -0.1
-1.03 0.115
-0.99 -0.14
-1.1 -0.37
-1.09 -0.44
-0.97 -0.375
-1.1 -0.36
-1.1 -0.31
-0.95 -0.135
-1.13 -0.09
-1.08 -0.245
-1.07 -0.31
-0.94 -0.295
-0.88 -0.2
-1.07 -0.425
-0.87 -0.09
-1.02 -0.075
-1.18 -0.41
-1.02 -0.4
-0.99 -0.335
-1.41 -0.705
-1.37 -0.615
-1.28 -0.635
-1.08 -0.375
-1.28 -0.59
-1.23 -0.58
-1.1 -0.455
-1.33 -0.665
-1.18 -0.6
-1.12 -0.595
-1.37 -0.665
-1.2 -0.47
-1.06 -0.26
-1.12 -0.125
-1.13 0.015
-1.19 0.085
-0.95 -0.055
-1.08 0.29
-1.12 0.175
-0.98 -0.145
-0.98 -0.05
-0.81 -0.015
-1.04 0.08
-0.91 0.155
-1.13 0.335
-0.95 0.265
-1.02 0.055
-0.88 -0.04
-1.02 -0.365
-1.17 -0.015
-1.13 0.28
-1.12 0.295
-0.77 0.17
-0.81 0.16
-1.06 0.195
-1.05 0.22
-1.14 0.505
-1.11 0.535
-1.1 0.52
-1.3 0.595
-1.23 0.705
-0.91 0.5
-1.18 0.625
-1.22 0.605
-1.46 0.79
-1.19 0.52
-1.44 0.735
-1.24 0.565
-0.92 0.415
-1.2 0.515
-1.22 0.565
-1.29 0.5
-1.14 0.42
-0.96 0.31
-1.23 0.27
-1.01 0
-1.1 -0.02
-0.88 0.06
-1.04 0.105
-0.99 0.365
-0.88 0.16
-0.82 0.095
-1.02 0.155
-1 0.275
-0.92 0.2
-1.03 0.32
-1.06 0.44
-1.14 0.355
-1.03 0.065
-1.02 0.05
-1.12 -0.05
-1.01 0.15
-1.03 -0.015
-0.91 -0.05
-1.08 0.44
-0.83 0.185
-1 0.255
-1.12 0.21
-0.92 0.09
-1.06 0.375
-1.21 0.485
-1.04 0.245
-1.11 0.085
-1.05 0.055
-1.13 -0.01
-0.99 -0.22
-1.17 -0.22
-1.05 0.195
-1 0.005
-0.94 0.185
-1.13 0.29
-1.29 0.305
-0.94 0.005
-1.09 0.16
-1.04 0.08
-0.74 0.07
-1 -0.315
-1.08 -0.235
-1.03 -0.05
-1.24 0.02
-0.96 -0.165
-1.02 -0.115
-0.92 -0.36
-1.11 -0.425
-1.24 -0.505
-1.33 -0.565
-1.06 -0.3
-1.18 -0.535
-1.08 -0.325
-0.86 -0.19
-1.3 -0.59
-1.3 -0.735
-1.05 -0.51
-1.05 -0.475
-1.06 -0.245
-1.02 0.07
-1.21 -0.37
-1.09 -0.47
-1.22 -0.59
-1.25 -0.69
-1.38 -0.775
-1.22 -0.585
-0.8 -0.225
-0.89 -0.07
-1.01 -0.035
-0.94 0.22
-1.08 0.06
-0.96 -0.16
-0.92 -0.18
-1.03 -0.25
-1.11 0.045
-1.1 0.005
-1.35 0.19
-1.05 0.325
-0.98 0.29
-1.25 0.585
-1.13 0.465
-1.1 0.405
-1.04 0.505
-1.31 0.665
-1.39 0.675
-1.2 0.63
-1.12 0.565
-1.25 0.715
-1.34 0.65
-1.1 0.635
-1.17 0.595
-1.02 0.58
-1.13 0.55
-1 0.465
-1.11 0.615
-1.05 0.365
-1.04 0.555
-1.2 0.62
-1.29 0.645
-1.05 0.465
-1.15 0.435
-1.17 0.22
-1.37 0.245
-1.11 0.22
-1.14 0.16
-1.01 0.15
-1.2 0.34
-0.9 0.24
-1.09 0.375
-0.92 0.115
-1.15 0.01
-1.08 -0.32
-1.01 -0.29
-1.07 -0.375
-1.24 -0.6
-1.11 -0.595
-1.39 -0.685
-1.16 -0.42
-1.14 -0.215
-0.95 -0.355
-0.97 -0.28
-1.09 -0.32
-1.04 -0.22
-1.09 -0.475
-1.02 -0.08
-1.17 -0.34
-1.05 -0.325
-1.02 -0.235
-1.23 -0.325
-1.14 -0.395
-0.97 -0.355
-1.08 -0.5
-1.34 -0.575
-1.04 -0.26
-0.9 -0.275
-1.1 -0.44
-1.14 -0.4
-1.13 -0.51
-1.3 -0.53
-1 -0.23
-1.12 -0.07
-0.82 -0.105
-1.08 -0.12
-0.94 0.17
-1.07 -0.185
-1.14 -0.135
-0.96 0.095
-1.01 0.03
-1.02 -0.2
-1.07 -0.23
-1.12 0.16
-1.15 0.195
-1.19 0.31
-1.27 0.41
-1.14 0.13
-1.14 0.21
-0.98 0.06
-1.04 -0.115
-1.11 -0.09
-0.95 -0.02
-0.97 0.055
-1.16 -0.085
-1.2 0.145
-1.05 -0.075
-1.15 -0.18
-1.12 -0.16
-0.98 -0.215
-0.99 0.005
-1.13 -0.105
-0.92 0
-1.1 0.105
-1.21 0.225
-0.99 0.4
-0.95 0.155
-1 0.35
-1.1 0.43
-1.03 0.34
-1.06 0.065
-1.15 0.025
-1.1 -0.05
-1.11 -0.25
-0.95 -0.2
-1.11 -0.315
-0.99 -0.165
-1.04 -0.27
-1 -0.305
-0.98 0.08
-0.95 0.08
-1.01 0.15
-0.94 0.02
-0.97 0.185
-0.96 0.33
-0.98 0.22
-1.08 0.27
-1.07 -0.015
-0.96 0.065
-0.93 0.035
-1.03 0.29
-1.39 0.33
-1.13 0.265
-1.06 0.135
-1.11 0.32
-0.87 0.22
-0.85 0.015
-0.87 0.09
-1.13 0.335
-1.01 0.38
-1.13 0.43
-1.15 0.26
-1.06 0.32
-0.99 0.25
-0.97 0.06
-0.98 0.26
-1.06 0.23
-0.92 -0.085
-1.09 -0.055
-0.87 -0.045
-1.01 0.02
-0.88 -0.095
-0.96 -0.05
-0.99 -0.11
-1.06 0.145
-1.16 -0.2
-1.2 0.1
-1.06 0.265
-1.08 0.49
-1.23 0.61
-1.19 0.52
-1.12 0.44
-1.17 0.45
-1.09 0.425
-0.94 0.095
-1 0.24
-1.26 0.57
-1.04 0.27
-1.06 0.33
-1.22 0.205
-1.06 0.405
-1.01 0.285
-1.05 0.525
-1.16 0.375
-0.99 0.07
-0.77 0.045
-1.1 -0.09
-1.02 -0.065
-0.96 -0.015
-1.02 0.115
-1.25 0.625
-1.07 0.385
-0.92 0.15
-1.08 0.28
-1.25 0.34
-0.85 -0.1
-1 0.095
-0.87 0.135
-0.99 -0.025
-1.05 -0.065
-1.16 0.025
-0.91 -0.13
-1 0.195
-1.13 0.3
-1.14 0.37
-1.07 0.39
-0.88 0.245
-1.09 0.45
-0.99 0.115
-0.97 0.215
-0.94 0.125
-1.13 0.24
-0.95 0.04
-0.99 -0.245
-1.12 -0.265
-1.1 -0.125
-1.09 -0.125
-0.94 0.05
-1 0.155
-1 -0.185
-1 -0.175
-1.05 -0.085
-0.84 0.085
-1.11 0.14
-1.2 0.445
-0.83 0.31
-0.99 0.18
-0.88 0.135
-1.18 0.42
-1.09 0.27
-1.15 0.26
-1.04 0.4
-1.12 0.335
-1.38 0.545
-1.12 0.465
-1.05 0.18
-0.94 0.21
-1.09 0.075
-1.2 0.12
-1.03 0.005
-1.14 0.11
-1.06 0.23
-1.13 0.36
-0.99 0.225
-1.2 0.35
-1.19 0.09
-0.91 -0.075
-0.99 -0.21
-1.12 -0.585
-1.27 -0.635
-1.25 -0.545
-1.03 -0.345
-1.07 -0.365
-1.04 -0.105
-1.11 -0.245
-1.08 -0.095
-1.17 -0.405
-1.08 -0.245
-1.1 -0.265
-1.15 -0.325
-1.08 -0.35
-1.16 -0.385
-1.18 -0.45
-0.9 -0.39
-0.95 -0.14
-1.04 -0.445
-1.03 -0.485
-1 -0.475
-1.06 -0.39
-1.21 -0.605
-1.16 -0.455
-1.12 -0.465
-1.05 -0.36
-1.05 -0.26
-0.96 -0.27
-1.04 -0.35
-1.22 -0.55
-1.2 -0.645
-1.02 -0.345
-1.05 -0.37
-1.09 -0.5
-1.08 -0.455
-1.03 -0.395
-1.13 -0.355
-1.24 -0.26
-0.86 -0.255
-1.12 -0.205
-1.04 -0.335
-0.95 -0.345
-1.22 -0.385
-0.92 -0.165
-0.86 0.14
-1.11 0.11
-1.05 0.075
-1.07 0.215
-0.97 0.125
-0.99 0.38
-1.47 0.51
-1.18 0.24
-0.8 0.01
-1.06 0.21
-0.91 0.23
-1.16 0.36
-1.33 0.375
-1.04 0.24
-1.03 0.255
-0.94 0.195
-0.93 0.285
-1.04 0.14
-0.95 0.195
-1.08 0.23
-0.89 0.175
-1.08 0.345
-0.92 0.325
-1.04 0.275
-1.05 0.175
-1.02 0.085
-0.84 0.17
-0.98 0.405
-0.81 0.075
-1.06 -0.29
-1.06 -0.24
-1.05 -0.25
-0.97 -0.185
-1.13 0.18
-1.14 0.025
-0.93 0.245
-0.99 0.025
-1.02 0.255
-0.86 0.03
-1.01 0.025
-1.14 0.12
-1.17 0.01
-0.87 -0.015
-1.23 -0.065
-0.96 0.035
-1.04 0.22
-0.99 0.325
-0.99 0.065
-1.09 0.02
-1 -0.08
-0.99 -0.01
-1.16 0.315
-0.96 0.2
-1.17 0.49
-1.07 0.445
-1.1 0.485
-1.13 0.55
-1.19 0.605
-0.99 0.27
-0.98 0.02
-0.95 -0.025
-0.88 -0.145
-1 -0.32
-0.9 -0.085
-1.06 -0.025
-0.83 0.14
-1.01 0.27
-1.16 0.115
-0.88 0.275
-0.98 0.51
-1.08 0.57
-1.16 0.445
-1.34 0.705
-1.16 0.48
-1.2 0.32
-1.04 0.265
-0.98 0.33
-1.17 0.42
-1.24 0.585
-1.18 0.475
-1.2 0.435
-1.07 0.425
-0.97 0.395
-1.22 0.265
-1.03 0.19
-1.04 0.2
-0.94 0.045
-1.1 -0.035
-1.01 -0.135
-1.01 -0.055
-0.92 -0.025
-0.93 -0.005
-0.99 0.155
-1.15 0.195
-0.95 0.225
-0.82 -0.02
-1.06 0.04
-1.18 -0.075
-0.85 0.085
-0.97 0.085
-0.94 0.05
-1 0.305
-1.11 0.405
-1.12 0.625
-1.2 0.43
-1.22 0.37
-1.12 0.34
-1.09 0.24
-1.19 0.445
-0.92 0.26
-0.94 0.325
-0.88 0.15
-1.12 0.17
-1.13 0.21
-0.98 0.295
-1.01 0.395
-1.12 0.53
-0.92 0.32
-1.09 0.29
-1.16 0.385
-1.06 0.195
-0.94 0.2
-0.84 0.06
-0.93 -0.165
-0.79 0.05
-0.91 0.085
-1.2 0.43
-1.14 0.46
-1.09 0.44
-0.89 0.32
-1 0.225
-1.05 -0.03
-1.12 0.215
-1.17 0.31
-0.91 0.03
-0.94 -0.075
-1 0.195
-1.3 0.425
-1 0.3
-1.28 0.53
-1.27 0.48
-1.24 0.6
-1.19 0.685
-1.2 0.54
-1.17 0.44
-1.13 0.595
-1.11 0.385
-0.97 0.435
-1.35 0.655
-1.34 0.705
-1.09 0.5
-1.27 0.565
-1.16 0.385
-1.21 -0.055
-1.12 0.14
-1.02 0.325
-0.99 0.01
-1.14 0.015
-0.96 -0.15
-1.07 -0.15
-1.05 0.07
-0.94 0.36
-1.08 0.37
-1.17 0.55
-0.74 0.22
-0.92 0.255
-1.15 0.235
-0.96 0.34
-0.82 0.075
-1.11 0.45
-0.94 0.265
-1.15 0.295
-0.97 0.145
-0.82 0.095
-1.08 0.165
-0.82 0.01
-1.03 -0.365
-1.13 -0.315
-1.11 -0.29
-1.15 -0.41
-1.03 0.01
-1.23 0.105
-1 -0.015
-0.96 -0.05
-0.91 -0.2
-0.93 -0.125
-1.07 -0.1
-1.08 -0.19
-0.96 0.05
-0.93 0.08
-1.13 0.025
-0.82 -0.19
-0.87 -0.035
-0.87 -0.015
-0.98 0.005
-1.01 0.08
-1.21 0.095
-0.96 0.25
-1.03 0.225
-0.97 0.165
-1.07 0.195
-0.93 0.025
-1.07 0.15
-1.11 0.255
-1.01 0.03
-1.05 0.085
-1.17 -0.06
-1.1 0.065
-1.21 -0.235
-1.11 -0.465
-1.14 -0.385
-1.09 -0.385
-0.9 -0.375
-0.88 -0.335
-0.97 -0.08
-1.01 0.08
-0.81 -0.01
-1 0.17
-1.15 -0.21
-1.08 -0.33
-1.21 -0.52
-1.13 -0.405
-1.21 -0.555
-1.14 -0.14
-0.98 -0.06
-0.99 -0.025
-0.93 -0.215
-1.03 -0.2
-0.84 -0.165
-0.81 -0.12
-1.14 0.12
-1.03 -0.235
-1.1 -0.4
-1.29 -0.415
-1.03 -0.4
-0.83 -0.045
-1.14 0.375
-1.09 0.48
-0.92 0.455
-1.35 0.69
-1.03 0.39
-0.87 0.12
-0.87 0.005
-1.17 0.16
-0.95 -0.005
-0.85 0.015
-0.89 -0.01
-0.86 -0.235
-1.13 -0.425
-1.43 -0.715
-1.18 -0.42
-1.11 -0.315
-1.02 -0.345
-0.98 -0.08
-0.96 -0.29
-1.03 -0.275
-1.2 -0.245
-0.98 -0.22
-0.85 -0.15
-0.95 -0.23
-0.92 0.06
-0.97 0.06
-0.99 0.185
-0.85 -0.195
-0.88 -0.08
-1.12 -0.21
-1.12 0.08
-0.94 -0.11
-1.17 -0.26
-0.89 -0.14
-1.02 0.025
-0.83 0.005
-0.93 -0.08
-1.03 0.05
-0.99 0.18
-0.81 0.07
-0.99 0.32
-0.9 0.085
-0.96 -0.105
-0.89 -0.175
-1.03 -0.11
-1.14 -0.35
-1.18 -0.525
-1.17 -0.455
-0.89 0.05
-0.87 0.345
-0.92 0.315
-0.83 0.065
-0.91 0.155
-0.98 0.145
-1.07 0.335
-1.01 0.22
-1.18 0.08
-1.14 -0.04
-0.92 0.04
-0.99 -0.18
-0.98 -0.07
-1.1 -0.355
-0.88 -0.335
-0.93 0.255
-1.04 0.34
-1.22 0.57
-1.34 0.7
-1.26 0.665
-1.17 0.545
-1.1 0.325
-1.04 0.4
-1.08 0.525
-0.97 0.245
-0.91 0.265
-0.89 0.3
-1.03 0.13
-1.07 0.01
-1.09 -0.095
-1 -0.155
-0.98 -0.16
-0.94 -0.175
-0.93 -0.01
-0.92 0.05
-0.87 -0.01
-0.96 0.26
-1.12 0.26
-1 0.49
-1.12 0.235
-1.28 0.515
-1.17 0.56
-1.19 0.51
-1.21 0.385
-1.28 0.425
-1.06 0.225
-1.12 -0.06
-1.15 -0.105
-1.08 -0.465
-0.9 -0.35
-1.17 0.055
-1.06 0.065
-1.04 0.16
-1.24 0.26
-1.24 0.36
-1.15 0.25
-1.18 0.475
-1.18 0.555
-1.04 0.4
-0.99 0.185
-1.08 0.43
-1.03 0.255
-1.11 0.245
-1.2 0.05
-1.07 -0.23
-1.02 -0.33
-1.14 -0.365
-1.09 -0.515
-1.12 -0.52
-0.81 -0.305
-0.95 -0.285
-1.1 -0.105
-1.18 -0.2
-1.21 -0.53
-1.32 -0.635
-1.14 -0.48
-1.16 -0.615
-1.29 -0.615
-1.28 -0.54
-1.03 -0.385
-0.97 -0.355
-1.13 -0.385
-1.03 -0.285
-1.26 -0.515
-1.14 -0.3
-0.98 -0.09
-0.96 -0.12
-1 -0.145
-1.14 -0.055
-1.19 0.015
-1.15 0.2
-0.96 0.145
-0.99 0.105
-1.07 0.185
-0.92 0.13
-0.95 -0.03
-1.17 -0.26
-0.96 0.11
-0.88 0.095
-1.1 -0.08
-1.22 0.04
-1.2 0.04
-1.06 -0.13
-0.92 -0.115
-1.12 -0.12
-1.02 -0.03
-1.22 -0.03
-1 0.055
-1 0.11
-0.85 0.07
-0.83 0.19
-0.98 0.02
-1.02 0.075
-1.13 -0.1
-1.11 0.07
-1.12 0.225
-1.01 -0.1
-0.99 0.035
-0.87 0.135
-0.97 0.14
-1.06 0.145
-0.95 0.16
-1.1 0.17
-1.18 -0.235
-1.16 -0.03
-1.16 -0.29
-1.12 -0.34
-1.07 -0.355
-0.84 -0.11
-0.92 0.095
-0.94 0.385
-1.15 0.53
-0.97 0.39
-1.23 0.57
-1.17 0.53
-1.03 0.355
-1.03 0.22
-0.86 0.27
-1.05 0.43
-1.36 0.645
-1.34 0.6
-1.21 0.5
-0.94 0.375
-0.99 0.015
-1.06 -0.115
-1.02 -0.02
-1.05 -0.025
-1.03 -0.355
-1.1 -0.16
-1.02 -0.225
-0.7 -0.08
-0.95 -0.04
-1.02 -0.075
-0.95 0.145
-1 0.15
-1.1 0.255
-1.02 -0.07
-1.01 -0.08
-0.85 0.05
-1.09 0.29
-1.06 0.365
-0.98 -0.07
-0.94 0.125
-0.73 -0.035
-0.79 0.08
-0.97 0.38
-1.06 0.275
-0.99 0.315
-0.95 0.21
-1.11 0.33
-1.04 0.25
-0.98 0.25
-1.13 0.335
-0.89 0.165
-1.05 0.45
-1.09 0.375
-0.89 0.28
-0.94 0.445
-0.94 -0.015
-1.05 -0.185
-1.04 -0.12
-1.17 0.08
-0.94 0.2
-1.06 0.275
-1.11 0.395
-1.12 0.39
-1.04 0.345
-0.98 0.13
-0.98 0.3
-0.98 0.125
-0.99 0.065
-0.99 0.05
-1.12 0.155
-1.05 -0.125
-0.93 -0.41
-0.97 -0.12
-1.21 -0.64
-0.98 -0.46
-1.1 -0.505
-1.22 -0.16
-1.23 -0.14
-1.05 0.055
-0.95 -0.045
-1.09 -0.07
-1.01 0.13
-0.83 0.155
-1.09 0.305
-1.03 0.17
-1.08 0.33
-1.12 0.305
-1 0.38
-1.24 0.35
-1.05 0.01
-1.15 0.345
-0.93 0.19
-1 0.22
-1.14 0.305
-0.91 0.31
-1.08 0.4
-1.09 0.44
-0.97 0.315
-1.09 0.095
-1 0.11
-0.95 0.215
-1.19 0.315
-1.14 0.43
-1.04 0.305
-1.05 0.295
-1.12 0.4
-1.14 0.01
-1.15 0.32
-1.08 -0.09
-1 0.23
-1.25 0.46
-1.08 0.515
-1.06 0.41
-1.13 0.355
-1.14 0.305
-0.87 0.265
-1.04 0.165
-0.97 0.115
-1.04 0.03
-1 0.065
-0.94 0.17
-1.03 0.015
-1.18 0.055
-1.12 0.14
-1.13 0.13
-1.08 0.18
-0.96 0.255
-1.05 0.175
-1.14 0.445
-1.11 0.555
-1.14 0.49
-1.08 0.355
-1.15 0.265
-1.12 0.295
-1.18 0.325
-1.13 0.245
-1 0.33
-1.21 0.315
-1.11 0.405
-1.29 0.3
-1.31 0.405
-1.22 0.665
-1.02 0.485
-1.02 0.345
-1.15 0.315
-1.14 0.285
-1 -0.09
-1.1 0.095
-1.04 0.07
-1.11 0.085
-1.03 -0.145
-0.98 0.19
-0.95 0.245
-0.86 0.04
-0.9 0.095
-1.05 0.03
-0.87 -0.205
-1.1 -0.095
-0.91 0.175
-1 0.13
-0.99 0.355
-1.13 0.31
-1.02 -0.025
-1.05 0.04
-1.02 -0.08
-1.15 -0.265
-1.02 -0.245
-0.99 -0.34
-1.16 -0.53
-1.02 -0.335
-1.13 -0.2
-0.93 -0.105
-0.94 -0.265
-1.08 -0.14
-1.15 0.29
-1.1 -0.06
-0.93 -0.15
-1.1 -0.09
-0.92 -0.215
-1.19 0.07
-1.11 0.11
-1.2 0.055
-1.05 0.035
-1.02 -0.135
-1.06 0.08
-0.99 -0.16
-0.93 0.135
-1.03 0.355
-0.84 0.225
-1.03 0.16
-0.98 0.075
-1.04 -0.32
-1.07 -0.1
-0.87 -0.415
-1.2 -0.64
-1.09 -0.41
-1.01 -0.135
-0.91 -0.125
-1.02 -0.145
-0.87 0.145
-1.07 0.27
-1.09 0.355
-1.23 0.555
-1.15 0.575
-1.01 0.38
-1.05 0.12
-0.95 0.195
-1.16 0.44
-1.01 0.405
-1.04 0.555
-1.15 0.29
-1.06 0.44
-0.97 0.365
-1.14 0.455
-1.17 0.39
-0.98 0.295
-0.98 0.15
-1 0.245
-1.03 0.295
-1.17 0.285
-1.08 0.335
-0.99 0.34
-1.01 0.365
-1.13 0.505
-1.15 0.325
-1.1 0.175
-0.96 0.305
-1.02 0.24
-1.03 0.11
-1.04 0.17
-1.07 -0.145
-1.09 0.04
-0.89 0.285
-1.16 0.4
-1 0.425
-1.04 0.37
-0.89 0.045
-1.18 0.06
-0.99 -0.135
-0.88 0.19
-1.16 0.285
-1.19 0.485
-1.09 0.495
-1.04 0.075
-1 -0.01
-1.04 0.125
-0.93 0.275
-0.96 0.3
-1.09 0.275
-0.95 0.345
-1.07 0.41
-1.05 0.47
-1.06 0.11
-1.08 0.03
-0.99 -0.065
-1.1 0.02
-1.04 0.03
-1.1 -0.095
-1.02 -0.19
-0.88 -0.04
-0.88 -0.085
-0.96 -0.1
-1.02 0.045
-0.95 -0.06
-0.87 0.145
-1.31 0.17
-0.95 -0.16
-1.15 -0.275
-1 -0.235
-0.97 -0.345
-1.08 -0.145
-0.96 0.04
-1.1 0.17
-1.05 -0.04
-0.99 0
-1.05 0.175
-1.08 0.055
-0.94 -0.045
-0.9 -0.175
-0.92 0.13
-1.05 -0.03
-0.95 -0.02
-1.11 0.015
-1.1 -0.175
-1.11 -0.1
-0.9 -0.075
-0.87 0.04
-0.93 0.155
-1.02 0.07
-0.8 0.035
-1.07 0.175
-0.98 0.13
-1.06 -0.215
-1.23 -0.215
-0.9 -0.295
-1.18 -0.35
-1.04 -0.395
-0.96 -0.3
-1.21 -0.165
-1.1 0.145
-1.03 0.38
-1.08 0.17
-1.02 0.055
-1.14 0.055
-0.96 0.17
-1.03 0.33
-1.12 0.18
-0.96 -0.15
-0.94 -0.175
-0.95 -0.03
-1.22 -0.325
-1.16 -0.5
-1.06 -0.06
-1.03 -0.215
-1.12 -0.46
-1.05 -0.345
-1.13 -0.485
-0.98 -0.01
-1.12 -0.065
-1.1 -0.03
-1.07 -0.35
-1.17 -0.32
-0.88 -0.04
-0.8 -0.075
-1.09 -0.085
-1.27 -0.51
-1.28 -0.565
-1.04 -0.515
-1.32 -0.58
-1.1 -0.535
-1.16 -0.52
-1.22 -0.455
-1 -0.23
-1.09 -0.045
-1.13 0.265
-1.06 0.415
-1.17 0.32
-1.13 0.38
-1.04 0.16
-1.12 0.13
-1.2 0.22
-0.97 0.47
-1.17 0.425
-0.95 -0.04
-1.07 -0.385
-1.27 -0.37
-0.99 -0.23
-0.99 -0.105
-1.03 0.19
-1.02 0.48
-1.2 0.62
-1.29 0.48
-1.12 0.245
-1.14 0.195
-0.97 0.065
-1.14 0.165
-0.98 -0.08
-1.08 -0.17
-1 0
-1.05 -0.01
-1.16 0
-1.07 0.01
-1.03 0.04
-1.28 0.03
-1.18 -0.02
-1.14 0.155
-0.97 0.02
-1.14 -0.265
-1.09 -0.165
-1.04 -0.205
-1.11 -0.105
-1.07 -0.195
-1.29 -0.53
-1.16 -0.185
-1.13 -0.295
-1.12 -0.225
-1.15 -0.055
-0.9 0.315
-1.16 -0.04
-1.12 0.08
-0.99 0.07
-0.89 -0.075
-0.99 -0.05
-1.12 0.02
-1.11 0.22
-1.15 -0.035
-0.94 0.29
-1.09 0.425
-1.16 0.495
-1.17 0.39
-0.98 0.455
-1.31 0.595
-1.1 0.32
-1.16 0.555
-1.15 0.325
-1.13 0.575
-1.16 0.635
-1.18 0.565
-1.17 0.47
-1.29 0.55
-1.04 0.23
-0.81 0.055
-1.03 0.17
-0.97 0.19
-1.18 0.35
-1.19 0.28
-1.12 0.01
-1.04 -0.12
-1.15 -0.34
-1.18 -0.155
-1.05 0.065
-0.94 -0.085
-0.98 -0.12
-0.98 -0.22
-1 -0.4
-1.06 -0.335
-1.09 -0.435
-1.01 -0.32
-1.08 -0.355
-1.2 -0.395
-1.06 -0.54
-1.18 -0.485
-1.1 -0.375
-1.01 -0.25
-0.99 -0.03
-0.99 -0.045
-1.03 0.105
-1.08 -0.005
-1.25 0.145
-0.92 0.295
-0.88 -0.07
-1.09 -0.15
-1.22 -0.305
-1.23 -0.245
-1.14 -0.265
-0.99 -0.065
-0.91 -0.21
-0.86 -0.18
-1.19 -0.455
-1.1 -0.505
-1.12 -0.425
-1.36 -0.68
-1.09 -0.39
-0.92 -0.145
-0.94 -0.24
-0.93 -0.05
-1.1 0.03
-0.85 -0.18
-1.25 -0.625
-1.18 -0.615
-1.11 -0.365
-1.11 -0.28
-1.18 -0.1
-1 0.23
-0.9 0.275
-1.09 0.19
-1.1 0.195
-1.06 0.2
-1.01 0.165
-1.17 0.155
-1.25 0.07
-0.91 0.17
-1.2 0.505
-1.03 0.45
-1.1 0.54
-1.02 0.295
-1.14 0.225
-1 0.26
-0.95 0.205
-1.06 0.075
-1.15 -0.03
-1.15 0.045
-1.1 0.07
-1.08 -0.11
-0.98 0.11
-0.91 0.2
-1.16 0.39
-1.11 0.405
-1.04 0.52
-1 0.375
-1.07 0.32
-1.08 0.355
-0.98 0.18
-1.04 0.48
-1.2 0.48
-1.33 0.62
-1.22 0.595
-1.29 0.7
-1.27 0.695
-1.28 0.65
-1.26 0.65
-1.43 0.74
-1.24 0.495
-1.17 0.515
-1.16 0.63
-1.03 0.495
-1.02 0.45
-1.11 0.28
-0.91 0.025
-1.07 -0.155
-1.2 -0.51
-1.15 -0.565
-0.97 -0.345
-0.99 -0.1
-1 0.03
-0.96 -0.02
-1.19 -0.07
-1.07 -0.185
-0.92 0.005
-1.17 -0.015
-0.93 -0.105
-1.11 -0.27
-0.98 -0.295
-1.12 -0.355
-1.13 -0.265
-1.05 -0.145
-1.13 -0.27
-0.97 -0.355
-1.17 -0.635
-1.23 -0.45
-1.25 -0.575
-1.16 -0.545
-0.98 -0.475
-1.15 -0.545
-1.18 -0.625
-1.27 -0.655
-1.12 -0.485
-1.04 -0.415
-1.04 -0.315
-1.11 -0.235
-0.98 0.05
-0.94 0.11
-0.97 0.075
-1.02 -0.125
-1.07 -0.08
-0.96 0.305
-1.02 0.17
-1.15 0.24
-1.27 0.45
-1.24 0.15
-1.02 0.155
-1.11 0.23
-1.26 0.53
-1.07 0.425
-1.31 0.74
-1.16 0.605
-1 0.295
-1.22 0.515
-1.07 0.455
-1.05 0.38
-0.73 0.285
-0.93 0.28
-1.09 0.4
-0.93 0.19
-1.13 0.36
-1.12 0.395
-1.12 0.3
-1 0.135
-1.04 -0.06
-1.1 -0.23
-1.03 0.005
-0.75 0.12
-1.16 0.565
-1.2 0.555
-1 0.345
-0.99 0.385
-1.37 0.52
-1.01 0.435
-1.08 0.375
-1.07 0.225
-0.84 0.11
-1.07 0.245
-1.23 0.39
-1 0.365
-1.2 0.315
-0.99 0.275
-1.33 0.64
-1.03 0.425
-0.94 0.385
-1 0.225
-1.06 0.09
-0.99 -0.035
-1.02 -0.24
-1.07 -0.185
-0.98 -0.245
-0.97 -0.33
-1.09 -0.46
-0.97 -0.235
-0.92 -0.13
-1.12 -0.415
-1.12 -0.365
-1.09 -0.355
-1.05 -0.255
-1.04 -0.285
-1.02 0.105
-0.99 0.085
-1.04 0.025
-1.12 0.04
-0.88 -0.08
-1.23 -0.47
-1.18 -0.225
-1.1 0.03
-1.23 0.17
-0.97 -0.02
-1.14 -0.115
-1 -0.295
-1.08 -0.14
-1.04 -0.17
-1.2 -0.36
-1.14 -0.16
-1.15 -0.425
-0.92 -0.115
-0.95 -0.105
-1.01 0.09
-0.92 0.195
-1.13 0.19
-1.22 0.255
-1.23 0.27
-1.06 0.345
-1.16 0.435
-1 0.225
-1.2 0.57
-1.09 0.26
-1.08 0.055
-0.98 0.185
-1.1 0.315
-1.14 0.445
-0.97 0.305
-1.21 0.63
-1.05 0.545
-1.17 0.4
-1.19 0.31
-1.18 0.57
-1.35 0.675
-1.28 0.56
-1.33 0.665
-1.3 0.32
-0.99 0.215
-1.03 0.28
-0.96 0.095
-0.95 0.1
-0.99 -0.22
-0.93 -0.045
-0.95 -0.135
-1.06 -0.015
-1.06 0.225
-1.18 0.39
-1.09 0.365
-0.94 0.24
-0.99 0.325
-1.1 0.275
-0.89 0.21
-0.74 0.325
-0.9 0.325
-1.12 0.465
-1.16 0.495
-1.16 0.48
-1.16 0.585
-1 0.305
-0.97 0.25
-1.01 0.27
-1.15 0.495
-1.05 0.22
-1.19 0.265
-1.19 0.355
-0.95 0.275
-1.08 0.26
-1.05 -0.02
-0.71 -0.08
-0.96 -0.265
-1.01 0.05
-1.02 0.025
-0.99 -0.025
-0.87 0.13
-0.89 -0.06
-0.98 0.02
-1.15 0.035
-1.17 0.185
-1.11 0.005
-1.06 0.215
-0.89 0.14
-1.32 -0.555
-1.1 -0.23
-1.13 -0.31
-1.09 -0.29
-1.05 -0.17
-1.11 -0.515
-1.04 -0.255
-0.99 0.09
-1.04 0.295
-1.26 0.68
-1.13 0.345
-1.15 0.28
-0.98 -0.235
-0.99 0.315
-0.99 0.24
-0.85 0.17
-0.99 0.06
-1.14 0.265
-1.04 0.075
-1.06 0
-1.01 0.06
-0.8 0.04
-0.96 0.12
-1.01 0.385
-0.9 -0.095
-1.02 0.145
-1.13 0.125
-1.1 0.225
-1.05 0.29
-1.1 0.125
-0.92 0.09
-1.02 0.16
-1.01 0.235
-0.99 0.035
-0.9 0.11
-0.93 0.12
-0.82 -0.17
-1.07 -0.2
-1 -0.27
-0.82 -0.23
-1.03 -0.265
-1.1 -0.045
-1.06 -0.07
-1.14 -0.245
-0.89 -0.095
-1.17 -0.215
-1.1 -0.06
-1.05 0.265
-0.83 0.075
-0.73 -0.185
-1.22 -0.33
-1.13 -0.21
-1.07 -0.105
-1.03 -0.22
-0.97 -0.35
-0.92 -0.225
-1.05 -0.125
-0.98 -0.185
-1.14 -0.55
-0.94 -0.255
-1.14 -0.19
-0.96 0.02
-0.98 -0.12
-1.04 -0.205
-0.95 -0.17
-1.15 0.05
-1.03 -0.105
-0.9 0.055
-1.05 -0.205
-1.09 -0.37
-1.17 -0.385
-1.4 -0.635
-0.88 -0.255
-1.03 -0.135
-1.1 -0.085
-0.96 -0.295
-1 -0.37
-1.04 -0.255
-0.94 -0.095
-1.16 -0.435
-1.13 -0.49
-1.23 -0.645
-1.21 -0.63
-1.32 -0.595
-1.02 -0.54
-1.05 -0.52
-1.1 -0.55
-1.17 -0.5
-1.17 -0.61
-1.16 -0.51
-1.02 -0.22
-1.11 -0.395
-0.98 -0.38
-0.85 -0.02
-1.22 0.055
-0.99 0.2
-1.15 0.115
-0.94 0.23
-1.14 0.165
-1 0.03
-1.01 -0.16
-1.11 -0.125
-1.07 -0.12
-1.01 0.055
-1.11 0.235
-1.05 0.2
-1.12 0.375
-1.11 0.49
-1.02 0.44
-0.98 0.29
-0.94 0.17
-0.97 0.195
-1.04 0.2
-1.2 0.615
-1.2 0.49
-1.13 0.52
-1.19 0.55
-1.09 0.435
-1.01 0.195
-1.02 -0.105
-1.07 -0.28
-0.99 -0.28
-1.04 -0.345
-1.04 -0.31
-1.23 -0.615
-1.02 -0.44
-1.1 -0.245
-1.2 -0.46
-1.05 -0.445
-1.23 -0.61
-1.28 -0.66
-1.34 -0.62
-0.98 -0.48
-1.05 -0.29
-1.06 -0.075
-1.16 -0.165
-1.05 -0.295
-1.09 -0.395
-0.94 -0.08
-1.11 -0.405
-1.2 -0.515
-1.12 -0.49
-1.19 -0.23
-0.93 -0.38
-1.11 -0.32
-1.16 -0.3
-1.15 -0.35
-1.21 -0.44
-1.1 0.12
-1.01 -0.175
-1 -0.05
-1.08 -0.165
-0.97 -0.19
-0.93 -0.21
-1.1 -0.14
-0.92 -0.2
-1.05 -0.04
-1 -0.275
-1 -0.025
-0.79 0.05
-0.98 -0.08
-0.98 0.02
-1.06 -0.095
-0.94 -0.105
-1.21 0.13
-1.08 0.285
-1.15 0.375
-1.3 0.63
-0.96 0.245
-1.17 0.185
-1.22 0.005
-1.09 0.01
-1.31 -0.04
-1.08 0.15
-0.97 0.165
-1.15 0.355
-1.16 0.48
-1.14 0.515
-1.17 0.505
-1.11 0.3
-1.21 0.48
-1.17 0.67
-1.15 0.555
-1.11 0.435
-1.14 0.365
-0.95 0.16
-1.2 0.445
-1.19 0.345
-1.12 0.165
-1.15 0.325
-1.24 0.46
-1.02 0.35
-0.97 0.195
-1.09 0.11
-1.04 0.275
-1.18 0.41
-0.97 0.365
-1.1 0.31
-1.21 0.435
-1.06 0.145
-0.99 0.265
-1.32 0.43
-1.09 0.365
-1.16 0.335
-0.89 0.31
-1.13 0.445
-1.1 0.435
-0.96 0.445
-1.06 0.045
-1.02 0.02
-1 -0.01
-1.16 -0.32
-1.07 -0.315
-0.95 -0.135
-1.2 0.335
-1.02 0.365
-1.07 0.405
-1.05 0.485
-1.24 0.535
-1.3 0.57
-1.02 0.365
-0.86 0.14
-0.97 -0.175
-1.13 0
-0.98 -0.22
-0.96 -0.195
-0.96 -0.315
-1.15 -0.53
-1.14 -0.66
-1.21 -0.555
-1.08 -0.285
-1.16 -0.44
-1.27 -0.545
-0.99 -0.37
-0.82 -0.24
-0.84 0.08
-1.15 0.525
-1.28 0.535
-0.99 0.42
-1.27 0.585
-1.14 0.4
-1.08 0.35
-1.15 0.27
-1 -0.24
-1.02 -0.305
-1.07 -0.31
-0.99 -0.425
-1.34 -0.755
-1.19 -0.41
-1.22 -0.535
-1.11 -0.565
-1.45 -0.78
-1.26 -0.615
-1.41 -0.53
-1.02 -0.21
-0.94 -0.25
-1.1 -0.165
-0.82 -0.185
-0.86 -0.155
-1.2 -0.085
-1.1 -0.09
-0.98 0.11
-1.02 -0.045
-1.01 -0.2
-0.91 -0.215
-0.98 -0.215
-0.96 -0.055
-0.83 -0.08
-1.06 -0.145
-1 -0.015
-0.88 0.19
-1.02 0.365
-1.04 0.24
-1.05 -0.02
-0.93 0.1
-1 -0.03
-1.02 -0.16
-0.93 0.26
-0.94 0.13
-1.17 0.315
-1.04 0.285
-1.29 0.63
-1.17 0.6
-1.17 0.4
-1.1 0.305
-1.18 0.45
-0.86 0.2
-1.02 0.295
-1.05 -0.05
-1.08 0.165
-0.95 0.275
-0.92 -0.02
-1.1 -0.14
-1.17 0.095
-1.14 -0.035
-0.96 -0.015
-0.98 0.155
-0.92 0.165
-0.93 0.015
-0.96 0.19
-0.97 0.08
-0.98 0.13
-1 0.32
-1.19 0.545
-1.23 0.66
-1.11 0.49
-1.28 0.515
-1.06 0.485
-1.08 0.32
-1.04 0.12
-0.92 0.05
-1.2 0.5
-1.17 0.555
-1.08 0.57
-1 0.485
-1.06 0.425
-1.09 0.41
-1.34 0.615
-1.19 0.47
-1.21 0.365
-1.2 0.52
-0.94 0.25
-0.9 0.245
-0.94 0.23
-1.05 0.065
-1.12 0.15
-0.98 0.19
-1 0.23
-1.13 0.45
-0.97 0.24
-1.04 0.135
-1.08 0.01
-0.98 -0.17
-1.05 -0.17
-1.03 -0.035
-1.01 0.19
-0.93 0.28
-1.09 0.225
-0.95 -0.11
-0.98 0.005
-0.91 -0.13
-1.04 0.005
-1 -0.125
-1.11 -0.34
-1.27 -0.715
-0.91 -0.465
-0.87 -0.475
-1.03 -0.43
-1.19 -0.605
-0.94 -0.335
-0.9 -0.265
-1.04 -0.215
-0.97 -0.215
-1.12 -0.365
-1.02 -0.34
-1.23 -0.495
-1 -0.41
-1.13 -0.215
-1.09 -0.455
-1.07 -0.175
-0.98 0.04
-0.86 0.19
-0.87 0.32
-1 0.33
-0.97 0.165
-1.02 0.175
-0.95 0.08
-1.08 -0.16
-0.92 -0.17
-0.92 0.11
-1.02 0.06
-0.9 -0.16
-0.96 -0.155
-1.09 0.085
-1.07 0.175
-1.09 0.285
-1.12 0.11
-0.99 0.32
-0.8 0.21
-0.93 0.365
-1.11 0.25
-1.03 0.2
-1.07 0.06
-1.02 0.19
-1.04 0.18
-1.18 0.32
-1.08 0.32
-1.01 0.275
-1.02 0.235
-1.13 0.17
-1.11 0.545
-1.21 0.32
-0.94 -0.005
-1.03 -0.32
-1.12 -0.51
-1.19 -0.58
-1.48 -0.795
-1.22 -0.67
-1.1 -0.495
-1 -0.29
-1.12 -0.275
-1.32 -0.29
-0.81 -0.03
-1.01 0.14
-1.17 0.505
-1.19 0.485
-1.04 0.455
-0.94 0.14
-0.97 0.19
-1.06 0.12
-1.06 0.3
-0.79 -0.23
-1.04 -0.375
-0.95 -0.185
-1.07 -0.34
-1.04 -0.43
-1.42 -0.69
-1.4 -0.75
-1.21 -0.66
-1.2 -0.495
-1.15 -0.37
-1.26 -0.425
-1.06 -0.28
-0.89 -0.21
-0.83 -0.115
-1 0.145
-1 -0.09
-1.09 0.06
-1.01 0.135
-0.94 0.05
-1.08 0.03
-1.03 -0.26
-0.79 0.045
-1.03 0.085
-0.95 0.115
-0.92 0.02
-0.98 0.165
-1.04 0.21
-0.97 0.03
-1 0.07
-0.94 0.335
-1.11 0.325
-1.08 0.385
-1.1 0.45
-1.09 0.39
-1.02 0.38
-1.04 0.33
-1.19 -0.025
-1.12 -0.165
-1.04 -0.1
-1.07 0.015
-1.07 0.12
-0.94 0.375
-1 0.3
-1.05 0.255
-1.11 0.16
-0.96 0
-1.02 -0.145
-0.99 0.185
-1.13 0.05
-0.98 0.305
-1.06 0.51
-1.19 0.665
-1.22 0.625
-1.16 0.525
-1.05 0.455
-1.24 0.61
-1.26 0.585
-0.99 0.365
-1.17 0.375
-1.01 -0.08
-1.12 -0.085
-1.17 0.02
-1.08 -0.035
-1.04 0.175
-0.96 -0.04
-0.97 0.175
-1.36 0.275
-0.95 -0.06
-0.99 -0.31
-0.91 0.025
-0.85 -0.23
-0.97 -0.09
-1.1 -0.355
-1.02 -0.165
-1.01 -0.01
-0.92 -0.135
-1.07 -0.125
-0.98 0.02
-1.05 0.05
-1 -0.03
-0.95 -0.12
-1.03 0.185
-0.99 0.23
-1.06 0.23
-1.17 0.175
-0.97 -0.01
-0.88 -0.035
-1.02 0.015
-0.93 -0.035
-0.92 0.07
-0.96 -0.165
-1.04 -0.005
-1.06 -0.29
-1.08 -0.415
-1.09 -0.43
-1.26 -0.57
-1.16 -0.5
-1.27 -0.595
-1.21 -0.395
-1.16 -0.35
-1.05 -0.445
-1.28 -0.495
-1.21 -0.375
-0.91 -0.31
-1.19 -0.35
-1.01 -0.18
-1.21 -0.11
-0.93 0.105
-1.14 0.435
-1.06 0.06
-1.05 0.31
-1.13 0.415
-1.2 0.57
-1.27 0.675
-1.41 0.74
-1.23 0.58
-1.14 0.5
-1.14 0.245
-0.96 0.095
-1.14 0.205
-1.13 -0.14
-1.17 -0.3
-1.34 -0.49
-1.16 -0.42
-1.49 -0.6
-1.1 -0.17
-0.94 -0.02
-1.03 0.245
-1.04 0.53
-1.03 0.375
-1.02 0.27
-1.26 0.595
-1.2 0.49
-1.17 0.52
-0.95 0.1
-0.92 0.07
-0.96 -0.15
-0.99 -0.3
-1.02 -0.445
-1.05 -0.415
-0.99 -0.145
-0.86 -0.13
-0.92 -0.065
-1.02 -0.135
-1.06 -0.305
-1.13 -0.39
-1.1 -0.29
-1.18 -0.28
-1.09 -0.365
-1.1 -0.345
-1.06 -0.46
-1.07 -0.455
-1.12 -0.47
-1.23 -0.45
-1.4 -0.695
-1.13 -0.485
-1.04 -0.18
-0.94 -0.165
-1.2 -0.02
-1.17 -0.29
-1.04 -0.075
-1.12 -0.205
-0.88 0.09
-1.01 0.27
-0.9 0.315
-1.06 0.115
-0.99 0.235
-1.05 0.11
-0.85 0.17
-0.97 0.095
-1.03 0.29
-1.04 0.135
-1 0.09
-1 0.165
-1.1 0.155
-0.9 0.035
-1.13 0.135
-1.15 0.13
-1.18 0.095
-1.11 0.155
-1.18 0.32
-1.25 0.34
-0.99 0.395
-0.88 0.425
-1.27 0.61
-1.11 0.47
-0.97 0.4
-1.13 0.59
-1.12 0.45
-1.14 0.275
-1.29 0.38
-1.22 0.5
-1.1 0.48
-1.29 0.58
-1.22 0.43
-1.01 0.315
-0.96 0.165
-1.03 -0.045
-0.92 0.165
-1.22 0.34
-0.91 0.295
-0.89 0.2
-1.09 0.07
-1.01 -0.125
-0.86 0.02
-1 0.08
-1.09 0.065
-1.18 0.04
-0.99 -0.18
-1 -0.17
-1.12 0.215
-1.01 0.035
-1.18 0
-0.94 0.245
-0.91 -0.055
-1.06 0.04
-1.23 -0.34
-1.2 -0.385
-0.91 -0.23
-0.88 -0.155
-1.11 0.035
-0.89 0.2
-0.9 0.22
-0.94 0.295
-1.13 0.35
-1.1 0.56
-1.34 0.605
-0.94 0.35
-0.92 0.34
-0.91 0.16
-1.13 0.29
-1.18 0.54
-1.15 0.53
-1.18 0.595
-1.28 0.57
-1.04 0.315
-1.06 0.325
-0.96 0.09
-0.96 -0.05
-1.15 -0.04
-0.94 -0.24
-1.12 -0.565
-1.02 -0.25
-0.96 -0.365
-1.13 -0.17
-1.18 -0.305
-0.93 0.12
-1.17 0.035
-1.2 0.25
-0.85 0.08
-0.96 0.1
-0.82 -0.14
-1.18 -0.36
-1.08 -0.025
-0.9 -0.155
-0.83 -0.095
-1.11 -0.045
-0.86 -0.04
-0.97 0.04
-1.15 0
-1.06 -0.25
-1.06 -0.49
-1.13 -0.42
-1.27 -0.55
-1.1 -0.475
-1.09 -0.44
-1 -0.355
-1.16 -0.37
-0.92 -0.095
-0.89 -0.41
-1.3 -0.51
-1.23 -0.57
-1.28 -0.7
-1.08 -0.6
-1.11 -0.4
-1 -0.315
-1.1 -0.405
-1.07 -0.31
-1.22 -0.615
-1.11 -0.605
-1.26 -0.635
-1.25 -0.475
-1.33 -0.67
-1.12 -0.58
-0.93 0
-0.95 0.01
-1.07 -0.185
-1.16 -0.125
-0.95 -0.165
-0.82 -0.165
-1.03 0.065
-1.03 0.265
-0.95 0.09
-0.96 0.045
-1.13 0.07
-1.03 0.01
-0.89 0.21
-0.99 0.46
-0.9 0.4
-1.06 0.38
-1.03 0.365
-1.03 0.415
-0.81 0.135
-1.05 0.28
-0.97 0.29
-1 0.15
-1.02 -0.045
-1.03 0.1
-1.14 0.065
-1.07 0.075
-1.05 0.49
-1.19 0.7
-1.13 0.505
-1.23 0.505
-1.22 0.4
-0.98 0.185
-1.08 0.28
-1.06 0.27
-0.97 0.345
-1.09 -0.01
-1.06 -0.065
-1.04 -0.29
-0.93 0.1
-0.9 0.105
-0.99 0.14
-1.12 -0.18
-1.14 -0.32
-0.99 -0.275
-1.2 -0.41
-1.48 -0.53
-1.21 -0.515
-1.22 -0.675
-1.14 -0.52
-1.15 -0.41
-1.07 -0.375
-1.02 -0.105
-0.94 -0.1
-1 -0.14
-1.03 -0.235
-1.16 0.07
-1.02 -0.065
-1.25 -0.06
-0.93 0.045
-0.91 0.22
-1.1 0.215
-1.08 0.165
-1.11 -0.09
-1.08 -0.14
-0.97 -0.135
-1.14 0.155
-0.95 -0.1
-0.99 -0.34
-1.21 -0.525
-1.11 -0.325
-1.23 -0.51
-1.29 -0.59
-1.28 -0.645
-1.09 -0.545
-0.83 -0.275
-1.11 -0.345
-1.19 -0.33
-1.03 -0.45
-1.05 -0.585
-1.22 -0.64
-1.03 -0.385
-0.96 -0.17
-1.18 -0.505
-1.1 -0.56
-0.98 -0.34
-1.01 0.005
-1.05 0.065
-0.98 -0.115
-1.04 -0.11
-1.13 0.02
-0.97 0.07
-0.93 0.155
-1.15 0.255
-1.23 0.55
-1.27 0.595
-1.22 0.66
-1.05 0.565
-1.2 0.65
-1.23 0.545
-1.22 0.59
-1.21 0.63
-1.1 0.44
-1.27 0.54
-1.2 0.485
-1.2 0.53
-1.13 0.4
-1.01 0.29
-1.01 0.315
-0.78 0.2
-0.95 0.11
-0.95 0.44
-0.92 0.39
-1.1 0.55
-0.97 0.285
-1.02 -0.045
-1.07 -0.185
-1.03 -0.035
-0.96 0.07
-1.09 0.075
-0.95 0.065
-1.13 -0.255
-1.21 -0.315
-0.94 -0.285
-1.04 -0.3
-1.02 -0.095
-1.03 -0.32
-0.98 -0.155
-1.12 -0.34
-0.84 -0.165
-1.13 0.015
-0.94 0.16
-0.98 0.34
-0.97 0.265
-1.07 0.305
-0.95 0.215
-0.92 0.275
-1.34 0.3
-0.95 0.135
-1.02 0.06
-0.96 0.13
-1.19 0.44
-1.32 0.395
-0.87 0.27
-1.18 0.43
-1 0.32
-0.92 0.14
-0.99 0.25
-0.99 0.285
-0.99 0.195
-0.78 0.22
-1.06 0.21
-1.09 0.275
-1.1 0.005
-0.97 0.305
-0.99 0.51
-1.13 0.445
-1.35 0.515
-1.22 0.355
-0.92 0.14
-1.08 0.185
-1.01 -0.08
-1.01 -0.235
-1.13 -0.48
-1.12 -0.37
-0.97 -0.28
-1.05 -0.305
-1.03 -0.31
-1.04 -0.22
-0.88 -0.165
-1.2 -0.355
-1 -0.515
-1.22 -0.695
-1.04 -0.5
-1.3 -0.5
-1.14 -0.595
-1.27 -0.615
-1.12 -0.55
-0.84 -0.295
-0.95 -0.41
-1.03 0.085
-1.08 0.225
-1.03 0.135
-1.14 0.38
-1.1 0.48
-1.09 0.55
-1.41 0.79
-1.34 0.75
-1.18 0.485
-1.02 0.35
-1.38 0.395
-1.05 0.32
-1.01 0.24
-1.07 0.235
-1.07 0.315
-1.11 0.085
-0.84 -0.01
-1.06 0.17
-1.14 -0.04
-0.88 -0.195
-1.11 -0.055
-1.09 0.03
-1.32 -0.67
-1.15 -0.665
-1.34 -0.725
-1.41 -0.72
-0.87 -0.175
-0.96 -0.3
-1.08 -0.39
-0.97 -0.095
-1.17 -0.075
-0.89 0.27
-1.07 0.365
-0.89 0.21
-1.34 -0.12
-1.32 -0.34
-1.06 -0.31
-1 -0.145
-0.9 -0.12
-1.01 -0.305
-0.97 -0.43
-1.11 -0.325
-0.8 -0.205
-1.05 0.08
-1.04 0.4
-1.32 0.56
-1.19 0.61
-1.24 0.6
-1.05 0.5
-1.36 0.675
-1.24 0.615
-1 0.325
-1.05 0.335
-1.15 0.495
-1.25 0.635
-1.18 0.565
-1.26 0.53
-1.27 0.515
-1.11 0.34
-0.82 0.28
-0.94 0.255
-1.05 0.335
-1.12 0.345
-1.08 0.53
-1.09 0.16
-0.89 0.24
-0.95 0.14
-1.07 0.44
-0.98 0.26
-1.1 0.39
-0.9 0.26
-1.07 0.08
-1.11 -0.1
-1.13 0.04
-1.01 0.035
-1.12 0.04
-0.98 0.07
-1.03 -0.01
-0.95 -0.05
-1.25 -0.215
-1.03 -0.29
-0.99 -0.015
-1.25 0.025
-1.01 0.025
-1.03 0.155
-1.01 0.08
-1.21 0.275
-0.9 0.26
-0.88 0.05
-1.08 -0.215
-1.15 -0.24
-1.35 -0.405
-0.98 -0.28
-1.15 -0.425
-0.97 -0.59
-1.38 -0.72
-1.2 -0.645
-1.17 -0.565
-1.32 -0.595
-1.21 -0.44
-1.07 -0.295
-1.19 -0.645
-1.2 -0.645
-1.26 -0.65
-1.2 -0.64
-1.25 -0.53
-1.17 -0.565
-1.15 -0.365
-1.02 -0.46
-1.16 -0.52
-1.16 -0.515
-1.18 -0.62
-1.06 -0.425
-1.12 -0.39
-1.15 -0.27
-1.07 -0.37
-0.98 -0.395
-1.26 -0.46
-1.13 -0.44
-1.13 -0.51
-1.04 -0.32
-1.17 -0.465
-1.22 -0.56
-1.12 -0.415
-1.2 -0.615
-1.26 -0.66
-1.16 -0.565
-1.19 -0.44
-1.21 -0.38
-1.02 -0.395
-1.2 -0.32
-1.1 -0.195
-1.04 -0.035
-1.05 -0.38
-1.04 -0.25
-1.06 -0.125
-0.98 -0.075
-0.92 -0.145
-0.95 0.225
-1.12 0.48
-0.94 0.385
-1.07 0.35
-1.11 0.375
-1.08 0.115
-0.85 0.065
-1.26 -0.22
-1.09 -0.09
-1.01 -0.245
-0.93 -0.235
-1.13 -0.105
-1.08 -0.1
-0.95 -0.225
-0.98 -0.195
-0.92 -0.12
-1.02 -0.145
-0.96 -0.18
-1.04 -0.06
-0.99 -0.145
-1 -0.025
-1.15 -0.135
-1.12 -0.205
-0.88 0.01
-1.05 -0.22
-0.98 -0.16
-1.23 -0.475
-0.85 -0.03
-0.95 0.11
-1.15 0.01
-1.1 0.215
-1.16 -0.15
-1.06 -0.16
-1.27 -0.26
-0.97 -0.34
-1.09 -0.47
-0.95 -0.335
-1.07 -0.425
-1.19 -0.46
-1.05 -0.39
-1.07 -0.315
-0.96 -0.255
-1.02 -0.175
-1.06 -0.205
-1.1 -0.245
-0.8 -0.33
-1.07 -0.365
-1.21 -0.48
-1.02 -0.51
-1.05 -0.49
-1.13 -0.445
-1.23 -0.635
-1.11 -0.4
-0.92 -0.355
-1.21 -0.445
-1.27 -0.625
-1.25 -0.69
-1.36 -0.75
-1.14 -0.395
-0.98 -0.02
-0.99 -0.16
-1.09 -0.165
-1.06 0.05
-0.9 -0.105
-1.15 -0.005
-0.91 -0.01
-1.18 -0.045
-0.99 -0.195
-1.12 -0.245
-0.85 -0.025
-0.88 -0.145
-0.93 -0.205
-0.98 -0.205
-1.09 -0.235
-0.99 -0.37
-0.96 -0.29
-0.84 -0.28
-0.94 -0.315
-0.84 -0.065
-1.07 -0.05
-1.11 0.23
-0.81 0.25
-1.06 0.39
-1.24 0.575
-1.31 0.4
-1.02 0.5
-1.09 0.505
-0.93 0.415
-0.93 0.39
-1.05 0.285
-0.94 -0.255
-1.17 -0.38
-0.93 -0.235
-1 0.095
-1.09 0.105
-0.84 -0.09
-0.9 0.025
-0.94 0.025
-0.95 -0.055
-0.9 -0.115
-1.01 0.095
-1.13 -0.09
-1.07 0.06
-0.95 0.24
-1 0.275
-1.03 0.37
-1.11 0.475
-1.08 0.4
-1.08 0.4
-1.03 0.325
-0.98 0.145
-1.05 0.06
-1.02 -0.32
-1.11 -0.4
-1.12 -0.42
-1.17 -0.41
-0.98 -0.375
-1.13 -0.485
-1.06 -0.425
-1.26 -0.375
-1.02 -0.155
-0.94 0.295
-1.05 -0.06
-0.99 -0.045
-1.12 0.1
-1.2 -0.105
-1.2 -0.14
-0.93 -0.11
-1.17 -0.235
-0.88 -0.165
-0.97 0.16
-1.04 -0.105
-0.83 -0.025
-1.04 0.035
-1 0.12
-0.98 0.19
-1.06 0.15
-0.96 0.07
-0.97 0.2
-1.11 0.22
-0.92 0.295
-1.15 0.315
-1.1 0.35
-1.23 0.375
-1.06 0.425
-1.14 0.49
-1.33 0.705
-1.27 0.625
-0.98 0.325
-1.08 0.345
-0.99 0.235
-1.19 0.08
-1.07 0.31
-1 0.56
-0.91 0.26
-1.06 0.32
-1.12 0.45
-1.12 0.32
-0.93 0.13
-1.01 0.02
-1.05 0.035
-0.94 0.1
-1.07 0.325
-1.27 0.635
-1.22 0.645
-1.3 0.54
-1.05 0.205
-0.99 0.15
-0.96 0.085
-1.09 0.28
-1.06 0.235
-0.99 0.36
-1.09 0.105
-1.17 0.29
-1.02 0.41
-1.04 0.515
-0.96 0.42
-1.25 0.69
-1.23 0.57
-1.41 0.79
-1.19 0.305
-1.06 0.24
-1.36 0.65
-1.22 0.61
-1.14 0.545
-1.04 0.185
-0.98 0.02
-0.87 -0.015
-1.18 0
-0.93 0.005
-1.04 0.145
-1.26 0.285
-1.14 0.415
-0.99 0.255
-1.19 0.195
-1.2 0.49
-1.02 0.51
-1.11 0.515
-0.87 0.325
-1.24 0.395
-1.03 0.335
-0.94 0.295
-1.01 0.065
-0.92 0.105
-1.02 -0.17
-1.03 0.07
-0.98 -0.13
-1.24 -0.08
-1.02 -0.18
-0.97 0.015
-1.14 0.08
-1.04 0.165
-0.9 0.035
-1.12 0.475
-1.13 0.485
-1.03 0.24
-1.01 0.14
-0.96 0.145
-0.79 0.155
-1.03 -0.13
-0.91 -0.175
-1 -0.24
-1.13 -0.395
-1 -0.215
-1.09 -0.36
-1.12 -0.2
-1.1 -0.515
-0.92 -0.42
-0.99 -0.415
-1.1 -0.525
-1.07 -0.485
-1.22 -0.59
-1.04 -0.185
-1.08 -0.165
-0.92 0.005
-1.01 0.195
-0.95 0.13
-1.13 0.055
-0.98 0.255
-1.04 0.01
-1.12 0.305
-1.04 0.255
-1.01 0.185
-1.15 0.385
-1.07 0.62
-1.26 0.64
-1.24 0.64
-1.05 0.47
-0.95 0.23
-0.97 0.3
-0.99 0.06
-1.03 0.03
-1.06 0
-0.97 0.125
-0.93 0.195
-1.02 0.07
-0.92 -0.18
-0.88 0.135
-0.77 -0.135
-1.19 -0.5
-1.25 -0.625
-1.22 -0.47
-1.13 -0.395
-1.07 -0.31
-0.87 -0.055
-0.98 0.28
-0.91 0.23
-0.87 0.105
-1.05 0.145
-1.09 0
-1.17 -0.1
-1.07 0.085
-1.03 -0.125
-1.36 -0.625
-1.21 -0.67
-1.12 -0.625
-1.12 -0.57
-1.17 -0.435
-1.15 -0.545
-1 -0.465
-1.29 -0.75
-0.93 -0.405
-1.1 -0.415
-1.25 -0.45
-1.04 -0.58
-1.04 -0.55
-1.23 -0.64
-1.06 -0.485
-0.98 0.005
-1.07 0.005
-1.16 0.08
-1.01 -0.305
-0.97 0.2
-0.95 -0.05
-1.07 -0.055
-0.85 0.28
-1.1 0.305
-1.05 0.065
-0.9 0.125
-0.86 -0.08
-0.99 -0.22
-0.91 -0.305
-1.28 -0.175
-1.13 -0.125
-1.01 -0.315
-1.12 -0.16
-1.14 -0.165
-1.04 -0.175
-1 -0.09
-0.75 0.08
-0.84 -0.15
-1.08 -0.3
-0.94 -0.15
-1.19 -0.4
-1.07 -0.355
-0.95 -0.415
-1.05 -0.035
-1.15 -0.23
-0.95 -0.265
-1.21 0.12
-1.15 0.11
-1.05 0.305
-1.07 0.33
-1.2 0.32
-1.18 0.06
-1.05 -0.17
-0.9 -0.155
-1.02 0
-1.07 0.265
-0.91 -0.15
-1.16 -0.375
-1.09 -0.24
-0.92 -0.33
-0.84 -0.155
-0.87 -0.06
-1.07 -0.195
-0.75 -0.35
-0.98 -0.09
-1.03 -0.335
-1.09 -0.475
-1.11 -0.465
-1.1 -0.335
-1.05 -0.41
-1.03 -0.075
-1.03 -0.265
-1.18 -0.355
-0.98 -0.265
-1.05 -0.1
-1.07 -0.28
-0.94 -0.175
-0.98 -0.105
-0.9 0.075
-1 0.145
-1.09 0.385
-1.11 0.305
-1.14 0.42
-1.12 0.51
-1.24 0.555
-1.13 0.465
-1.11 0.39
-1.09 0.34
-1.04 0.185
-1.01 0.12
-1.04 0.06
-1.08 0.08
-0.91 -0.1
-1.13 -0.075
-1.1 -0.415
-1.01 -0.41
-0.97 -0.11
-1.11 -0.325
-1.15 -0.425
-1.13 -0.38
-1.14 -0.33
-0.86 -0.105
-0.97 -0.005
-1.13 0.085
-0.9 -0.035
-1.21 0.02
-1.26 0.065
-0.87 -0.025
-0.93 -0.38
-1.06 -0.54
-1.15 -0.49
-1.15 -0.525
-0.96 -0.33
-0.96 -0.2
-1.06 -0.225
-1.13 -0.325
-1.01 -0.225
-1.14 -0.18
-1.11 -0.425
-1.02 -0.4
-1.03 -0.175
-1.1 -0.05
-0.86 -0.14
-1.1 -0.27
-0.93 -0.305
-0.89 -0.22
-1.07 -0.215
-1.09 -0.455
-1.1 -0.305
-1.06 -0.32
-0.99 0.18
-1.01 0.385
-1.09 0.525
-1.28 0.615
-1.03 0.455
-0.87 0.195
-0.92 0.12
-1.03 0.035
-0.93 0.045
-1.05 -0.03
-0.96 -0.175
-0.94 0.28
-0.8 0.19
-1.01 0.08
-1.01 0.145
-0.83 -0.075
-1.01 -0.245
-0.92 -0.105
-1.06 0.055
-1.11 -0.24
-1.02 0.01
-1.08 -0.04
-1.04 -0.005
-0.94 0.375
-1.16 0.4
-0.99 0.26
-1.08 0.17
-1.09 0.405
-1.16 0.3
-0.94 0.235
-1.04 0.105
-1.09 -0.14
-0.95 0.145
-0.96 0.085
-0.82 -0.055
-1.24 -0.02
-1.15 0.275
-0.86 0.18
-1.08 0.11
-0.96 0.09
-1.15 -0.055
-1.1 -0.355
-1.01 -0.19
-1.06 -0.275
-1.04 -0.205
-0.96 -0.075
-1.05 -0.36
-1.24 -0.5
-1.18 -0.35
-1.08 -0.415
-0.89 -0.175
-1.21 0.01
-0.9 -0.025
-0.93 0.03
-1.06 0.09
-1.09 0.255
-1.05 0.095
-1.07 0.055
-1.09 -0.145
-1.17 -0.02
-1.11 0.105
-1 0.22
-1.07 -0.17
-1.04 -0.09
-1.06 -0.075
-1.02 -0.045
-1.13 -0.22
-0.97 -0.2
-1.34 -0.395
-1.07 -0.125
-0.79 -0.115
-0.94 -0.245
-1.04 -0.085
-0.8 0.01
-1.02 0.1
-0.96 0.175
-0.95 0.07
-1.05 -0.215
-1.07 -0.26
-1.01 -0.065
-0.99 -0.255
-0.96 -0.285
-1.08 -0.6
-1.12 -0.45
-1.19 -0.475
-0.98 -0.535
-1.24 -0.645
-1.04 -0.315
-1.17 -0.305
-1.09 -0.255
-1.13 -0.49
-0.89 -0.265
-1.02 -0.01
-1.08 0.22
-0.96 0.145
-0.94 0.14
-1.01 0.055
-0.91 -0.085
-0.96 -0.065
-1.1 -0.17
-0.97 0.095
-1.03 0.11
-1.04 -0.08
-1.13 0.02
-1.05 0.135
-1.08 0.095
-0.91 0.07
-1.16 0.025
-1 0.085
-1.03 0.26
-0.96 0.425
-1.13 0.51
-1.15 0.435
-1.09 0.405
-0.99 0.33
-0.99 0.25
-1.05 0.11
-0.93 0.19
-1.08 0.21
-0.93 -0.01
-1.11 -0.125
-1.24 -0.28
-0.92 -0.34
-0.82 -0.145
-1.14 0.22
-1.06 0.065
-0.94 -0.135
-1.05 -0.265
-1.23 -0.525
-1.29 -0.535
-1.15 -0.22
-1.06 -0.31
-1.32 -0.64
-1.18 -0.4
-0.85 -0.25
-0.9 -0.355
-1.16 -0.53
-1.19 -0.45
-1.14 -0.44
-0.97 0.145
-1.27 0.525
-1.1 0.355
-1.05 0.26
-1.18 0.395
-0.93 0.135
-0.93 0.2
-0.98 0.13
-1.13 0.035
-0.94 0.205
-1 0.19
-1.03 0.225
-1.22 0.405
-0.95 0.145
-1.2 0.455
-1.04 0.22
-0.89 0.24
-0.9 0.1
-1.04 0.19
-1.08 0.04
-1.16 -0.43
-1.06 -0.435
-1.19 -0.26
-1.08 0.275
-1.29 0.505
-1.23 0.605
-1.16 0.495
-0.89 0.13
-0.9 0.035
-1.13 -0.03
-1 0.195
-1.05 0.1
-0.96 -0.125
-0.97 -0.22
-1.12 -0.255
-0.97 -0.15
-1.13 -0.125
-1.2 0.2
-1.16 0.32
-1.01 0.305
-1.02 0.23
-1.14 0.245
-1.08 0.54
-1.15 0.295
-0.81 0.185
-1.01 0.34
-0.86 0.235
-1.17 0.175
-0.98 0.235
-1 0.255
-0.93 0.29
-1 0.285
-0.98 0.51
-1.13 0.405
-1.01 0.095
-1.1 -0.025
-0.94 0.015
-1.19 -0.21
-1.08 -0.135
-1.2 -0.36
-0.96 -0.28
-1.09 -0.19
-1.02 -0.3
-1.16 -0.435
-0.87 -0.235
-1.01 -0.085
-0.92 -0.31
-1.01 -0.305
-1.11 -0.275
-1.1 -0.375
-1.04 -0.41
-1.21 -0.355
-1.12 -0.285
-1.13 -0.215
-1.07 -0.295
-1.08 -0.235
-1.26 -0.485
-1.12 -0.4
-1.06 0.03
-1.1 0.065
-1.04 -0.08
-1.06 0.04
-1.01 0.14
-1.07 0.255
-1.08 0.475
-0.92 0.33
-0.91 0.26
-1.15 0.36
-1.09 0.26
-0.93 0.2
-0.89 0.225
-1.06 -0.18
-1.03 0.06
-0.99 0.14
-1.07 0.02
-1.11 0.165
-1.32 0.1
-0.91 0.325
-1.03 -0.03
-0.99 0.055
-1.02 -0.17
-1.09 -0.03
-1.01 -0.195
-1.2 -0.485
-0.93 -0.425
-0.96 -0.22
-0.9 -0.05
-0.93 -0.035
-0.99 -0.35
-1.05 -0.025
-1.07 -0.165
-0.91 -0.115
-1.04 -0.205
-1.12 -0.43
-1.07 -0.425
-0.97 -0.18
-1.14 -0.32
-1.12 -0.31
-0.94 0.015
-0.89 0.195
-1.15 0.315
-1.01 0.4
-0.85 0.375
-1.05 0.13
-0.98 0.145
-0.93 0.38
-1.17 0.47
-1.2 0.49
-1.35 0.69
-1.18 0.625
-1.18 0.525
-1.25 0.525
-1.53 0.755
-1.22 0.48
-1.18 0.28
-0.95 0.375
-1.04 0.35
-1.19 0.42
-1.05 0.425
-1.14 0.34
-1.11 0.29
-0.88 0.095
-0.99 0.115
-0.89 -0.035
-1.16 -0.125
-0.97 -0.06
-1.2 -0.055
-1 -0.24
-0.98 -0.02
-1.05 0.015
-1.07 -0.105
-1.03 0.055
-1.1 0.06
-1.05 0.23
-1.15 -0.02
-1.01 -0.015
-1.04 0.08
-1.09 0.1
-0.99 0.135
-0.99 0.17
-0.96 -0.105
-0.91 0.105
-1.14 0.14
-1.21 -0.055
-0.98 -0.02
-0.97 -0.05
-0.92 -0.14
-1.06 0.16
-0.95 0.34
-1.29 0.505
-1.14 0.5
-0.91 0.305
-1.04 0.19
-1.05 0.325
-0.96 0.135
-1.04 0.095
-1.11 0.17
-1.09 0.265
-0.95 0.325
-1.02 0.375
-1.16 0.275
-1.36 0.385
-1.04 0.405
-1.09 0.37
-1.27 0.665
-1.17 0.59
-1.1 0.385
-1.08 0.485
-1.07 0.225
-1.18 0.485
-1.1 0.305
-1.13 0.195
-0.92 0.115
-0.93 -0.04
-0.94 -0.115
-0.93 -0.13
-1.06 -0.405
-1.19 -0.545
-1.11 -0.5
-1.08 -0.375
-1.2 -0.49
-1.23 -0.585
-1.05 -0.41
-1.26 -0.595
-1.11 -0.51
-1.2 -0.54
-1.34 -0.53
-1.02 -0.315
