-1.83 -0.955
-1.4 -0.68
-1.55 -0.705
-1.35 -0.685
-1.48 -0.825
-1.47 -0.75
-1.47 -0.8
-1.47 -0.75
-1.66 -0.89
-1.62 -0.855
-1.6 -0.855
-1.62 -0.84
-1.62 -0.885
-1.64 -0.84
-1.44 -0.715
-1.66 -0.9
-1.64 -0.87
-1.6 -0.795
-1.32 -0.59
-1.46 -0.74
-1.5 -0.81
-1.56 -0.81
-1.63 -0.885
-1.52 -0.785
-1.48 -0.78
-1.37 -0.665
-1.47 -0.71
-1.58 -0.875
-1.77 -0.915
-1.67 -0.86
-1.51 -0.84
-1.63 -0.83
-1.57 -0.805
-1.48 -0.785
-1.54 -0.84
-1.54 -0.855
-1.57 -0.82
-1.55 -0.735
-1.6 -0.73
-1.25 -0.59
-1.54 -0.77
-1.55 -0.805
-1.39 -0.78
-1.56 -0.82
-1.44 -0.755
-1.49 -0.81
-1.51 -0.755
-1.48 -0.7
-1.34 -0.58
-1.31 -0.33
-1.22 -0.09
-1.2 -0.4
-1.3 -0.365
-1.19 -0.415
-1.36 -0.46
-1.57 -0.505
-1.39 -0.6
-1.22 -0.61
-1.47 -0.71
-1.37 -0.71
-1.33 -0.745
-1.63 -0.825
-1.24 -0.585
-1.44 -0.71
-1.35 -0.66
-1.51 -0.725
-1.43 -0.795
-1.44 -0.665
-1.59 -0.795
-1.61 -0.855
-1.65 -0.89
-1.62 -0.885
-1.51 -0.775
-1.22 -0.59
-1.44 -0.695
-1.56 -0.82
-1.32 -0.695
-1.39 -0.625
-1.37 -0.615
-1.57 -0.835
-1.29 -0.67
-1.42 -0.775
-1.41 -0.77
-1.37 -0.68
-1.68 -0.895
-1.71 -0.905
-1.6 -0.865
-1.47 -0.7
-1.52 -0.77
-1.31 -0.64
-1.32 -0.73
-1.3 -0.605
-1.29 -0.695
-1.48 -0.76
-1.63 -0.86
-1.52 -0.82
-1.47 -0.735
-1.4 -0.74
-1.53 -0.845
-1.6 -0.885
-1.76 -0.925
-1.63 -0.855
-1.53 -0.745
-1.63 -0.87
-1.56 -0.825
-1.66 -0.86
-1.65 -0.865
-1.55 -0.8
-1.45 -0.75
-1.54 -0.79
-1.5 -0.785
-1.49 -0.805
-1.36 -0.735
-1.72 -0.895
-1.51 -0.83
-1.58 -0.855
-1.73 -0.925
-1.46 -0.78
-1.66 -0.885
-1.66 -0.905
-1.61 -0.855
-1.63 -0.83
-1.64 -0.88
-1.59 -0.84
-1.6 -0.865
-1.59 -0.875
-1.69 -0.89
-1.64 -0.89
-1.68 -0.9
-1.67 -0.91
-1.55 -0.83
-1.28 -0.665
-1.45 -0.725
-1.7 -0.915
-1.26 -0.535
-1.36 -0.72
-1.65 -0.885
-1.46 -0.815
-1.38 -0.73
-1.76 -0.915
-1.52 -0.835
-1.64 -0.855
-1.57 -0.84
-1.52 -0.81
-1.43 -0.76
-1.44 -0.68
-1.3 -0.62
-1.5 -0.785
-1.36 -0.685
-1.27 -0.55
-1.41 -0.755
-1.53 -0.77
-1.38 -0.69
-1.52 -0.745
-1.12 -0.48
-1.56 -0.795
-1.7 -0.895
-1.79 -0.935
-1.71 -0.89
-1.63 -0.875
-1.63 -0.845
-1.32 -0.69
-1.59 -0.74
-1.68 -0.865
-1.46 -0.76
-1.54 -0.86
-1.39 -0.8
-1.41 -0.705
-1.34 -0.68
-1.57 -0.85
-1.53 -0.815
-1.27 -0.685
-1.58 -0.855
-1.35 -0.74
-1.65 -0.875
-1.36 -0.745
-1.21 -0.645
-1.5 -0.705
-1.4 -0.695
-1.37 -0.705
-1.23 -0.58
-1.5 -0.78
-1.63 -0.825
-1.57 -0.845
-1.61 -0.76
-1.51 -0.785
-1.43 -0.71
-1.51 -0.775
-1.64 -0.88
-1.4 -0.745
-1.4 -0.785
-1.53 -0.79
-1.63 -0.865
-1.64 -0.885
-1.5 -0.835
-1.57 -0.87
-1.66 -0.885
-1.35 -0.765
-1.6 -0.875
-1.49 -0.81
-1.56 -0.815
-1.46 -0.745
-1.44 -0.685
-1.63 -0.87
-1.63 -0.87
-1.69 -0.9
-1.49 -0.82
-1.6 -0.875
-1.56 -0.825
-1.66 -0.885
-1.42 -0.775
-1.47 -0.675
-1.71 -0.92
-1.6 -0.855
-1.34 -0.495
-1.48 -0.75
-1.47 -0.645
-1.3 -0.635
-1.41 -0.625
-1.49 -0.795
-1.47 -0.805
-1.47 -0.715
-1.43 -0.695
-1.66 -0.78
-1.33 -0.435
-1.2 -0.215
-1.36 -0.395
-1.23 -0.285
-1.21 -0.195
-1.08 -0.29
-1.29 -0.255
-1.18 -0.185
-1.2 -0.175
-1.19 -0.3
-1 -0.29
-1.08 -0.355
-1.14 -0.6
-1.17 -0.475
-1.2 -0.56
-1.37 -0.735
-1.45 -0.795
-1.52 -0.855
-1.64 -0.89
-1.54 -0.8
-1.27 -0.64
-1.27 -0.64
-1.43 -0.77
-1.47 -0.74
-1.55 -0.71
-1.39 -0.685
-1.46 -0.75
-1.29 -0.645
-1.38 -0.695
-1.56 -0.825
-1.51 -0.805
-1.46 -0.785
-1.57 -0.85
-1.56 -0.845
-1.5 -0.78
-1.51 -0.695
-1.46 -0.72
-1.28 -0.645
-1.31 -0.625
-1.25 -0.59
-1.37 -0.74
-1.47 -0.79
-1.36 -0.715
-1.69 -0.86
-1.5 -0.715
-1.64 -0.77
-1.35 -0.725
-1.67 -0.865
-1.4 -0.705
-1.33 -0.565
-1.49 -0.635
-1.43 -0.635
-1.32 -0.52
-1.42 -0.435
-1.34 -0.49
-1.48 -0.745
-1.52 -0.775
-1.75 -0.915
-1.21 -0.655
-1.38 -0.545
-1.43 -0.65
-1.41 -0.635
-1.45 -0.755
-1.57 -0.715
-1.41 -0.76
-1.5 -0.825
-1.59 -0.865
-1.41 -0.79
-1.19 -0.645
-1.57 -0.83
-1.39 -0.705
-1.44 -0.75
-1.39 -0.67
-1.5 -0.805
-1.3 -0.7
-1.31 -0.61
-1.51 -0.77
-1.65 -0.885
-1.64 -0.79
-1.66 -0.865
-1.42 -0.73
-1.43 -0.775
-1.33 -0.71
-1.46 -0.785
-1.44 -0.63
-1.23 -0.495
-1.32 -0.565
-1.3 -0.62
-1.24 -0.55
-1.51 -0.78
-1.52 -0.84
-1.47 -0.8
-1.49 -0.79
-1.53 -0.845
-1.72 -0.91
-1.72 -0.915
-1.53 -0.825
-1.67 -0.865
-1.56 -0.85
-1.74 -0.91
-1.5 -0.815
-1.61 -0.86
-1.58 -0.845
-1.45 -0.725
-1.69 -0.88
-1.45 -0.795
-1.45 -0.75
-1.2 -0.66
-1.3 -0.475
-1.45 -0.79
-1.71 -0.91
-1.52 -0.83
-1.65 -0.88
-1.44 -0.755
-1.51 -0.76
-1.45 -0.755
-1.52 -0.8
-1.52 -0.815
-1.55 -0.845
-1.51 -0.84
-1.37 -0.77
-1.5 -0.765
-1.56 -0.815
-1.64 -0.865
-1.77 -0.915
-1.45 -0.8
-1.55 -0.81
-1.72 -0.91
-1.76 -0.885
-1.43 -0.695
-1.64 -0.83
-1.57 -0.805
-1.52 -0.8
-1.51 -0.84
-1.57 -0.82
-1.43 -0.8
-1.49 -0.765
-1.62 -0.84
-1.7 -0.9
-1.73 -0.92
-1.59 -0.785
-1.6 -0.855
-1.7 -0.895
-1.43 -0.79
-1.39 -0.755
-1.49 -0.79
-1.28 -0.675
-1.68 -0.855
-1.6 -0.845
-1.41 -0.725
-1.51 -0.76
-1.5 -0.74
-1.66 -0.865
-1.38 -0.7
-1.41 -0.74
-1.51 -0.84
-1.6 -0.85
-1.56 -0.83
-1.65 -0.82
-1.34 -0.68
-1.51 -0.81
-1.66 -0.89
-1.55 -0.81
-1.6 -0.865
-1.64 -0.875
-1.43 -0.67
-1.53 -0.655
-1.24 -0.545
-1.22 -0.52
-1.18 -0.475
-1.17 -0.49
-1.44 -0.595
-1.44 -0.705
-1.36 -0.745
-1.27 -0.69
-1.32 -0.64
-1.43 -0.745
-1.47 -0.805
-1.55 -0.835
-1.6 -0.865
-1.49 -0.725
-1.49 -0.765
-1.52 -0.795
-1.58 -0.78
-1.38 -0.68
-1.32 -0.48
-1.4 -0.625
-1.63 -0.845
-1.35 -0.65
-1.47 -0.805
-1.61 -0.85
-1.44 -0.73
-1.42 -0.665
-1.42 -0.76
-1.51 -0.815
-1.54 -0.855
-1.64 -0.865
-1.7 -0.885
-1.64 -0.88
-1.59 -0.855
-1.61 -0.865
-1.47 -0.75
-1.34 -0.75
-1.56 -0.835
-1.49 -0.665
-1.51 -0.82
-1.32 -0.59
-1.41 -0.645
-1.73 -0.91
-1.57 -0.85
-1.46 -0.785
-1.47 -0.765
-1.51 -0.785
-1.54 -0.7
-1.35 -0.72
-1.56 -0.81
-1.59 -0.85
-1.31 -0.715
-1.49 -0.69
-1.38 -0.52
-1.51 -0.615
-1.41 -0.49
-1.25 -0.375
-1.25 -0.24
-1.33 -0.375
-1.27 -0.34
-1.26 -0.325
-1.48 -0.43
-1.17 -0.39
-1.36 -0.355
-1.42 -0.015
-1.36 -0.015
-1.18 -0.12
-1.32 -0.1
-1.36 -0.355
-1.22 -0.375
-1.2 -0.355
-1.35 -0.26
-1.33 -0.33
-1.36 -0.445
-1.2 -0.47
-1.36 -0.605
-1.52 -0.84
-1.35 -0.715
-1.43 -0.78
-1.62 -0.87
-1.41 -0.765
-1.41 -0.715
-1.25 -0.625
-1.56 -0.805
-1.61 -0.83
-1.55 -0.855
-1.5 -0.845
-1.59 -0.875
-1.61 -0.875
-1.39 -0.745
-1.37 -0.74
-1.48 -0.775
-1.57 -0.84
-1.64 -0.895
-1.67 -0.89
-1.65 -0.86
-1.47 -0.755
-1.33 -0.635
-1.42 -0.675
-1.48 -0.68
-1.57 -0.845
-1.26 -0.735
-1.16 -0.485
-1.21 -0.38
-1.45 -0.58
-1.45 -0.795
-1.55 -0.805
-1.65 -0.905
-1.49 -0.815
-1.43 -0.805
-1.47 -0.83
-1.43 -0.7
-1.28 -0.63
-1.36 -0.555
-1.2 -0.25
-1.37 -0.5
-1.22 -0.545
-1.36 -0.525
-1.27 -0.565
-1.41 -0.795
-1.66 -0.895
-1.57 -0.87
-1.58 -0.85
-1.61 -0.84
-1.5 -0.795
-1.45 -0.79
-1.57 -0.85
-1.66 -0.89
-1.63 -0.88
-1.5 -0.76
-1.5 -0.79
-1.45 -0.7
-1.47 -0.79
-1.46 -0.785
-1.53 -0.725
-1.49 -0.8
-1.64 -0.825
-1.51 -0.76
-1.46 -0.675
-1.34 -0.615
-1.44 -0.745
-1.38 -0.69
-1.61 -0.85
-1.47 -0.765
-1.46 -0.63
-1.46 -0.635
-1.32 -0.53
-1.15 -0.475
-1.31 -0.525
-1.21 -0.38
-1.17 -0.075
-1.26 0.03
-1.17 0.3
-1.23 0.25
-1.25 0.425
-1.33 0.33
-1.41 0.615
-1.41 0.67
-1.42 0.675
-1.64 0.86
-1.6 0.845
-1.52 0.785
-1.7 0.855
-1.44 0.71
-1.45 0.64
-1.4 0.575
-1.2 0.585
-1.46 0.77
-1.33 0.69
-1.73 0.92
-1.5 0.76
-1.55 0.87
-1.47 0.715
-1.4 0.68
-1.33 0.725
-1.57 0.825
-1.53 0.785
-1.31 0.665
-1.58 0.855
-1.59 0.855
-1.45 0.805
-1.51 0.8
-1.6 0.86
-1.55 0.835
-1.35 0.68
-1.37 0.68
-1.54 0.735
-1.21 0.57
-1.38 0.72
-1.58 0.735
-1.58 0.84
-1.42 0.745
-1.33 0.695
-1.36 0.7
-1.59 0.785
-1.41 0.74
-1.18 0.465
-1.38 0.545
-1.31 0.65
-1.37 0.74
-1.45 0.785
-1.37 0.725
-1.54 0.79
-1.4 0.74
-1.66 0.795
-1.57 0.85
-1.44 0.685
-1.38 0.75
-1.55 0.81
-1.63 0.865
-1.66 0.885
-1.46 0.78
-1.62 0.82
-1.59 0.88
-1.59 0.8
-1.51 0.77
-1.61 0.865
-1.62 0.855
-1.6 0.84
-1.31 0.65
-1.36 0.53
-1.52 0.795
-1.28 0.585
-1.39 0.54
-1.34 0.51
-1.28 0.375
-1.15 0.355
-1.27 0.285
-1.23 0.09
-1.32 0.08
-1.41 0.075
-1.36 -0.16
-1.35 -0.25
-1.37 -0.055
-1.28 -0.02
-1.1 0.025
-1.26 -0.295
-1.32 -0.47
-1.34 -0.515
-1.38 -0.32
-1.17 -0.355
-1.06 -0.055
-1.35 0.27
-1.3 0.395
-1.27 0.485
-1.45 0.66
-1.58 0.77
-1.37 0.685
-1.51 0.62
-1.44 0.58
-1.55 0.77
-1.64 0.81
-1.49 0.815
-1.51 0.73
-1.44 0.755
-1.6 0.825
-1.3 0.68
-1.63 0.765
-1.55 0.71
-1.69 0.905
-1.65 0.87
-1.51 0.805
-1.56 0.72
-1.55 0.765
-1.44 0.77
-1.42 0.735
-1.64 0.86
-1.5 0.79
-1.39 0.745
-1.56 0.815
-1.54 0.68
-1.57 0.595
-1.56 0.7
-1.4 0.61
-1.39 0.68
-1.26 0.54
-1.3 0.555
-1.33 0.73
-1.53 0.76
-1.49 0.78
-1.65 0.865
-1.67 0.855
-1.52 0.775
-1.46 0.74
-1.29 0.625
-1.35 0.585
-1.22 0.545
-1.56 0.74
-1.5 0.745
-1.57 0.8
-1.67 0.86
-1.61 0.865
-1.54 0.83
-1.23 0.68
-1.38 0.705
-1.4 0.655
-1.32 0.66
-1.28 0.65
-1.41 0.765
-1.46 0.775
-1.46 0.7
-1.62 0.805
-1.47 0.715
-1.63 0.85
-1.55 0.83
-1.67 0.885
-1.63 0.855
-1.59 0.82
-1.42 0.715
-1.76 0.935
-1.46 0.785
-1.5 0.785
-1.6 0.775
-1.57 0.865
-1.51 0.815
-1.57 0.825
-1.36 0.66
-1.52 0.78
-1.36 0.69
-1.42 0.625
-1.19 0.56
-1.48 0.73
-1.21 0.38
-1.12 0.335
-1.28 0.51
-1.34 0.655
-1.47 0.825
-1.61 0.86
-1.54 0.825
-1.63 0.835
-1.56 0.865
-1.44 0.795
-1.64 0.88
-1.49 0.805
-1.62 0.82
-1.66 0.89
-1.56 0.865
-1.46 0.755
-1.4 0.675
-1.49 0.81
-1.33 0.7
-1.48 0.81
-1.65 0.895
-1.64 0.85
-1.66 0.865
-1.48 0.71
-1.36 0.73
-1.43 0.705
-1.44 0.67
-1.35 0.565
-1.24 0.51
-1.27 0.45
-1.47 0.655
-1.41 0.74
-1.43 0.735
-1.34 0.735
-1.54 0.785
-1.48 0.76
-1.48 0.77
-1.52 0.78
-1.61 0.88
-1.43 0.775
-1.49 0.785
-1.52 0.81
-1.5 0.815
-1.52 0.79
-1.51 0.77
-1.4 0.675
-1.28 0.65
-1.34 0.69
-1.65 0.855
-1.48 0.79
-1.5 0.815
-1.45 0.8
-1.42 0.805
-1.36 0.68
-1.38 0.745
-1.29 0.64
-1.59 0.85
-1.38 0.765
-1.42 0.785
-1.57 0.805
-1.37 0.655
-1.39 0.615
-1.36 0.65
-1.45 0.775
-1.36 0.635
-1.4 0.69
-1.45 0.76
-1.63 0.845
-1.71 0.9
-1.59 0.85
-1.5 0.72
-1.2 0.6
-1.43 0.5
-1.34 0.39
-1.68 0.81
-1.47 0.74
-1.43 0.795
-1.64 0.835
-1.55 0.85
-1.46 0.79
-1.4 0.795
-1.4 0.745
-1.6 0.84
-1.56 0.795
-1.57 0.785
-1.43 0.75
-1.54 0.785
-1.65 0.895
-1.59 0.83
-1.5 0.795
-1.45 0.725
-1.32 0.675
-1.46 0.69
-1.45 0.715
-1.52 0.745
-1.38 0.75
-1.5 0.745
-1.34 0.75
-1.68 0.905
-1.33 0.73
-1.35 0.6
-1.68 0.905
-1.58 0.83
-1.53 0.825
-1.62 0.87
-1.24 0.49
-1.36 0.595
-1.48 0.715
-1.61 0.845
-1.51 0.8
-1.56 0.855
-1.51 0.835
-1.64 0.84
-1.42 0.775
-1.46 0.795
-1.45 0.79
-1.47 0.795
-1.66 0.895
-1.61 0.845
-1.68 0.895
-1.7 0.905
-1.53 0.82
-1.7 0.91
-1.61 0.87
-1.56 0.83
-1.6 0.86
-1.53 0.805
-1.43 0.75
-1.24 0.54
-1.51 0.73
-1.52 0.815
-1.52 0.785
-1.5 0.775
-1.72 0.92
-1.57 0.845
-1.6 0.835
-1.65 0.89
-1.58 0.84
-1.32 0.73
-1.65 0.8
-1.26 0.615
-1.5 0.815
-1.37 0.73
-1.55 0.85
-1.34 0.62
-1.43 0.7
-1.4 0.74
-1.26 0.565
-1.3 0.65
-1.3 0.665
-1.72 0.905
-1.65 0.835
-1.62 0.885
-1.57 0.85
-1.51 0.76
-1.68 0.88
-1.58 0.825
-1.4 0.81
-1.59 0.86
-1.42 0.795
-1.33 0.77
-1.6 0.81
-1.57 0.845
-1.57 0.845
-1.57 0.835
-1.51 0.805
-1.54 0.8
-1.54 0.82
-1.57 0.85
-1.45 0.75
-1.43 0.725
-1.51 0.76
-1.69 0.885
-1.63 0.87
-1.77 0.93
-1.56 0.825
-1.58 0.88
-1.43 0.825
-1.44 0.77
-1.36 0.765
-1.48 0.84
-1.51 0.8
-1.59 0.845
-1.53 0.845
-1.51 0.815
-1.56 0.805
-1.7 0.895
-1.4 0.695
-1.42 0.69
-1.59 0.785
-1.39 0.755
-1.68 0.905
-1.55 0.83
-1.58 0.85
-1.66 0.895
-1.59 0.86
-1.62 0.89
-1.54 0.85
-1.48 0.745
-1.4 0.74
-1.43 0.71
-1.6 0.83
-1.35 0.62
-1.53 0.755
-1.6 0.85
-1.57 0.845
-1.66 0.89
-1.42 0.805
-1.55 0.8
-1.52 0.795
-1.62 0.85
-1.6 0.785
-1.42 0.695
-1.57 0.8
-1.38 0.75
-1.64 0.865
-1.62 0.86
-1.51 0.82
-1.45 0.79
-1.68 0.905
-1.56 0.85
-1.7 0.91
-1.56 0.825
-1.56 0.76
-1.55 0.74
-1.5 0.7
-1.45 0.685
-1.36 0.73
-1.47 0.625
-1.49 0.675
-1.56 0.71
-1.47 0.615
-1.39 0.72
-1.39 0.64
-1.16 0.515
-1.28 0.345
-1.1 0.08
-1.24 0.15
-1.33 0.08
-1.37 0.205
-1.34 0.23
-1.3 0.16
-1.36 0.225
-1.17 0.14
-1.06 0.08
-1.29 0.005
-1.13 0.075
-1.17 0.005
-1.16 -0.12
-1.24 0.06
-1.42 0.02
-1.13 0.09
-1.27 0.085
-1.28 0.215
-1.24 -0.06
-1.13 -0.24
-1.3 -0.25
-1.42 -0.23
-1.34 -0.36
-1.49 -0.58
-1.54 -0.695
-1.41 -0.745
-1.48 -0.705
-1.55 -0.82
-1.53 -0.76
-1.55 -0.85
-1.6 -0.84
-1.41 -0.755
-1.42 -0.72
-1.65 -0.89
-1.47 -0.73
-1.51 -0.73
-1.35 -0.64
-1.46 -0.77
-1.59 -0.825
-1.57 -0.715
-1.51 -0.575
-1.16 -0.6
-1.55 -0.85
-1.57 -0.825
-1.52 -0.84
-1.44 -0.755
-1.57 -0.83
-1.43 -0.71
-1.51 -0.765
-1.59 -0.84
-1.42 -0.685
-1.54 -0.68
-1.26 -0.64
-1.28 -0.455
-1.35 -0.47
-1.48 -0.53
-1.4 -0.645
-1.58 -0.74
-1.48 -0.81
-1.41 -0.775
-1.65 -0.895
-1.73 -0.905
-1.64 -0.875
-1.49 -0.815
-1.35 -0.69
-1.43 -0.715
-1.5 -0.745
-1.61 -0.805
-1.44 -0.785
-1.73 -0.9
-1.48 -0.745
-1.67 -0.895
-1.52 -0.81
-1.52 -0.825
-1.73 -0.92
-1.59 -0.865
-1.57 -0.795
-1.45 -0.77
-1.65 -0.855
-1.3 -0.645
-1.61 -0.81
-1.5 -0.78
-1.27 -0.585
-1.22 -0.595
-1.44 -0.7
-1.62 -0.835
-1.55 -0.85
-1.5 -0.815
-1.48 -0.8
-1.64 -0.86
-1.79 -0.94
-1.65 -0.87
-1.43 -0.78
-1.39 -0.73
-1.26 -0.675
-1.43 -0.725
-1.29 -0.585
-1.44 -0.75
-1.34 -0.705
-1.41 -0.7
-1.44 -0.75
-1.49 -0.785
-1.22 -0.435
-1.28 -0.48
-1.6 -0.825
-1.29 -0.705
-1.63 -0.845
-1.34 -0.71
-1.61 -0.815
-1.66 -0.88
-1.5 -0.785
-1.44 -0.69
-1.44 -0.655
-1.5 -0.785
-1.48 -0.745
-1.41 -0.615
-1.39 -0.6
-1.49 -0.705
-1.43 -0.645
-1.43 -0.55
-1.23 -0.575
-1.33 -0.74
-1.66 -0.905
-1.72 -0.91
-1.58 -0.875
-1.49 -0.835
-1.51 -0.845
-1.53 -0.8
-1.43 -0.76
-1.5 -0.79
-1.5 -0.65
-1.51 -0.78
-1.58 -0.85
-1.59 -0.835
-1.57 -0.805
-1.5 -0.79
-1.38 -0.78
-1.57 -0.8
-1.57 -0.845
-1.41 -0.69
-1.39 -0.695
-1.45 -0.77
-1.39 -0.66
-1.37 -0.555
-1.59 -0.675
-1.27 -0.645
-1.46 -0.765
-1.51 -0.815
-1.61 -0.855
-1.52 -0.845
-1.6 -0.845
-1.6 -0.83
-1.6 -0.865
-1.59 -0.825
-1.62 -0.865
-1.75 -0.905
-1.46 -0.8
-1.53 -0.85
-1.41 -0.65
-1.34 -0.73
-1.6 -0.805
-1.56 -0.84
-1.55 -0.865
-1.68 -0.87
-1.47 -0.745
-1.39 -0.745
-1.5 -0.78
-1.5 -0.82
-1.5 -0.83
-1.5 -0.765
-1.58 -0.82
-1.56 -0.84
-1.73 -0.92
-1.68 -0.9
-1.65 -0.885
-1.68 -0.895
-1.66 -0.885
-1.47 -0.745
-1.49 -0.72
-1.42 -0.75
-1.44 -0.805
-1.54 -0.825
-1.64 -0.865
-1.68 -0.9
-1.62 -0.865
-1.51 -0.835
-1.51 -0.83
-1.62 -0.87
-1.5 -0.8
-1.31 -0.605
-1.56 -0.75
-1.39 -0.655
-1.47 -0.725
-1.63 -0.875
-1.43 -0.785
-1.62 -0.85
-1.45 -0.67
-1.27 -0.605
-1.31 -0.61
-1.35 -0.66
-1.48 -0.63
-1.43 -0.77
-1.64 -0.8
-1.51 -0.8
-1.66 -0.9
-1.64 -0.875
-1.59 -0.87
-1.61 -0.88
-1.39 -0.715
-1.47 -0.805
-1.61 -0.865
-1.59 -0.83
-1.66 -0.88
-1.42 -0.71
-1.51 -0.77
-1.49 -0.79
-1.69 -0.91
-1.71 -0.905
-1.43 -0.765
-1.59 -0.87
-1.59 -0.845
-1.59 -0.855
-1.6 -0.87
-1.38 -0.74
-1.46 -0.715
-1.37 -0.675
-1.53 -0.785
-1.49 -0.74
-1.54 -0.665
-1.35 -0.395
-1.28 -0.18
-1.37 -0.08
-1.37 0.02
-1.27 -0.08
-1.34 0.21
-1.35 0.29
-1.31 0.39
-1.33 0.165
-1.29 -0.055
-1.23 -0.12
-1.26 -0.28
-1.33 -0.67
-1.39 -0.655
-1.24 -0.46
-1.39 -0.615
-1.53 -0.81
-1.47 -0.785
-1.4 -0.675
-1.39 -0.645
-1.37 -0.785
-1.4 -0.75
-1.59 -0.83
-1.51 -0.735
-1.31 -0.755
-1.4 -0.775
-1.56 -0.835
-1.43 -0.69
-1.51 -0.77
-1.39 -0.77
-1.64 -0.87
-1.44 -0.78
-1.42 -0.685
-1.4 -0.675
-1.48 -0.77
-1.38 -0.615
-1.32 -0.635
-1.59 -0.745
-1.51 -0.83
-1.58 -0.865
-1.4 -0.735
-1.25 -0.715
-1.25 -0.63
-1.55 -0.855
-1.71 -0.915
-1.61 -0.88
-1.6 -0.86
-1.7 -0.905
-1.61 -0.87
-1.51 -0.69
-1.16 -0.57
-1.46 -0.765
-1.5 -0.815
-1.59 -0.84
-1.43 -0.745
-1.57 -0.85
-1.53 -0.81
-1.67 -0.88
-1.65 -0.875
-1.44 -0.76
-1.39 -0.725
-1.48 -0.725
-1.66 -0.845
-1.52 -0.81
-1.54 -0.805
-1.52 -0.84
-1.62 -0.87
-1.51 -0.77
-1.8 -0.945
-1.65 -0.885
-1.58 -0.88
-1.45 -0.82
-1.61 -0.86
-1.45 -0.705
-1.47 -0.73
-1.6 -0.81
-1.64 -0.85
-1.6 -0.835
-1.66 -0.88
-1.46 -0.705
-1.33 -0.605
-1.22 -0.5
-1.22 -0.415
-1.28 -0.395
-1.53 -0.78
-1.62 -0.865
-1.6 -0.84
-1.5 -0.79
-1.47 -0.775
-1.67 -0.885
-1.23 -0.665
-1.43 -0.71
-1.37 -0.62
-1.41 -0.65
-1.59 -0.86
-1.65 -0.88
-1.78 -0.935
-1.77 -0.93
-1.46 -0.775
-1.51 -0.83
-1.66 -0.875
-1.65 -0.87
-1.47 -0.785
-1.51 -0.795
-1.47 -0.795
-1.6 -0.84
-1.5 -0.815
-1.63 -0.835
-1.45 -0.785
-1.68 -0.905
-1.5 -0.835
-1.65 -0.87
-1.64 -0.87
-1.57 -0.85
-1.56 -0.825
-1.48 -0.805
-1.57 -0.85
-1.54 -0.81
-1.67 -0.835
-1.61 -0.86
-1.64 -0.885
-1.49 -0.83
-1.54 -0.815
-1.67 -0.85
-1.65 -0.86
-1.56 -0.85
-1.56 -0.85
-1.5 -0.82
-1.6 -0.855
-1.66 -0.875
-1.64 -0.885
-1.53 -0.815
-1.75 -0.91
-1.49 -0.805
-1.45 -0.785
-1.52 -0.79
-1.52 -0.81
-1.26 -0.555
-1.39 -0.575
-1.44 -0.625
-1.3 -0.69
-1.46 -0.795
-1.48 -0.675
-1.39 -0.495
-1.37 -0.45
-1.28 -0.48
-1.55 -0.735
-1.51 -0.81
-1.57 -0.865
-1.32 -0.665
-1.31 -0.5
-1.37 -0.54
-1.31 -0.535
-1.54 -0.68
-1.5 -0.69
-1.42 -0.725
-1.63 -0.895
-1.62 -0.85
-1.79 -0.93
-1.47 -0.805
-1.65 -0.895
-1.65 -0.875
-1.67 -0.9
-1.63 -0.895
-1.57 -0.83
-1.52 -0.82
-1.4 -0.74
-1.52 -0.835
-1.71 -0.91
-1.57 -0.87
-1.54 -0.83
-1.48 -0.83
-1.59 -0.86
-1.54 -0.85
-1.54 -0.82
-1.53 -0.785
-1.48 -0.74
-1.66 -0.91
-1.58 -0.86
-1.41 -0.735
-1.46 -0.64
-1.4 -0.63
-1.46 -0.78
-1.35 -0.735
-1.49 -0.79
-1.73 -0.905
-1.62 -0.855
-1.69 -0.89
-1.35 -0.655
-1.55 -0.74
-1.51 -0.745
-1.45 -0.775
-1.54 -0.825
-1.56 -0.845
-1.57 -0.755
-1.52 -0.755
-1.66 -0.87
-1.33 -0.725
-1.57 -0.84
-1.71 -0.915
-1.56 -0.845
-1.5 -0.79
-1.56 -0.85
-1.47 -0.815
-1.29 -0.595
-1.4 -0.675
-1.37 -0.755
-1.63 -0.87
-1.51 -0.8
-1.43 -0.745
-1.37 -0.72
-1.36 -0.64
-1.37 -0.725
-1.47 -0.775
-1.47 -0.755
-1.64 -0.865
-1.56 -0.84
-1.67 -0.885
-1.56 -0.85
-1.77 -0.905
-1.49 -0.79
-1.24 -0.625
-1.36 -0.515
-1.21 -0.425
-1.15 -0.115
-1.29 -0.27
-1.51 -0.515
-1.57 -0.76
-1.32 -0.71
-1.55 -0.815
-1.42 -0.64
-1.45 -0.73
-1.29 -0.555
-1.3 -0.71
-1.61 -0.85
-1.62 -0.875
-1.51 -0.84
-1.62 -0.86
-1.54 -0.76
-1.25 -0.61
-1.15 -0.48
-1.15 -0.25
-1.28 -0.16
-1.23 -0.355
-1.38 -0.17
-1.38 -0.32
-1.44 -0.345
-1.33 -0.58
-1.4 -0.675
-1.57 -0.81
-1.42 -0.75
-1.53 -0.8
-1.72 -0.915
-1.23 -0.64
-1.34 -0.695
-1.13 -0.475
-1.44 -0.75
-1.55 -0.765
-1.59 -0.845
-1.71 -0.865
-1.7 -0.905
-1.46 -0.81
-1.71 -0.89
-1.52 -0.8
-1.53 -0.835
-1.44 -0.645
-1.43 -0.635
-1.39 -0.745
-1.54 -0.835
-1.47 -0.815
-1.57 -0.86
-1.67 -0.88
-1.59 -0.855
-1.56 -0.81
-1.51 -0.79
-1.44 -0.725
-1.46 -0.655
-1.16 -0.48
-1.35 -0.545
-1.38 -0.705
-1.51 -0.81
-1.54 -0.83
-1.57 -0.83
-1.48 -0.81
-1.39 -0.76
-1.55 -0.75
-1.43 -0.695
-1.49 -0.785
-1.39 -0.695
-1.39 -0.68
-1.47 -0.78
-1.62 -0.885
-1.45 -0.74
-1.26 -0.63
-1.45 -0.765
-1.3 -0.69
-1.59 -0.69
-1.4 -0.57
-1.24 -0.33
-1.27 -0.06
-1.18 -0.065
-1.27 -0.3
-1.19 -0.17
-1.23 -0.125
-1.18 0
-1.32 0.12
-1.21 0.125
-1.32 0.1
-1.24 0.085
-1.36 0.055
-1.1 0.215
-1.18 0.385
-1.15 0.45
-1.27 0.625
-1.15 0.565
-1.35 0.69
-1.3 0.645
-1.1 0.505
-1.16 0.42
-1.51 0.72
-1.32 0.66
-1.3 0.595
-1.54 0.805
-1.57 0.85
-1.53 0.85
-1.6 0.845
-1.61 0.86
-1.73 0.92
-1.47 0.84
-1.4 0.755
-1.48 0.77
-1.62 0.855
-1.59 0.795
-1.48 0.82
-1.58 0.83
-1.5 0.745
-1.63 0.865
-1.53 0.825
-1.48 0.81
-1.59 0.865
-1.32 0.685
-1.61 0.815
-1.72 0.855
-1.48 0.725
-1.42 0.75
-1.57 0.85
-1.56 0.855
-1.57 0.85
-1.66 0.885
-1.53 0.82
-1.73 0.925
-1.65 0.89
-1.68 0.865
-1.39 0.725
-1.29 0.655
-1.5 0.795
-1.61 0.86
-1.39 0.73
-1.41 0.67
-1.54 0.78
-1.62 0.795
-1.52 0.78
-1.37 0.65
-1.54 0.695
-1.2 0.58
-1.38 0.635
-1.26 0.6
-1.61 0.815
-1.39 0.74
-1.73 0.91
-1.46 0.56
-1.34 0.425
-1.38 0.495
-1.39 0.205
-1.21 0.02
-1.1 -0.12
-1.15 -0.265
-1.18 -0.145
-1.23 -0.305
-1.54 -0.495
-1.25 -0.515
-1.39 -0.415
-1.4 -0.54
-1.34 -0.44
-1.21 -0.315
-1.3 -0.44
-1.51 -0.47
-1.31 -0.48
-1.53 -0.63
-1.36 -0.52
-1.3 -0.405
-1.24 -0.325
-1.39 -0.62
-1.43 -0.76
-1.33 -0.7
-1.43 -0.77
-1.64 -0.785
-1.68 -0.875
-1.58 -0.84
-1.62 -0.86
-1.56 -0.835
-1.56 -0.83
-1.62 -0.87
-1.64 -0.89
-1.5 -0.71
-1.44 -0.785
-1.56 -0.815
-1.33 -0.59
-1.45 -0.725
-1.47 -0.805
-1.49 -0.78
-1.37 -0.67
-1.38 -0.635
-1.1 -0.3
-1.11 -0.05
-1.31 -0.03
-1.23 0.05
-1.14 -0.205
-1.21 -0.375
-1.43 -0.565
-1.49 -0.665
-1.25 -0.48
-1.29 -0.485
-1.29 -0.56
-1.33 -0.505
-1.28 -0.645
-1.66 -0.83
-1.42 -0.73
-1.53 -0.835
-1.55 -0.77
-1.71 -0.91
-1.58 -0.81
-1.46 -0.775
-1.49 -0.755
-1.52 -0.785
-1.41 -0.765
-1.36 -0.795
-1.44 -0.825
-1.52 -0.805
-1.4 -0.765
-1.31 -0.725
-1.53 -0.76
-1.47 -0.615
-1.59 -0.78
-1.75 -0.92
-1.56 -0.8
-1.48 -0.8
-1.62 -0.885
-1.55 -0.725
-1.45 -0.73
-1.37 -0.735
-1.49 -0.78
-1.47 -0.835
-1.43 -0.675
-1.49 -0.755
-1.42 -0.715
-1.38 -0.645
-1.65 -0.765
-1.64 -0.885
-1.63 -0.86
-1.46 -0.825
-1.5 -0.61
-1.21 -0.575
-1.3 -0.495
-1.46 -0.705
-1.54 -0.805
-1.44 -0.77
-1.33 -0.68
-1.47 -0.795
-1.5 -0.815
-1.48 -0.74
-1.5 -0.76
-1.39 -0.67
-1.51 -0.81
-1.57 -0.83
-1.39 -0.7
-1.49 -0.8
-1.63 -0.83
-1.54 -0.82
-1.73 -0.815
-1.46 -0.755
-1.53 -0.835
-1.6 -0.86
-1.65 -0.88
-1.67 -0.895
-1.44 -0.765
-1.36 -0.725
-1.46 -0.81
-1.16 -0.575
-1.42 -0.71
-1.56 -0.825
-1.43 -0.74
-1.49 -0.78
-1.62 -0.87
-1.74 -0.905
-1.75 -0.89
-1.52 -0.845
-1.49 -0.785
-1.51 -0.76
-1.49 -0.77
-1.45 -0.73
-1.57 -0.82
-1.57 -0.825
-1.34 -0.635
-1.2 -0.615
-1.54 -0.76
-1.37 -0.725
-1.44 -0.615
-1.42 -0.81
-1.43 -0.79
-1.46 -0.775
-1.48 -0.765
-1.34 -0.58
-1.55 -0.655
-1.53 -0.765
-1.32 -0.61
-1.33 -0.64
-1.27 -0.68
-1.41 -0.77
-1.42 -0.755
-1.77 -0.935
-1.2 -0.61
-1.62 -0.83
-1.59 -0.845
-1.58 -0.78
-1.59 -0.845
-1.65 -0.865
-1.48 -0.77
-1.47 -0.665
-1.48 -0.77
-1.55 -0.84
-1.33 -0.715
-1.3 -0.57
-1.28 -0.58
-1.36 -0.68
-1.41 -0.735
-1.56 -0.81
-1.67 -0.885
-1.57 -0.835
-1.52 -0.705
-1.56 -0.705
-1.65 -0.795
-1.35 -0.695
-1.45 -0.715
-1.45 -0.65
-1.46 -0.735
-1.38 -0.62
-1.4 -0.645
-1.39 -0.65
-1.36 -0.535
-1.12 -0.14
-1.46 -0.255
-1.23 -0.27
-1.16 -0.325
-1.21 -0.22
-1.36 -0.335
-1.34 -0.515
-1.26 -0.495
-1.34 -0.54
-1.36 -0.65
-1.31 -0.57
-1.68 -0.88
-1.49 -0.81
-1.47 -0.805
-1.5 -0.78
-1.8 -0.95
-1.62 -0.86
-1.54 -0.725
-1.49 -0.755
-1.71 -0.9
-1.52 -0.83
-1.47 -0.71
-1.45 -0.7
-1.43 -0.77
-1.65 -0.885
-1.65 -0.895
-1.52 -0.835
-1.45 -0.78
-1.5 -0.755
-1.6 -0.875
-1.41 -0.68
-1.38 -0.695
-1.65 -0.875
-1.69 -0.885
-1.58 -0.835
-1.5 -0.785
-1.78 -0.935
-1.58 -0.825
-1.52 -0.785
-1.55 -0.855
-1.34 -0.67
-1.43 -0.755
-1.49 -0.8
-1.39 -0.785
-1.43 -0.74
-1.39 -0.68
-1.59 -0.86
-1.64 -0.885
-1.34 -0.715
-1.32 -0.625
-1.51 -0.83
-1.37 -0.69
-1.38 -0.6
-1.66 -0.865
-1.67 -0.9
-1.59 -0.855
-1.56 -0.835
-1.55 -0.82
-1.61 -0.865
-1.61 -0.89
-1.59 -0.85
-1.43 -0.8
-1.6 -0.715
-1.32 -0.565
-1.28 -0.405
-1.33 -0.465
-1.33 -0.325
-1.21 -0.51
-1.28 -0.435
-1.43 -0.475
-1.39 -0.37
-1.54 -0.74
-1.51 -0.665
-1.61 -0.865
-1.48 -0.785
-1.58 -0.845
-1.46 -0.715
-1.57 -0.73
-1.47 -0.64
-1.35 -0.595
-1.09 -0.54
-1.36 -0.565
-1.23 -0.48
-1.2 -0.5
-1.37 -0.54
-1.4 -0.585
-1.44 -0.585
-1.18 -0.54
-1.19 -0.485
-1.34 -0.595
-1.26 -0.635
-1.39 -0.71
-1.56 -0.845
-1.73 -0.905
-1.52 -0.775
-1.44 -0.805
-1.35 -0.755
-1.38 -0.705
-1.41 -0.755
-1.69 -0.885
-1.31 -0.64
-1.32 -0.565
-1.3 -0.415
-1.35 -0.5
-1.22 -0.455
-1.39 -0.565
-1.32 -0.62
-1.36 -0.575
-1.25 -0.55
-1.42 -0.71
-1.57 -0.825
-1.28 -0.58
-1.61 -0.785
-1.36 -0.68
-1.3 -0.635
-1.23 -0.685
-1.49 -0.695
-1.35 -0.625
-1.69 -0.865
-1.72 -0.91
-1.27 -0.73
-1.39 -0.74
-1.57 -0.865
-1.47 -0.75
-1.55 -0.795
-1.45 -0.765
-1.56 -0.82
-1.54 -0.81
-1.48 -0.805
-1.44 -0.75
-1.73 -0.895
-1.58 -0.81
-1.57 -0.82
-1.55 -0.81
-1.68 -0.855
-1.46 -0.785
-1.31 -0.715
-1.53 -0.82
-1.64 -0.89
-1.51 -0.82
-1.53 -0.82
-1.24 -0.655
-1.37 -0.75
-1.56 -0.825
-1.61 -0.87
-1.67 -0.905
-1.63 -0.865
-1.52 -0.79
-1.56 -0.755
-1.38 -0.64
-1.38 -0.69
-1.62 -0.84
-1.59 -0.775
-1.51 -0.75
-1.68 -0.855
-1.3 -0.515
-1.31 -0.39
-1.28 -0.125
-1.3 -0.025
-1.24 -0.015
-1.28 -0.245
-1.28 -0.255
-1.22 -0.175
-1.34 -0.235
-1.26 -0.505
-1.41 -0.54
-1.31 -0.635
-1.55 -0.825
-1.58 -0.85
-1.49 -0.775
-1.49 -0.7
-1.32 -0.72
-1.39 -0.685
-1.55 -0.78
-1.42 -0.745
-1.61 -0.72
-1.63 -0.865
-1.72 -0.9
-1.36 -0.685
-1.5 -0.815
-1.44 -0.715
-1.49 -0.705
-1.24 -0.515
-1.49 -0.735
-1.28 -0.655
-1.49 -0.75
-1.58 -0.85
-1.6 -0.87
-1.72 -0.895
-1.47 -0.75
-1.37 -0.66
-1.57 -0.805
-1.54 -0.83
-1.6 -0.865
-1.54 -0.815
-1.51 -0.855
-1.6 -0.87
-1.49 -0.83
-1.58 -0.84
-1.59 -0.785
-1.66 -0.875
-1.6 -0.87
-1.56 -0.825
-1.69 -0.89
-1.46 -0.72
-1.37 -0.6
-1.27 -0.55
-1.42 -0.515
-1.46 -0.71
-1.26 -0.62
-1.41 -0.61
-1.38 -0.645
-1.28 -0.425
-1.42 -0.365
-1.33 -0.285
-1.32 -0.425
-1.3 -0.66
-1.46 -0.685
-1.4 -0.755
-1.12 -0.45
-1.37 -0.595
-1.35 -0.52
-1.37 -0.655
-1.43 -0.565
-1.39 -0.625
-1.52 -0.715
-1.17 -0.43
-1.36 -0.635
-1.48 -0.695
-1.47 -0.76
-1.45 -0.77
-1.54 -0.845
-1.51 -0.82
-1.48 -0.795
-1.38 -0.62
-1.59 -0.855
-1.72 -0.87
-1.6 -0.82
-1.53 -0.805
-1.7 -0.92
-1.54 -0.82
-1.46 -0.805
-1.53 -0.825
-1.62 -0.855
-1.5 -0.765
-1.67 -0.845
-1.58 -0.865
-1.6 -0.835
-1.44 -0.75
-1.45 -0.775
-1.57 -0.84
-1.62 -0.865
-1.55 -0.79
-1.59 -0.84
-1.58 -0.835
-1.72 -0.895
-1.6 -0.87
-1.64 -0.88
-1.43 -0.795
-1.64 -0.785
-1.53 -0.74
-1.6 -0.83
-1.35 -0.67
-1.39 -0.65
-1.47 -0.675
-1.54 -0.805
-1.35 -0.745
-1.64 -0.875
-1.62 -0.83
-1.4 -0.64
-1.51 -0.765
-1.31 -0.605
-1.54 -0.795
-1.64 -0.845
-1.5 -0.665
-1.34 -0.575
-1.43 -0.715
-1.49 -0.7
-1.19 -0.405
-1.14 -0.265
-1 -0.36
-1.34 -0.67
-1.43 -0.74
-1.55 -0.835
-1.61 -0.875
-1.5 -0.76
-1.45 -0.81
-1.37 -0.755
-1.46 -0.8
-1.4 -0.685
-1.71 -0.875
-1.55 -0.845
-1.53 -0.845
-1.46 -0.76
-1.37 -0.705
-1.4 -0.685
-1.58 -0.855
-1.58 -0.8
-1.74 -0.925
-1.64 -0.885
-1.55 -0.86
-1.63 -0.885
-1.51 -0.81
-1.6 -0.855
-1.6 -0.875
-1.58 -0.83
-1.64 -0.88
-1.43 -0.82
-1.69 -0.9
-1.66 -0.885
-1.53 -0.735
-1.45 -0.575
-1.42 -0.625
-1.24 -0.535
-1.45 -0.75
-1.57 -0.775
-1.53 -0.855
-1.35 -0.69
-1.37 -0.725
-1.67 -0.88
-1.45 -0.745
-1.36 -0.665
-1.19 -0.47
-1.21 -0.38
-1.2 -0.535
-1.27 -0.525
-1.48 -0.53
-1.34 -0.63
-1.53 -0.765
-1.27 -0.575
-1.49 -0.795
-1.45 -0.74
-1.59 -0.875
-1.46 -0.83
-1.67 -0.855
-1.61 -0.865
-1.57 -0.805
-1.45 -0.77
-1.36 -0.74
-1.42 -0.71
-1.35 -0.685
-1.38 -0.725
-1.58 -0.855
-1.58 -0.83
-1.38 -0.715
-1.44 -0.765
-1.54 -0.775
-1.59 -0.81
-1.54 -0.84
-1.64 -0.875
-1.4 -0.665
-1.29 -0.495
-1.41 -0.705
-1.41 -0.745
-1.52 -0.845
-1.43 -0.765
-1.67 -0.87
-1.4 -0.77
-1.57 -0.84
-1.41 -0.8
-1.55 -0.835
-1.39 -0.695
-1.51 -0.705
-1.4 -0.815
-1.36 -0.75
-1.75 -0.925
-1.46 -0.735
-1.59 -0.76
-1.55 -0.85
-1.67 -0.865
-1.55 -0.86
-1.47 -0.825
-1.24 -0.605
-1.52 -0.795
-1.49 -0.765
-1.48 -0.645
-1.65 -0.84
-1.54 -0.77
-1.4 -0.6
-1.43 -0.715
-1.42 -0.665
-1.57 -0.815
-1.53 -0.795
-1.48 -0.76
-1.51 -0.76
-1.44 -0.655
-1.54 -0.8
-1.42 -0.765
-1.41 -0.695
-1.48 -0.74
-1.32 -0.535
-1.56 -0.765
-1.44 -0.605
-1.44 -0.655
-1.49 -0.715
-1.32 -0.725
-1.53 -0.795
-1.31 -0.7
-1.48 -0.81
-1.53 -0.81
-1.44 -0.775
-1.58 -0.84
-1.53 -0.855
-1.63 -0.87
-1.36 -0.715
-1.47 -0.75
-1.51 -0.795
-1.35 -0.765
-1.63 -0.83
-1.48 -0.755
-1.23 -0.695
-1.48 -0.775
-1.61 -0.875
-1.55 -0.825
-1.53 -0.76
-1.65 -0.875
-1.66 -0.9
-1.3 -0.73
-1.56 -0.8
-1.46 -0.74
-1.2 -0.61
-1.52 -0.745
-1.3 -0.52
-1.15 -0.42
-1.49 -0.56
-1.33 -0.43
-1.14 -0.15
-1.18 -0.17
-1.24 -0.215
-1.49 -0.08
-1.27 -0.26
-1.23 -0.4
-1.24 -0.375
-1.44 -0.4
-1.33 -0.45
-1.41 -0.44
-1.26 -0.33
-1.36 -0.325
-1.27 -0.45
-1.31 -0.6
-1.22 -0.475
-1.29 -0.45
-1.25 -0.41
-1.32 -0.63
-1.39 -0.64
-1.54 -0.81
-1.29 -0.69
-1.53 -0.765
-1.68 -0.885
-1.4 -0.815
-1.28 -0.73
-1.46 -0.76
-1.29 -0.635
-1.51 -0.695
-1.49 -0.7
-1.61 -0.84
-1.61 -0.865
-1.5 -0.75
-1.47 -0.785
-1.58 -0.785
-1.73 -0.915
-1.38 -0.69
-1.44 -0.615
-1.42 -0.65
-1.61 -0.72
-1.43 -0.725
-1.7 -0.895
-1.46 -0.815
-1.57 -0.86
-1.44 -0.785
-1.73 -0.895
-1.48 -0.82
-1.53 -0.735
-1.37 -0.775
-1.77 -0.93
-1.49 -0.84
-1.69 -0.895
-1.47 -0.77
-1.43 -0.7
-1.34 -0.73
-1.46 -0.65
-1.43 -0.73
-1.6 -0.85
-1.46 -0.8
-1.4 -0.72
-1.57 -0.87
-1.31 -0.6
-1.22 -0.305
-1.29 -0.615
-1.61 -0.8
-1.54 -0.805
-1.46 -0.695
-1.45 -0.835
-1.45 -0.73
-1.45 -0.71
-1.36 -0.58
-1.46 -0.61
-1.37 -0.625
-1.48 -0.77
-1.37 -0.745
-1.8 -0.94
-1.6 -0.85
-1.61 -0.855
-1.54 -0.835
-1.39 -0.775
-1.4 -0.715
-1.67 -0.88
-1.54 -0.82
-1.48 -0.845
-1.35 -0.715
-1.69 -0.89
-1.56 -0.805
-1.7 -0.895
-1.35 -0.63
-1.38 -0.765
-1.5 -0.815
-1.36 -0.66
-1.45 -0.825
-1.49 -0.83
-1.44 -0.705
-1.56 -0.82
-1.51 -0.79
-1.51 -0.805
-1.52 -0.81
-1.38 -0.675
-1.38 -0.71
-1.49 -0.75
-1.51 -0.75
-1.63 -0.81
-1.47 -0.66
-1.4 -0.675
-1.5 -0.765
-1.46 -0.79
-1.44 -0.715
-1.31 -0.59
-1.36 -0.705
-1.36 -0.7
-1.59 -0.85
-1.57 -0.83
-1.58 -0.865
-1.39 -0.735
-1.27 -0.64
-1.4 -0.715
-1.38 -0.565
-1.3 -0.595
-1.47 -0.81
-1.3 -0.64
-1.44 -0.755
-1.51 -0.8
-1.68 -0.91
-1.44 -0.685
-1.38 -0.675
-1.29 -0.59
-1.22 -0.595
-1.31 -0.67
-1.36 -0.6
-1.48 -0.475
-1.24 -0.325
-1.21 -0.335
-1.25 -0.275
-1.4 -0.46
-1.21 -0.265
-1.38 -0.405
-1.42 -0.33
-1.4 -0.375
-1.12 -0.53
-1.46 -0.8
-1.32 -0.665
-1.36 -0.61
-1.24 -0.4
-1.16 -0.325
-1.53 -0.445
-1.44 -0.44
-1.32 -0.54
-1.46 -0.56
-1.36 -0.53
-1.41 -0.505
-1.33 -0.365
-1.42 -0.655
-1.52 -0.76
-1.42 -0.78
-1.43 -0.745
-1.6 -0.88
-1.59 -0.86
-1.53 -0.81
-1.56 -0.83
-1.55 -0.83
-1.15 -0.51
-1.51 -0.78
-1.37 -0.7
-1.48 -0.765
-1.53 -0.825
-1.71 -0.89
-1.38 -0.635
-1.2 -0.665
-1.56 -0.825
-1.45 -0.8
-1.58 -0.83
-1.32 -0.545
-1.49 -0.76
-1.61 -0.8
-1.4 -0.69
-1.38 -0.755
-1.32 -0.63
-1.5 -0.78
-1.35 -0.77
-1.57 -0.795
-1.5 -0.83
-1.59 -0.85
-1.72 -0.89
-1.59 -0.84
-1.52 -0.795
-1.65 -0.895
-1.49 -0.825
-1.39 -0.755
-1.28 -0.665
-1.38 -0.685
-1.49 -0.655
-1.46 -0.75
-1.42 -0.625
-1.17 -0.55
-1.31 -0.545
-1.41 -0.56
-1.46 -0.57
-1.24 -0.35
-1.36 -0.27
-1.48 -0.665
-1.53 -0.81
-1.62 -0.86
-1.71 -0.87
-1.37 -0.68
-1.38 -0.605
-1.33 -0.645
-1.52 -0.705
-1.4 -0.725
-1.43 -0.77
-1.42 -0.685
-1.24 -0.59
-1.65 -0.855
-1.52 -0.84
-1.37 -0.755
-1.66 -0.885
-1.54 -0.85
-1.79 -0.92
-1.52 -0.81
-1.57 -0.835
-1.68 -0.905
-1.63 -0.87
-1.44 -0.78
-1.48 -0.775
-1.28 -0.685
-1.47 -0.75
-1.44 -0.765
-1.53 -0.83
-1.58 -0.855
-1.42 -0.81
-1.72 -0.88
-1.47 -0.735
-1.47 -0.765
-1.47 -0.765
-1.6 -0.845
-1.57 -0.86
-1.71 -0.915
-1.53 -0.81
-1.35 -0.72
-1.22 -0.675
-1.54 -0.795
-1.35 -0.615
-1.28 -0.62
-1.55 -0.74
-1.59 -0.855
-1.63 -0.735
-1.62 -0.89
-1.53 -0.81
-1.6 -0.855
-1.59 -0.825
-1.57 -0.85
-1.43 -0.76
-1.5 -0.675
-1.48 -0.725
-1.67 -0.875
-1.6 -0.83
-1.75 -0.935
-1.56 -0.845
-1.6 -0.855
-1.44 -0.775
-1.2 -0.56
-1.24 -0.485
-1.52 -0.645
-1.55 -0.765
-1.32 -0.69
-1.68 -0.91
-1.41 -0.805
-1.51 -0.78
-1.47 -0.755
-1.54 -0.805
-1.57 -0.81
-1.53 -0.795
-1.32 -0.75
-1.4 -0.725
-1.56 -0.825
-1.61 -0.84
-1.55 -0.8
-1.45 -0.73
-1.67 -0.87
-1.53 -0.81
-1.64 -0.89
-1.49 -0.805
-1.44 -0.695
-1.54 -0.795
-1.57 -0.805
-1.54 -0.845
-1.45 -0.7
-1.63 -0.85
-1.64 -0.875
-1.77 -0.915
-1.34 -0.6
-1.34 -0.55
-1.36 -0.34
-1.14 -0.305
-1.35 -0.46
-1.21 -0.65
-1.35 -0.515
-1.35 -0.555
-1.54 -0.86
-1.71 -0.88
-1.68 -0.885
-1.38 -0.73
-1.47 -0.755
-1.41 -0.765
-1.45 -0.775
-1.34 -0.75
-1.6 -0.865
-1.65 -0.885
-1.6 -0.885
-1.32 -0.69
-1.49 -0.82
-1.51 -0.83
-1.57 -0.815
-1.62 -0.845
-1.57 -0.865
-1.6 -0.83
-1.46 -0.795
-1.42 -0.68
-1.76 -0.92
-1.55 -0.86
-1.53 -0.82
-1.69 -0.9
-1.58 -0.865
-1.7 -0.91
-1.62 -0.805
-1.78 -0.9
-1.69 -0.89
-1.75 -0.92
-1.74 -0.9
-1.61 -0.845
-1.43 -0.785
-1.43 -0.755
-1.74 -0.925
-1.66 -0.875
-1.8 -0.935
-1.61 -0.865
-1.51 -0.825
-1.63 -0.88
-1.56 -0.83
-1.4 -0.74
-1.57 -0.86
-1.47 -0.79
-1.37 -0.715
-1.47 -0.7
-1.59 -0.805
-1.63 -0.84
-1.54 -0.795
-1.52 -0.805
-1.35 -0.715
-1.58 -0.83
-1.45 -0.79
-1.44 -0.79
-1.55 -0.7
-1.32 -0.34
-1.38 -0.535
-1.44 -0.35
-1.17 -0.46
-1.39 -0.44
-1.3 -0.31
-1.33 -0.67
-1.41 -0.72
-1.49 -0.755
-1.5 -0.79
-1.5 -0.76
-1.58 -0.77
-1.44 -0.79
-1.25 -0.62
-1.29 -0.65
-1.3 -0.555
-1.32 -0.66
-1.55 -0.77
-1.61 -0.85
-1.47 -0.745
-1.51 -0.825
-1.54 -0.815
-1.54 -0.805
-1.62 -0.87
-1.68 -0.9
-1.58 -0.835
-1.57 -0.855
-1.68 -0.865
-1.72 -0.85
-1.59 -0.73
-1.3 -0.41
-1.1 -0.455
-1.42 -0.415
-1.15 -0.35
-1.46 -0.39
-1.27 -0.44
-1.27 -0.295
-1.22 -0.335
-1.2 -0.33
-1.27 -0.375
-1.2 -0.29
-1.34 -0.265
-1.27 -0.145
-1.32 -0.41
-1.47 -0.68
-1.39 -0.56
-1.18 -0.475
-1.4 -0.515
-1.31 -0.545
-1.24 -0.46
-1.34 -0.55
-1.38 -0.695
-1.45 -0.795
-1.63 -0.88
-1.49 -0.76
-1.58 -0.825
-1.37 -0.77
-1.55 -0.825
-1.46 -0.75
-1.42 -0.77
-1.48 -0.765
-1.58 -0.855
-1.6 -0.79
-1.49 -0.81
-1.62 -0.83
-1.31 -0.7
-1.45 -0.785
-1.72 -0.915
-1.61 -0.855
-1.61 -0.835
-1.4 -0.655
-1.5 -0.765
-1.5 -0.795
-1.62 -0.82
-1.61 -0.875
-1.56 -0.83
-1.6 -0.79
-1.39 -0.67
-1.4 -0.57
-1.32 -0.58
-1.53 -0.68
-1.38 -0.615
-1.37 -0.67
-1.46 -0.635
-1.46 -0.715
-1.54 -0.77
-1.4 -0.775
-1.55 -0.81
-1.48 -0.755
-1.48 -0.8
-1.52 -0.75
-1.38 -0.725
-1.39 -0.77
-1.67 -0.885
-1.62 -0.87
-1.33 -0.765
-1.46 -0.82
-1.49 -0.8
-1.63 -0.85
-1.64 -0.875
-1.56 -0.825
-1.31 -0.66
-1.52 -0.795
-1.49 -0.8
-1.52 -0.805
-1.38 -0.785
-1.44 -0.71
-1.51 -0.81
-1.32 -0.685
-1.48 -0.62
-1.52 -0.61
-1.46 -0.62
-1.37 -0.395
-1.31 -0.475
-1.5 -0.725
-1.3 -0.56
-1.43 -0.685
-1.42 -0.7
-1.31 -0.745
-1.46 -0.77
-1.57 -0.785
-1.59 -0.845
-1.68 -0.91
-1.6 -0.875
-1.52 -0.775
-1.53 -0.83
-1.31 -0.69
-1.44 -0.705
-1.54 -0.64
-1.45 -0.8
-1.45 -0.775
-1.75 -0.93
-1.59 -0.815
-1.51 -0.84
-1.48 -0.785
-1.69 -0.905
-1.5 -0.75
-1.5 -0.8
-1.5 -0.82
-1.6 -0.805
-1.54 -0.81
-1.73 -0.875
-1.38 -0.66
-1.49 -0.79
-1.58 -0.785
-1.29 -0.67
-1.52 -0.79
-1.35 -0.625
-1.42 -0.79
-1.76 -0.895
-1.5 -0.825
-1.55 -0.835
-1.68 -0.9
-1.6 -0.87
-1.63 -0.86
-1.45 -0.78
-1.72 -0.9
-1.76 -0.9
-1.74 -0.905
-1.63 -0.84
-1.5 -0.775
-1.55 -0.775
-1.34 -0.67
-1.33 -0.695
-1.44 -0.755
-1.55 -0.78
-1.35 -0.73
-1.47 -0.685
-1.37 -0.635
-1.51 -0.49
-1.36 -0.57
-1.39 -0.75
-1.5 -0.82
-1.63 -0.845
-1.59 -0.84
-1.55 -0.805
-1.74 -0.91
-1.37 -0.735
-1.39 -0.67
-1.44 -0.63
-1.57 -0.8
-1.48 -0.69
-1.36 -0.62
-1.36 -0.595
-1.47 -0.61
-1.59 -0.82
-1.59 -0.86
-1.64 -0.88
-1.62 -0.845
-1.52 -0.775
-1.69 -0.87
-1.72 -0.895
-1.56 -0.875
-1.6 -0.83
-1.51 -0.82
-1.46 -0.765
-1.39 -0.7
-1.45 -0.65
-1.45 -0.56
-1.3 -0.42
-1.45 -0.4
-1.24 -0.42
-1.35 -0.54
-1.35 -0.47
-1.24 -0.535
-1.34 -0.43
-1.53 -0.705
-1.39 -0.485
-1.42 -0.58
-1.35 -0.655
-1.33 -0.49
-1.41 -0.705
-1.58 -0.855
-1.34 -0.75
-1.43 -0.78
-1.29 -0.72
-1.54 -0.775
-1.66 -0.83
-1.48 -0.825
-1.57 -0.835
-1.62 -0.885
-1.68 -0.9
-1.57 -0.865
-1.58 -0.8
-1.33 -0.64
-1.4 -0.73
-1.61 -0.845
-1.63 -0.88
-1.58 -0.83
-1.41 -0.72
-1.68 -0.885
-1.48 -0.795
-1.76 -0.93
-1.57 -0.83
-1.53 -0.8
-1.62 -0.815
-1.68 -0.815
-1.48 -0.78
-1.55 -0.85
-1.42 -0.76
-1.78 -0.94
-1.61 -0.845
-1.47 -0.83
-1.7 -0.91
-1.49 -0.83
-1.66 -0.905
-1.82 -0.935
-1.6 -0.83
-1.38 -0.75
-1.53 -0.78
-1.53 -0.815
-1.69 -0.9
-1.56 -0.805
-1.56 -0.78
-1.38 -0.71
-1.63 -0.89
-1.75 -0.935
-1.35 -0.695
-1.47 -0.725
-1.42 -0.74
-1.6 -0.775
-1.56 -0.82
-1.64 -0.88
-1.38 -0.79
-1.54 -0.84
-1.6 -0.76
-1.38 -0.66
-1.4 -0.675
-1.49 -0.74
-1.58 -0.805
-1.47 -0.68
-1.28 -0.515
-1.32 -0.595
-1.21 -0.54
-1.33 -0.505
-1.29 -0.345
-1.4 -0.575
-1.41 -0.665
-1.55 -0.815
-1.5 -0.765
-1.28 -0.575
-1.4 -0.635
-1.45 -0.685
-1.45 -0.725
-1.6 -0.805
-1.49 -0.79
-1.53 -0.8
-1.38 -0.755
-1.61 -0.83
-1.52 -0.76
-1.36 -0.77
-1.32 -0.595
-1.5 -0.77
-1.47 -0.805
-1.51 -0.82
-1.54 -0.855
-1.37 -0.765
-1.47 -0.81
-1.51 -0.8
-1.65 -0.865
-1.62 -0.885
-1.4 -0.735
-1.41 -0.7
-1.5 -0.77
-1.42 -0.665
-1.43 -0.735
-1.64 -0.73
-1.66 -0.885
-1.39 -0.715
-1.44 -0.795
-1.25 -0.685
-1.47 -0.785
-1.33 -0.695
-1.46 -0.765
-1.44 -0.79
-1.32 -0.725
-1.31 -0.565
-1.31 -0.61
-1.31 -0.53
-1.31 -0.585
-1.48 -0.67
-1.57 -0.855
-1.51 -0.8
-1.49 -0.82
-1.51 -0.765
-1.48 -0.7
-1.48 -0.72
-1.72 -0.905
-1.66 -0.885
-1.55 -0.84
-1.61 -0.87
-1.57 -0.85
-1.41 -0.77
-1.39 -0.735
-1.55 -0.655
-1.43 -0.55
-1.44 -0.57
-1.56 -0.76
-1.48 -0.7
-1.45 -0.715
-1.3 -0.635
-1.48 -0.695
-1.43 -0.69
-1.49 -0.79
-1.49 -0.775
-1.07 -0.495
-1.45 -0.765
-1.5 -0.715
-1.37 -0.485
-1.43 -0.57
-1.31 -0.51
-1.25 -0.45
-1.32 -0.435
-1.26 -0.245
-1.31 -0.24
-1.25 -0.34
-1.32 -0.5
-1.55 -0.755
-1.35 -0.7
-1.33 -0.69
-1.31 -0.635
-1.44 -0.705
-1.42 -0.62
-1.38 -0.46
-1.37 -0.48
-1.5 -0.615
-1.51 -0.69
-1.41 -0.73
-1.42 -0.695
-1.61 -0.815
-1.63 -0.825
-1.6 -0.855
-1.67 -0.915
-1.47 -0.83
-1.44 -0.8
-1.54 -0.78
-1.63 -0.875
-1.7 -0.89
-1.5 -0.795
-1.71 -0.895
-1.47 -0.76
-1.59 -0.85
-1.73 -0.905
-1.48 -0.795
-1.55 -0.75
-1.53 -0.77
-1.41 -0.695
-1.45 -0.675
-1.28 -0.605
-1.2 -0.455
-1.47 -0.43
-1.54 -0.555
-1.37 -0.755
-1.27 -0.575
-1.33 -0.47
-1.32 -0.54
-1.49 -0.59
-1.38 -0.575
-1.37 -0.565
-1.48 -0.685
-1.51 -0.765
-1.35 -0.59
-1.6 -0.865
-1.5 -0.735
-1.65 -0.87
-1.69 -0.875
-1.79 -0.935
-1.61 -0.855
-1.58 -0.865
-1.52 -0.755
-1.52 -0.685
-1.42 -0.69
-1.45 -0.71
-1.59 -0.86
-1.72 -0.92
-1.53 -0.805
-1.71 -0.91
-1.57 -0.83
-1.62 -0.875
-1.55 -0.79
-1.61 -0.77
-1.69 -0.89
-1.36 -0.715
-1.48 -0.79
-1.63 -0.825
-1.64 -0.895
-1.62 -0.88
-1.49 -0.815
-1.3 -0.725
-1.63 -0.795
-1.58 -0.775
-1.46 -0.67
-1.22 -0.32
-1.31 -0.525
-1.3 -0.625
-1.64 -0.835
-1.67 -0.88
-1.68 -0.9
-1.56 -0.875
-1.65 -0.89
-1.74 -0.92
-1.4 -0.81
-1.72 -0.915
-1.44 -0.745
-1.43 -0.755
-1.48 -0.725
-1.46 -0.735
-1.66 -0.855
-1.37 -0.77
-1.61 -0.875
-1.61 -0.82
-1.34 -0.62
-1.42 -0.83
-1.43 -0.8
-1.67 -0.885
-1.68 -0.885
-1.75 -0.915
-1.53 -0.81
-1.32 -0.615
-1.47 -0.73
-1.4 -0.65
-1.39 -0.74
-1.51 -0.815
-1.47 -0.72
-1.53 -0.83
-1.43 -0.74
-1.51 -0.785
-1.51 -0.785
-1.4 -0.785
-1.41 -0.62
-1.29 -0.51
-1.19 -0.505
-1.29 -0.595
-1.5 -0.74
-1.6 -0.855
-1.37 -0.76
-1.47 -0.75
-1.23 -0.525
-1.5 -0.765
-1.49 -0.755
-1.42 -0.685
-1.19 -0.445
-1.41 -0.53
-1.39 -0.725
-1.47 -0.67
-1.48 -0.76
-1.65 -0.865
-1.49 -0.78
-1.49 -0.76
-1.49 -0.75
-1.67 -0.755
-1.4 -0.675
-1.52 -0.795
-1.49 -0.815
