-1.82 -0.95
-1.37 -0.71
-1.55 -0.775
-1.33 -0.76
-1.38 -0.76
-1.28 -0.595
-1.37 -0.565
-1.39 -0.765
-1.49 -0.725
-1.35 -0.445
-1.23 -0.31
-1.21 -0.41
-1.21 -0.345
-1.2 -0.275
-1.17 -0.215
-1.28 -0.29
-1.27 -0.5
-1.26 -0.47
-1.16 -0.565
-1.51 -0.815
-1.48 -0.805
-1.48 -0.77
-1.59 -0.865
-1.53 -0.845
-1.38 -0.745
-1.39 -0.75
-1.57 -0.865
-1.39 -0.775
-1.61 -0.835
-1.47 -0.805
-1.44 -0.8
-1.57 -0.795
-1.5 -0.745
-1.36 -0.62
-1.39 -0.625
-1.38 -0.65
-1.47 -0.775
-1.36 -0.625
-1.46 -0.455
-1.18 -0.15
-1.16 -0.315
-1.38 -0.265
-1.03 -0.24
-1.05 -0.28
-1.05 -0.2
-1.18 -0.45
-1.32 -0.655
-1.33 -0.71
-1.49 -0.845
-1.43 -0.76
-1.63 -0.88
-1.42 -0.71
-1.33 -0.68
-1.25 -0.63
-1.37 -0.63
-1.62 -0.885
-1.5 -0.815
-1.12 -0.57
-1.49 -0.795
-1.39 -0.72
-1.27 -0.59
-1.31 -0.575
-1.23 -0.575
-1.23 -0.445
-1.19 -0.185
-1.08 -0.2
-1.01 0.055
-1.15 0.23
-1.29 0.34
-1.27 0.43
-1.37 0.525
-1.34 0.295
-1.23 0.25
-1.28 0.165
-1.23 0.285
-1.18 0.51
-1.19 0.405
-1.17 0.01
-1.24 -0.145
-1.18 -0.055
-1.13 0.12
-1.2 0.255
-1.26 0.115
-1.18 0.22
-1.27 0.385
-1.24 0.135
-1.23 0.09
-1.08 0.085
-1.31 0.56
-1.29 0.685
-1.48 0.845
-1.26 0.58
-1.17 0.685
-1.38 0.705
-1.38 0.635
-1.32 0.63
-1.35 0.65
-1.28 0.63
-1.35 0.675
-1.46 0.79
-1.73 0.915
-1.5 0.815
-1.53 0.755
-1.55 0.825
-1.64 0.865
-1.65 0.875
-1.67 0.89
-1.58 0.835
-1.43 0.76
-1.56 0.85
-1.58 0.855
-1.54 0.835
-1.28 0.71
-1.42 0.675
-1.29 0.67
-1.49 0.805
-1.72 0.92
-1.52 0.795
-1.64 0.86
-1.53 0.81
-1.45 0.77
-1.59 0.805
-1.48 0.78
-1.37 0.705
-1.4 0.775
-1.42 0.755
-1.67 0.885
-1.64 0.89
-1.65 0.89
-1.61 0.88
-1.36 0.755
-1.28 0.675
-1.55 0.83
-1.55 0.84
-1.23 0.635
-1.24 0.42
-1.47 0.685
-1.19 0.635
-1.25 0.685
-1.33 0.63
-1.35 0.755
-1.63 0.89
-1.45 0.77
-1.46 0.795
-1.38 0.715
-1.43 0.655
-1.22 0.625
-1.56 0.83
-1.35 0.74
-1.41 0.79
-1.29 0.665
-1.56 0.835
-1.42 0.78
-1.47 0.775
-1.21 0.585
-1.42 0.685
-1.59 0.865
-1.76 0.93
-1.7 0.885
-1.54 0.835
-1.5 0.8
-1.18 0.535
-1.33 0.58
-1.52 0.695
-1.44 0.795
-1.49 0.835
-1.29 0.755
-1.37 0.72
-1.32 0.68
-1.44 0.77
-1.49 0.82
-1.23 0.65
-1.51 0.835
-1.32 0.675
-1.35 0.655
-1.12 0.465
-1.08 0.42
-1.48 0.645
-1.17 0.225
-1.03 0.29
-1.14 0.18
-1.09 0.19
-1.32 0.165
-1.22 0.225
-1.2 0.22
-1.3 0.205
-1.19 0.175
-1.18 0.27
-1.23 0.38
-1.29 0.295
-1.13 0.175
-1.2 0.14
-1.33 0.08
-1.35 0.075
-1.19 0.355
-1.27 0.555
-1.22 0.575
-1.12 0.52
-1.42 0.79
-1.41 0.73
-1.42 0.755
-1.23 0.6
-1.32 0.475
-1.33 0.495
-1.37 0.505
-1.27 0.505
-1.39 0.62
-1.37 0.63
-1.33 0.63
-1.65 0.885
-1.26 0.585
-1.51 0.79
-1.63 0.88
-1.55 0.83
-1.22 0.55
-1.35 0.715
-1.39 0.615
-1.24 0.59
-1.39 0.655
-1.5 0.78
-1.48 0.795
-1.43 0.715
-1.44 0.7
-1.64 0.775
-1.31 0.445
-1.24 0.37
-1.38 0.59
-1.31 0.6
-1.32 0.575
-1.16 0.49
-1.42 0.765
-1.62 0.845
-1.35 0.735
-1.4 0.79
-1.38 0.695
-1.05 0.445
-1.15 0.32
-1.08 0.39
-0.96 0.16
-1.42 0.54
-1.37 0.645
-1.33 0.65
-1.43 0.77
-1.44 0.765
-1.35 0.7
-1.32 0.71
-1.43 0.805
-1.51 0.825
-1.61 0.845
-1.38 0.745
-1.47 0.76
-1.25 0.7
-1.5 0.815
-1.4 0.73
-1.25 0.585
-1.17 0.365
-1.14 0.48
-1.47 0.81
-1.38 0.765
-1.43 0.66
-1.38 0.675
-1.2 0.575
-1.36 0.64
-1.4 0.76
-1.41 0.74
-1.46 0.775
-1.36 0.75
-1.33 0.58
-1.5 0.705
-1.59 0.835
-1.38 0.67
-1.65 0.84
-1.11 0.53
-1.25 0.41
-1.42 0.555
-1.28 0.425
-1.15 0.37
-1.33 0.565
-1.19 0.485
-1.4 0.585
-1.23 0.41
-1.44 0.75
-1.23 0.59
-1.38 0.52
-1.35 0.555
-1.23 0.365
-1.2 0.505
-1.29 0.22
-1.31 0.545
-1.43 0.795
-1.48 0.81
-1.39 0.755
-0.97 0.47
-1.36 0.66
-1.15 0.595
-1.23 0.485
-1.2 0.58
-1.34 0.72
-1.26 0.68
-1.36 0.76
-1.61 0.775
-1.56 0.745
-1.55 0.765
-1.51 0.775
-1.32 0.61
-1.28 0.595
-1.12 0.57
-1.38 0.58
-1.36 0.645
-1.29 0.685
-1.28 0.68
-1.34 0.69
-1.41 0.75
-1.68 0.905
-1.38 0.73
-1.42 0.78
-1.5 0.79
-1.41 0.7
-1.57 0.84
-1.49 0.79
-1.48 0.78
-1.47 0.8
-1.51 0.835
-1.6 0.855
-1.36 0.75
-1.59 0.845
-1.44 0.74
-1.45 0.74
-1.66 0.875
-1.44 0.79
-1.41 0.75
-1.13 0.585
-1.17 0.475
-1.35 0.725
-1.61 0.79
-1.48 0.82
-1.48 0.76
-1.41 0.7
-1.31 0.615
-1.29 0.7
-1.19 0.53
-1.23 0.56
-1.51 0.825
-1.44 0.795
-1.2 0.645
-1.27 0.375
-1.34 0.58
-1.52 0.835
-1.58 0.815
-1.4 0.755
-1.56 0.83
-1.73 0.92
-1.76 0.885
-1.28 0.535
-1.38 0.61
-1.41 0.705
-1.44 0.695
-1.42 0.64
-1.52 0.675
-1.43 0.715
-1.38 0.665
-1.47 0.68
-1.33 0.69
-1.61 0.825
-1.54 0.78
-1.51 0.795
-1.65 0.855
-1.39 0.765
-1.3 0.7
-1.4 0.765
-1.35 0.71
-1.47 0.79
-1.52 0.765
-1.32 0.715
-1.27 0.63
-1.3 0.64
-1.48 0.77
-1.33 0.7
-1.46 0.815
-1.47 0.81
-1.54 0.775
-1.38 0.685
-1.41 0.705
-1.43 0.75
-1.49 0.81
-1.58 0.845
-1.48 0.73
-1.49 0.8
-1.43 0.7
-1.31 0.665
-1.59 0.72
-1.41 0.64
-1.2 0.595
-1.01 0.38
-1.26 0.515
-1.41 0.51
-1.33 0.57
-1.13 0.42
-1.14 0.45
-1.15 0.335
-1.13 0.15
-1.01 0.075
-1.28 0.35
-1.25 0.39
-1.31 0.26
-1.34 0.525
-1.31 0.615
-1.43 0.735
-1.3 0.665
-1.24 0.455
-1.46 0.575
-1.45 0.6
-1.16 0.43
-1.23 0.315
-1.34 0.225
-1.12 0.165
-1.1 0.065
-1.02 -0.15
-1.04 -0.115
-1.34 -0.42
-1.32 -0.615
-1.29 -0.325
-1.28 -0.42
-1.22 -0.32
-1.36 -0.545
-1.37 -0.62
-1.3 -0.46
-1.19 -0.285
-1.25 -0.59
-1.3 -0.535
-1.03 -0.3
-1.22 -0.305
-1.36 -0.445
-1.27 -0.29
-1.08 0.01
-1.06 -0.155
-1.17 -0.275
-1.24 -0.41
-1.13 -0.55
-1.39 -0.59
-1.41 -0.355
-1.03 -0.285
-1.13 -0.485
-1.31 -0.54
-1.34 -0.53
-1.29 -0.61
-1.29 -0.615
-1.5 -0.66
-1.26 -0.34
-1.16 -0.265
-1.12 -0.265
-1.25 0.07
-1.02 0.155
-1.13 0.1
-1.29 0.055
-1.12 -0.035
-1.26 -0.22
-1.23 -0.4
-1.29 -0.25
-1.26 -0.095
-1.12 0.07
-1.23 0.03
-1.27 0.01
-1.27 -0.07
-1.2 -0.27
-1.3 -0.445
-1.52 -0.765
-1.35 -0.67
-1.32 -0.71
-1.47 -0.765
-1.06 -0.385
-1.02 -0.245
-1.03 -0.155
-1.12 0.19
-1.16 0.17
-1.31 0.27
-1.08 0.32
-1.26 0.23
-1.24 0.445
-1.19 0.43
-1.23 0.45
-1.19 0.51
-1.47 0.68
-1.5 0.785
-1.44 0.81
-1.35 0.61
-1.38 0.73
-1.29 0.68
-1.3 0.59
-1.21 0.435
-1.35 0.57
-1.15 0.615
-1.2 0.49
-1.17 0.355
-1.21 0.33
-1.19 0.315
-1.24 0.51
-1.32 0.49
-1.26 0.4
-1.25 0.535
-1.28 0.69
-1.28 0.605
-1.16 0.54
-1.35 0.495
-1.18 0.195
-1.09 0.18
-1.19 0.285
-1.14 -0.09
-0.99 -0.105
-1.08 -0.13
-1.39 -0.475
-1.28 -0.505
-1.22 -0.53
-1.29 -0.45
-1.25 -0.45
-1.33 -0.57
-1.16 -0.55
-1.34 -0.725
-1.46 -0.65
-1.35 -0.745
-1.49 -0.785
-1.31 -0.64
-1.41 -0.69
-1.31 -0.655
-1.32 -0.53
-1.31 -0.605
-1.35 -0.53
-1.43 -0.665
-1.26 -0.425
-1.25 -0.35
-1.27 -0.21
-1.15 -0.045
-0.97 -0.035
-1.19 0.12
-1.26 0.27
-1.15 0.23
-1.18 0.565
-1.19 0.48
-1.28 0.47
-1.27 0.485
-1.12 0.145
-1.13 0.015
-1.21 0.1
-1.17 0.2
-1.2 0.285
-1.14 -0.06
-1.17 -0.02
-1.06 -0.02
-1.13 0
-1.27 -0.015
-1.26 -0.24
-1.33 -0.345
-1.44 -0.395
-1.26 -0.405
-1.26 -0.36
-1.21 -0.335
-1.11 -0.145
-1.1 -0.295
-1.17 -0.29
-1.36 -0.52
-1.35 -0.52
-1.24 -0.64
-1.2 -0.49
-1.19 -0.355
-1.14 -0.475
-1.2 -0.43
-1.19 -0.33
-1.24 -0.245
-1.25 -0.225
-1.32 -0.275
-1.22 -0.24
-1.3 -0.47
-1.32 -0.42
-1.33 -0.235
-1.03 0.195
-1.21 0.485
-1.26 0.495
-1.24 0.535
-1.37 0.74
-1.61 0.87
-1.54 0.82
-1.35 0.745
-1.25 0.605
-1.26 0.355
-1.3 0.345
-1.16 0.54
-1.34 0.69
-1.34 0.675
-1.25 0.585
-1.16 0.52
-1.21 0.415
-1.29 0.485
-1.39 0.72
-1.27 0.61
-1.44 0.72
-1.38 0.7
-1.36 0.615
-1.14 0.535
-1.48 0.76
-1.39 0.665
-1.53 0.675
-1.24 0.57
-1.55 0.775
-1.4 0.795
-1.5 0.74
-1.47 0.745
-1.46 0.745
-1.51 0.8
-1.49 0.795
-1.28 0.635
-1.39 0.635
-1.29 0.59
-1.24 0.565
-1.43 0.64
-1.51 0.85
-1.38 0.735
-1.47 0.74
-1.37 0.705
-1.52 0.855
-1.61 0.86
-1.55 0.83
-1.55 0.82
-1.46 0.76
-1.38 0.72
-1.33 0.635
-1.37 0.785
-1.48 0.795
-1.31 0.69
-1.57 0.84
-1.34 0.72
-1.29 0.52
-1.41 0.795
-1.73 0.91
-1.47 0.775
-1.49 0.77
-1.4 0.755
-1.65 0.87
-1.45 0.775
-1.67 0.84
-1.54 0.78
-1.6 0.785
-1.41 0.76
-1.31 0.59
-1.33 0.665
-1.22 0.345
-1.27 0.44
-1.19 0.515
-1.63 0.89
-1.6 0.85
-1.66 0.895
-1.47 0.77
-1.26 0.535
-1.32 0.46
-1.26 0.515
-1.22 0.465
-1.42 0.69
-1.52 0.76
-1.45 0.765
-1.34 0.7
-1.37 0.6
-1.41 0.665
-1.32 0.655
-1.36 0.655
-1.35 0.59
-1.14 0.195
-1.27 0.03
-1.09 -0.15
-1.32 -0.165
-1.21 -0.015
-1.14 -0.045
-1.26 -0.12
-1.34 -0.31
-1.31 -0.235
-1.21 -0.235
-1.16 -0.115
-1.33 0.57
-1.19 0.395
-1.23 0.275
-1.13 0.335
-1.32 0.365
-1.29 0.4
-1.23 0.415
-1.14 0.45
-1 0.505
-1.09 0.37
-1.09 0.37
-1.2 0.565
-1.26 0.68
-1.51 0.82
-1.49 0.795
-1.43 0.725
-1.41 0.715
-1.5 0.765
-1.63 0.835
-1.37 0.725
-1.61 0.86
-1.51 0.775
-1.52 0.73
-1.28 0.53
-1.47 0.755
-1.27 0.545
-1.27 0.54
-1.32 0.345
-1.15 0.285
-1.04 -0.025
-1.17 0.13
-1.15 0
-1.09 -0.115
-1.01 -0.025
-1.03 0.06
-1.02 -0.19
-1.1 -0.295
-1.08 -0.305
-1.07 -0.485
-1.49 -0.63
-1.33 -0.445
-1.23 -0.495
-1.62 -0.74
-1.32 -0.645
-1.54 -0.77
-1.26 -0.655
-1.06 -0.565
-1.52 -0.85
-1.42 -0.76
-1.59 -0.84
-1.62 -0.875
-1.45 -0.81
-1.44 -0.755
-1.29 -0.535
-1.35 -0.585
-1.23 -0.505
-1.23 -0.57
-1.4 -0.46
-1.36 -0.685
-1.55 -0.69
-1.2 -0.345
-1.2 -0.26
-1.29 -0.41
-1.26 -0.435
-1.28 -0.385
-1.25 -0.4
-1.11 -0.09
-1.2 -0.175
-1.27 -0.23
-1.12 -0.345
-1.1 -0.405
-1.32 -0.675
-1.07 -0.33
-1.25 -0.4
-1.29 -0.24
-1.23 -0.2
-1.06 -0.355
-1.27 -0.415
-1.32 -0.24
-1.18 -0.23
-1.2 -0.065
-1.06 0.05
-1.18 0.185
-0.99 0.11
-1.23 0.13
-1.36 0.095
-1.4 0.12
-1.27 0.465
-1.24 0.62
-1.27 0.655
-1.57 0.81
-1.43 0.775
-1.19 0.375
-1.21 0.25
-1.22 0.45
-1.13 0.555
-1.46 0.675
-1.33 0.63
-1.26 0.385
-1.18 0.495
-1.24 0.55
-1.23 0.49
-1.25 0.605
-1.38 0.73
-1.65 0.885
-1.67 0.885
-1.53 0.835
-1.43 0.665
-1.13 0.58
-1.41 0.715
-1.61 0.795
-1.44 0.565
-1.29 0.515
-1.31 0.55
-1.48 0.63
-1.44 0.66
-1.19 0.61
-1.35 0.68
-1.19 0.505
-1.38 0.58
-1.32 0.475
-1.39 0.685
-1.31 0.59
-1.56 0.755
-1.38 0.69
-1.33 0.725
-1.48 0.81
-1.43 0.72
-1.3 0.625
-1.19 0.545
-1.38 0.715
-1.29 0.68
-1.26 0.69
-1.54 0.775
-1.3 0.745
-1.66 0.895
-1.34 0.76
-1.43 0.75
-1.68 0.905
-1.48 0.79
-1.34 0.76
-1.6 0.865
-1.11 0.445
-1.08 0.33
-1.16 0.04
-1.2 -0.095
-1.31 -0.27
-1.08 -0.25
-1.24 -0.415
-1.38 -0.425
-1.13 -0.435
-1.06 -0.38
-1.16 -0.55
-1.4 -0.73
-1.3 -0.755
-1.39 -0.585
-1.32 -0.635
-1.4 -0.77
-1.41 -0.75
-1.55 -0.84
-1.57 -0.82
-1.42 -0.7
-1.56 -0.845
-1.45 -0.785
-1.31 -0.62
-1.1 -0.36
-1.3 -0.625
-1.51 -0.76
-1.43 -0.74
-1.35 -0.71
-1.6 -0.85
-1.48 -0.735
-1.5 -0.76
-1.52 -0.81
-1.52 -0.78
-1.32 -0.685
-1.61 -0.835
-1.24 -0.69
-1.5 -0.75
-1.22 -0.635
-1.29 -0.635
-1.21 -0.575
-1.35 -0.62
-1.32 -0.49
-1.15 -0.42
-1.24 -0.45
-1.07 0
-1.02 -0.045
-1.24 -0.495
-1.37 -0.66
-1.3 -0.595
-1.3 -0.485
-1.44 -0.715
-1.43 -0.765
-1.25 -0.645
-1.39 -0.595
-1.26 -0.45
-1.08 -0.33
-1.27 -0.415
-1.32 -0.47
-1.22 -0.455
-1.27 -0.495
-1.36 -0.7
-1.57 -0.805
-1.5 -0.805
-1.47 -0.82
-1.35 -0.635
-1.25 -0.605
-1.41 -0.655
-1.47 -0.7
-1.26 -0.565
-1.52 -0.66
-1.25 -0.7
-1.5 -0.85
-1.14 -0.65
-1.26 -0.62
-1.46 -0.8
-1.32 -0.66
-1.34 -0.655
-1.39 -0.705
-1.3 -0.655
-1.27 -0.395
-1.29 -0.305
-1.22 -0.33
-1.28 -0.42
-1.25 -0.405
-1.35 -0.335
-1.08 -0.36
-1.33 -0.495
-1.18 -0.52
-1.2 -0.415
-1.26 -0.37
-1.35 -0.65
-1.42 -0.65
-1.26 -0.52
-1.49 -0.745
-1.26 -0.63
-1.18 -0.47
-1.44 -0.77
-1.37 -0.705
-1.56 -0.855
-1.59 -0.83
-1.46 -0.79
-1.66 -0.895
-1.49 -0.845
-1.42 -0.74
-1.44 -0.72
-1.47 -0.75
-1.54 -0.775
-1.48 -0.755
-1.45 -0.695
-1.3 -0.51
-1.47 -0.71
-1.54 -0.815
-1.36 -0.715
-1.22 -0.59
-1.49 -0.76
-1.27 -0.71
-1.49 -0.6
-1.3 -0.39
-1.28 -0.47
-1.54 -0.545
-1.26 -0.585
-1.55 -0.845
-1.26 -0.715
-1.35 -0.605
-1.48 -0.805
-1.5 -0.76
-1.35 -0.595
-1.4 -0.715
-1.2 -0.57
-1.2 -0.585
-1.21 -0.53
-1.18 -0.37
-1.19 -0.37
-1.37 -0.46
-1.38 -0.62
-1.48 -0.74
-1.39 -0.69
-1.41 -0.65
-1.1 -0.48
-1.11 -0.485
-1.41 -0.685
-1.4 -0.695
-1.34 -0.655
-1.14 -0.49
-1.44 -0.725
-1.57 -0.78
-1.43 -0.775
-1.31 -0.64
-1.54 -0.825
-1.45 -0.78
-1.4 -0.72
-1.37 -0.695
-1.47 -0.82
-1.46 -0.79
-1.6 -0.855
-1.6 -0.825
-1.23 -0.615
-1.44 -0.68
-1.47 -0.745
-1.36 -0.675
-1.23 -0.405
-1.23 -0.245
-1.29 -0.49
-1.29 -0.535
-1.43 -0.53
-1.27 -0.405
-1.29 -0.395
-1.2 0.025
-1.09 0.145
-1.39 0.385
-1.49 0.73
-1.55 0.755
-1.24 0.625
-1.34 0.625
-1.33 0.57
-1.34 0.645
-1.5 0.83
-1.55 0.825
-1.33 0.755
-1.51 0.81
-1.51 0.805
-1.3 0.575
-1.48 0.71
-1.31 0.665
-1.25 0.435
-1.38 0.705
-1.48 0.675
-1.23 0.585
-1.45 0.74
-1.47 0.78
-1.33 0.695
-1.49 0.765
-1.6 0.855
-1.63 0.87
-1.54 0.855
-1.1 0.55
-1.29 0.655
-1.41 0.735
-1.58 0.86
-1.28 0.66
-1.64 0.865
-1.59 0.86
-1.66 0.885
-1.49 0.795
-1.5 0.825
-1.59 0.845
-1.4 0.695
-1.54 0.785
-1.38 0.72
-1.42 0.69
-1.28 0.645
-1.38 0.41
-1.38 0.465
-1.08 0.535
-1.15 0.6
-1.33 0.555
-1.39 0.69
-1.33 0.685
-1.39 0.76
-1.56 0.87
-1.51 0.77
-1.7 0.895
-1.54 0.83
-1.34 0.64
-1.19 0.53
-1.29 0.505
-1.3 0.555
-1.15 0.345
-1.32 0.52
-1.24 0.66
-1.43 0.68
-1.42 0.665
-1.46 0.78
-1.23 0.535
-1.32 0.645
-1.32 0.595
-1.17 0.51
-1.48 0.775
-1.05 0.38
-1.44 0.44
-1.3 0.495
-1.2 0.325
-1.24 0.16
-1.26 0.295
-1.15 -0.095
-1.13 -0.31
-1.08 -0.245
-1.17 -0.165
-1.15 -0.11
-1.16 -0.2
-1.26 -0.315
-1.2 -0.335
-1.28 -0.45
-1.18 -0.305
-1.4 -0.37
-1.27 -0.215
-1.17 -0.25
-1.18 -0.22
-1.16 0.08
-1.18 0.155
-0.9 0.16
-1.08 0.15
-1.38 0.41
-1.21 0.19
-1.22 -0.02
-1.17 0.02
-1.19 0.23
-1.17 0.445
-1.28 0.57
-1.38 0.705
-1.33 0.585
-1.32 0.67
-1.43 0.71
-1.36 0.72
-1.37 0.745
-1.64 0.825
-1.29 0.74
-1.4 0.685
-1.3 0.705
-1.48 0.82
-1.47 0.815
-1.59 0.835
-1.48 0.75
-1.51 0.805
-1.42 0.685
-1.4 0.765
-1.54 0.78
-1.22 0.5
-1.21 0.525
-1.35 0.545
-1.22 0.465
-1.42 0.69
-1.56 0.845
-1.32 0.765
-1.53 0.75
-1.42 0.73
-1.43 0.795
-1.49 0.755
-1.5 0.79
-1.37 0.74
-1.35 0.735
-1.51 0.805
-1.42 0.74
-1.68 0.9
-1.68 0.9
-1.55 0.78
-1.62 0.875
-1.57 0.825
-1.46 0.705
-1.59 0.86
-1.46 0.795
-1.44 0.765
-1.32 0.72
-1.44 0.775
-1.52 0.845
-1.61 0.865
-1.29 0.71
-1.39 0.705
-1.55 0.845
-1.53 0.835
-1.31 0.64
-1.55 0.7
-1.46 0.76
-1.34 0.72
-1.54 0.775
-1.27 0.645
-1.48 0.625
-1.2 0.395
-1.22 0.425
-0.98 0.285
-1.26 0.15
-1.3 0.05
-1.17 -0.035
-1.27 -0.05
-1.14 -0.165
-1.22 -0.6
-1.4 -0.635
-1.34 -0.695
-1.46 -0.81
-1.27 -0.645
-1.3 -0.725
-1.44 -0.76
-1.49 -0.72
-1.49 -0.8
-1.35 -0.7
-1.44 -0.73
-1.31 -0.585
-1.5 -0.79
-1.41 -0.685
-1.28 -0.485
-1.16 -0.575
-1.13 -0.51
-1.25 -0.535
-1.26 -0.495
-1.22 -0.43
-1.15 -0.6
-1.22 -0.565
-1.39 -0.74
-1.34 -0.7
-1.46 -0.785
-1.4 -0.63
-1.47 -0.835
-1.62 -0.81
-1.59 -0.87
-1.27 -0.68
-1.4 -0.665
-1.57 -0.865
-1.62 -0.86
-1.58 -0.78
-1.31 -0.645
-1.37 -0.615
-1.03 -0.28
-1.23 -0.61
-1.44 -0.755
-1.53 -0.82
-1.65 -0.89
-1.5 -0.785
-1.25 -0.5
-1.14 -0.43
-1.24 -0.49
-0.92 -0.055
-1.19 -0.21
-1.22 -0.055
-1.19 0.06
-1.07 -0.24
-1.25 -0.56
-1.37 -0.63
-1.29 -0.68
-1.37 -0.62
-1.16 -0.48
-1.37 -0.61
-1.27 -0.545
-1.28 -0.52
-1.36 -0.74
-1.41 -0.655
-1.24 -0.49
-1.2 -0.555
-1.37 -0.61
-1.45 -0.74
-1.51 -0.79
-1.36 -0.71
-1.21 -0.7
-1.27 -0.725
-1.53 -0.835
-1.71 -0.92
-1.48 -0.82
-1.44 -0.7
-1.26 -0.63
-1.23 -0.415
-1.13 -0.32
-1.04 0
-1.17 -0.16
-1.07 -0.045
-1.22 -0.31
-1.24 -0.38
-1.2 -0.2
-1.29 -0.345
-1.26 -0.215
-1.25 -0.22
-1.15 -0.18
-0.98 0.04
-1.14 -0.045
-1.13 -0.12
-1.25 -0.045
-1.34 0.335
-1.26 0.49
-1.34 0.5
-1.29 0.45
-1.44 0.545
-1.49 0.595
-1.43 0.755
-1.35 0.74
-1.32 0.59
-1.3 0.5
-1.33 0.545
-1.47 0.68
-1.41 0.685
-1.63 0.85
-1.47 0.795
-1.39 0.7
-1.23 0.54
-1.24 0.515
-1.35 0.775
-1.41 0.675
-1.48 0.74
-1.55 0.835
-1.46 0.74
-1.34 0.7
-1.47 0.725
-1.58 0.855
-1.12 0.58
-1.23 0.46
-1.19 0.285
-1.18 0.27
-1.2 0.32
-1.22 0.245
-1.24 -0.095
-1.37 -0.035
-1.14 0.015
-1.13 -0.055
-1.26 -0.34
-1.37 -0.415
-1.17 -0.41
-1.17 -0.29
-1.18 -0.135
-1.34 -0.14
-1.12 -0.035
-1.19 0.01
-1.12 -0.11
-1.26 0.085
-1.19 0.075
-1.32 0.365
-1.22 0.36
-1.23 0.35
-1.27 0.485
-1.27 0.385
-1.32 0.54
-1.2 0.45
-1.26 0.33
-1.28 0.52
-1.21 0.4
-1.38 0.455
-1.3 0.465
-1.34 0.605
-1.25 0.455
-1.34 0.745
-1.44 0.755
-1.32 0.635
-1.3 0.52
-1.45 0.665
-1.38 0.78
-1.3 0.65
-1.53 0.64
-1.41 0.645
-1.27 0.595
-1.47 0.79
-1.33 0.65
-1.32 0.615
-1.4 0.67
-1.51 0.815
-1.21 0.575
-1.41 0.69
-1.28 0.57
-1.39 0.67
-1.38 0.405
-1.17 0.245
-1.2 0.13
-1.25 0.065
-1.21 0.25
-1.03 0.165
-1.01 0.31
-1.23 0.265
-1.04 -0.1
-1.32 -0.17
-1.16 -0.135
-1.27 -0.46
-1.37 -0.545
-1.38 -0.625
-1.61 -0.82
-1.31 -0.71
-1.51 -0.79
-1.37 -0.695
-1.55 -0.83
-1.53 -0.845
-1.49 -0.765
-1.43 -0.765
-1.26 -0.68
-1.59 -0.875
-1.68 -0.9
-1.52 -0.84
-1.27 -0.585
-1.23 -0.64
-1.28 -0.61
-1.36 -0.695
-1.43 -0.775
-1.45 -0.69
-1.4 -0.76
-1.51 -0.84
-1.45 -0.82
-1.32 -0.71
-1.43 -0.61
-1.42 -0.75
-1.32 -0.71
-1.35 -0.725
-1.4 -0.68
-1.48 -0.76
-1.46 -0.78
-1.53 -0.785
-1.42 -0.745
-1.44 -0.76
-1.55 -0.81
-1.41 -0.74
-1.33 -0.705
-1.48 -0.795
-1.46 -0.685
-1.42 -0.79
-1.29 -0.615
-1.23 -0.65
-1.46 -0.75
-1.47 -0.75
-1.33 -0.625
-1.27 -0.52
-1.23 -0.56
-1.25 -0.44
-1.17 -0.455
-1.22 -0.43
-1.28 -0.195
-1.28 -0.46
-1.18 -0.43
-1.3 -0.61
-1.19 -0.445
-1.25 -0.325
-1.18 -0.06
-1.21 -0.24
-1.02 -0.2
-1.18 -0.165
-1.12 0.045
-1.25 0.22
-1.17 0.285
-1.38 0.33
-1.29 0.52
-1.03 0.355
-1.27 0.375
-1.18 0.56
-1.18 0.545
-1.48 0.73
-1.56 0.835
-1.52 0.775
-1.39 0.73
-1.44 0.79
-1.31 0.655
-1.39 0.71
-1.34 0.665
-1.31 0.765
-1.43 0.77
-1.36 0.65
-1.21 0.55
-1.21 0.575
-1.36 0.43
-1.09 0.315
-1.12 0.22
-0.95 0.12
-1.23 0.38
-1.05 0.4
-1.55 0.73
-1.46 0.735
-1.56 0.85
-1.35 0.665
-1.38 0.645
-1.35 0.625
-1.48 0.66
-1.43 0.69
-1.54 0.78
-1.11 0.56
-1.21 0.61
-1.11 0.385
-1.12 0.37
-1.13 0.265
-1.3 0.335
-1.27 0.05
-1.25 0.085
-1.08 0.105
-1.19 0.46
-1.17 0.455
-1.22 0.52
-1.23 0.34
-1.45 0.62
-1.35 0.65
-1.27 0.475
-1.18 0.565
-1.17 0.58
-1.33 0.7
-1.38 0.7
-1.54 0.81
-1.53 0.795
-1.34 0.63
-1.55 0.805
-1.27 0.72
-1.4 0.695
-1.15 0.645
-1.35 0.68
-1.45 0.795
-1.45 0.8
-1.37 0.725
-1.48 0.82
-1.48 0.595
-1.24 0.545
-1.43 0.675
-1.42 0.78
-1.32 0.655
-1.41 0.725
-1.52 0.805
-1.41 0.7
-1.26 0.61
-1.41 0.76
-1.23 0.55
-1.45 0.38
-1.22 0.455
-1.22 0.53
-1.32 0.665
-1.48 0.77
-1.38 0.705
-1.35 0.6
-1.44 0.76
-1.54 0.8
-1.42 0.72
-1.39 0.69
-1.4 0.62
-1.44 0.79
-1.51 0.805
-1.45 0.765
-1.14 0.565
-1.51 0.56
-1.34 0.67
-1.54 0.85
-1.42 0.76
-1.36 0.71
-1.18 0.52
-1.11 0.53
-1.24 0.385
-1.24 0.64
-1.57 0.845
-1.39 0.655
-1.39 0.735
-1.4 0.735
-1.46 0.695
-1.3 0.67
-1.6 0.855
-1.3 0.7
-1.23 0.445
-1.13 0.435
-1.33 0.325
-1.21 0.31
-1.23 0.22
-1.15 0.365
-1.05 0.195
-0.99 0.205
-1.08 0.325
-1.18 0.3
-1.39 0.35
-1.12 0.32
-1.28 0.425
-1.31 0.515
-1.38 0.645
-1.35 0.66
-1.51 0.795
-1.51 0.83
-1.58 0.87
-1.62 0.85
-1.6 0.865
-1.63 0.87
-1.52 0.84
-1.47 0.75
-1.21 0.54
-1.21 0.595
-1.39 0.74
-1.47 0.78
-1.29 0.64
-1.26 0.53
-1.44 0.765
-1.48 0.775
-1.62 0.88
-1.35 0.735
-1.53 0.825
-1.09 0.625
-1.48 0.78
-1.25 0.52
-1.39 0.66
-1.27 0.65
-1.57 0.79
-1.36 0.65
-1.35 0.575
-1.29 0.62
-1.41 0.705
-1.47 0.775
-1.62 0.88
-1.42 0.76
-1.28 0.665
-1.49 0.71
-1.55 0.745
-1.38 0.775
-1.5 0.85
-1.59 0.84
-1.6 0.865
-1.44 0.715
-1.42 0.66
-1.47 0.55
-1.47 0.815
-1.6 0.84
-1.51 0.73
-1.41 0.695
-1.44 0.745
-1.45 0.76
-1.28 0.505
-1.09 0.385
-0.98 0.37
-1.66 0.855
-1.66 0.87
-1.51 0.805
-1.43 0.705
-1.34 0.73
-1.52 0.755
-1.43 0.8
-1.6 0.87
-1.53 0.79
-1.46 0.785
-1.51 0.785
-1.28 0.595
-1.42 0.6
-1.47 0.8
-1.52 0.79
-1.24 0.64
-1.17 0.605
-1.15 0.595
-1.21 0.265
-1.3 0.535
-1.33 0.65
-1.6 0.885
-1.55 0.76
-1.5 0.74
-1.45 0.755
-1.39 0.68
-1.3 0.72
-1.38 0.75
-1.26 0.555
-1.26 0.68
-1.51 0.66
-1.29 0.61
-1.44 0.76
-1.42 0.63
-1.56 0.835
-1.39 0.72
-1.39 0.75
-1.47 0.755
-1.52 0.835
-1.52 0.765
-1.24 0.675
-1.27 0.66
-1.38 0.74
-1.16 0.595
-1.42 0.7
-1.35 0.645
-1.42 0.58
-1.43 0.75
-1.6 0.79
-1.48 0.805
-1.58 0.795
-1.49 0.765
-1.45 0.79
-1.57 0.84
-1.34 0.71
-1.41 0.63
-1.3 0.655
-1.3 0.515
-1.24 0.55
-1.16 0.395
-1.21 0.51
-1.19 0.27
-1.29 0.505
-1.34 0.59
-1.15 0.455
-1.15 0.31
-1.18 0.445
-1.41 0.695
-1.29 0.635
-1.42 0.605
-1.25 0.485
-1.24 0.3
-1.38 0.265
-1.25 0.23
-1.06 0.005
-1.13 0.02
-1.16 -0.01
-1.2 -0.245
-1.19 -0.25
-1.17 -0.485
-1.12 -0.54
-1.45 -0.665
-1.26 -0.6
-1.42 -0.585
-1.51 -0.785
-1.44 -0.78
-1.44 -0.745
-1.58 -0.845
-1.48 -0.815
-1.4 -0.73
-1.35 -0.69
-1.45 -0.76
-1.19 -0.615
-1.35 -0.755
-1.51 -0.785
-1.53 -0.755
-1.41 -0.685
-1.46 -0.76
-1.76 -0.91
-1.75 -0.895
-1.48 -0.835
-1.54 -0.805
-1.49 -0.735
-1.25 -0.565
-1.39 -0.63
-1.6 -0.845
-1.47 -0.665
-1.05 -0.475
-1.14 -0.55
-1.11 -0.47
-1.06 -0.215
-1.28 -0.3
-1.08 -0.395
-1.25 -0.55
-1.38 -0.73
-1.54 -0.785
-1.19 -0.62
-1.53 -0.83
-1.35 -0.545
-1.27 -0.48
-1.18 -0.58
-1.22 -0.645
-1.26 -0.65
-1.22 -0.65
-1.52 -0.67
-1.23 -0.635
-1.48 -0.75
-1.57 -0.85
-1.44 -0.735
-1.45 -0.74
-1.54 -0.84
-1.36 -0.66
-1.19 -0.34
-1.12 -0.4
-1.29 -0.655
-1.34 -0.735
-1.23 -0.635
-1.13 -0.435
-1.39 -0.605
-1.11 -0.37
-1.31 -0.49
-1.47 -0.53
-1.22 -0.41
-1.37 -0.49
-1.37 -0.34
-1.34 -0.48
-1.27 -0.48
-1.35 -0.62
-1.4 -0.54
-1.27 -0.565
-1.17 -0.465
-1.25 -0.41
-1.16 -0.45
-1.1 -0.34
-1.04 -0.38
-1.41 -0.475
-1.1 -0.245
-1.02 0.13
-1.06 0.255
-1.57 0.805
-1.77 0.925
-1.33 0.66
-1.23 0.6
-1.23 0.55
-1.22 0.475
-1.45 0.645
-1.3 0.575
-1.46 0.785
-1.43 0.8
-1.52 0.715
-1.46 0.75
-1.37 0.635
-1.48 0.785
-1.61 0.88
-1.48 0.755
-1.29 0.54
-1.31 0.565
-1.37 0.71
-1.56 0.855
-1.51 0.83
-1.4 0.785
-1.5 0.81
-1.3 0.61
-1.46 0.81
-1.35 0.62
-1.22 0.63
-1.26 0.68
-1.45 0.63
-1.3 0.5
-0.98 0.355
-1.23 0.435
-1.22 0.585
-1.32 0.73
-1.29 0.62
-1.11 0.335
-1.19 0.48
-1.13 0.37
-1.11 0.155
-1.2 0.265
-1.1 -0.06
-1.16 0.245
-1.31 0.475
-1.18 0.44
-1.14 0.345
-1.14 0.24
-1.07 0.255
-1.23 0.28
-1.21 0.04
-1.31 0.125
-1.13 0.165
-1.27 0.105
-1.19 -0.285
-1.4 -0.445
-1.32 -0.38
-1.35 -0.605
-1.34 -0.72
-1.36 -0.47
-1.2 -0.395
-1.22 -0.405
-1.17 -0.165
-1.2 -0.135
-1.26 -0.12
-1.03 -0.04
-1.22 0.17
-1.15 0.07
-1.11 -0.085
-1.25 -0.495
-1.27 -0.475
-1.38 -0.385
-1.3 -0.35
-1.21 -0.235
-1.34 -0.39
-1.36 -0.585
-1.33 -0.63
-1.16 -0.65
-1.45 -0.805
-1.39 -0.675
-1.22 -0.575
-1.36 -0.72
-1.45 -0.78
-1.42 -0.655
-1.27 -0.535
-1.55 -0.84
-1.35 -0.55
-1.23 -0.51
-1.1 -0.45
-1.26 -0.55
-1.31 -0.585
-1.21 -0.645
-1.19 -0.53
-1.09 -0.445
-1.21 -0.525
-1.43 -0.715
-1.55 -0.81
-1.29 -0.675
-1.22 -0.51
-1.19 -0.42
-1.4 -0.505
-1.34 -0.53
-1.39 -0.735
-1.3 -0.665
-1.33 -0.525
-1.32 -0.515
-1.24 -0.485
-1.46 -0.54
-1.15 -0.36
-1.45 -0.55
-1.29 -0.315
-1.15 -0.515
-1.15 -0.54
-1.44 -0.675
-1.44 -0.735
-1.64 -0.835
-1.64 -0.88
-1.2 -0.66
-1.21 -0.665
-1.37 -0.745
-1.46 -0.72
-1.54 -0.775
-1.43 -0.715
-1.48 -0.76
-1.48 -0.785
-1.36 -0.71
-1.48 -0.84
-1.64 -0.895
-1.42 -0.685
-1.49 -0.79
-1.39 -0.735
-1.43 -0.71
-1.4 -0.76
-1.26 -0.7
-1.53 -0.8
-1.55 -0.84
-1.38 -0.71
-1.42 -0.715
-1.15 -0.65
-1.34 -0.725
-1.4 -0.685
-1.53 -0.835
-1.55 -0.82
-1.49 -0.785
-1.36 -0.675
-1.53 -0.785
-1.33 -0.645
-1.35 -0.685
-1.49 -0.745
-1.39 -0.55
-1.2 -0.41
-1.38 -0.475
-1.21 -0.355
-1.38 -0.61
-1.42 -0.665
-1.31 -0.605
-1.3 -0.605
-1.53 -0.81
-1.41 -0.725
-1.36 -0.555
-1.42 -0.73
-1.34 -0.765
-1.5 -0.775
-1.26 -0.615
-1.45 -0.785
-1.5 -0.82
-1.4 -0.755
-1.36 -0.665
-1.35 -0.76
-1.52 -0.825
-1.41 -0.71
-1.2 -0.635
-1.51 -0.51
-1.33 -0.58
-1.71 -0.915
-1.48 -0.78
-1.33 -0.6
-1.38 -0.69
-1.51 -0.825
-1.28 -0.72
-1.55 -0.85
-1.28 -0.735
-1.51 -0.845
-1.49 -0.81
-1.53 -0.845
-1.55 -0.825
-1.48 -0.74
-1.23 -0.575
-1.35 -0.51
-1.25 -0.54
-1.13 -0.585
-1.42 -0.675
-1.39 -0.77
-1.54 -0.84
-1.28 -0.655
-1.34 -0.625
-1.33 -0.55
-1.45 -0.705
-1.57 -0.86
-1.51 -0.78
-1.63 -0.87
-1.4 -0.79
-1.29 -0.575
-1.17 -0.54
-1.24 -0.375
-1.16 -0.27
-1.14 -0.42
-1.29 -0.435
-1.22 -0.44
-1.44 -0.5
-1.49 -0.65
-1.33 -0.445
-1.31 -0.665
-1.42 -0.685
-1.44 -0.6
-1.27 -0.535
-1.19 -0.555
-1.32 -0.4
-1.08 -0.195
-1.37 -0.6
-1.4 -0.545
-1.41 -0.71
-1.6 -0.79
-1.43 -0.725
-1.41 -0.755
-1.59 -0.85
-1.38 -0.63
-1.29 -0.56
-1.31 -0.615
-1.4 -0.745
-1.41 -0.65
-1.19 -0.475
-1.32 -0.505
-1.41 -0.67
-1.51 -0.71
-1.41 -0.635
-1.45 -0.73
-1.48 -0.805
-1.42 -0.78
-1.42 -0.795
-1.51 -0.815
-1.48 -0.765
-1.69 -0.9
-1.47 -0.785
-1.37 -0.66
-1.37 -0.725
-1.37 -0.71
-1.49 -0.78
-1.39 -0.69
-1.51 -0.765
-1.57 -0.845
-1.67 -0.9
-1.72 -0.905
-1.6 -0.87
-1.61 -0.88
-1.42 -0.735
-1.65 -0.81
-1.6 -0.86
-1.68 -0.905
-1.41 -0.775
-1.43 -0.685
-1.5 -0.785
-1.53 -0.805
-1.27 -0.65
-1.54 -0.83
-1.49 -0.81
-1.39 -0.755
-1.46 -0.73
-1.32 -0.58
-1.48 -0.74
-1.51 -0.76
-1.44 -0.675
-1.33 -0.705
-1.43 -0.66
-1.5 -0.795
-1.36 -0.63
-1.37 -0.595
-1.31 -0.545
-1.11 -0.515
-1.04 -0.46
-1.25 -0.665
-1.31 -0.455
-1.15 -0.49
-1.23 -0.27
-1.18 -0.27
-1.07 0.04
-1.08 -0.075
-1.4 0.035
-1.41 -0.05
-1.27 -0.165
-1.18 -0.105
-1.08 0.265
-1.17 0.435
-1.4 0.58
-1.21 0.505
-1.34 0.575
-1.27 0.655
-1.26 0.585
-1.27 0.61
-1.24 0.575
-1.3 0.705
-1.44 0.785
-1.53 0.815
-1.5 0.8
-1.34 0.745
-1.56 0.79
-1.44 0.78
-1.29 0.58
-1.3 0.57
-1.28 0.52
-1.21 0.52
-1.29 0.675
-1.54 0.765
-1.41 0.74
-1.2 0.5
-1.28 0.575
-1.54 0.825
-1.43 0.735
-1.33 0.53
-1.43 0.725
-1.3 0.585
-0.95 0.355
-1.16 0.45
-1.37 0.375
-1.27 0.44
-1.43 0.705
-1.15 0.43
-1.35 0.47
-1.18 0.24
-1.17 0.35
-1.05 0.395
-1.32 0.165
-1.27 -0.05
-1.08 0.15
-1.28 0.215
-1.09 0.09
-1.1 -0.115
-1.21 -0.095
-1.22 -0.205
-1.31 -0.045
-1.26 -0.265
-1.09 -0.065
-1.1 -0.145
-1.22 -0.135
-1.18 -0.095
-1.16 -0.365
-1.27 -0.6
-1.33 -0.425
-1.27 -0.49
-1.19 -0.4
-1.19 -0.43
-1.16 -0.43
-1.26 -0.465
-1.29 -0.355
-1.17 -0.32
-1.27 -0.45
-1.14 -0.505
-1.33 -0.41
-1.23 -0.185
-1.27 -0.255
-0.97 -0.15
-1.09 -0.14
-1.26 -0.18
-1.14 -0.43
-1.34 -0.63
-1.24 -0.56
-1.38 -0.635
-1.49 -0.735
-1.36 -0.465
-1.09 -0.385
-1.15 -0.42
-1.27 -0.445
-1.47 -0.73
-1.35 -0.56
-1.19 -0.575
-1.24 -0.505
-1.22 -0.55
-1.21 -0.34
-1.32 -0.36
-1.24 -0.56
-1.33 -0.69
-1.45 -0.685
-1.37 -0.635
-1.38 -0.74
-1.45 -0.675
-1.19 -0.55
-1.24 -0.38
-1.33 0.02
-1.11 0
-1.28 -0.07
-1.27 -0.03
-1.28 0.06
-1.15 -0.13
-1.28 -0.24
-1.07 -0.22
-1.14 -0.2
-1.16 0.07
-1.17 0.105
-1.14 0.15
-1.27 0.4
-1.33 0.645
-1.34 0.595
-1.41 0.79
-1.61 0.875
-1.21 0.685
-1.54 0.795
-1.41 0.725
-1.3 0.72
-1.51 0.81
-1.55 0.83
-1.46 0.79
-1.4 0.71
-1.5 0.76
-1.53 0.82
-1.29 0.735
-1.67 0.9
-1.5 0.815
-1.27 0.635
-1.45 0.795
-1.53 0.81
-1.2 0.605
-1.49 0.74
-1.26 0.515
-1.16 0.48
-1.27 0.37
-1.19 0.18
-1.46 0.59
-1.29 0.41
-1.22 0.665
-1.34 0.62
-1.34 0.57
-1.28 0.52
-1.44 0.7
-1.41 0.69
-1.6 0.865
-1.47 0.75
-1.34 0.71
-1.3 0.725
-1.36 0.76
-1.34 0.65
-1.25 0.665
-1.34 0.6
-1.29 0.655
-1.19 0.435
-1.44 0.655
-1.41 0.755
-1.36 0.805
-1.27 0.695
-1.31 0.625
-1.36 0.625
-1.4 0.59
-1.34 0.48
-1.31 0.46
-1.33 0.405
-1.25 0.26
-1.1 0.225
-1.12 0.17
-1.33 0.15
-1.24 0.315
-1.21 0.525
-1.36 0.68
-1.61 0.775
-1.54 0.835
-1.6 0.855
-1.47 0.815
-1.38 0.775
-1.33 0.605
-1.35 0.4
-1.07 0.425
-1.27 0.43
-1.21 0.635
-1.52 0.78
-1.33 0.77
-1.64 0.87
-1.44 0.775
-1.38 0.665
-1.28 0.715
-1.25 0.545
-1.08 0.49
-1.37 0.605
-1.37 0.75
-1.38 0.645
-1.23 0.59
-1.14 0.495
-1.44 0.675
-1.38 0.71
-1.38 0.6
-1.27 0.485
-1.26 0.59
-1.38 0.74
-1.43 0.73
-1.61 0.865
-1.55 0.83
-1.45 0.765
-1.42 0.77
-1.37 0.755
-1.36 0.76
-1.63 0.815
-1.48 0.81
-1.43 0.76
-1.47 0.71
-1.28 0.54
-1.18 0.26
-1.23 0.38
-1.3 0.61
-1.23 0.555
-1.12 0.435
-1.37 0.4
-1.24 0.115
-1.34 0.055
-0.94 -0.17
-0.98 -0.17
-1.2 -0.21
-1.12 -0.26
-1.16 -0.29
-1.21 -0.315
-1.16 -0.18
-1.35 -0.5
-1.12 -0.21
-1.03 -0.14
-1.12 -0.145
-1.08 -0.21
-1.17 0.02
-1.36 0.255
-1.32 0.135
-1.09 -0.095
-1.44 -0.455
-1.22 -0.52
-1.08 -0.285
-1.32 -0.465
-1.22 -0.18
-1.27 -0.43
-1.17 -0.085
-1.18 -0.1
-1.17 0.055
-1.21 -0.095
-1.19 -0.165
-1.29 -0.3
-1.22 -0.265
-1.26 -0.31
-1.27 -0.42
-1.1 -0.43
-1.37 -0.575
-1.2 -0.4
-1.15 -0.42
-1.34 -0.62
-1.61 -0.88
-1.5 -0.79
-1.42 -0.78
-1.43 -0.725
-1.45 -0.79
-1.44 -0.77
-1.42 -0.755
-1.44 -0.745
-1.42 -0.79
-1.45 -0.705
-1.21 -0.355
-1.5 -0.675
-1.27 -0.53
-1.47 -0.29
-1.37 -0.35
-1.3 -0.52
-1.41 -0.575
-1.28 -0.525
-1.22 -0.435
-1.1 -0.51
-1.22 -0.535
-1.32 -0.735
-1.62 -0.83
-1.6 -0.845
-1.43 -0.805
-1.65 -0.87
-1.63 -0.87
-1.37 -0.685
-1.49 -0.695
-1.33 -0.635
-1.37 -0.625
-1.29 -0.66
-1.43 -0.765
-1.54 -0.855
-1.5 -0.795
-1.21 -0.61
-1.31 -0.54
-1.28 -0.625
-1.12 -0.555
-1.54 -0.825
-1.45 -0.68
-1.44 -0.745
-1.45 -0.76
-1.69 -0.89
-1.41 -0.68
-1.12 -0.565
-1.3 -0.615
-1.21 -0.595
-1.17 -0.45
-0.92 -0.37
-1.25 -0.47
-1.19 -0.525
-1.09 -0.59
-1.39 -0.745
-1.38 -0.71
-1.41 -0.625
-1.16 -0.625
-1.39 -0.64
-1.37 -0.68
-1.29 -0.645
-1.5 -0.745
-1.4 -0.685
-1.34 -0.48
-1.34 -0.57
-1.29 -0.67
-1.3 -0.685
-1.23 -0.605
-1.34 -0.71
-1.49 -0.71
-1.11 -0.395
-1.44 -0.61
-1.08 -0.405
-1.28 -0.445
-1.37 -0.485
-1.52 -0.61
-1.1 -0.45
-1.56 -0.775
-1.51 -0.82
-1.52 -0.82
-1.59 -0.85
-1.54 -0.76
-1.42 -0.78
-1.56 -0.865
-1.39 -0.75
-1.48 -0.77
-1.4 -0.67
-1.29 -0.685
-1.34 -0.755
-1.43 -0.75
-1.43 -0.76
-1.47 -0.835
-1.26 -0.64
-1.46 -0.53
-1.3 -0.475
-1.25 -0.45
-1.3 -0.58
-1.3 -0.66
-1.62 -0.875
-1.58 -0.84
-1.41 -0.765
-1.3 -0.59
-1.23 -0.605
-1.26 -0.585
-1.27 -0.615
-1.33 -0.45
-1.36 -0.5
-1.21 -0.625
-1.6 -0.805
-1.5 -0.82
-1.43 -0.775
-1.52 -0.715
-1.53 -0.73
-1.25 -0.66
-1.54 -0.82
-1.53 -0.83
-1.47 -0.81
-1.31 -0.725
-1.53 -0.725
-1.26 -0.605
-1.17 -0.54
-1.3 -0.35
-1.11 -0.465
-1.36 -0.59
-1.48 -0.79
-1.51 -0.805
-1.58 -0.8
-1.5 -0.71
-1.53 -0.825
-1.34 -0.72
-1.35 -0.64
-1.3 -0.375
-1.32 -0.56
-1.43 -0.755
-1.54 -0.82
-1.34 -0.545
-1.33 -0.615
-1.22 -0.47
-1.12 -0.33
-1.22 -0.435
-1.32 -0.48
-1.35 -0.635
-1.22 -0.42
-1.22 -0.27
-1.18 -0.335
-1.37 -0.545
-1.28 -0.44
-1.36 -0.505
-1.34 -0.425
-1.32 -0.53
-1.03 -0.32
-1.18 -0.08
-1.23 -0.1
-1.14 0.03
-1.13 -0.05
-1.14 -0.055
-1.11 0.225
-1.13 0.1
-1.25 0.165
-1.22 0.315
-1.15 0.275
-1.24 0.375
-1.08 0.14
-1.17 0.15
-1.22 -0.045
-1.22 -0.39
-1.18 -0.52
-1.54 -0.585
-1.25 -0.34
-1.22 -0.595
-1.13 -0.47
-1.38 -0.71
-1.3 -0.605
-1.22 -0.56
-1.27 -0.545
-1.39 -0.725
-1.36 -0.625
-1.42 -0.71
-1.6 -0.82
-1.35 -0.735
-1.53 -0.855
-1.46 -0.81
-1.43 -0.785
-1.28 -0.715
-1.36 -0.765
-1.58 -0.85
-1.54 -0.85
-1.29 -0.715
-1.31 -0.69
-1.42 -0.79
-1.44 -0.725
-1.47 -0.805
-1.3 -0.645
-1.23 -0.55
-1.11 -0.495
-1.38 -0.725
-1.59 -0.845
-1.43 -0.805
-1.48 -0.8
-1.62 -0.84
-1.56 -0.86
-1.6 -0.865
-1.57 -0.795
-1.54 -0.785
-1.42 -0.645
-1.37 -0.655
-1.55 -0.81
-1.31 -0.635
-1.36 -0.665
-1.51 -0.695
-1.57 -0.73
-1.57 -0.865
-1.52 -0.815
-1.43 -0.805
-1.56 -0.845
-1.4 -0.74
-1.55 -0.86
-1.29 -0.67
-1.29 -0.65
-1.16 -0.41
-1.3 -0.605
-1.47 -0.76
-1.66 -0.875
-1.46 -0.72
-1.36 -0.56
-1.42 -0.77
-1.27 -0.675
-1.43 -0.715
-1.23 -0.69
-1.56 -0.87
-1.37 -0.58
-1.3 -0.465
-1.21 -0.56
-1.44 -0.67
-1.37 -0.71
-1.41 -0.725
-1.35 -0.595
-1.43 -0.765
-1.5 -0.81
-1.38 -0.635
-1.32 -0.595
-1.34 -0.72
-1.49 -0.8
-1.44 -0.73
-1.2 -0.605
-1.28 -0.655
-1.39 -0.585
-1.37 -0.695
-1.58 -0.87
-1.62 -0.87
-1.53 -0.85
-1.37 -0.755
-1.34 -0.72
-1.6 -0.845
-1.64 -0.885
-1.63 -0.885
-1.43 -0.735
-1.56 -0.84
-1.51 -0.71
-1.76 -0.93
-1.59 -0.845
-1.5 -0.755
-1.08 -0.635
-1.63 -0.81
-1.24 -0.565
-1.56 -0.865
-1.37 -0.785
-1.34 -0.74
-1.36 -0.715
-1.42 -0.81
-1.45 -0.76
-1.48 -0.775
-1.58 -0.86
-1.51 -0.805
-1.54 -0.83
-1.51 -0.805
-1.43 -0.715
-0.99 -0.405
-1.35 -0.7
-1.3 -0.555
-1.15 -0.57
-1.22 -0.595
-1.47 -0.6
-1.34 -0.645
-1.34 -0.675
-1.4 -0.715
-1.53 -0.8
-1.3 -0.565
-1.4 -0.635
-1.29 -0.515
-1.18 -0.425
-1.25 -0.4
-1.33 -0.445
-1.34 -0.31
-1.21 -0.09
-1.18 0.045
-0.9 -0.08
-1.12 -0.34
-1.31 -0.34
-1.42 -0.24
-1.38 -0.07
-1.1 0.06
-1.13 -0.25
-1.13 -0.18
-1.24 -0.155
-1.32 -0.095
-1.19 0.205
-1.2 0.395
-1.06 0.22
-1.01 0.17
-0.87 0.23
-1.26 0.415
-1.47 0.71
-1.36 0.785
-1.56 0.815
-1.5 0.83
-1.6 0.83
-1.3 0.535
-1.48 0.63
-1.44 0.725
-1.19 0.445
-1.16 0.29
-1.12 0.395
-1.17 0.41
-1.31 0.435
-1.25 0.485
-1.13 0.465
-1.08 0.495
-1.19 0.565
-1.22 0.53
-1.43 0.54
-1.19 0.345
-1.09 0.355
-1.21 0.555
-1.15 0.41
-1.19 0.47
-1.15 0.565
-1.5 0.78
-1.38 0.745
-1.28 0.575
-1.55 0.825
-1.58 0.835
-1.49 0.755
-1.36 0.665
-1.39 0.75
-1.25 0.52
-1.38 0.685
-1.36 0.63
-1.41 0.705
-1.17 0.54
-1.39 0.68
-1.47 0.69
-1.41 0.7
-1.36 0.72
-1.52 0.8
-1.4 0.71
-1.43 0.795
-1.32 0.615
-1.16 0.41
-1.37 0.625
-1.27 0.65
-1.25 0.515
-1.29 0.495
-1.3 0.45
-1.24 0.67
-1.1 0.22
-1.22 0.285
-1.36 0.11
-1.29 0.375
-1.26 0.235
-1.28 0.345
-1.18 0.36
-1.39 0.495
-1.25 0.355
-1.29 0.46
-1.38 0.645
-1.28 0.565
-1.44 0.73
-0.96 0.265
-1.29 0.315
-1.36 0.21
-1.28 0.1
-1.15 0.295
-1.24 0.39
-1.25 0.22
-1.33 0.345
-1.22 0.495
-1.43 0.625
-1.37 0.55
-1.4 0.565
-1.43 0.63
-1.27 0.485
-1.31 0.42
-1.24 0.46
-1.07 0.53
-1.3 0.645
-1.49 0.745
-1.3 0.68
-1.48 0.705
-1.43 0.76
-1.63 0.855
-1.51 0.825
-1.55 0.845
-1.43 0.755
-1.36 0.61
-1.34 0.52
-1.27 0.38
-1.24 0.43
-1.16 0.53
-1.28 0.465
-1.23 0.24
-1.22 0.275
-1.25 0.185
-1.24 0.21
-1.21 0.41
-0.94 0
-1.26 0.16
-1.23 0.15
-1.35 0.445
-1.28 0.48
-1.27 0.275
-1.37 0.3
-1.38 0.45
-1.13 0.4
-1.39 0.72
-1.38 0.675
-1.32 0.66
-1.26 0.62
-1.18 0.47
-1.36 0.665
-1.45 0.695
-1.43 0.695
-1.36 0.55
-1.44 0.71
-1.26 0.625
-1.11 0.31
-1.22 0.34
-1.35 0.425
-1.22 0.34
-1.32 0.355
-1.08 0.125
-1.25 0.02
-1.02 -0.075
-1.24 0.06
-1.03 0.07
-1.07 -0.175
-1.07 -0.1
-1.12 -0.02
-1.28 -0.03
-1.14 0.04
-1.17 0.15
-1.06 0.16
-1.12 0.185
-1.23 0.26
-1.25 -0.04
-1.2 -0.325
-1.23 -0.37
-1.33 -0.24
-1.17 -0.32
-1.38 -0.585
-1.24 -0.635
-1.54 -0.78
-1.47 -0.755
-1.61 -0.855
-1.49 -0.81
-1.47 -0.82
-1.64 -0.855
-1.56 -0.83
-1.35 -0.69
-1.42 -0.72
-1.13 -0.61
-1.71 -0.91
-1.53 -0.83
-1.31 -0.695
-1.4 -0.77
-1.24 -0.51
-1.49 -0.79
-1.76 -0.925
-1.56 -0.79
-1.28 -0.655
-1.41 -0.595
-1.26 -0.66
-1.39 -0.73
-1.47 -0.775
-1.54 -0.765
-1.27 -0.61
-1.54 -0.835
-1.71 -0.92
-1.37 -0.72
-1.45 -0.79
-1.35 -0.735
-1.52 -0.785
-1.55 -0.82
-1.43 -0.77
-1.4 -0.81
-1.52 -0.84
-1.47 -0.74
-1.36 -0.56
-1.54 -0.755
-1.41 -0.695
-1.32 -0.565
-1.33 -0.655
-1.54 -0.79
-1.27 -0.675
-1.31 -0.645
-1.49 -0.73
-1.3 -0.63
-1.59 -0.78
-1.38 -0.66
-1.59 -0.835
-1.45 -0.7
-1.27 -0.4
-1.21 -0.415
-1.39 -0.425
-1.11 -0.26
-1.19 -0.195
-1.21 -0.21
-1.15 0.075
-1.13 0.075
-1.3 0.16
-1.27 0.245
-1.24 0.42
-1.14 0.12
-1.34 0.09
-1.17 0.195
-1.12 0.025
-1.05 -0.18
-1.05 -0.225
-1.13 -0.03
-1.21 -0.02
-1.47 -0.005
-1.23 -0.28
-1.18 -0.07
-1.18 -0.295
-1.11 0.065
-1.24 0.105
-1.11 0.4
-1.44 0.57
-1.42 0.68
-1.32 0.67
-1.41 0.765
-1.23 0.655
-1.24 0.68
-1.07 0.365
-1.4 0.35
-1.32 0.545
-1.21 0.605
-1.41 0.695
-1.4 0.675
-1.37 0.71
-1.4 0.76
-1.42 0.74
-1.56 0.85
-1.5 0.82
-1.49 0.82
-1.46 0.775
-1.62 0.865
-1.67 0.88
-1.64 0.88
-1.56 0.845
-1.44 0.78
-1.52 0.835
-1.45 0.785
-1.29 0.725
-1.38 0.76
-1.55 0.815
-1.41 0.735
-1.53 0.83
-1.48 0.76
-1.57 0.82
-1.49 0.82
-1.31 0.705
-1.55 0.77
-1.49 0.78
-1.39 0.75
-1.51 0.79
-1.15 0.56
-1.43 0.67
-1.37 0.635
-1.5 0.655
-1.32 0.55
-1.25 0.295
-1.2 0.4
-1.24 0.48
-1.16 0.465
-1.31 0.46
-1.39 0.575
-1.36 0.505
-1.49 0.62
-1.24 0.56
-1.17 0.445
-1.27 0.535
-1.41 0.75
-1.63 0.865
-1.51 0.76
-1.62 0.89
-1.54 0.825
-1.57 0.875
-1.51 0.79
-1.54 0.82
-1.59 0.875
-1.45 0.77
-1.57 0.84
-1.5 0.845
-1.43 0.8
-1.33 0.7
-1.56 0.835
-1.67 0.9
-1.62 0.865
-1.38 0.755
-1.7 0.895
-1.48 0.78
-1.59 0.78
-1.58 0.8
-1.32 0.62
-1.43 0.705
-1.49 0.555
-1.27 0.485
-1.27 0.525
-1.29 0.63
-1.32 0.595
-1.48 0.655
-1.49 0.775
-1.42 0.77
-1.41 0.675
-1.12 0.36
-1.17 0.48
-1.57 0.82
-1.37 0.61
-1.54 0.81
-1.56 0.835
-1.6 0.87
-1.45 0.815
-1.56 0.815
-1.54 0.795
-1.62 0.855
-1.54 0.83
-1.81 0.945
-1.52 0.795
-1.44 0.735
-1.38 0.695
-1.51 0.795
-1.39 0.675
-1.29 0.605
-1.3 0.425
-1.4 0.395
-1.19 0.175
-1.34 0.32
-1.38 0.68
-1.3 0.655
-1.33 0.72
-1.41 0.69
-1.32 0.665
-1.18 0.56
-1.28 0.465
-1.38 0.71
-1.61 0.845
-1.48 0.755
-1.37 0.705
-1.26 0.68
-1.59 0.765
-1.48 0.74
-1.52 0.84
-1.2 0.62
-1.23 0.555
-1.26 0.625
-1.49 0.555
-1.36 0.565
-1.3 0.55
-1.32 0.41
-1.31 0.42
-1.33 0.41
-1.13 0.415
-1.32 0.58
-1.42 0.47
-1.29 0.54
-1.17 0.435
-1.34 0.725
-1.53 0.625
-1.21 0.485
-1.19 0.525
-1.37 0.4
-1.29 0.345
-1.21 0.435
-1.15 0.485
-1.32 0.52
-1.35 0.63
-1.45 0.775
-1.41 0.77
-1.19 0.63
-1.4 0.53
-1.49 0.585
-1.2 0.455
-1.31 0.475
-1.21 0.235
-1.28 0.25
-1.25 0.255
-1.25 0.06
-1.28 0.45
-1.09 0.38
-1.29 0.41
-1.07 0.24
-1.16 0.425
-1.33 0.705
-1.57 0.86
-1.61 0.88
-1.27 0.695
-1.45 0.78
-1.29 0.7
-1.46 0.72
-1.53 0.805
-1.4 0.81
-1.36 0.705
-1.35 0.64
-1.42 0.78
-1.52 0.825
-1.28 0.68
-1.39 0.655
-1.24 0.53
-1.22 0.57
-1.31 0.435
-1.46 0.585
-1.21 0.61
-1.53 0.84
-1.43 0.8
