-1.33 0.445
-1.19 0.45
-1.3 0.465
-1.17 0.4
-1.11 0.345
-1.05 0.39
-1.08 0.49
-1.3 0.755
-1.36 0.645
-1.35 0.57
-1.16 0.495
-1.15 0.455
-1.13 0.48
-1.29 0.485
-1.31 0.7
-1.55 0.785
-1.46 0.765
-1.49 0.78
-1.18 0.57
-1.29 0.555
-1.15 0.485
-1.22 0.425
-1.31 0.525
-1.28 0.51
-1.31 0.61
-1.26 0.515
-1.31 0.675
-1.19 0.56
-1.3 0.485
-1.24 0.435
-1.12 0.335
-1.28 0.215
-1.27 0.355
-1.11 0.175
-1.06 0.05
-1.21 0.345
-1.18 0.305
-1.06 0.45
-1.12 0.13
-1.02 0.015
-1.23 0.06
-1.23 0.01
-0.98 -0.14
-1.13 -0.155
-1.29 -0.495
-1.28 -0.475
-1.35 -0.685
-1.26 -0.66
-1.52 -0.8
-1.27 -0.675
-1.45 -0.64
-1.24 -0.23
-1.19 -0.405
-1.32 -0.61
-1.39 -0.725
-1.65 -0.89
-1.45 -0.775
-1.08 -0.545
-1.29 -0.655
-1.22 -0.655
-0.97 -0.375
-1.29 -0.32
-1.19 -0.315
-1.27 -0.4
-1.14 -0.415
-1.02 -0.33
-1.11 -0.055
-1.05 0.05
-1.18 0.075
-1.08 0.25
-1.25 0.295
-1.18 0.295
-1.11 0.315
-1.21 0.175
-1.25 0.15
-1.2 -0.125
-1.1 -0.06
-1.13 -0.015
-1.19 -0.305
-1.13 -0.005
-1.09 0.035
-1.07 -0.205
-1.22 -0.155
-1.2 0.145
-1.18 -0.115
-1.37 -0.245
-1.23 -0.245
-1.19 -0.075
-1.22 -0.185
-0.94 -0.06
-1.12 -0.295
-1.12 -0.395
-1.02 -0.265
-1.08 -0.21
-1.14 -0.03
-1.16 0.22
-1.25 0.47
-1.03 0.195
-1.17 0.155
-1.16 0.36
-1.36 0.56
-1.34 0.63
-1.53 0.8
-1.53 0.8
-1.52 0.83
-1.62 0.865
-1.53 0.835
-1.46 0.78
-1.3 0.68
-1.45 0.74
-1.51 0.795
-1.54 0.855
-1.42 0.8
-1.47 0.77
-1.28 0.66
-1.39 0.685
-1.37 0.67
-1.45 0.75
-1.46 0.755
-1.49 0.795
-1.38 0.735
-1.38 0.785
-1.62 0.855
-1.42 0.775
-1.27 0.7
-1.27 0.65
-1.63 0.855
-1.55 0.855
-1.5 0.77
-1.5 0.81
-1.21 0.635
-1.08 0.56
-1.31 0.59
-1.34 0.6
-1.38 0.635
-1.2 0.475
-1.28 0.57
-1.11 0.505
-1.17 0.625
-1.09 0.38
-1.15 0.635
-1.46 0.77
-1.41 0.76
-1.49 0.8
-1.17 0.575
-1.45 0.71
-1 0.395
-1.44 0.57
-1.19 0.32
-1.2 0.505
-1.29 0.505
-1.39 0.68
-1.39 0.725
-1.37 0.705
-1.29 0.62
-1.4 0.715
-1.37 0.68
-1.47 0.76
-1.55 0.695
-1.4 0.515
-1.23 0.5
-1.27 0.14
-1.19 0.08
-1.3 -0.145
-1.12 -0.235
-1.27 -0.17
-1.06 0.065
-1.25 0.15
-0.99 0.23
-1.08 0.315
-1.13 0.155
-1.03 0.255
-1.13 0.37
-1.01 0.335
-1.15 0.475
-1.12 0.39
-0.97 0.395
-1.29 0.495
-1.14 0.28
-1.12 0.06
-1.04 0.17
-1.07 0.03
-1.18 0.3
-1.22 0.59
-1.45 0.77
-1.46 0.815
-1.41 0.77
-1.43 0.775
-1.46 0.77
-1.31 0.685
-1.24 0.665
-1.34 0.62
-1.48 0.665
-1.46 0.77
-1.41 0.655
-1.31 0.715
-1.47 0.795
-1.2 0.685
-1.48 0.835
-1.26 0.71
-1.35 0.725
-1.31 0.655
-1.24 0.63
-1.32 0.715
-1.41 0.69
-1.42 0.775
-1.29 0.69
-1.41 0.63
-1.31 0.71
-1.66 0.885
-1.13 0.54
-1.42 0.725
-1.48 0.765
-1.38 0.71
-1.2 0.505
-1.34 0.64
-1.43 0.66
-1.37 0.78
-1.47 0.735
-1.34 0.555
-1.33 0.71
-1.34 0.72
-1.37 0.66
-1.57 0.785
-1.39 0.7
-1.48 0.71
-1.44 0.76
-1.29 0.635
-1.34 0.58
-1.14 0.48
-1.12 0.47
-1.41 0.725
-1.24 0.595
-1.1 0.465
-1.12 0.315
-1.14 0.455
-1.15 0.435
-1.18 0.47
-1.2 0.535
-1.35 0.71
-1.32 0.695
-1.36 0.745
-1.47 0.815
-1.37 0.64
-1.21 0.655
-1.31 0.7
-1.31 0.72
-1.54 0.84
-1.64 0.865
-1.36 0.745
-1.46 0.79
-1.18 0.41
-1.16 0.355
-1.42 0.685
-1.16 0.53
-1.13 0.42
-1.03 0.185
-1.35 0.37
-1.06 0.42
-1.1 0.425
-1.2 0.56
-1.26 0.485
-1.13 0.35
-0.97 0.36
-1.27 0.42
-1.06 0.3
-1.07 0.43
-1.31 0.54
-1.21 0.535
-1.17 0.48
-1.24 0.365
-1.49 0.69
-1.2 0.52
-1.18 0.265
-1.14 0.275
-1.19 0.335
-1 0.2
-1.18 0.505
-1.42 0.49
-1.38 0.625
-1.2 0.545
-1.45 0.735
-1.21 0.65
-1.28 0.4
-1.25 0.37
-1.11 0.445
-1.04 0.415
-1.17 0.4
-1.32 0.66
-1.29 0.52
-1.21 0.15
-0.96 0.14
-0.97 0.385
-1.18 0.5
-1.27 0.4
-1.04 0.225
-1.06 0.22
-1.09 -0.13
-0.98 -0.075
-1.14 0.18
-1.26 -0.175
-1.31 -0.32
-1.19 0
-1.23 -0.25
-1.26 -0.085
-1.12 0.14
-1.12 0.235
-1.19 0.345
-1.31 0.49
-1.1 0.48
-1.27 0.565
-1.26 0.605
-1.37 0.575
-1.47 0.65
-1.23 0.54
-1.11 0.445
-1.3 0.455
-1.11 0.54
-1.66 0.895
-1.45 0.77
-1.37 0.73
-1.52 0.845
-1.28 0.63
-1.3 0.655
-1.3 0.67
-1.47 0.8
-1.34 0.69
-1.38 0.67
-1.46 0.67
-1.27 0.63
-1.23 0.565
-0.83 0.315
-1.22 0.225
-1.07 0.185
-1.24 -0.045
-1.07 -0.245
-1.34 -0.275
-1.03 -0.23
-1.2 -0.46
-1.24 0.1
-1.12 0.025
-1.08 0.005
-1.1 0.135
-1.1 -0.03
-1.11 0.015
-1.04 0.1
-1.24 0.13
-1.24 -0.2
-1.3 -0.555
-1.26 -0.59
-1.4 -0.73
-1.55 -0.835
-1.74 -0.88
-1.22 -0.555
-1.37 -0.55
-1.3 -0.595
-1.2 -0.535
-1.23 -0.565
-1.32 -0.41
-1.16 -0.42
-1.34 -0.52
-1.18 -0.21
-1.38 -0.365
-1.2 -0.425
-1.44 -0.76
-1.29 -0.655
-1.53 -0.815
-1.29 -0.705
-1.14 -0.6
-1.27 -0.645
-1.16 -0.465
-1.43 -0.77
-1.45 -0.73
-1.18 -0.51
-1.26 -0.55
-1.12 -0.53
-1.18 -0.455
-1.19 -0.55
-1.25 -0.6
-1.29 -0.625
-1.29 -0.62
-1.17 -0.515
-1.23 -0.345
-1.23 -0.565
-1.25 -0.58
-1.33 -0.64
-1.5 -0.585
-1.25 -0.395
-1.22 -0.41
-1.32 -0.555
-1.44 -0.61
-1.41 -0.785
-1.23 -0.485
-1.01 -0.515
-1.04 -0.57
-1.2 -0.35
-1.07 -0.435
-1.23 -0.57
-1.25 -0.56
-1.26 -0.565
-1.16 -0.57
-1.05 -0.335
-1.22 -0.285
-1.11 0.03
-1 0.205
-0.99 0.165
-0.84 0.11
-1.34 0.615
-1.33 0.295
-1.2 0.365
-1.16 0.37
-1.29 0.23
-1.09 0.2
-1.25 0.32
-1.31 0.385
-1.13 0.28
-1.04 0.27
-1.21 0.415
-1.09 0.185
-1.19 0.26
-1.18 0.045
-1.24 -0.02
-1.2 0.15
-1.22 0.505
-1.38 0.715
-1.36 0.755
-1.37 0.79
-1.36 0.565
-1.18 0.56
-1.19 0.48
-1.05 0.49
-1.23 0.45
-1.54 0.76
-1.32 0.665
-1.33 0.735
-1.08 0.49
-1.24 0.685
-1.29 0.59
-1.15 0.46
-1.31 0.64
-1.25 0.485
-0.95 0.38
-1.12 0.425
-1.36 0.54
-1.51 0.79
-1.39 0.715
-1.26 0.71
-1.5 0.82
-1.57 0.87
-1.21 0.63
-1.24 0.52
-1.38 0.63
-1.17 0.575
-1.31 0.73
-1.33 0.605
-1.46 0.7
-1.48 0.805
-1.54 0.78
-1.56 0.835
-1.58 0.875
-1.39 0.805
-1.51 0.82
-1.4 0.7
-1.44 0.755
-1.26 0.665
-1.48 0.71
-1.35 0.59
-1.42 0.525
-1.24 0.435
-1.24 0.42
-1.01 0.29
-1.13 0.045
-1.15 0.05
-1.19 -0.275
-1.31 -0.47
-1.57 -0.865
-1.15 -0.69
-1.5 -0.795
-1.45 -0.71
-1.13 -0.415
-1.16 -0.11
-1.14 0.05
-1 -0.015
-1.18 -0.065
-1.17 -0.345
-1.25 -0.22
-1.08 -0.195
-1.05 0.01
-1.07 0.345
-1.23 0.4
-1.25 0.66
-1.01 0.545
-1.07 0.425
-1.27 0.665
-1.35 0.66
-1.42 0.785
-1.38 0.75
-1.36 0.75
-1.3 0.745
-1.37 0.745
-1.24 0.685
-1.25 0.61
-1.07 0.185
-1.35 0.37
-1.07 0.145
-1.19 0.095
-0.96 0.255
-1.04 0.21
-0.9 0.31
-0.99 0.285
-1.24 0.365
-1.13 0.355
-1.16 0.495
-0.98 0.29
-0.99 0.26
-1.02 0.405
-1.25 0.63
-1.23 0.545
-1.52 0.83
-1.38 0.745
-1.17 0.525
-1.36 0.65
-1.4 0.695
-1.33 0.68
-1.38 0.645
-1.3 0.48
-1.31 0.47
-1.23 0.215
-1.26 0.05
-1.33 -0.28
-1.17 -0.375
-1.19 -0.085
-1.19 0.105
-1.13 0.145
-1.21 0.345
-1.39 0.51
-1.21 0.59
-1.24 0.695
-1.53 0.78
-1.24 0.59
-1.24 0.655
-1.41 0.8
-1.44 0.705
-1.4 0.66
-1.29 0.555
-1.36 0.585
-1.38 0.585
-1.2 0.485
-1.18 0.59
-1.45 0.725
-1.47 0.755
-1.41 0.675
-1.56 0.81
-1.29 0.61
-1.44 0.725
-1.38 0.755
-1.32 0.72
-1.25 0.485
-1.18 0.655
-1.5 0.78
-1.27 0.615
-1.35 0.72
-1.24 0.64
-1.14 0.505
-1.12 0.495
-1.46 0.7
-1.57 0.87
-1.36 0.68
-1.43 0.75
-1.5 0.82
-1.26 0.705
-1.31 0.68
-1.2 0.5
-1.14 0.395
-1.05 0.305
-0.98 0.335
-1.21 0.255
-1.06 0.385
-1.05 0.055
-1.29 0.09
-1.11 0.255
-1.18 0.335
-1.08 0.205
-1.13 0.355
-1.21 0.645
-1.18 0.56
-1.12 0.26
-1.25 0.61
-1.22 0.42
-1.06 0.2
-1.22 0.29
-1.24 0.465
-1.36 0.615
-1.24 0.615
-1.35 0.715
-1.37 0.73
-1.19 0.505
-1.09 0.41
-1.29 0.585
-1.46 0.8
-1.49 0.825
-1.33 0.58
-1.37 0.605
-1.25 0.515
-1.06 0.34
-1.23 0.28
-1.2 0.2
-1.24 0.245
-1.11 0.18
-1.03 0.375
-1.15 0.215
-1.06 0.27
-1.15 0.3
-1.29 0.495
-1.19 0.345
-1.08 0.395
-1.28 0.6
-1.19 0.54
-1.29 0.71
-1.38 0.535
-1.5 0.82
-1.21 0.58
-1.19 0.43
-1.18 0.55
-1.28 0.64
-1.3 0.615
-1.45 0.78
-1.28 0.665
-1.34 0.7
-1.38 0.715
-1.2 0.595
-1.3 0.665
-1.33 0.505
-1.31 0.58
-1.39 0.65
-1.37 0.675
-1.43 0.725
-1.33 0.66
-1.5 0.65
-1.34 0.71
-1.35 0.675
-1.42 0.75
-1.21 0.62
-1.22 0.58
-1.35 0.66
-1.38 0.675
-1.03 0.455
-1.32 0.47
-1.25 0.485
-1.52 0.43
-1.31 0.515
-1.17 0.535
-1.27 0.405
-1.11 0.25
-1.12 0.21
-1.21 0.24
-1.25 0.25
-1.11 0.28
-1.04 0.31
-1.07 0.3
-1.37 0.3
-1 0.315
-1.27 0.475
-1.25 0.535
-1.21 0.475
-1.05 0.235
-1.05 0.175
-1.27 0.41
-1.42 0.475
-1.11 0.305
-1.11 0.405
-1.15 0.405
-1.15 0.39
-1.23 0.36
-1.25 0.505
-1.25 0.435
-1.08 0.325
-1.28 0.38
-1.11 0.415
-1.25 0.285
-1.32 0.17
-1.27 0.285
-1.07 0.265
-0.94 0.065
-1.16 0.045
-1.12 -0.12
-1.01 -0.085
-0.89 -0.065
-1.06 -0.05
-1.1 0.26
-1.35 0.655
-1.3 0.61
-1.35 0.705
-1.54 0.725
-1.31 0.62
-1.52 0.81
-1.55 0.83
-1.55 0.84
-1.25 0.675
-1.25 0.565
-1.33 0.6
-1.3 0.52
-1.41 0.36
-1.12 0.42
-0.99 0.355
-1.2 0.49
-1.19 0.57
-1.43 0.73
-1.38 0.635
-1.33 0.67
-1.21 0.63
-1.29 0.62
-1.37 0.675
-1.09 0.6
-1.42 0.73
-1.32 0.675
-1.21 0.66
-1.36 0.655
-1.29 0.735
-1.53 0.795
-1.31 0.725
-1.12 0.3
-1.25 0.345
-1.18 0.25
-1.34 0.465
-1.38 0.71
-1.21 0.57
-1.3 0.56
-1.17 0.56
-1.39 0.695
-1.2 0.615
-1.21 0.535
-1.35 0.69
-1.38 0.78
-1.47 0.76
-1.66 0.875
-1.28 0.62
-1.15 0.5
-1.3 0.37
-1.15 0.39
-1.25 0.315
-1.06 0.12
-1.12 0.005
-1.25 -0.115
-1.08 -0.26
-1.06 -0.135
-1.29 -0.25
-1.24 -0.225
-1.25 -0.13
-1.07 0.055
-1.16 0.435
-1.12 0.51
-1.18 0.44
-1.32 0.685
-1.41 0.785
-1.32 0.635
-1.37 0.695
-1.35 0.655
-1.19 0.61
-1.32 0.665
-1.5 0.77
-1.41 0.765
-1.35 0.605
-1.02 0.44
-1.2 0.44
-1.18 -0.015
-1.05 0.08
-1.11 0.2
-1.06 0.04
-1.13 -0.07
-0.99 0.075
-1.15 -0.03
-1.02 -0.125
-1.04 0.035
-1.13 0.01
-1.11 0.255
-1.3 0.42
-1.42 0.655
-1.31 0.66
-1.6 0.875
-1.57 0.82
-1.27 0.66
-1.2 0.54
-1.15 0.6
-1.56 0.845
-1.53 0.805
-1.38 0.635
-1.34 0.77
-1.35 0.705
-1.39 0.675
-1.36 0.76
-1.18 0.495
-1.27 0.475
-1.02 0.165
-1.27 0.025
-1.14 -0.03
-1.08 0.045
-0.97 0.105
-1.06 0.035
-1.14 0.005
-1.15 0.105
-1.28 0.345
-1.19 0.285
-1.3 0.345
-1.13 0.225
-1.25 0.505
-1.25 0.54
-1.07 0.5
-1.17 0.585
-1.24 0.595
-1.41 0.64
-1.09 0.51
-1.1 0.35
-1.21 0.41
-1.09 0.535
-1.31 0.7
-1.61 0.87
-0.98 0.415
-1.13 0.28
-1.12 0.295
-1.31 0.6
-1.51 0.835
-1.46 0.79
-1.46 0.79
-1.51 0.83
-1.39 0.695
-1.15 0.62
-1.22 0.625
-1.22 0.565
-1.09 0.375
-1.15 0.365
-1.35 0.565
-1.42 0.53
-1.24 0.545
-1.22 0.615
-1.27 0.45
-1.09 0.2
-1.31 0.385
-1.26 0.325
-0.93 0.15
-0.93 0.32
-1.06 0.16
-1.19 0.3
-1.25 0.36
-1.19 0.55
-1.2 0.48
-1.21 0.21
-1.31 0.445
-1.37 0.42
-1.14 0.245
-1.16 0.37
-1.17 0.545
-0.99 0.45
-1.19 0.415
-1.15 0
-1.1 0.21
-1.23 0.445
-1.38 0.63
-1.29 0.615
-1.1 0.57
-1.33 0.73
-1.26 0.62
-1.45 0.76
-1.49 0.745
-1.47 0.82
-1.46 0.795
-1.54 0.865
-1.44 0.69
-1.47 0.76
-1.25 0.66
-1.25 0.61
-1.33 0.515
-1.04 0.38
-1.33 0.52
-1.34 0.415
-1.4 0.655
-1.43 0.66
-1.18 0.495
-1.35 0.665
-1.27 0.585
-1.09 0.385
-1.17 0.4
-1.01 0.185
-1.16 -0.335
-1.2 -0.255
-0.94 -0.16
-1.3 -0.245
-1.09 -0.215
-1.1 -0.04
-0.86 0.005
-1.1 0.245
-1.18 0.21
-1.09 0.335
-1.07 0.405
-1.12 0.405
-1.18 0.555
-1.19 0.215
-1.14 0.21
-1.26 0.25
-1.18 0.64
-1.25 0.63
-1.33 0.64
-0.89 0.17
-1.24 0.425
-1.21 0.39
-1.11 0.29
-1.29 0.44
-1.22 0.32
-1.18 0.295
-1.02 -0.01
-1.17 -0.175
-1.02 -0.2
-1.03 -0.145
-1.16 -0.195
-1.15 0.185
-1.23 0.35
-1.29 0.4
-1.21 0.22
-1.21 -0.085
-1.17 0.04
-1.26 0.165
-1.13 0.32
-1.46 0.595
-1.37 0.405
-1.24 0.395
-1.3 0.305
-1.13 0.52
-1.28 0.5
-1.28 0.415
-1.21 0.205
-1.01 -0.075
-1.1 -0.06
-1.07 0.065
-0.95 0.155
-1.21 0.285
-1.03 0.275
-1.27 0.28
-1.1 0.22
-1.24 0.12
-1.1 0.43
-1.11 0.345
-1.24 0.355
-1.2 0.34
-1.2 0.43
-1.33 0.63
-1.29 0.63
-1.13 0.095
-1.01 -0.105
-1.21 -0.16
-1.14 -0.09
-1.26 -0.12
-1.2 0.1
-1.21 -0.12
-1.35 -0.65
-1.47 -0.76
-1.14 -0.6
-1.27 -0.565
-1.44 -0.78
-1.47 -0.765
-1.23 -0.58
-1.15 -0.34
-1.15 -0.165
-1.23 -0.28
-1.06 -0.305
-1.15 -0.35
-1.26 -0.505
-1.2 -0.48
-1.19 -0.295
-1.29 -0.57
-1.4 -0.75
-1.22 -0.595
-1.47 -0.755
-1.55 -0.84
-1.34 -0.77
-1.39 -0.715
-1.43 -0.785
-1.51 -0.825
-1.38 -0.73
-1.42 -0.655
-1.32 -0.62
-1.18 -0.54
-1.19 -0.51
-1.13 -0.615
-1.36 -0.735
-1.4 -0.665
-1.29 -0.515
-1.3 -0.575
-1.46 -0.725
-1.53 -0.815
-1.07 -0.615
-1.34 -0.725
-1.47 -0.695
-1.49 -0.835
-1.5 -0.845
-1.62 -0.875
-1.36 -0.745
-1.37 -0.71
-1.44 -0.75
-1.27 -0.69
-1.44 -0.79
-1.31 -0.705
-1.16 -0.495
-1.35 -0.7
-1.5 -0.8
-1.44 -0.74
-1.59 -0.845
-1.41 -0.775
-1.23 -0.625
-1.48 -0.795
-1.6 -0.855
-1.67 -0.885
-1.51 -0.835
-1.24 -0.625
-1.39 -0.775
-1.45 -0.71
-1.43 -0.72
-1.29 -0.69
-1.48 -0.655
-1.36 -0.65
-1.61 -0.805
-1.37 -0.735
-1.29 -0.655
-1.61 -0.875
-1.37 -0.715
-1.49 -0.77
-1.39 -0.74
-1.42 -0.56
-1.07 -0.455
-1.35 -0.59
-1.14 -0.47
-1.1 -0.34
-1.06 0.045
-1.01 0.06
-1.17 -0.04
-1.16 0.075
-1.11 0.255
-1.4 0.285
-1.27 0.095
-1.33 0.09
-1.23 0.245
-1.16 0.445
-0.98 0.25
-1.16 0.39
-1.14 0.41
-1.16 0.32
-1.29 0.57
-0.97 0.225
-1.17 0.415
-1.09 0.32
-1.11 0.12
-1.07 0.1
-1.09 -0.27
-1.21 -0.255
-0.96 -0.35
-1.27 -0.62
-1.15 -0.59
-1.44 -0.755
-1.25 -0.625
-1.46 -0.77
-1.44 -0.78
-1.31 -0.655
-1.36 -0.7
-1.62 -0.85
-1.37 -0.635
-1.26 -0.58
-1.38 -0.69
-1.24 -0.695
-1.45 -0.735
-1.37 -0.675
-1.41 -0.8
-1.36 -0.75
-1.46 -0.575
-1.28 -0.525
-1.11 -0.53
-1.23 -0.585
-1.14 -0.5
-1.27 -0.44
-1.11 -0.235
-1.25 -0.265
-1.1 -0.415
-1.06 -0.32
-1.21 -0.32
-1.18 -0.37
-1.07 -0.32
-1.01 -0.5
-1.54 -0.8
-1.3 -0.66
-1.11 -0.54
-1.27 -0.585
-1.4 -0.655
-1.24 -0.5
-1.06 -0.49
-1.57 -0.795
-1.2 -0.665
-1.38 -0.71
-1.35 -0.695
-1.24 -0.615
-1.4 -0.78
-1.37 -0.64
-1.42 -0.68
-1.47 -0.735
-1.24 -0.635
-1.41 -0.695
-1.45 -0.555
-1.26 -0.38
-1.17 -0.515
-1.22 -0.47
-1.15 -0.545
-1.36 -0.665
-1.35 -0.575
-1.06 -0.23
-1.28 -0.37
-1.06 -0.125
-1.01 -0.185
-1.16 -0.05
-1.19 -0.31
-1.08 0.07
-1.08 0
-1.23 0.175
-1.23 0.245
-1.24 0.22
-1.44 0.365
-1.4 0.47
-1.36 0.395
-1.33 0.6
-1.34 0.59
-1.37 0.63
-1.31 0.59
-1.32 0.69
-1.15 0.585
-1.34 0.72
-1.48 0.785
-1.6 0.86
-1.34 0.715
-1.36 0.69
-1.53 0.835
-1.48 0.74
-1.23 0.52
-1.49 0.715
-1.07 0.34
-1.22 0.48
-1.38 0.355
-1.17 0.2
-1.01 0.23
-1.19 0.485
-1.39 0.71
-1.07 0.6
-1.34 0.62
-1.42 0.655
-1.32 0.5
-1.45 0.62
-1.3 0.68
-1.36 0.71
-1.36 0.605
-1.21 0.58
-1.15 0.46
-1.06 0.435
-1.23 0.365
-1.36 0.44
-1.28 0.535
-1.18 0.37
-1.1 0.395
-1.28 0.42
-1.31 0.46
-1.23 0.495
-1.3 0.57
-1.05 0.465
-1.16 0.495
-1.32 0.6
-1.43 0.725
-1.33 0.595
-1.2 0.535
-1.37 0.66
-1.33 0.575
-1.36 0.56
-1.28 0.445
-1.24 0.52
-1.22 0.485
-1.24 0.485
-1.43 0.66
-1.42 0.64
-1.16 0.535
-1.1 0.285
-1.24 0.22
-1.21 0.19
-1.24 0.085
-1.23 0.355
-1.05 0.14
-0.96 0.08
-0.99 0.06
-1.13 0.325
-1.07 0.305
-1.18 0.305
-1.22 0.405
-1.34 0.695
-1.24 0.605
-1.21 0.62
-0.97 0.235
-0.99 0.285
-1.32 0.595
-1.39 0.64
-1.29 0.7
-1.36 0.75
-1.53 0.82
-1.32 0.555
-1.32 0.42
-1.17 0.26
-1.29 0.305
-1.26 0.475
-1.19 0.485
-1.12 0.32
-1.04 0.265
-1.07 0.1
-1.1 -0.2
-1.05 -0.195
-1.1 -0.31
-1.24 -0.59
-1.26 -0.545
-1.11 -0.415
-1.12 -0.56
-1.44 -0.52
-1.31 -0.585
-1.23 -0.585
-1.25 -0.47
-1.36 -0.63
-1.28 -0.685
-1.33 -0.575
-1.13 -0.53
-1.37 -0.725
-1.2 -0.46
-1.31 -0.56
-1.21 -0.63
-1.29 -0.49
-1.36 -0.67
-1.46 -0.8
-1.56 -0.82
-1.34 -0.685
-1.1 -0.56
-1.15 -0.405
-1.07 -0.18
-1.16 -0.15
-1.19 -0.26
-1.12 -0.195
-1.21 -0.46
-1.32 -0.53
-1.39 -0.49
-1.06 -0.325
-1.07 -0.04
-1.15 0.105
-1.08 0.035
-1.19 0.155
-1.21 0.245
-1.06 -0.005
-1.15 0.21
-1.28 -0.275
-1.13 -0.215
-1.07 -0.23
-1.18 -0.39
-0.92 -0.115
-1.02 -0.15
-1.09 -0.395
-1.02 -0.41
-1.27 -0.505
-1.34 -0.65
-1.33 -0.7
-1.25 -0.64
-1.42 -0.79
-1.04 -0.495
-1.28 -0.615
-1.28 -0.545
-1.23 -0.6
-1.33 -0.545
-1.13 -0.47
-1.34 -0.64
-1.62 -0.865
-1.24 -0.565
-1.24 -0.61
-1.38 -0.755
-1.4 -0.55
-1.28 -0.61
-1.26 -0.525
-1.13 -0.425
-1.3 -0.495
-1.08 -0.47
-1.42 -0.735
-1.15 -0.63
-1.5 -0.83
-1.35 -0.71
-1.34 -0.69
-1.45 -0.805
-1.57 -0.83
-1.4 -0.78
-1.35 -0.76
-1.25 -0.565
-1.27 -0.375
-1.22 -0.41
-1.22 -0.525
-1.14 -0.515
-1.32 -0.68
-1.15 -0.5
-1.38 -0.37
-1.31 -0.38
-1 -0.39
-1.14 -0.625
-1.35 -0.76
-1.34 -0.645
-1.42 -0.75
-1.37 -0.755
-1.16 -0.55
-1.37 -0.685
-1.35 -0.725
-1.33 -0.635
-1.27 -0.645
-1.28 -0.515
-1.22 -0.535
-1.19 -0.58
-1.31 -0.52
-1.29 -0.675
-1.38 -0.715
-1.32 -0.625
-1.36 -0.725
-1.53 -0.805
-1.3 -0.69
-1.56 -0.83
-1.45 -0.79
-1.43 -0.705
-1.23 -0.67
-0.97 -0.335
-1.2 -0.455
-1.23 -0.57
-1.52 -0.785
-1.4 -0.735
-1.38 -0.605
-1.53 -0.815
-1.46 -0.75
-1.67 -0.82
-1.35 -0.735
-1.39 -0.645
-1.28 -0.52
-1.16 -0.495
-1.29 -0.535
-1.35 -0.71
-1.32 -0.67
-1.16 -0.565
-1.4 -0.775
-1.51 -0.835
-1.51 -0.84
-1.21 -0.62
-1.31 -0.625
-1.28 -0.64
-1.28 -0.39
-0.86 -0.34
-1.04 -0.13
-1.05 -0.08
-1.07 0.115
-1.18 0
-1.08 0.035
-1.18 -0.02
-1.16 -0.115
-1.22 0.09
-1.09 0.115
-1.18 0.265
-1.25 0.47
-1.4 0.695
-1.32 0.56
-1.21 0.47
-1.27 0.475
-1.27 0.565
-1.17 0.535
-1.23 0.405
-1.31 0.475
-1.31 0.54
-1.08 0.595
-1.4 0.745
-1.13 0.545
-1.22 0.7
-1.44 0.795
-1.23 0.575
-1.06 0.25
-0.92 0.125
-1.13 0.4
-1.11 0.26
-1.03 0.045
-1.13 -0.08
-1.02 -0.23
-1.14 -0.325
-0.92 -0.015
-1.14 0.45
-1.13 0.155
-1.11 0.465
-1.31 0.67
-1.35 0.72
-1.63 0.84
-1.54 0.805
-1.43 0.73
-1.52 0.775
-1.4 0.51
-1.16 0.22
-0.96 0.195
-1.12 0.265
-1.05 0.19
-1.08 0.385
-1.21 0.51
-1.38 0.625
-1.35 0.66
-1.31 0.775
-1.42 0.795
-1.27 0.625
-1.22 0.505
-1.14 0.44
-1.04 0.475
-1.17 0.3
-1.17 0.345
-1.23 0.225
-1.17 0.195
-0.86 -0.005
-0.97 -0.145
-0.91 0.025
-0.99 0.075
-1.21 0.36
-0.99 0.25
-1.18 0.395
-1.19 0.55
-1.51 0.845
-1.31 0.69
-1.35 0.625
-1.18 0.545
-1.27 0.68
-1.19 0.535
-1.34 0.635
-1.15 0.565
-1.29 0.68
-1.01 0.325
-1.09 0.31
-1.17 0.415
-1 0.195
-1.35 0.33
-1.29 0.23
-1 0.05
-0.99 -0.27
-1.21 -0.52
-1.2 -0.63
-1.41 -0.66
-1.39 -0.675
-1.32 -0.53
-1.34 -0.33
-1.17 -0.28
-1.06 -0.28
-1.25 -0.3
-1.09 -0.135
-1.05 0.095
-1.11 0.095
-1.12 -0.11
-1.14 -0.025
-0.9 0.025
-1.12 -0.145
-1.14 0.085
-1.16 0.07
-1.29 0.11
-1.26 -0.19
-1.05 -0.245
-1.04 -0.335
-1.3 -0.59
-1.33 -0.705
-1.43 -0.725
-1.53 -0.84
-1.41 -0.765
-1.37 -0.67
-1.35 -0.66
-1.35 -0.715
-1.22 -0.615
-1.43 -0.73
-1.31 -0.695
-1.51 -0.77
-1.57 -0.855
-1.31 -0.67
-1.45 -0.745
-1.33 -0.695
-1.27 -0.45
-1.29 -0.655
-1.12 -0.58
-1.15 -0.47
-1.23 -0.57
-1.48 -0.81
-1.32 -0.635
-1.37 -0.755
-1.28 -0.67
-1.27 -0.565
-1.07 -0.335
-1.27 -0.405
-1.08 -0.465
-1.34 -0.66
-1.4 -0.775
-1.34 -0.685
-1.09 -0.57
-1.27 -0.66
-1.33 -0.58
-1.29 -0.595
-1.44 -0.73
-1.26 -0.505
-1.25 -0.245
-1.17 -0.595
-1.38 -0.7
-1.44 -0.705
-1.56 -0.845
-1.15 -0.655
-1.16 -0.59
-1.27 -0.37
-1.36 -0.305
-1.2 -0.13
-1.15 -0.055
-1.12 -0.32
-0.98 -0.145
-1.17 -0.175
-1.11 -0.255
-1.08 -0.31
-1.07 -0.185
-0.76 0.19
-1.24 0
-1.09 0.105
-1.01 -0.025
-1 0.12
-1.32 -0.045
-1.12 0.005
-1.08 -0.145
-1.31 -0.04
-1.15 -0.33
-1.16 -0.565
-1.4 -0.715
-1.29 -0.5
-0.94 -0.195
-1.04 -0.245
-1.32 -0.52
-1.36 -0.725
-1.13 -0.47
-1.07 -0.43
-1.38 -0.65
-1.45 -0.75
-1.59 -0.87
-1.34 -0.705
-1.38 -0.705
-1.01 -0.54
-1.31 -0.56
-1.2 -0.435
-1.28 -0.32
-0.85 -0.17
-1.09 -0.09
-1.04 -0.16
-1.2 0.04
-1.06 -0.13
-1.26 0.18
-1.05 0.22
-1.09 0.245
-1.05 0.145
-1.21 0.115
-1.22 0.03
-1.21 0.2
-1.11 0.16
-1.22 0.31
-1.15 0.335
-1.27 0.385
-1.18 0.29
-1.06 0.215
-1.35 0.495
-1.15 0.57
-1.42 0.73
-1.43 0.745
-1.33 0.65
-1.28 0.435
-1.22 0.5
-1.06 0.215
-0.99 0.335
-1 0.38
-1.2 0.34
-1.15 0.235
-1.33 0.4
-1.08 0.405
-1.12 0.325
-1.4 0.465
-1.28 0.41
-1.26 0.31
-1.25 0.33
-1.03 0.035
-1.14 0.22
-1.06 0.195
-1.1 0.235
-1.37 0.545
-1.4 0.585
-1.35 0.715
-1.36 0.74
-1.15 0.535
-1.2 0.42
-1.06 0.195
-1.19 0.395
-1.35 0.52
-1.32 0.48
-1.54 0.725
-1.26 0.65
-1.33 0.725
-1.03 0.43
-1.07 0.455
-1.15 0.485
-1.17 0.25
-1.32 0.535
-1.25 0.58
-1.18 0.455
-1.11 0.37
-1.1 0.435
-1.12 0.51
-1.22 0.615
-1.33 0.67
-1.47 0.815
-1.47 0.8
-1.14 0.58
-1.23 0.66
-1.42 0.645
-1.05 0.435
-1.2 0.415
-1.36 0.725
-1.38 0.625
-1.45 0.67
-1.59 0.875
-1.49 0.805
-1.46 0.775
-1.39 0.73
-1.39 0.74
-1.32 0.72
-1.17 0.555
-1.37 0.67
-1.21 0.655
-1.18 0.35
-1.29 0.445
-1.15 0.5
-1.27 0.685
-1.26 0.635
-1.37 0.72
-1.26 0.545
-1.09 0.495
-1.23 0.53
-1.03 0.43
-1.18 0.54
-1.17 0.475
-1.2 0.44
-1.11 0.33
-1.25 0.375
-1.16 0.305
-1.18 0.26
-1.08 0.265
-1.26 0.42
-1.03 0.275
-1.26 0.34
-1.14 0.175
-1.05 0.13
-1.11 0.145
-1.23 0.43
-1.13 0.495
-1.39 0.605
-1.19 0.555
-1.43 0.745
-1.4 0.635
-1.42 0.735
-1.47 0.81
-1.32 0.74
-1.24 0.605
-1.33 0.635
-1.11 0.565
-1.23 0.515
-1.42 0.645
-1.34 0.6
-1.26 0.63
-1.35 0.595
-1.54 0.79
-1.5 0.66
-1.25 0.46
-1.27 0.605
-1.47 0.755
-1.26 0.69
-1.24 0.625
-1.29 0.635
-1.37 0.585
-1.05 0.385
-1.05 0.45
-1.26 0.595
-1.21 0.575
-1.07 0.3
-1.2 0.6
-1.24 0.67
-1.22 0.515
-1.21 0.4
-1.03 0.14
-1.23 0.075
-1.39 0.07
-1.11 0.285
-1.06 0.195
-1.29 0.43
-1.23 0.475
-1.18 0.46
-1.29 0.535
-1.21 0.495
-1.35 0.56
-1.24 0.58
-1.18 0.495
-1.39 0.575
-1.39 0.755
-1.34 0.7
-1.17 0.48
-1.36 0.7
-1.25 0.685
-1.18 0.545
-1.15 0.46
-1.12 0.515
-1.41 0.745
-1.27 0.685
-1.5 0.79
-1.59 0.855
-1.46 0.81
-1.34 0.675
-1.54 0.825
-1.55 0.825
-1.44 0.74
-1.44 0.745
-1.42 0.695
-1.25 0.55
-1.36 0.625
-1.45 0.77
-1.38 0.74
-1.19 0.49
-1.21 0.575
-1.36 0.585
-1.02 0.425
-1.25 0.64
-1.44 0.79
-1.48 0.77
-1.65 0.88
-1.17 0.565
-1.16 0.51
-1.14 0.6
-1.27 0.44
-1.31 0.605
-1.08 0.465
-1.44 0.645
-1.39 0.6
-1.29 0.555
-1.32 0.39
-1.12 0.425
-1.13 0.3
-1.38 0.265
-1.16 0.225
-1.13 -0.165
-1.2 -0.345
-0.97 -0.235
-1.17 -0.34
-1.23 -0.215
-1.15 0.145
-1.23 0.145
-1.1 -0.09
-1.15 -0.24
-1.16 -0.085
-1.19 -0.085
-1.22 0.07
-1.18 0.18
-1.27 0.065
-1.18 0.065
-1.09 0.02
-1.24 0.22
-1.14 0.05
-1.28 0.205
-1.24 0.52
-1.09 0.51
-1.1 0.475
-1.1 0.365
-1.18 0.455
-1.11 0.425
-1.37 0.55
-1.25 0.63
-1.27 0.585
-1.22 0.33
-1.25 0.345
-1.07 0.21
-1.12 0.38
-1.37 0.655
-1.3 0.62
-1.37 0.685
-1.34 0.665
-1.31 0.67
-1.46 0.75
-1.5 0.845
-1.3 0.715
-1.3 0.73
-1.47 0.69
-1.36 0.41
-1.13 0.275
-1.34 0.495
-1.13 0.365
-1.02 0.245
-0.94 0.135
-1.15 0.175
-1.23 0.015
-1.15 0.005
-1.19 -0.375
-1.31 -0.195
-1.31 0.265
-1.21 0.425
-1.22 0.475
-1.35 0.62
-1.35 0.665
-1.29 0.665
-0.98 0.38
-1.06 0.44
-0.98 0.095
-1.14 0.435
-1.47 0.835
-1.48 0.825
-1.56 0.815
-1.41 0.755
-1.47 0.82
-1.4 0.73
-1.51 0.82
-1.25 0.71
-1.33 0.71
-1.24 0.665
-1.34 0.67
-1.26 0.705
-1.3 0.69
-1.29 0.685
-1.34 0.645
-1.45 0.71
-1.18 0.535
-1.23 0.605
-1.24 0.51
-1.34 0.65
-1.44 0.8
-1.38 0.665
-1.38 0.785
-1.4 0.765
-1.38 0.755
-1.32 0.68
-1.58 0.87
-1.27 0.725
-1.68 0.875
-1.34 0.675
-1.33 0.705
-1.23 0.605
-1.38 0.7
-1.46 0.57
-1.42 0.53
-1.27 0.385
-1.22 0.375
-0.87 0.105
-1.1 0.02
-1.32 0.055
-1.3 -0.005
-1.17 0.05
-1.13 0.05
-1.15 -0.04
-1.01 0.005
-1.06 0.205
-1.17 0.175
-1.1 0.3
-1.31 0.23
-1.21 0.225
-1.22 0.305
-1.07 0.105
-1.14 0.37
-1.19 0.525
-1.2 0.385
-1.19 0.395
-1 0.395
-0.96 0.295
-0.95 0.425
-1.24 0.455
-1.21 0.61
-1.51 0.84
-1.23 0.615
-1.31 0.59
-1.53 0.75
-1.23 0.57
-1.31 0.665
-1.52 0.78
-1.3 0.51
-1.17 0.305
-1.21 0.48
-1.13 0.535
-1.28 0.63
-1.27 0.53
-1.31 0.655
-1.42 0.62
-1.18 0.565
-1.37 0.65
-1.32 0.62
-1.32 0.64
-1.11 0.475
-1.34 0.755
-1.33 0.76
-1.45 0.815
-1.32 0.755
-1.35 0.72
-1.34 0.55
-1.26 0.47
-1.18 0.505
-1.2 0.485
-1.18 0.6
-1.58 0.845
-1.55 0.84
-1.71 0.885
-1.49 0.8
-1.28 0.655
-1.22 0.49
-1.54 0.69
-1.28 0.65
-1.34 0.685
-1.11 0.525
-1.3 0.69
-1.33 0.64
-1.33 0.69
-1.23 0.485
-1.17 0.47
-1.27 0.465
-1.28 0.28
-1.3 0.115
-1.3 0.195
-1.24 -0.015
-1.27 -0.09
-1.2 -0.015
-1.14 0.28
-1.11 0.27
-1.17 0.285
-1.41 0.27
-1.23 0.275
-1.06 0.175
-1.14 0.29
-1.14 0.375
-1.14 0.31
-1.12 0.365
-1.22 0.47
-1.04 0.39
-1.15 0.45
-1.13 0.335
-1.37 0.715
-1.41 0.695
-1.55 0.795
-1.23 0.585
-1.3 0.64
-1.33 0.7
-1.21 0.485
-1.3 0.615
-1.19 0.63
-1.23 0.635
-1.23 0.525
-1.25 0.5
-1.32 0.725
-1.47 0.765
-1.58 0.74
-1.29 0.485
-1.1 0.345
-1.21 0.49
-1.17 0.29
-1.15 0.355
-1.05 0.345
-1.03 0.38
-1.3 0.45
-1.16 0.295
-1.19 0.235
-1.47 0.615
-1.44 0.75
-1.46 0.805
-1.52 0.85
-1.49 0.82
-1.26 0.635
-1.16 0.505
-1.29 0.655
-1.18 0.5
-1.37 0.415
-1.38 0.49
-1.16 0.59
-1.24 0.72
-1.3 0.675
-1.44 0.75
-1.47 0.75
-1.29 0.4
-1.21 0.43
-1.44 0.515
-1.37 0.525
-1.29 0.475
-1.24 0.42
-1.22 0.51
-1.33 0.385
-1.26 0.565
-1.45 0.74
-1.5 0.825
-1.37 0.7
-1.48 0.805
-1.38 0.77
-1.23 0.6
-1.3 0.685
-1.32 0.67
-1.28 0.665
-1.29 0.69
-1.25 0.565
-1.19 0.525
-1.22 0.52
-1.28 0.4
-1.22 0.28
-1.22 0.4
-1.33 0.525
-0.98 0.175
-1.12 0.27
-1.21 0.275
-1.03 0.26
-1.17 0.305
-1.01 -0.145
-1.11 -0.1
-1.11 -0.335
-0.99 -0.38
-1.19 -0.565
-1.24 -0.655
-1.44 -0.67
-1.74 -0.91
-1.41 -0.77
-1.45 -0.8
-1.26 -0.485
-1.19 -0.485
-1.32 -0.68
-1.54 -0.82
-1.46 -0.77
-1.57 -0.88
-1.56 -0.855
-1.36 -0.685
-1.39 -0.75
-1.45 -0.725
-1.44 -0.75
-1.39 -0.75
-1.38 -0.705
-1.36 -0.675
-1.08 -0.5
-1.15 -0.295
-1.21 -0.16
-1.11 -0.265
-1.28 -0.475
-1.12 -0.305
-1.12 -0.49
-1.25 -0.255
-1.3 -0.435
-1.21 -0.49
-1.28 -0.615
-1.25 -0.635
-1.34 -0.63
-1.44 -0.68
-1.4 -0.735
-1.28 -0.535
-1.02 -0.425
-1.03 -0.215
-1.05 -0.08
-1.24 -0.115
-1.17 -0.28
-1.22 -0.575
-1.21 -0.6
-1.26 -0.465
-1.09 -0.415
-1.45 -0.795
-1.19 -0.62
-1.47 -0.73
-1.38 -0.72
-1.6 -0.875
-1.36 -0.72
-0.99 -0.29
-1.13 -0.425
-1.01 -0.23
-0.98 -0.155
-1.13 -0.325
-1.23 -0.46
-1.27 -0.475
-1.26 -0.555
-1.34 -0.625
-1.17 -0.58
-1.22 -0.575
-1.29 -0.565
-1.25 -0.635
-1.23 -0.575
-1.28 -0.685
-1.28 -0.65
-1.29 -0.73
-1.43 -0.77
-1.51 -0.69
-1.33 -0.58
-1.04 -0.295
-1.08 -0.24
-1.22 -0.5
-1.12 -0.34
-1.11 -0.24
-1.12 -0.07
-1.1 -0.06
-1.28 -0.08
-1.13 0.18
-0.93 0.22
-1.09 0.44
-1.36 0.595
-1.29 0.655
-1.29 0.44
-1.02 0.155
-0.88 0.365
-1.04 0.16
-1.14 -0.005
-1.18 0.06
-1.44 0.095
-1.14 0.145
-1.14 0.25
-1.04 -0.09
-1.15 -0.065
-1.24 0.17
-1.14 0.07
-1.16 0.27
-1.19 0.345
-1.1 0.34
-1.19 0.36
-1.1 0.27
-1.03 0.16
-1.23 0.32
-1.18 0.165
-1.06 0.325
-1.26 0.245
-1.09 0.32
-1.11 0.095
-1.05 0.105
-1.15 0.275
-1.05 0.135
-0.94 -0.005
-1.02 0.005
-1.2 -0.14
-1.23 -0.16
-1.17 -0.105
-1.12 -0.13
-1.09 -0.27
-1.03 -0.25
-0.85 -0.26
-1.14 -0.235
-1.18 -0.295
-1.01 -0.295
-1.35 -0.44
-1.27 -0.27
-1.2 -0.18
-1.09 -0.31
-1.08 -0.115
-1.22 0.375
-0.97 0.1
-1.28 -0.07
-1.15 0.005
-1.05 0.065
-1.11 0.22
-1.13 0.495
-1.14 0.07
-1.15 0.31
-1.11 0.285
-1.1 0.15
-1.23 -0.07
-1.26 -0.14
-1.25 -0.08
-1.16 0.025
-1.01 0.265
-1.1 -0.04
-1.07 0.105
-1.17 0.17
-1.16 0.15
-0.91 -0.1
-1.26 -0.15
-1.18 -0.3
-1.14 -0.41
-1.27 -0.36
-1.15 -0.375
-1.47 -0.735
-1.19 -0.64
-1.31 -0.665
-1.29 -0.675
-1.2 -0.59
-1.33 -0.54
-1.34 -0.58
-1.12 -0.645
-1.25 -0.71
-1.36 -0.775
-1.44 -0.8
-1.48 -0.745
-1.43 -0.81
-1.45 -0.75
-1.38 -0.765
-1.32 -0.6
-1.35 -0.68
-1.49 -0.785
-1.46 -0.73
-1.22 -0.61
-1.39 -0.725
-1.28 -0.58
-1.42 -0.585
-1.31 -0.515
-1.47 -0.69
-1.29 -0.65
-1.23 -0.71
-1.37 -0.74
-1.25 -0.565
-1.2 -0.635
-1.31 -0.545
-1.17 -0.665
-1.45 -0.715
-1.27 -0.725
-1.61 -0.88
-1.4 -0.74
-1.54 -0.69
-1.28 -0.65
-1.36 -0.71
-1.45 -0.8
-1.58 -0.855
-1.3 -0.72
-1.28 -0.62
-1.16 -0.615
-1.11 -0.61
-1.3 -0.545
-1.26 -0.66
-1.23 -0.56
-1.27 -0.395
-1.19 -0.52
-1.04 -0.385
-1.08 -0.095
-1.16 0.09
-1.07 0.04
-1.12 0
-1.13 0.16
-1.05 0.29
-1.11 0.255
-1.32 0.38
-1.12 0.535
-1.24 0.58
-1.51 0.82
-1.27 0.695
-1.28 0.51
-1.35 0.35
-1.36 0.63
-1.4 0.815
-1.09 0.495
-1.23 0.47
-1.31 0.55
-1.27 0.49
-1.04 0.15
-1.14 0.04
-1.11 0.07
-1.32 -0.255
-0.97 -0.335
-1.18 -0.535
-1.21 -0.445
-1.35 -0.58
-1.34 -0.575
-1.33 -0.645
-1.11 -0.475
-1.16 -0.53
-1.46 -0.745
-1.45 -0.765
-1.27 -0.65
-1.38 -0.555
-1.48 -0.74
-1.21 -0.665
-1.36 -0.71
-1.13 -0.63
-1.24 -0.645
-1.09 -0.645
-1.44 -0.715
-1.27 -0.68
-1.36 -0.74
-1.39 -0.765
-1.49 -0.76
-1.29 -0.685
-1.13 -0.51
-1.19 -0.535
-1.24 -0.34
-1.28 -0.425
-1.18 -0.235
-1.07 -0.295
-1.08 -0.37
-1.22 -0.055
-1.12 -0.255
-1.07 -0.32
-1.07 -0.345
-1.11 -0.15
-1.05 -0.3
-1.02 -0.24
-1.19 0.025
-1.27 -0.055
-1.23 0.005
-1.15 0.225
-1.1 0.17
-1.21 0.29
-1.3 0.1
-1.33 0.34
-1.32 0.08
-1.2 0.085
-1.14 0.465
-1.34 0.58
-1.33 0.655
-1.26 0.5
-1.27 0.34
-1.21 0.6
-1.57 0.815
-1.48 0.765
-1.18 0.65
-1.55 0.79
-1.6 0.855
-1.42 0.705
-1.52 0.765
-1.06 0.465
-0.98 0.13
-1.1 0.115
-1.26 0.45
-1.16 0.235
-1.04 0.215
-1.19 0.23
-1.14 0
-1.17 -0.26
-0.99 -0.19
-1.19 -0.165
-1.11 -0.24
-1.19 -0.215
-1.1 0.035
-1.14 -0.05
-1.24 -0.04
-0.95 -0.28
-1.31 -0.56
-1.1 -0.495
-1.31 -0.675
-0.98 -0.3
-1.19 -0.205
-1.21 -0.24
-1.18 -0.495
-1.11 -0.505
-1.14 -0.425
-1.34 -0.485
-1.06 -0.35
-1.29 -0.585
-1.33 -0.705
-1.16 -0.59
-1.45 -0.775
-1.51 -0.825
-1.42 -0.77
-1.42 -0.705
-1.22 -0.425
-1.15 -0.24
-1.07 -0.07
-1.18 -0.085
-1.32 0.2
-1.11 0.395
-1.3 0.565
-1.21 0.63
-1.32 0.595
-1.5 0.74
-1.52 0.735
-1.27 0.71
-1.66 0.85
-1.5 0.82
-1.4 0.77
-1.56 0.805
-1.61 0.805
-1.21 0.61
-1.42 0.785
-1.21 0.575
-1.24 0.52
-1.25 0.62
-1.11 0.495
-1.29 0.74
-1.48 0.78
-1.48 0.795
-1.35 0.76
-1.21 0.63
-1.33 0.465
-1.32 0.465
-1.35 0.565
-1.18 0.595
-1.24 0.51
-1.56 0.82
-1.4 0.75
-1.31 0.695
-1.33 0.695
-1.18 0.655
-1.28 0.6
-1.23 0.58
-1.2 0.685
-1.29 0.65
-1.21 0.53
-1.39 0.57
-1.23 0.405
-1.15 0.36
-1.28 0.285
-1.28 0.535
-1.25 0.605
-1.46 0.685
-1.24 0.64
-1.23 0.675
-1.22 0.575
-1.26 0.59
-1.14 0.445
-1.04 0.265
-1.3 0.665
-1.56 0.855
-1.62 0.795
-1.68 0.915
-1.54 0.85
-1.59 0.81
-1.43 0.625
-1.31 0.695
-1.24 0.625
-1.35 0.51
-1.32 0.58
-1.38 0.7
-1.23 0.44
-1.1 0.465
-1.15 0.5
-1.4 0.615
-1.22 0.4
-1 0.32
-1.18 0.16
-1.16 0.195
-1.11 0.215
-1.04 0.005
-1.14 0.075
-1.24 -0.295
-1.22 -0.3
-0.93 -0.115
-1.1 -0.29
-1.12 -0.38
-1.21 -0.575
-1.11 -0.53
-1.21 -0.555
-1.39 -0.655
-1.36 -0.62
-1.17 -0.62
-1.07 -0.49
-1.42 -0.735
-1.37 -0.72
-1.31 -0.735
-1.32 -0.685
-1.25 -0.645
-1.23 -0.47
-1.13 -0.335
-1.37 -0.615
-1.25 -0.49
-1.23 -0.57
-1.36 -0.72
-1.66 -0.85
-1.3 -0.66
-1.28 -0.63
-1.24 -0.585
-1.33 -0.68
-1.35 -0.58
-1.11 -0.26
-1.15 -0.38
-1.07 -0.03
-1.26 -0.07
-1.34 0.16
-1.12 -0.125
-1.26 -0.43
-1.4 -0.6
-1.36 -0.56
-1.27 -0.705
-1.16 -0.64
-1.31 -0.71
-1.38 -0.74
-1.51 -0.83
-1.21 -0.67
-1.19 -0.635
-1.34 -0.755
-1.23 -0.505
-1.12 -0.335
-1.05 -0.245
-1.23 -0.22
-1.02 -0.14
-1.11 -0.04
-1.22 -0.175
-1.04 -0.375
-1.12 -0.28
-1.36 -0.39
-1.05 -0.32
-1.1 -0.415
-1.24 -0.28
-1.22 -0.41
-1.11 -0.18
-1.2 -0.1
-1.22 -0.195
-1.16 -0.075
-1.21 0.025
-1.25 0.23
-1.15 0.205
-1.2 0.11
-1.27 0.08
-1.29 -0.16
-1.24 -0.155
-1.28 -0.25
-1.16 -0.305
-1.14 -0.4
-1.24 -0.395
-1.21 -0.2
-1.16 -0.28
-1.15 -0.3
-1.29 -0.295
-1.37 -0.5
-1.2 -0.515
-1.21 -0.555
-1.13 -0.635
-1.08 -0.525
-1.17 -0.59
-1.36 -0.605
-1.02 -0.235
-1.19 -0.32
-1.27 -0.43
-1.22 -0.18
-1.13 -0.3
-1.24 -0.33
-1.27 -0.35
-1.29 -0.255
-1.08 -0.1
-1.07 -0.1
-1.04 0.025
-0.99 0.25
-1.12 0.14
-1.27 0.41
-1.1 0.365
-1.13 0.38
-1.05 0.315
-1.02 0.13
-1.16 0.29
-1.25 0.3
-1.07 0.42
-1.16 0.35
-1.23 0.28
-1.16 0.09
-1.14 -0.06
-1.14 0.17
-1.14 0.32
-1.38 0.635
-1.46 0.65
-1.41 0.72
-1.35 0.625
-1.18 0.37
-1.05 0.245
-1.19 0.235
-1.17 0.125
-1.22 0.295
-0.95 0.275
-1.22 0.385
-1.13 0.34
-1.14 0.43
-1.15 0.09
-1.21 -0.035
-1.28 -0.245
-1.32 -0.015
-1.19 0.085
-1.1 0.275
-1.13 0.495
-1.04 0.395
-1.24 0.55
-1.24 0.535
-1.32 0.585
-1.27 0.655
-1.32 0.445
-1.29 0.315
-1.15 0.405
-1.15 0.465
-1.46 0.795
-1.26 0.57
-1.29 0.52
-1.23 0.28
-1.17 0.34
-1.09 0.27
-1.15 0.27
-1.29 0.245
-0.97 0.11
-0.95 0.375
-1.03 0.245
-0.92 0.165
-1.23 0.165
-1.06 0.09
-1.33 -0.15
-1.06 -0.135
-1.35 0.285
-1.12 0.09
-1.05 -0.015
-1.36 -0.375
-1.04 -0.235
-1.23 0.045
-1.16 0.3
-0.97 0.395
-1.07 0
-1.1 -0.055
-1.06 -0.105
-1.16 -0.13
-1.23 -0.185
-1.03 -0.065
-1.18 0.285
-1.05 0.45
-1.25 0.61
-1.49 0.82
-1.41 0.76
-1.4 0.775
-1.22 0.575
-1.12 0.335
-1.15 0.265
-0.97 0.28
-0.97 0.17
-0.93 -0.145
-1.21 -0.07
-1.39 -0.075
-1.19 -0.005
-1.13 0.275
-1.04 -0.025
-1.04 -0.025
-1.12 -0.025
-1.1 -0.115
-0.99 -0.095
-1.06 -0.26
-1.03 0.01
-1.14 -0.15
-1.16 -0.065
-1.15 0.055
-1.07 0.115
-1.07 0.095
-1 0.275
-1.12 0.325
-1.14 0.2
-1.32 0.475
-1.28 0.42
-1.15 0.415
-1.26 0.475
-1.22 0.345
-1.2 0.365
-1.16 0.385
-1.25 0.53
-1.14 0.255
-1.2 0.225
-1.06 0.215
-1.22 0.37
-1.37 0.535
-1.25 0.61
-1.22 0.415
-1.23 0.49
-1.16 0.235
-1.11 0.35
-1.17 0.025
-1.25 0.155
-1.19 -0.18
-1.16 -0.205
-1.02 -0.23
-1.16 -0.32
-1.07 -0.465
-1.4 -0.5
-1.2 -0.415
-0.96 -0.25
-1.24 -0.52
-1.07 -0.19
-1.07 -0.265
-1.09 -0.23
-1.19 -0.32
-1.49 -0.71
-1.31 -0.59
-1.24 -0.52
-1.4 -0.725
-1.38 -0.745
-1.41 -0.745
-1.34 -0.59
-1.28 -0.545
-1.47 -0.745
-1.53 -0.785
-1.38 -0.64
-1.21 -0.495
-1.44 -0.74
-1.27 -0.675
-1.2 -0.585
-1.2 -0.43
-1.29 -0.425
-1.11 -0.46
-1.21 -0.36
-1.16 -0.045
-1.11 -0.09
-1.09 -0.22
-1.18 -0.03
-1.21 -0.25
-1.2 -0.275
-1.29 -0.365
-1.26 -0.365
-1.16 -0.27
-1.13 -0.135
-1.12 -0.21
-1.17 -0.34
-1.24 -0.2
-1.21 -0.265
-1.24 -0.385
-1.21 -0.565
-1.19 -0.51
-1.32 -0.61
-1.39 -0.62
-1.33 -0.545
-1.36 -0.57
-1.24 -0.365
-1.21 -0.42
-1.37 -0.54
-1.35 -0.645
-1.08 -0.325
-1.01 -0.135
-1.24 -0.075
-1.1 -0.11
-1.3 -0.045
-1.14 -0.005
-1.05 -0.275
-1.27 -0.365
-1.24 -0.405
-1.3 -0.585
-1.13 -0.55
-1.09 -0.39
-1.22 -0.345
-1.27 -0.315
-1.07 -0.28
-1.32 -0.385
-1.07 -0.245
-1.16 -0.28
-0.99 -0.4
-1.38 -0.67
-1.21 -0.655
-1.23 -0.625
-1.24 -0.58
-1.24 -0.605
-1.57 -0.775
-1.25 -0.68
-1.36 -0.645
-1.2 -0.57
-1.42 -0.65
-1.37 -0.695
-1.39 -0.67
-1.31 -0.6
-1.21 -0.475
-1.25 -0.38
-1.05 -0.305
-1.22 -0.395
-1.13 -0.37
-1.43 -0.4
-1.14 -0.46
-1.24 -0.245
-1.14 -0.32
-1.11 -0.305
-1.11 -0.4
-1.21 -0.4
-1.18 -0.305
-1.16 -0.08
-0.97 0.1
-1.31 -0.055
-1.07 -0.135
-1.07 -0.055
-1.16 0.015
-1.1 0.175
-1.25 0.41
-1.3 0.435
-1.22 0.52
-1.01 0.41
-1.28 0.29
-1.21 0.02
-1.18 -0.055
-1.19 0.12
-1.28 0.265
-1.15 0.315
-1.22 0.105
-1.27 0.305
-1.28 0.58
-1.31 0.585
-1.23 0.525
-1.43 0.565
-1.28 0.615
-1.35 0.46
-1.12 0.565
-1.35 0.72
-1.29 0.665
-1.19 0.56
-1.52 0.8
-1.43 0.75
-1.4 0.74
-1.28 0.5
-1.09 0.265
-1.36 0.665
-1.15 0.285
-1.27 0.44
-1.11 0.22
-1.34 0.55
-1.21 0.5
-1.33 0.705
-1.27 0.645
-1.28 0.65
-1.29 0.565
-1.47 0.76
-1.21 0.52
-1.32 0.67
-1.19 0.645
-1.27 0.595
-1.12 0.475
-1.29 0.54
-1.29 0.68
-1.27 0.625
-1.31 0.695
-1.6 0.825
-1.38 0.74
-1.32 0.76
-1.45 0.8
-1.37 0.71
-1.35 0.72
-1.24 0.575
-1.25 0.5
-1.21 0.53
-1.31 0.565
-1.32 0.58
-1.17 0.345
-1.16 0.43
-1.01 0.325
-1.45 0.52
-1.39 0.695
-1.17 0.515
-1.1 0.475
-0.96 0.39
-1.23 0.57
-1.05 0.355
-1.29 0.345
-1.33 0.685
-1.25 0.7
-1.43 0.71
-1.4 0.74
-1.42 0.785
-1.44 0.795
-1.35 0.7
-1.49 0.815
-1.37 0.725
-1.44 0.805
-1.31 0.635
-1.52 0.825
-1.54 0.81
-1.61 0.85
-1.47 0.77
-1.25 0.58
-1.54 0.81
-1.38 0.71
-1.25 0.7
-1.35 0.74
-1.5 0.79
-1.41 0.75
-1.33 0.74
-1.45 0.75
-1.43 0.765
-1.46 0.79
-1.33 0.64
-1.42 0.605
-1.21 0.47
-1.12 0.515
-1.21 0.5
-0.99 0.245
-1.19 0.205
-1.04 0.05
-1.1 -0.06
-1.08 -0.14
-1.18 -0.35
-1 -0.255
-1.1 -0.48
-1.13 -0.39
-1.22 -0.405
-1.31 -0.49
-1.27 -0.505
-1.38 -0.52
-1.15 -0.405
-1.16 -0.495
-1.24 -0.45
-1.38 -0.635
-1.45 -0.71
-1.36 -0.675
-1.41 -0.76
-1.4 -0.69
-1.34 -0.71
-1.38 -0.73
-1.21 -0.58
-1.33 -0.635
-1.21 -0.64
-1.5 -0.81
-1.45 -0.82
-1.36 -0.79
-1.34 -0.7
-1.34 -0.66
-1.35 -0.545
-1.54 -0.8
-1.11 -0.645
-1.48 -0.81
-1.4 -0.74
-1.31 -0.665
-1.45 -0.635
-1.24 -0.61
-1.31 -0.46
-1.48 -0.545
-1.22 -0.525
-1.14 -0.49
-1.23 -0.605
-1.37 -0.765
-1.46 -0.725
-1.26 -0.47
-1.11 -0.35
-1.27 -0.485
-1.12 -0.515
-1.21 -0.61
-1.37 -0.445
-1.13 -0.26
-1.3 -0.55
-1.31 -0.445
-1.22 -0.435
-1.16 -0.05
-1.19 -0.175
-1.19 -0.165
-1.06 -0.215
-1.32 -0.145
-1.47 -0.385
-1.25 -0.245
-1.21 -0.28
-1.13 -0.23
-1.06 -0.26
-1.04 -0.255
-1.03 -0.14
-1.22 0.035
-1.31 -0.29
-1.2 -0.485
-1.49 -0.625
-1.22 -0.495
-1.4 -0.71
-1.44 -0.79
-1.42 -0.72
-1.24 -0.62
-1.1 -0.57
-1.53 -0.795
-1.44 -0.765
-1.64 -0.885
-1.42 -0.8
-1.36 -0.7
-1.22 -0.59
-1.34 -0.52
-1.2 -0.48
-1.25 -0.525
-1.03 -0.32
-1.05 -0.39
-1.28 -0.63
-1.37 -0.695
-1.28 -0.57
-1.23 -0.615
-1.25 -0.61
-1.27 -0.485
-1.46 -0.775
-1.26 -0.705
-1.51 -0.82
-1.33 -0.64
-1.38 -0.7
-1.26 -0.635
-1.36 -0.775
-1.55 -0.845
-1.25 -0.59
-1.27 -0.72
-1.41 -0.64
-0.94 -0.335
-0.96 -0.305
-1.1 -0.255
-1.13 -0.19
-1.28 -0.345
-1.22 -0.065
-1.18 0.015
-1.04 -0.205
-1.11 -0.34
-1.12 -0.385
-1.13 -0.26
-1.29 -0.38
-1.11 -0.455
-1.18 -0.56
-1.08 -0.41
-1.25 0.035
-1.15 0.09
-1.02 0.065
-1.01 0.02
-1.21 -0.355
-1.19 -0.42
-1.15 -0.15
-1.26 -0.465
-1.09 -0.445
-0.95 -0.11
-1.2 -0.21
-1.19 -0.12
-1.24 -0.4
-1.3 -0.185
-1.18 -0.195
-1.28 0.115
-1.32 0.13
-1.21 0.02
-1.17 0.16
-0.99 0.19
-1.29 0.355
-1.21 0.24
-0.97 0.32
-1.22 0.47
-1.49 0.545
-1.32 0.55
-1.27 0.635
-1.27 0.65
-1.21 0.545
-1.32 0.585
-1.11 0.485
-1.44 0.485
-1.13 0.285
-1.23 0.485
-1.36 0.65
-1.25 0.605
-1.47 0.755
-1.38 0.61
-1.24 0.61
-1.28 0.65
-1.17 0.63
-1.1 0.41
-0.9 0.055
-1.01 0.195
-1.25 -0.045
-1.19 -0.09
-1.03 -0.265
-1.19 -0.535
-1.16 -0.59
-1.35 -0.49
-0.97 -0.135
-1.16 -0.075
-1.19 -0.215
-1.15 0.04
-1.29 -0.105
-1.15 -0.195
-1.22 -0.095
-1.29 -0.295
-1.26 -0.195
-1.09 -0.105
-1.1 -0.24
-1.29 -0.495
-1.2 -0.44
-1.14 -0.305
-1.16 -0.43
-1.1 -0.325
-1.15 -0.355
-1.44 -0.605
-1.46 -0.685
-1.4 -0.7
-1.69 -0.89
-1.53 -0.82
-1.37 -0.74
-1.29 -0.645
-1.27 -0.57
-1.33 -0.655
-1.33 -0.53
-1.2 -0.335
-1.23 -0.275
-1.06 -0.295
-1.16 0.03
-1.12 0.095
-1.28 0.13
-1.13 0.21
-1.27 0.265
-1.19 0.185
-1.14 0.34
-1.14 0.31
-1.13 -0.035
-1.22 -0.275
-1.2 -0.33
-1.34 -0.63
-1.32 -0.54
-1.14 -0.48
-1.41 -0.54
-1.22 -0.43
-1.23 -0.47
-1.22 -0.54
-1.49 -0.82
-1.58 -0.83
-1.3 -0.72
-1.49 -0.815
-1.54 -0.805
-1.45 -0.8
-1.31 -0.575
-1.3 -0.575
-1.14 -0.5
-0.99 -0.335
-1.09 -0.27
-1.32 -0.445
-1.39 -0.42
-1.22 -0.455
-1.08 -0.195
-1.14 -0.33
-1.25 -0.48
-1.34 -0.635
-1.35 -0.645
-1.27 -0.565
-1.46 -0.69
-1.53 -0.765
-1.49 -0.79
-1.41 -0.665
-1.61 -0.875
-1.57 -0.85
-1.55 -0.86
-1.35 -0.665
-1.27 -0.315
-1.24 -0.375
-1.33 -0.03
-1.04 -0.195
-1.3 -0.1
-1.12 0.055
-1.41 0.035
-1.1 0.02
-1.01 -0.02
-0.92 0.075
-1.26 0.46
-1.2 0.38
-1.28 0.51
-1.3 0.595
-1.42 0.66
-1.51 0.845
-1.35 0.635
-1.36 0.725
-1.44 0.82
-1.41 0.755
-1.29 0.69
-1.41 0.67
-1.39 0.68
-1.1 0.585
-1.28 0.53
-1.21 0.425
-1.28 0.54
-1.26 0.635
-0.99 0.235
-1.04 0.255
-1.27 0.405
-1.3 0.425
-1.1 0.615
-1.39 0.685
-1.1 0.49
-1.32 0.6
-1.24 0.67
-1.25 0.56
-1.26 0.58
-1.17 0.47
-1.19 0.26
-1.08 0.39
-1.17 0.39
-1.17 0.525
-1.13 0.5
-1.1 0.34
-1.08 0.46
-1.23 0.515
-1.35 0.675
-1.43 0.665
-1.45 0.665
-1.1 0.53
-1.15 0.495
-1.2 0.505
-1.29 0.635
-1.58 0.86
-1.36 0.715
-1.35 0.735
-1.42 0.71
-1.24 0.46
-1.23 0.365
-1.44 0.475
-1.34 0.555
-1.37 0.69
-1.01 0.435
-1.32 0.5
-1.35 0.535
-1.32 0.59
-1.19 0.39
-1.26 0.525
-1.06 0.23
-1.09 0.305
-1.38 0.6
-1.06 0.435
-1.21 0.475
-1.35 0.62
-1.45 0.685
-1.48 0.78
-1.4 0.7
-1.43 0.77
-1.38 0.745
-1.18 0.495
-1.1 0.42
-1.25 0.445
-1.28 0.39
-1.34 0.54
-1.22 0.515
-1.36 0.535
-1.09 0.455
-1.2 0.45
-1.22 0.545
-1.37 0.7
-1.34 0.6
-1.34 0.435
-1.25 0.55
-1.4 0.68
-1.23 0.65
-1.49 0.61
-1.31 0.715
-1.38 0.61
-1.18 0.4
-1.23 0.57
-1.34 0.66
-1.42 0.805
-1.33 0.66
-1.32 0.69
-1.52 0.845
-1.19 0.67
-1.2 0.605
-1.23 0.61
-1.14 0.705
-1.2 0.665
-1.05 0.535
-1.3 0.62
-1.3 0.63
-1.34 0.645
-1.25 0.625
-1.09 0.39
-1.05 0.29
-1.53 0.785
-1.33 0.65
-1.4 0.635
-1.48 0.74
-1.35 0.64
-1.25 0.525
-1.11 0.325
-1.15 0.38
-1.13 0.34
-1.12 0.395
-1.1 0.46
-1.14 0.475
-1.23 0.565
-1.27 0.66
-1.19 0.51
-1.36 0.47
-1.18 0.485
-1.23 0.445
-1.38 0.53
-1.27 0.465
-1.24 0.685
-1.4 0.69
-1.15 0.265
-1.1 0.34
-1.16 0.355
-1.15 0.36
-1.11 0.12
-1.23 0.13
-1.09 0.275
-1.06 0.24
-1.11 0.1
-0.98 0.04
-1.07 -0.06
-1.25 -0.315
-1.03 -0.235
-1.07 -0.005
-1.11 0.005
-1.02 0.185
-1.17 0.245
-1.09 0.145
-1.01 0.13
-1.03 0.055
-1.09 0.21
-0.98 0.195
-1.26 0.465
-1.17 0.24
-1.28 0.475
-1.3 0.175
-1.16 0.135
-1.14 0.13
-1.17 0.025
-0.94 0.095
-1.19 -0.01
-1.22 -0.31
-1.09 -0.21
-1.13 0.045
-1.06 -0.125
-0.97 -0.38
-1.13 0.015
-1.11 0.07
-1.1 0.16
-1.14 0.165
-1.17 0.145
-1.3 0.08
-1.15 0.275
-0.84 -0.095
-1.3 -0.31
-1.39 -0.415
-1.23 -0.485
-1.18 -0.365
-1.15 -0.455
-1.23 -0.43
-1.4 -0.45
-1.25 -0.405
-1.03 -0.275
-0.97 -0.165
-1.14 -0.2
-1.23 -0.305
-1.17 -0.34
-0.99 0.165
-1 0.195
-1.14 0.215
-1.23 0.65
-1.25 0.385
-1.33 0.645
-1.17 0.46
-1.25 0.43
-1.04 0.52
-1.1 0.57
-1.34 0.62
-1.24 0.6
-1.53 0.825
-1.42 0.77
-1.25 0.56
-1.24 0.565
-1.18 0.635
-1.35 0.76
-1.31 0.7
-1.32 0.555
-1.28 0.525
-1.41 0.61
-1.11 0.39
-1.47 0.73
-1.27 0.635
-1.43 0.785
-1.29 0.72
-1.44 0.68
-1.36 0.755
-1.24 0.69
-1.28 0.63
-1.23 0.565
-1.23 0.41
-1.27 0.39
-1.4 0.725
-1.55 0.83
-1.67 0.87
-1.33 0.68
-1.36 0.75
-1.54 0.83
-1.57 0.865
-1.36 0.655
-1.31 0.565
-1.53 0.77
-1.45 0.785
-1.36 0.775
-1.35 0.74
-1.59 0.87
-1.4 0.73
-1.23 0.575
-1.2 0.59
-1.27 0.725
-1.53 0.83
-1.38 0.75
-1.32 0.68
-1.48 0.74
-1.32 0.635
-1.16 0.45
-1.15 0.495
-1.14 0.375
-1.1 0.245
-1.08 0.31
-1.12 0.1
-1.19 0.295
-1.15 0.335
-1.14 0.505
-1.34 0.495
-1.14 0.485
-1.18 0.45
-1.3 0.645
-1.14 0.49
-1.3 0.63
-1.28 0.53
-1.53 0.73
-1.43 0.705
-1.36 0.775
-1.35 0.735
-1.43 0.7
-1.25 0.69
-1.4 0.735
-1.31 0.59
-1.35 0.635
-1.32 0.575
-1.22 0.62
-1.31 0.65
-1.35 0.625
-1.3 0.61
-1.26 0.37
-1.25 0.275
-1.15 0.17
-1.22 0.03
-1.28 -0.14
-1.11 -0.375
-1.28 -0.24
-1.04 0.075
-1.11 0.39
-1.07 0.21
-1.05 0.195
-1.2 0.105
-1.15 0.15
-1.13 0.02
-0.92 -0.08
-0.97 -0.17
-1.2 -0.245
-1.29 -0.195
-1.16 -0.23
-1.47 -0.695
-1.22 -0.52
-1.27 -0.635
-1.39 -0.76
-1.35 -0.74
-1.44 -0.755
-1.44 -0.735
-1.36 -0.64
-1.18 -0.48
-1.02 -0.575
-1.29 -0.195
-1.14 -0.155
-1.12 -0.41
-1.08 -0.315
-1.21 -0.405
-1.18 -0.3
-1.3 -0.315
-1.24 -0.32
-1.28 -0.45
-1.27 -0.54
-1.28 -0.555
-1.23 -0.63
-1.51 -0.745
-1.55 -0.815
-1.42 -0.68
-1.43 -0.725
-1.56 -0.76
-1.27 -0.7
-1.23 -0.59
-1.24 -0.445
-1.28 -0.505
-1.33 -0.595
-1.27 -0.65
-1.53 -0.845
-1.41 -0.69
-1.25 -0.645
-1.15 -0.48
-1.36 -0.695
-1.3 -0.675
-1.45 -0.71
-1.37 -0.72
-1.24 -0.62
-1.29 -0.67
-1.2 -0.625
-1.26 -0.61
-1.41 -0.7
-1.14 -0.475
-1.08 -0.34
-1.07 -0.455
-1.18 -0.5
-1.36 -0.51
-1.22 -0.565
-1.32 -0.73
-1.42 -0.79
-1.56 -0.745
-1.62 -0.815
-1.26 -0.535
-1.09 -0.32
-1.05 -0.45
-1.31 -0.53
-0.98 -0.41
-1.04 -0.39
-1.31 -0.59
-1.25 -0.535
-1.38 -0.8
-1.42 -0.725
-1.29 -0.635
-1.35 -0.705
-1.45 -0.765
-1.24 -0.415
-1.13 -0.55
-0.96 -0.405
-1.29 -0.56
-1.33 -0.575
-1.21 -0.29
-1.15 0.055
-1.24 -0.015
-1.23 -0.06
-1.24 -0.175
-1.18 -0.265
-0.96 -0.045
-1.23 -0.135
-1.32 -0.445
-1.13 -0.42
-1.12 -0.41
-1.21 -0.52
-1.14 -0.345
-1.23 -0.43
-1.21 -0.525
-1.48 -0.785
-1.23 -0.685
-1.15 -0.555
-1.21 -0.5
-1.1 -0.465
-1.06 -0.495
-1.14 -0.565
-1.5 -0.795
-1.23 -0.59
-1.43 -0.74
-1.6 -0.845
-1.37 -0.715
-1.46 -0.75
-1.36 -0.735
-1.46 -0.76
-1.24 -0.685
-1.28 -0.525
-1.3 -0.59
-1.24 -0.595
-1.13 -0.555
-1.12 -0.205
-1.2 -0.285
-1.18 -0.055
-1.14 -0.335
-1.01 -0.335
-1.14 -0.4
-1.31 -0.675
-1.32 -0.555
-1.67 -0.9
-1.29 -0.71
-1.09 -0.5
-1.15 -0.525
-1.36 -0.61
-1.28 -0.59
-1.29 -0.58
-1.32 -0.725
-1.23 -0.64
-1.28 -0.54
-1.05 -0.455
-1.27 -0.435
-1.23 -0.325
-1.27 -0.37
-1.14 -0.54
-1.4 -0.61
-1.15 -0.505
-1.17 -0.245
-1.35 -0.605
-1.17 -0.49
-1.27 -0.475
-1.18 -0.43
-1.28 -0.355
-1.2 -0.26
-1.05 -0.09
-1.23 0.02
-1.09 -0.165
-1.25 -0.015
-1.23 0.035
-1.14 -0.025
-1.08 -0.1
-1.14 -0.195
-0.99 0.06
-1.38 0.41
-1.23 0.54
-1.17 0.565
-1.32 0.6
-1.16 0.265
-1.17 0.42
-1.39 0.75
-1.42 0.76
-1.25 0.67
-1.51 0.83
-1.34 0.775
-1.51 0.85
-1.45 0.78
-1.52 0.66
-1.34 0.685
-1.26 0.685
-1.46 0.745
-1.58 0.855
-1.45 0.75
-1.01 0.425
-1.29 0.305
-1.28 0.53
-1.32 0.61
-1.26 0.455
-1.03 0.33
-1.2 0.63
-1.26 0.535
-1.29 0.48
-1.27 0.57
-1.2 0.44
-1.25 0.535
-1.01 0.37
-1.14 0.55
-1.12 0.51
-1.29 0.715
-1.47 0.79
-1.42 0.79
-1.37 0.735
-1.39 0.755
-1.41 0.7
-1.2 0.575
-1.41 0.745
-1.27 0.7
-1.4 0.7
-1.27 0.65
-1.39 0.675
-1.36 0.68
-1.58 0.87
-1.29 0.58
-1.48 0.705
-1.24 0.64
-1.3 0.705
-1.17 0.67
-1.46 0.785
-1.37 0.615
-1.29 0.615
-1.49 0.75
-1.07 0.505
-1.18 0.58
-1.13 0.4
-1.07 0.31
-1.08 0.395
-1.31 0.455
-1.16 0.045
-1.12 -0.01
-1.27 0.16
-1.31 0.375
-1.23 0.565
-1.16 0.495
-1.29 0.505
-1.21 0.465
-1.44 0.635
-1.02 0.4
-1.1 0.53
-1.22 0.625
-1.59 0.8
-1.48 0.81
-1.49 0.83
-1.35 0.585
-1.4 0.74
-1.29 0.66
-1.51 0.78
-1.56 0.835
-1.49 0.805
-1.24 0.645
-1.34 0.51
-1.23 0.645
-1.66 0.88
-1.21 0.705
-1.29 0.61
-1.33 0.63
-1.1 0.33
-1.17 0.47
-0.94 0.18
-1.16 0.44
-1.02 0.24
-1.09 0.385
-1.19 -0.15
-1.29 -0.385
-1.18 -0.18
-1.16 -0.195
-1.25 -0.255
-1.4 -0.39
-1.32 -0.5
-1.16 -0.37
-1.14 -0.07
-1.19 0.01
-1.14 -0.1
-1.18 0.005
-1.14 0.34
-1.08 0.315
-1.16 0.365
-1.35 0.56
-1.38 0.61
-1.38 0.725
-1.19 0.61
-1.3 0.59
-1.3 0.585
-1.22 0.555
-1.47 0.705
-1.25 0.62
-1.34 0.705
-1.32 0.56
-1.35 0.715
-1.05 0.56
-0.97 0.305
-1.16 0.425
-1.08 0.225
-1.2 0.34
-1.2 0.265
-1.14 0.2
-1.19 0.3
-1.05 0.39
-1.38 0.625
-1.41 0.78
-1.37 0.64
-1.18 0.455
-1.34 0.555
-1.12 0.52
-1.15 0.55
-1.3 0.645
-1.51 0.85
-1.47 0.775
-1.56 0.84
-1.33 0.725
-1.39 0.75
-1.16 0.5
-1.08 0.565
-1.48 0.805
-1.63 0.895
-1.36 0.64
-1.29 0.42
-1.2 0.52
-1.24 0.48
-1.11 0.495
-1.26 0.445
-1.16 0.215
-1.27 0.365
-1.15 0.165
-1.23 -0.285
-1.16 -0.14
-1.16 -0.155
-1.3 -0.24
-1.39 -0.275
-1.08 -0.105
-1.17 -0.08
-1.01 -0.12
-0.94 -0.005
-1.1 -0.3
-1.12 -0.045
-1.11 0.245
-1.26 -0.03
-1.11 -0.22
-1.18 -0.615
-1.23 -0.55
-1.38 -0.735
-1.26 -0.6
-1.23 -0.52
-1.35 -0.635
-1.3 -0.64
-1.35 -0.635
-1.43 -0.67
-1.58 -0.845
-1.51 -0.79
-1.15 -0.47
-1.2 -0.475
-1.3 -0.705
-1.36 -0.725
-1.4 -0.59
-1.44 -0.71
-1.29 -0.63
-1.1 -0.47
-1.25 -0.45
-1.33 -0.445
-1.25 -0.57
-1.39 -0.64
-1.56 -0.83
-1.27 -0.69
-1.58 -0.805
-1.52 -0.84
-1.35 -0.77
-1.44 -0.685
-1.15 -0.485
-1.27 -0.5
-1.3 -0.57
-1.23 -0.595
-1.28 -0.48
-1.36 -0.635
-1.15 -0.565
-1.44 -0.615
-1.07 -0.435
-1.31 -0.565
-1.33 -0.575
-1.27 -0.415
-1.25 -0.405
-1.23 -0.475
-1.32 -0.605
-1.46 -0.66
-1.28 -0.585
-1.36 -0.56
-1.37 -0.56
-1.32 -0.445
-1.48 -0.725
-1.23 -0.615
-1.33 -0.59
-1.26 -0.605
-1.45 -0.705
-1.24 -0.385
-1.31 -0.405
-1.42 -0.43
-1.33 -0.47
-1.07 -0.305
-1.12 -0.175
-1.17 -0.125
-1.2 -0.32
-0.89 -0.225
-1.2 -0.305
-1.21 -0.42
-1.19 -0.465
-1.38 -0.675
-1.51 -0.84
-1.53 -0.855
-1.36 -0.605
-1.41 -0.75
-1.52 -0.765
-1.4 -0.68
-1.36 -0.73
-1.37 -0.725
-1.23 -0.54
-1.41 -0.795
-1.34 -0.755
-1.65 -0.875
-1.41 -0.765
-1.3 -0.67
-1.24 -0.635
-1.33 -0.635
-1.47 -0.745
-1.42 -0.725
-1.32 -0.64
-1.22 -0.61
-1.36 -0.74
-1.15 -0.64
-1.3 -0.625
-1.3 -0.625
-1.3 -0.485
-1.28 -0.635
-1.24 -0.565
-1.32 -0.57
-1.43 -0.765
-1.28 -0.72
-1.34 -0.66
-1.19 -0.495
-1.02 -0.355
-1.32 -0.56
-1.36 -0.66
-1.37 -0.72
-1.27 -0.31
-1.23 -0.39
-1.07 0.16
-1.2 0.305
-0.94 0.43
-1.37 0.715
-1.38 0.695
-1.44 0.77
-1.41 0.725
-1.33 0.76
-1.36 0.65
-1.4 0.435
-1.39 0.305
-1.3 0.34
-1.05 0.255
-1.03 0.13
-1.05 -0.11
-1.42 -0.09
-1.26 -0.13
-1.12 0
-1.24 0.215
-1.04 0.14
-1.07 0.23
-1.42 0.37
-1.15 0.055
-1.26 0.175
-1.23 0.605
-1.33 0.675
-1.37 0.68
-1.26 0.645
-1.25 0.515
-1.26 0.68
-1.29 0.53
-1.46 0.695
-1.5 0.825
-1.44 0.69
-1.58 0.86
-1.48 0.8
-1.56 0.75
-1.19 0.44
-1.28 0.41
-1.19 0.385
-0.91 0.26
-1.11 0.275
-1.37 0.55
-1.36 0.665
-1.22 0.6
-1.26 0.41
-1.09 0.375
-1 0.41
-1.03 0.23
-1.27 0.155
-1.11 0.28
-1.07 0.005
-1.04 0.025
-1.33 0.31
-1.22 0.435
-1.38 0.65
-1.4 0.725
-1.21 0.18
-1.33 -0.13
-1.01 -0.225
-1.1 0.08
-1.07 -0.02
-1.19 0.17
-1.27 0.05
-1.34 0.01
-1.14 -0.2
-1.27 -0.2
-1.19 -0.05
-1.12 -0.015
-1.29 -0.055
-1.09 0.13
-1.01 0.11
-1.12 0.085
-1.27 0.47
-1.13 0.6
-1.34 0.66
-1.16 0.61
-1.51 0.81
-1.32 0.585
-1.21 0.415
-1.11 0.24
-1.11 0.235
-1.21 0.565
-1.1 0.32
-1.25 0.435
-1.24 0.55
-0.98 0.305
-1.25 0.47
-1.12 0.455
-1.15 0.44
-1.15 0.4
-1.22 0.455
-1.23 0.595
-1.26 0.635
-1.3 0.45
-1.26 0.515
-1.03 0.39
-1.13 0.415
-1.2 0.375
-1.26 0.44
-1.31 0.63
-1.45 0.76
-1.34 0.685
-1.36 0.64
-1.38 0.655
-1.21 0.37
-1.24 0.34
-1.05 0.14
-0.97 0.03
-0.98 -0.115
-1.14 -0.31
-1.15 -0.315
-1.17 -0.43
-1.24 -0.455
-1.12 -0.4
-1.2 -0.615
-1.09 -0.42
-1.17 -0.355
-1.04 -0.01
-1.35 -0.335
-1.07 -0.365
-1.11 -0.405
-1.28 -0.635
-1.5 -0.835
-1.39 -0.695
-1.3 -0.65
-1.33 -0.72
-1.42 -0.65
-1.15 -0.445
-1.19 -0.32
-1.12 -0.095
-1.13 -0.385
-1.4 -0.49
-1.1 -0.13
-1.11 -0.23
-1.15 -0.14
-1.18 -0.425
-1.14 -0.41
-1.22 -0.605
-1.26 -0.66
-1.3 -0.71
-1.18 -0.555
-1.32 -0.7
-1.25 -0.65
-1.45 -0.755
-1.43 -0.74
-1.42 -0.8
-1.55 -0.78
-1.71 -0.905
-1.56 -0.795
-1.44 -0.81
-1.31 -0.665
-1.24 -0.595
-1.26 -0.595
-1.14 -0.45
-1.12 -0.485
-1.44 -0.49
-1.31 -0.655
-1.26 -0.63
-1.27 -0.58
-1.27 -0.45
-1.11 -0.445
-1.11 -0.37
-1.27 -0.34
-1.24 -0.41
-1.3 -0.68
-1.35 -0.755
-1.47 -0.825
-1.56 -0.83
-1.14 -0.5
-1.33 -0.655
-1.34 -0.67
-1.38 -0.72
-1.34 -0.62
-1.4 -0.655
-1.29 -0.575
-1.38 -0.71
-1.21 -0.585
-1.3 -0.615
-1.43 -0.615
-1.27 -0.56
-1.12 -0.64
-1.5 -0.775
-1.29 -0.695
-1.4 -0.745
-1.49 -0.74
-1.51 -0.85
-1.38 -0.765
-1.39 -0.73
-0.97 -0.305
-1.29 -0.55
-1.19 -0.6
-1.42 -0.68
-1.17 -0.555
-1.13 -0.51
-1.3 -0.675
-1.22 -0.6
-1.18 -0.435
-1.14 -0.51
-1.05 -0.4
-1.38 -0.46
-1.12 -0.285
-1.07 -0.125
-1.24 -0.43
-1.33 -0.59
-1.34 -0.465
-1.16 -0.285
-1.42 -0.635
-1.4 -0.66
-1.44 -0.64
-1.4 -0.715
-1.2 -0.525
-1.29 -0.55
-1.28 -0.635
-1.02 -0.23
-1.07 -0.105
-1.12 -0.31
-1.35 -0.46
-1.21 -0.455
-1.12 -0.285
-1.06 -0.25
-1.03 -0.125
-1.3 -0.015
-1.21 0.03
-1.37 0.285
-1.11 0.35
-1.43 0.495
-1.01 0.35
-1.15 0.425
-1.27 0.59
-1.31 0.44
-1.14 0.395
-1.41 0.78
-1.37 0.74
-1.26 0.685
-1.44 0.805
-1.44 0.7
-1.21 0.585
-1.45 0.75
-1.54 0.845
-1.29 0.66
-1.33 0.735
-1.43 0.75
-1.5 0.715
-1.53 0.805
-1.27 0.715
-1.35 0.65
-1.51 0.835
-1.36 0.745
-1.4 0.695
-1.36 0.62
-1.28 0.31
-1.17 0.595
-1.29 0.535
-1.33 0.38
-1.08 0.075
-1.1 -0.16
-1.1 0.07
-1.2 -0.055
-1.23 0.08
-1.16 0.11
-0.89 0.075
-1.13 0.17
-1.11 0.28
-1.02 0.32
-1.3 0.485
-1.13 0.14
-1.2 0.57
-1.34 0.595
-1.29 0.655
-1.45 0.72
-1.22 0.685
-1.51 0.78
-0.95 0.46
-1.11 0.305
-1.13 0.09
-1.16 0.05
-1.02 -0.225
-1.14 -0.13
-1.32 -0.47
-1.15 -0.455
-1.41 -0.7
-1.36 -0.71
-1.36 -0.77
-1.35 -0.77
-1.21 -0.67
-1.36 -0.76
-1.21 -0.56
-1.4 -0.735
-1.4 -0.755
-1.4 -0.605
-1.22 -0.67
-1.32 -0.57
-1.35 -0.475
-1.25 -0.385
-1.07 -0.14
-1.16 -0.11
-1.24 -0.085
-0.99 -0.18
-1.05 -0.325
-1.13 -0.495
-1.39 -0.615
-1.32 -0.51
-1.34 -0.635
-1.38 -0.56
-1.19 -0.52
-1.32 -0.41
-1.27 -0.33
-1.1 -0.28
-1.3 -0.25
-1.08 0.015
-1.14 0.135
-1.31 -0.035
-1.2 0.06
-1.04 -0.085
-1.06 0.2
-0.96 0.105
-1.18 0.345
-1.04 0.305
-1.34 0.7
-1.25 0.59
-1.28 0.6
-1.27 0.69
-1.45 0.765
-1.35 0.665
-1.42 0.725
-1.34 0.59
-1.41 0.685
-1.41 0.76
-1.29 0.705
-1.27 0.74
-1.43 0.705
-1.56 0.795
-1.28 0.64
-1.26 0.67
-1.31 0.6
-1.34 0.665
-1.38 0.62
-1.33 0.68
-1.42 0.535
-1.35 0.615
-1.42 0.745
-1.38 0.705
-1.48 0.79
-1.27 0.695
-1.31 0.76
-1.54 0.82
-1.5 0.845
-1.31 0.705
-1.17 0.665
-1.55 0.835
-1.22 0.635
-1.18 0.555
-1.33 0.68
-1.47 0.79
-1.66 0.89
-1.55 0.815
-1.57 0.85
-1.44 0.705
-1.48 0.795
-1.19 0.6
-1.63 0.86
-1.32 0.655
-1.13 0.53
-1.54 0.63
-1.25 0.285
-1.15 0.13
-1.19 0.215
-1.18 0.145
-1.1 0.315
-1.23 0.35
-1.36 0.62
-1.41 0.635
-1.27 0.435
-1.16 0.5
-1.2 0.38
-1.1 0.48
-1.3 0.305
-1.17 0.305
-1.08 0.365
-1.31 0.665
-1.36 0.675
-1.28 0.705
-1.52 0.82
-1.38 0.78
-1.41 0.785
-1.59 0.84
-1.43 0.775
-1.43 0.725
-1.22 0.415
-1.19 0.08
-1.02 0.06
-1.2 0.025
-1.29 0.08
-1.18 0.02
-1.12 0.165
-1.09 0.095
-1.19 0.43
-1.32 0.72
-1.56 0.74
-1.35 0.64
-1.41 0.765
-1.54 0.785
-1.34 0.695
-1.28 0.365
-1.19 0.45
-1.23 0.48
-1.24 0.65
-1.57 0.545
-1.25 0.58
-1.31 0.555
-1.54 0.8
-1.42 0.73
-1.61 0.85
-1.44 0.78
-1.33 0.69
-1.23 0.5
-1.24 0.615
-1.02 0.265
-1.06 0.095
-1.16 0.05
-1.09 -0.205
-1.22 -0.34
-1.12 -0.215
-1.27 0.08
-0.95 0.03
-1.06 0.23
-1.15 0.265
-0.98 0.08
-1.02 -0.26
-0.97 -0.17
-1.14 -0.315
-1.14 -0.235
-1.06 -0.03
-1 -0.175
-1.24 -0.345
-1.31 -0.635
-1.15 -0.445
-1.21 -0.405
-1.13 -0.48
-1.23 -0.29
-1.44 -0.51
-1.23 -0.65
-1.21 -0.515
-1.17 -0.35
-1.24 -0.34
-1.45 -0.76
-1.32 -0.73
-1.22 -0.505
-1.36 -0.52
-1.43 -0.585
-1.45 -0.695
-1.21 -0.555
-1.49 -0.705
-1.38 -0.7
-1.45 -0.785
-1.36 -0.66
-1.39 -0.725
-1.54 -0.775
-1.23 -0.645
-1.13 -0.615
-1.26 -0.605
-1.47 -0.785
-1.49 -0.795
-1.4 -0.765
-1.35 -0.765
-1.5 -0.825
-1.26 -0.56
-1.23 -0.61
-1.14 -0.48
-1.1 -0.45
-1.2 -0.275
-1.24 -0.365
-1.33 -0.555
-1.37 -0.585
-1.43 -0.755
-1.29 -0.75
-1.43 -0.76
-1.32 -0.555
-1.3 -0.595
-1.31 -0.59
-1.12 -0.43
-1.17 -0.405
-1.11 -0.365
-1.44 -0.59
-1.13 -0.33
-1.09 -0.38
-1.21 -0.555
-1.3 -0.435
-1.02 -0.4
-1.22 -0.61
-1.38 -0.6
-1.09 -0.53
-1.29 -0.65
-1.15 -0.59
-1.2 -0.515
-1.23 -0.56
-1.39 -0.68
-1.1 -0.575
-1.36 -0.7
-1.27 -0.62
-1.15 -0.375
-1.21 -0.44
-1.24 -0.375
-1.34 -0.56
-1.13 -0.465
-1.23 -0.5
-1.33 -0.54
-1.24 -0.67
-1.44 -0.73
-1.49 -0.82
-1.35 -0.69
-1.24 -0.485
-1.41 -0.74
-1.19 -0.605
-1.41 -0.765
-1.29 -0.625
-1.11 -0.535
-1.29 -0.64
-1.52 -0.74
-1.37 -0.68
-1.33 -0.63
-1.12 -0.455
-1.2 -0.375
-1.16 -0.43
-1.28 -0.48
-1.27 -0.425
-1.23 -0.13
-1.18 -0.01
-1.01 0.015
-1.29 -0.005
-1.12 0.11
-1 0.195
-1.21 0.34
-1.21 0.39
-1.1 0.575
-1.17 0.365
-1.26 0.19
-1.14 0.075
-1.19 0.345
-1.14 0.485
-1.35 0.67
-1.49 0.795
-1.25 0.535
-1.29 0.63
-1.22 0.375
-1.21 0.525
-1.27 0.64
-1.35 0.675
-1.18 0.57
-1.53 0.85
-1.38 0.81
-1.17 0.555
-1.51 0.79
-1.31 0.7
-1.45 0.785
-1.3 0.71
-1.22 0.535
-1.12 0.52
-1.25 0.625
-1.33 0.575
-1.5 0.82
-1.53 0.805
-1.6 0.875
-1.31 0.725
-1.37 0.74
-1.38 0.695
-1.44 0.745
-1.43 0.765
-1.24 0.59
-1.27 0.48
-1.34 0.325
-1.23 0.405
-1.16 0.495
-1.01 0.42
-1.27 0.39
-1.34 0.545
-1.19 0.39
-1.19 0.195
-1.07 0.335
-1.23 0.55
-1.29 0.39
-1.12 0.375
-1.13 0.305
-1.08 0.225
-1.31 0.51
-1.2 0.3
-1.18 0.5
-1.14 0.235
-0.97 0.22
-1.19 0.005
-1.24 -0.185
-0.93 0.08
-1.13 -0.465
-1.23 -0.55
-1.28 -0.59
-1.48 -0.775
-1.39 -0.78
-1.46 -0.76
-1.66 -0.86
-1.26 -0.56
-1.31 -0.73
-1.39 -0.705
-1.64 -0.85
-1.35 -0.76
-1.2 -0.515
-1.42 -0.715
-1.45 -0.695
-1.31 -0.675
-1.09 -0.595
-1.36 -0.73
-1.52 -0.805
-1.52 -0.8
-1.26 -0.655
-1.17 -0.49
-1.42 -0.525
-1.17 -0.495
-1.05 -0.255
-1.12 -0.36
-1.39 -0.48
-1.28 -0.575
-1.02 -0.145
-1.18 -0.42
-1.3 -0.505
-1.23 -0.49
-1.46 -0.645
-1.51 -0.78
-1.72 -0.92
-1.42 -0.76
-1.15 -0.59
-1.31 -0.59
-1.13 -0.425
-1.05 -0.355
-1.23 -0.505
-1.28 -0.545
-1.3 -0.675
-1.36 -0.675
-1.17 -0.535
-0.99 -0.33
-1.27 -0.605
-1.44 -0.745
-1.4 -0.76
-1.51 -0.815
-1.34 -0.65
-1.46 -0.715
-1.51 -0.66
-1.21 -0.53
-1.1 -0.48
-1.02 -0.345
-0.99 -0.425
-1.44 -0.775
-1.53 -0.825
-1.43 -0.76
-1.42 -0.775
-1.46 -0.75
-1.35 -0.67
-1.24 -0.65
-1.58 -0.86
-1.35 -0.745
-1.44 -0.81
-1.39 -0.69
-1.33 -0.69
-1.11 -0.31
-1.2 -0.405
-1.11 -0.33
-1.32 -0.565
-1.08 -0.4
-1.02 -0.275
-1.26 -0.605
-1.24 -0.45
-0.99 -0.26
-1.29 -0.385
-1.16 -0.265
-1.07 -0.005
-1.13 0.335
-1.27 0.58
-1.29 0.62
-1.2 0.54
-1.3 0.68
-1.63 0.735
-1.29 0.66
-1.5 0.785
-1.43 0.785
-1.42 0.7
-1.36 0.69
-1.04 0.48
-1.19 0.585
-1.31 0.455
-1.28 0.575
-1.22 0.365
-1.42 0.485
-1.44 0.76
-1.62 0.86
-1.51 0.81
-1.28 0.735
-1.41 0.79
-1.41 0.78
-1.33 0.505
-1.29 0.635
-1.45 0.66
-1.26 0.665
-1.14 0.615
-1.27 0.63
-1.54 0.805
-1.17 0.655
-1.24 0.585
-1.29 0.545
-1.07 0.5
-1.32 0.57
-1.43 0.77
-1.58 0.78
-1.26 0.605
-1.22 0.41
-1.3 0.485
-1.2 0.405
-0.95 0.365
-1.19 0.43
-1.27 0.42
-1.06 0.295
-1.12 0.275
-1.25 0.055
-0.96 -0.175
-1.37 -0.055
-1.07 0.05
-1.26 -0.03
-1.12 0.1
-1.08 0.195
-0.98 0.245
-1.17 0.435
-1.12 0.29
-1.02 0.165
-1.14 0.165
-1.14 0.35
-1.23 0.38
-1.14 0.105
-1.18 0.385
-1.35 0.4
-1.22 0.375
-1.14 0.5
-1.5 0.73
-1.53 0.825
-1.48 0.82
-1.47 0.795
-1.45 0.71
-1.25 0.42
-1.53 0.84
-1.51 0.82
-1.47 0.79
-1.5 0.775
-1.26 0.645
-1.31 0.67
-1.21 0.63
-1.15 0.355
-1.17 0.53
-1.01 0.465
-1.2 0.635
-1.17 0.66
-1.19 0.52
-1.51 0.66
-1.22 0.6
-1.42 0.72
-1.45 0.725
-1.28 0.59
-1.19 0.495
-1.19 0.515
-1.27 0.59
-1.42 0.635
-1.31 0.615
-1.3 0.62
-1.34 0.665
-1.28 0.685
-1.28 0.655
-1.18 0.635
-1.27 0.58
-1.02 0.295
-1.08 0.2
-0.96 0.02
-1.28 -0.165
-1.25 -0.105
-1.07 -0.395
-1.31 -0.68
-1.36 -0.62
-1.22 -0.51
-1.16 -0.5
-1.07 -0.32
-1.19 -0.615
-1.45 -0.6
-1.29 -0.52
-1.27 -0.44
-1.17 -0.3
-1.07 -0.32
-1.43 -0.45
-1.31 -0.52
-1.3 -0.665
-1.39 -0.76
-1.24 -0.6
-1.47 -0.8
-1.3 -0.69
-1.4 -0.72
-1.35 -0.725
-1.4 -0.695
-1.33 -0.555
-1.31 -0.57
-1.65 -0.86
-1.5 -0.685
-1.25 -0.595
-1.3 -0.52
-1.1 -0.51
-1.32 -0.515
-1.21 -0.605
-1.54 -0.815
-1.35 -0.74
-1.46 -0.82
-1.17 -0.56
-1.29 -0.675
-1.25 -0.72
-1.31 -0.69
-1.28 -0.74
-1.32 -0.555
-1.15 -0.35
-1.4 -0.62
-1.07 -0.31
-1.14 -0.37
-1.16 -0.385
-1.21 -0.3
-1.12 -0.445
-1.26 -0.55
-1.16 -0.095
-1.23 -0.12
-1.02 0.07
-1.04 0.22
-1.12 0.265
-1.2 0.405
-1.28 0.47
-1.2 0.575
-1.24 0.63
-1.29 0.7
-1.33 0.655
-1.34 0.665
-1.24 0.545
-1.04 0.295
-1.03 0.275
-1.19 0.23
-0.98 0.355
-1.45 0.77
-1.18 0.61
-1.2 0.59
-1.47 0.725
-1.25 0.685
-1.25 0.555
-1.25 0.47
-1.39 0.36
-1.23 0.205
-1.09 0.22
-1.08 0.015
-1.13 0.24
-1.06 0.2
-0.98 0.16
-1.15 0
-1.06 -0.1
-1.25 0.37
-1.38 0.7
-1.35 0.6
-1.21 0.41
-1.28 0.245
-1.19 0.205
-1.4 0.575
-1.35 0.47
-1.18 0.495
-1.35 0.58
-1.47 0.685
-1.13 0.46
-1.35 0.605
-1.14 0.415
-1.14 0.235
-1.3 0.665
-1.43 0.78
-1.5 0.83
-1.39 0.8
-1.58 0.845
-1.55 0.81
-1.44 0.815
-1.55 0.835
-1.63 0.845
-1.23 0.435
-1.11 0.145
-1.13 0.25
-1.32 0.475
-1.27 0.56
-1.42 0.69
-1.37 0.7
-1.27 0.485
-1.36 0.6
-1.12 0.48
-1.08 0.21
-1.06 0.055
-1.3 0.35
-1.35 0.335
-1.22 0.175
-1.09 -0.03
-1.2 -0.03
-1.09 -0.2
-1.29 -0.425
-1.15 -0.28
-1.11 -0.345
-1.18 -0.39
-1.11 -0.355
-1.1 -0.38
-1.02 -0.125
-1.24 -0.23
-1.19 -0.575
-1.16 -0.455
-1.25 -0.375
-1.38 -0.515
-1.12 -0.4
-1.14 -0.28
-1.17 -0.115
-1.01 -0.055
-1.11 0.01
-1.25 0.055
-1.13 -0.1
-1.1 0.125
-1.26 0.155
-1.25 -0.01
-1.05 -0.2
-1.31 -0.31
-1.26 -0.255
-1.2 -0.285
-1.06 -0.38
-1.08 -0.365
-1.27 -0.245
-1.22 -0.095
-1.12 -0.14
-1.07 -0.065
-1.14 -0.005
-1.12 0
-1.34 -0.41
-1.24 -0.42
-1.27 -0.595
-1.28 -0.62
-1.12 -0.385
-1.3 -0.635
-1.05 -0.555
-1.47 -0.765
-1.34 -0.575
-1.06 -0.36
-1.18 -0.26
-1.15 -0.23
-1.11 -0.435
-1.16 -0.465
-1.3 -0.685
-1.2 -0.575
-1.35 -0.565
-1.19 -0.515
-1.28 -0.6
-1.45 -0.785
-1.4 -0.71
-1.16 -0.565
-1.15 -0.595
-1.24 -0.64
-1.4 -0.77
-1.48 -0.735
-1.16 -0.435
-1.35 -0.51
-1.28 -0.39
-1.24 -0.445
-1.13 -0.395
-1.21 -0.175
-1.05 0.12
-1.09 0.365
-1.32 0.44
-1.22 0.28
-1.21 0.36
-1.26 0.46
-1.32 0.6
-1.5 0.79
-1.5 0.74
-1.42 0.78
-1.45 0.795
-1.14 0.465
-1.42 0.66
-1.53 0.76
-1.17 0.47
-1.21 0.575
-1.26 0.465
-1.15 0.585
-1.41 0.705
-1.54 0.825
-1.43 0.725
-1.52 0.825
-1.26 0.655
-1.52 0.805
-1.18 0.575
-1.28 0.71
-1.25 0.635
-1.21 0.48
-1.16 0.46
-1.29 0.57
-1.3 0.45
-1.22 0.4
-1.25 0.265
-1.23 0.43
-1.17 0.34
-1.34 0.47
-1.08 0.335
-1.07 0.255
-0.91 0.195
-1.12 -0.01
-1.06 -0.03
-1.22 0.37
-1.19 0.425
-1.1 0.555
-1.22 0.615
-1.26 0.48
-1.11 0.405
-1.38 0.665
-1.24 0.575
-1.26 0.55
-1.26 0.495
-1.36 0.625
-1.27 0.7
-1.29 0.52
-1.38 0.65
-1.28 0.375
-1.09 0.245
-1.11 0.21
-1.13 0.11
-1.13 -0.025
-1.03 -0.015
-1.04 0.21
-1.2 0.085
-1.14 0.105
-1.08 0.095
-1.16 0.16
-1.09 0.125
-1.22 0.46
-1.06 0.415
-1.31 0.54
-1.48 0.705
-1.26 0.645
-1.56 0.775
-1.46 0.755
-1.22 0.715
-1.16 0.6
-1.21 0.58
-0.96 0.36
-1.18 0.415
-1.15 0.33
-1.29 0.12
-1.11 0.39
-1.2 0.31
-1 0.275
-1.34 0.57
-1.27 0.57
-1.25 0.43
-1.17 0.07
-1.28 0.015
-1.15 -0.065
-1.24 0.025
-1.01 -0.015
-1.21 -0.165
-1.2 0.16
-1.21 0.035
-1.19 0
-1.14 0.055
-1.07 -0.055
-1.18 0.095
-1.13 0.275
-1.28 0.585
-1.29 0.525
-1.26 0.53
-1.62 0.835
-1.59 0.865
-1.3 0.72
-1.32 0.75
-1.47 0.82
-1.36 0.68
-1.03 0.515
-1.16 0.565
-1.38 0.66
-1.5 0.815
-1.3 0.655
-1.41 0.73
-1.32 0.715
-1.39 0.77
-1.14 0.555
-1.2 0.63
-1.28 0.68
-1.51 0.755
-1.49 0.79
-1.43 0.805
-1.41 0.78
-1.31 0.655
-1.38 0.7
-1.53 0.82
-1.47 0.745
-1.21 0.585
-1.14 0.51
-1.19 0.535
-1.34 0.575
-1.21 0.53
-1.23 0.465
-1.13 0.225
-1.19 0.54
-1.29 0.53
-1.04 0.395
-1.45 0.665
-1.36 0.495
-1.43 0.515
-1.23 0.345
-1.19 0.37
-1.17 0.36
-1.14 0.275
-1.15 0.13
-1.06 0.06
-1.19 0.26
-1.33 0.21
-1.1 0.3
-0.92 -0.11
-1.12 -0.33
-1.31 -0.27
-1.33 -0.365
-1.18 -0.39
-1.14 -0.27
-1.24 -0.415
-1.25 -0.45
-1.25 -0.375
-1.16 -0.185
-0.93 -0.08
-1.24 -0.165
-1.17 -0.215
-1.25 -0.015
-1.21 0.19
-1.23 0.33
-1.09 0.36
-1.13 0.33
-1.19 0.52
-1.54 0.635
-1.29 0.355
-1.25 0.24
-1.24 0.28
-1.36 0.305
-1.06 0.23
-1.13 0.23
-1.09 0.045
-1.1 0.255
-1.35 0.37
-1.15 0.36
-1.19 0.355
-1.23 0.615
-1.26 0.62
-1.4 0.7
-1.36 0.635
-1.4 0.61
-1.29 0.47
-1.3 0.52
-1.4 0.56
-1.15 0.6
-1.34 0.54
-1.24 0.555
-1.1 0.425
-1.22 0.415
-1.31 0.45
-1.17 0.39
-1.25 0.58
-1.38 0.665
-1.37 0.715
-1.31 0.61
-1.3 0.635
-1.05 0.185
