-1.65 -0.82
-1.33 -0.68
-1.51 -0.735
-1.3 -0.625
-1.28 -0.725
-1.35 -0.62
-1.41 -0.76
-1.45 -0.765
-1.33 -0.64
-1.32 -0.435
-1.14 -0.315
-1.19 -0.55
-1.14 -0.51
-1.39 -0.73
-1.41 -0.735
-1.53 -0.76
-1.48 -0.725
-1.44 -0.655
-1.36 -0.73
-1.47 -0.765
-1.45 -0.75
-1.45 -0.68
-1.52 -0.69
-1.26 -0.555
-1.16 -0.555
-1.3 -0.64
-1.51 -0.825
-1.33 -0.695
-1.51 -0.775
-1.42 -0.765
-1.36 -0.765
-1.58 -0.835
-1.54 -0.765
-1.34 -0.61
-1.35 -0.61
-1.38 -0.7
-1.34 -0.64
-1.28 -0.59
-1.37 -0.62
-1.19 -0.53
-1.46 -0.69
-1.53 -0.655
-1.16 -0.43
-1.32 -0.715
-1.35 -0.65
-1.31 -0.645
-1.39 -0.49
-1.32 -0.605
-1.27 -0.695
-1.29 -0.65
-1.4 -0.7
-1.27 -0.555
-1.28 -0.605
-1.13 -0.435
-1.2 -0.425
-1.33 -0.395
-1.44 -0.6
-1.05 -0.45
-1.52 -0.835
-1.4 -0.715
-1.24 -0.615
-1.44 -0.585
-1.26 -0.425
-1.23 -0.16
-1.07 -0.345
-1.18 -0.49
-1.17 -0.39
-1.2 -0.13
-1.35 -0.225
-1.4 -0.065
-1.29 -0.165
-1.28 -0.1
-1.21 -0.015
-1.19 0.02
-1.18 0.015
-1.15 0.17
-1.15 -0.2
-1.07 0.145
-1.18 0.065
-1.14 0.305
-1.08 0.495
-1.31 0.655
-1.36 0.475
-1.36 0.485
-1.36 0.59
-1.39 0.655
-1.46 0.71
-1.46 0.765
-1.33 0.715
-1.29 0.675
-1.45 0.82
-1.21 0.56
-1.25 0.62
-1.4 0.73
-1.32 0.695
-1.31 0.68
-1.34 0.67
-1.34 0.705
-1.33 0.675
-1.39 0.735
-1.71 0.905
-1.43 0.73
-1.27 0.58
-1.56 0.815
-1.54 0.815
-1.63 0.87
-1.59 0.86
-1.44 0.76
-1.38 0.725
-1.56 0.85
-1.58 0.855
-1.52 0.83
-1.24 0.725
-1.39 0.69
-1.35 0.71
-1.41 0.76
-1.66 0.9
-1.5 0.785
-1.59 0.84
-1.54 0.82
-1.48 0.78
-1.41 0.72
-1.36 0.65
-1.26 0.605
-1.33 0.75
-1.23 0.57
-1.62 0.85
-1.55 0.855
-1.65 0.89
-1.53 0.835
-1.39 0.78
-1.19 0.62
-1.55 0.845
-1.51 0.83
-1.22 0.65
-1.27 0.53
-1.43 0.645
-1.2 0.7
-1.17 0.55
-1.14 0.3
-0.94 0.285
-1.37 0.52
-1.26 0.49
-1.22 0.515
-1.34 0.535
-1.3 0.64
-1.14 0.51
-1.31 0.525
-1.17 0.43
-1.07 0.14
-1.01 0.15
-1.27 0.06
-1.12 0.015
-1.26 0.09
-0.94 0.02
-1.32 0.11
-1.39 0.17
-1.4 0.095
-1.33 0.095
-1.16 0.03
-1.18 0.07
-1.08 0.02
-1.2 0.06
-1.46 -0.035
-1.18 -0.135
-1.24 -0.2
-1.09 0.01
-1.21 -0.08
-1.13 -0.28
-1.14 -0.375
-1.15 -0.405
-1.18 -0.4
-1.29 -0.44
-1.19 -0.425
-1.27 -0.545
-1.08 -0.35
-1.16 -0.36
-1.33 -0.435
-1.12 -0.565
-1.13 -0.405
-1.19 -0.43
-1.12 -0.585
-1.48 -0.79
-1.32 -0.62
-1.36 -0.645
-1.31 -0.695
-1.25 -0.64
-1.36 -0.71
-1.28 -0.59
-1.31 -0.585
-1.27 -0.67
-1.52 -0.75
-1.58 -0.84
-1.48 -0.78
-1.48 -0.7
-1.4 -0.77
-1.42 -0.735
-1.25 -0.705
-1.51 -0.84
-1.27 -0.71
-1.41 -0.76
-1.26 -0.625
-1.31 -0.605
-1.4 -0.795
-1.45 -0.705
-1.58 -0.84
-1.44 -0.8
-1.44 -0.76
-1.35 -0.735
-1.62 -0.87
-1.2 -0.585
-1.52 -0.81
-1.65 -0.88
-1.51 -0.79
-1.25 -0.525
-1.41 -0.655
-1.48 -0.655
-1.36 -0.72
-1.39 -0.565
-1.38 -0.675
-1.37 -0.695
-1.3 -0.645
-1.4 -0.765
-1.66 -0.82
-1.32 -0.535
-1.36 -0.56
-1.35 -0.495
-1.24 -0.405
-1.27 -0.435
-1.3 -0.62
-1.45 -0.78
-1.44 -0.7
-1.37 -0.55
-1.23 -0.575
-1.2 -0.655
-1.17 -0.51
-1.25 -0.365
-1.09 -0.245
-1.12 -0.305
-1.38 -0.46
-1.23 -0.645
-1.44 -0.785
-1.43 -0.8
-1.5 -0.795
-1.24 -0.665
-1.34 -0.69
-1.37 -0.795
-1.48 -0.795
-1.6 -0.855
-1.34 -0.695
-1.53 -0.82
-1.11 -0.45
-1.23 -0.585
-1.35 -0.71
-1.26 -0.49
-1.15 -0.415
-1.31 -0.505
-1.33 -0.595
-1.34 -0.585
-1.39 -0.685
-1.36 -0.685
-1.28 -0.635
-1.29 -0.585
-1.28 -0.695
-1.4 -0.73
-1.38 -0.69
-1.22 -0.66
-1.34 -0.49
-1.35 -0.52
-1.37 -0.635
-1.34 -0.66
-1.57 -0.825
-1.13 -0.53
-1.19 -0.295
-1.22 -0.365
-1.22 -0.285
-1.12 -0.31
-1.02 -0.155
-1.21 -0.265
-1.24 -0.425
-1.19 -0.4
-1.31 -0.41
-1.05 -0.445
-1.18 -0.18
-1.17 0.155
-1.18 0.215
-1.22 0.41
-1.16 0.47
-1.14 0.205
-1.21 0.19
-1.15 0.155
-1.1 -0.03
-1 0.025
-1.15 -0.115
-1.17 -0.175
-1.06 -0.18
-1.21 -0.11
-1.05 -0.045
-1.09 -0.155
-1.14 -0.225
-1.32 -0.21
-1.36 -0.035
-1.19 -0.31
-1.31 -0.335
-1.19 -0.49
-1.45 -0.715
-1.26 -0.66
-1.46 -0.83
-1.26 -0.59
-1.09 -0.51
-1.09 -0.53
-1.34 -0.75
-1.34 -0.67
-1.64 -0.89
-1.38 -0.735
-1.4 -0.775
-1.46 -0.765
-1.39 -0.725
-1.51 -0.8
-1.4 -0.695
-1.41 -0.76
-1.48 -0.78
-1.49 -0.74
-1.42 -0.765
-1.34 -0.655
-1.59 -0.86
-1.41 -0.73
-1.54 -0.825
-1.62 -0.865
-1.37 -0.735
-1.34 -0.705
-1.12 -0.49
-1 -0.35
-1.28 -0.38
-1.34 -0.475
-1.24 -0.545
-1.38 -0.63
-1.2 -0.47
-1.17 -0.355
-1.15 -0.395
-1.18 -0.39
-1.13 -0.39
-1.2 -0.415
-1.21 -0.265
-1.19 -0.6
-1.19 -0.595
-1.02 -0.27
-1.37 -0.515
-1.34 -0.155
-1.22 -0.045
-1.37 -0.005
-1.36 0.26
-1.4 0.35
-1.19 0.425
-1.42 0.515
-1.29 0.51
-1.26 0.54
-1.25 0.575
-1.19 0.555
-1.4 0.755
-1.47 0.725
-1.4 0.62
-1.34 0.675
-1.48 0.745
-1.48 0.78
-1.4 0.675
-1.47 0.755
-1.23 0.665
-1.25 0.665
-1.31 0.695
-1.27 0.625
-1.52 0.835
-1.46 0.745
-1.33 0.735
-1.25 0.615
-1.17 0.57
-1.39 0.73
-1.29 0.68
-1.22 0.545
-1.16 0.49
-1.29 0.6
-1.26 0.685
-1.56 0.76
-1.23 0.585
-1.31 0.645
-1.38 0.62
-1.38 0.71
-1.42 0.76
-1.54 0.82
-1.3 0.66
-1.6 0.695
-1.29 0.53
-1.23 0.6
-1.19 0.555
-1.11 0.44
-1.35 0.47
-1.14 0.29
-1.19 0.305
-1.01 0.145
-1.24 0.375
-1.06 0.35
-1.11 0.26
-1.13 0.45
-1.4 0.515
-1.35 0.535
-1.42 0.705
-1.3 0.54
-1.29 0.575
-1.32 0.65
-1.31 0.655
-1.41 0.65
-1.44 0.75
-1.3 0.705
-1.35 0.675
-1.55 0.7
-1.29 0.62
-1.26 0.61
-1.33 0.545
-1.24 0.415
-1.18 0.64
-1.53 0.785
-1.36 0.67
-1.39 0.665
-1.37 0.74
-1.42 0.775
-1.4 0.745
-1.4 0.8
-1.33 0.725
-1.19 0.53
-1.3 0.65
-1.19 0.65
-1.26 0.635
-1.47 0.835
-1.46 0.79
-1.41 0.775
-1.44 0.795
-1.42 0.755
-1.41 0.715
-1.24 0.67
-1.41 0.69
-1.4 0.675
-1.02 0.485
-1.34 0.435
-1.34 0.565
-1.51 0.695
-1.5 0.775
-1.35 0.755
-1.54 0.805
-1.55 0.85
-1.3 0.68
-1.35 0.61
-1.36 0.52
-1.28 0.525
-1.22 0.56
-1.41 0.49
-1.36 0.58
-1.34 0.685
-1.23 0.455
-1.31 0.59
-1.39 0.76
-1.24 0.635
-1.54 0.845
-1.54 0.845
-1.45 0.725
-1.32 0.71
-1.58 0.81
-1.3 0.63
-1.37 0.68
-1.19 0.5
-1.4 0.745
-1.17 0.625
-1.13 0.53
-1.11 0.45
-1.4 0.75
-1.54 0.785
-1.62 0.885
-1.38 0.78
-1.48 0.81
-1.46 0.66
-1.23 0.415
-1.33 0.41
-1.22 0.375
-1.28 0.395
-1.24 0.18
-1.07 0.22
-1.16 0.16
-1.13 0.05
-1.12 0.16
-1.16 -0.09
-1.06 -0.13
-1.2 -0.135
-0.98 -0.185
-0.91 0.265
-1.2 0.575
-1.36 0.55
-1.28 0.54
-1.31 0.665
-1.19 0.425
-1.21 0.435
-1.21 0.365
-1.21 0.42
-1.14 0.475
-0.95 0.375
-1.38 0.565
-1.14 0.275
-1.09 0.285
-1.2 0.33
-1.26 0.39
-1.06 0.3
-1.08 0.3
-1.23 0.31
-1.19 0.405
-1.22 0.305
-1.06 0.2
-1.08 0.1
-1.08 0.02
-1.06 -0.005
-1.21 -0.03
-1.12 0.045
-1.05 -0.14
-1.2 -0.3
-1.27 0.14
-1.24 0.53
-1.19 0.525
-1.42 0.685
-1.24 0.6
-1.29 0.5
-1.42 0.67
-1.42 0.75
-1.4 0.695
-1.38 0.72
-1.1 0.415
-1.24 0.565
-1.31 0.445
-1.33 0.525
-1.32 0.47
-1.23 0.4
-1.11 0.59
-1.41 0.775
-1.4 0.78
-1.38 0.75
-1.56 0.865
-1.52 0.75
-1.39 0.67
-1.15 0.345
-1.3 0.46
-1.34 0.28
-1.14 0.285
-1.04 0.235
-1.27 0.105
-1.26 0.155
-1.27 0.105
-1.34 0.225
-1.1 0.055
-1.15 0.145
-1.17 0.31
-1.19 0.43
-1.38 0.145
-1.24 0.21
-1.37 0.465
-1.28 0.35
-1.27 0.245
-1.15 0.145
-1.18 0.17
-1.11 0.145
-1.09 0.07
-1.22 0.07
-1.19 0.385
-1.16 0.37
-1.29 0.605
-1.3 0.67
-1.26 0.605
-1.42 0.725
-1.47 0.79
-1.34 0.655
-1.17 0.455
-1.33 0.465
-1.26 0.015
-1.26 0.05
-1.22 0.04
-1.21 0.195
-1.15 0.175
-1.1 0.29
-0.9 0.04
-1.18 0.1
-1.14 0.08
-1.09 0.05
-1.13 0.165
-1.08 0.305
-0.9 0.055
-0.95 -0.11
-1.21 -0.085
-1.11 0.035
-1.1 -0.285
-1.18 -0.235
-1.14 -0.365
-1.24 -0.47
-1.12 -0.505
-1.38 -0.695
-1.36 -0.655
-1.46 -0.8
-1.29 -0.455
-1.3 -0.47
-1.05 -0.355
-1.14 -0.415
-1.04 -0.105
-1.1 0.15
-1.31 0.545
-1.09 0.44
-1.06 0.325
-1.07 0.185
-1.11 0.235
-1.01 0.1
-1.24 0.315
-1.08 0.45
-1.13 0.4
-1.39 0.515
-1.26 0.65
-1.23 0.555
-1.33 0.575
-1.49 0.775
-1.38 0.69
-1.27 0.665
-1.31 0.685
-1.3 0.7
-1.43 0.78
-1.36 0.675
-1.21 0.61
-1.39 0.73
-1.43 0.79
-1.3 0.695
-1.48 0.795
-1.56 0.815
-1.44 0.76
-1.41 0.69
-1.35 0.635
-1.59 0.85
-1.45 0.78
-1.67 0.86
-1.53 0.785
-1.58 0.79
-1.42 0.77
-1.38 0.705
-1.48 0.81
-1.3 0.64
-1.45 0.76
-1.25 0.635
-1.47 0.685
-1.47 0.79
-1.63 0.87
-1.46 0.77
-1.13 0.545
-1.22 0.465
-1.21 0.355
-1.17 0.37
-1.17 0.465
-1.3 0.485
-1.09 0.28
-1.2 0.32
-1.24 0.435
-1.32 0.555
-1.34 0.71
-1.34 0.715
-1.33 0.635
-1.26 0.52
-1.3 0.465
-1.02 0.255
-1.08 0.475
-1.3 0.28
-1.25 0.43
-1.23 0.335
-1.31 0.465
-1.3 0.63
-1.24 0.615
-1.21 0.615
-1.3 0.62
-1.24 0.525
-1.27 0.57
-1.22 0.645
-1.42 0.72
-1.44 0.76
-1.48 0.815
-1.36 0.735
-1.19 0.69
-1.25 0.61
-1.22 0.51
-1.23 0.37
-1.07 0.3
-1.23 0.07
-1.25 0.34
-1.26 0.285
-1.26 0.455
-1.34 0.755
-1.59 0.795
-1.23 0.6
-1.57 0.84
-1.55 0.83
-1.55 0.835
-1.32 0.68
-1.53 0.8
-1.22 0.665
-1.31 0.63
-1.48 0.68
-1.37 0.665
-1.42 0.705
-1.46 0.775
-1.25 0.635
-1.56 0.82
-1.39 0.665
-1.45 0.805
-1.35 0.765
-1.48 0.765
-1.39 0.705
-1.1 0.46
-1.32 0.515
-1.16 0.33
-1.07 0.155
-1.15 0.33
-1.27 0.515
-1.35 0.355
-1.1 0.205
-1.14 0.4
-1.25 0.53
-1.26 0.465
-1.29 0.47
-1.48 0.79
-1.34 0.72
-1.33 0.58
-1.28 0.555
-1.46 0.76
-1.25 0.56
-1.25 0.61
-1.41 0.625
-1.35 0.515
-1.47 0.385
-1.16 0.385
-1.03 0.3
-1.23 0.445
-1.3 0.59
-1.39 0.655
-1.33 0.63
-1.19 0.565
-1.15 0.385
-1.25 0.405
-1.03 0.37
-1.03 0.255
-1.12 0.255
-1.16 0.415
-1.27 0.215
-1.16 0.195
-1.16 0.25
-1.05 0.095
-1.04 0.01
-1.06 0.005
-1.26 -0.27
-1.18 -0.335
-1.39 -0.51
-1.25 -0.33
-1.06 -0.205
-1.15 -0.225
-1.33 -0.27
-1.31 -0.18
-1.18 -0.09
-1.21 -0.27
-1.14 -0.35
-1.16 -0.545
-1.19 -0.575
-1.13 -0.36
-1.13 -0.365
-1.22 -0.465
-1.18 -0.61
-1.48 -0.795
-1.38 -0.67
-1.45 -0.795
-1.38 -0.695
-1.39 -0.78
-1.32 -0.535
-1.23 -0.365
-1.26 -0.515
-1.3 -0.52
-1.27 -0.465
-1.15 -0.25
-1.18 -0.075
-1.23 -0.395
-1.32 -0.47
-1.16 -0.4
-1.24 -0.35
-1.12 -0.21
-1.12 -0.585
-1.3 -0.555
-1.39 -0.705
-1.32 -0.74
-1.34 -0.75
-1.25 -0.645
-1.43 -0.665
-1.45 -0.755
-1.51 -0.8
-1.48 -0.85
-1.62 -0.825
-1.5 -0.82
-1.37 -0.695
-1.39 -0.75
-1.27 -0.62
-1.24 -0.54
-1.14 -0.245
-1.13 -0.25
-1.41 -0.565
-1.18 -0.53
-1.38 -0.69
-1.17 -0.58
-1.56 -0.86
-1.33 -0.755
-1.37 -0.71
-1.67 -0.905
-1.34 -0.73
-1.38 -0.77
-1.54 -0.8
-1.08 -0.32
-1.06 -0.135
-1.05 0.235
-1.24 0.085
-1.04 0.275
-1.19 0.2
-1.15 0.215
-1.21 0.155
-1.03 0.255
-1.07 0.29
-1.13 0.445
-1.13 0.51
-1.19 0.5
-1.34 0.595
-1.34 0.52
-1.27 0.635
-1.34 0.7
-1.33 0.605
-1.28 0.495
-1.14 0.21
-1.24 0.315
-1.17 0.065
-1.13 0.065
-1.07 -0.3
-1.08 0.045
-1.28 0.29
-1.33 0.585
-1.3 0.64
-1.45 0.755
-1.29 0.58
-1.27 0.475
-1.23 0.535
-1.25 0.46
-1.09 0.405
-1.19 0.53
-1.14 0.62
-1.46 0.75
-1.24 0.685
-1.47 0.81
-1.31 0.66
-1.33 0.615
-1.3 0.58
-1.2 0.525
-1.24 0.55
-1.19 0.44
-1.34 0.64
-1.52 0.6
-1.29 0.66
-1.41 0.775
-1.38 0.655
-1.4 0.73
-1.46 0.68
-1.26 0.61
-1.24 0.57
-1.1 0.465
-1.19 0.56
-1.24 0.635
-1.43 0.785
-1.39 0.69
-1.51 0.805
-1.49 0.775
-1.51 0.82
-1.43 0.75
-1.45 0.755
-1.32 0.585
-1.25 0.48
-1.27 0.575
-1.31 0.655
-1.18 0.53
-1.54 0.675
-1.31 0.705
-1.5 0.85
-1.16 0.635
-1.24 0.495
-1.29 0.56
-1.2 0.415
-1.29 0.325
-1.26 0.395
-1.16 0.395
-1.11 0.01
-1.08 -0.125
-1.18 -0.14
-1.16 0.245
-1.14 -0.155
-1.22 -0.255
-1.11 0.025
-1.19 0.03
-1.2 0.005
-1.09 -0.05
-1.28 -0.265
-1.18 -0.175
-1.11 -0.145
-1.05 -0.15
-1.21 -0.235
-1.09 -0.075
-1.02 -0.15
-1.26 -0.43
-1.22 -0.345
-1.22 -0.515
-1.37 -0.53
-1.39 -0.78
-1.57 -0.845
-1.44 -0.805
-1.4 -0.735
-1.36 -0.575
-1.38 -0.7
-1.37 -0.555
-1.36 -0.48
-1.31 -0.44
-1.24 -0.405
-1.38 -0.49
-1.27 -0.39
-1.22 -0.525
-1.26 -0.47
-1.46 -0.57
-1.15 -0.56
-1.48 -0.705
-1.23 -0.465
-1.26 -0.635
-1.76 -0.915
-1.4 -0.79
-1.36 -0.685
-1.34 -0.715
-1.31 -0.61
-1.36 -0.735
-1.46 -0.79
-1.45 -0.645
-1.49 -0.74
-1.21 -0.6
-1.14 -0.46
-1.09 -0.285
-1.07 -0.06
-1.23 -0.27
-1.33 -0.22
-1.33 -0.29
-1.22 -0.36
-1.2 -0.23
-1.14 -0.25
-1.12 -0.33
-1.22 -0.56
-1.19 -0.42
-1.26 -0.46
-1.27 -0.47
-1.27 -0.3
-1.33 -0.37
-1.12 -0.31
-1.22 -0.405
-1.21 -0.475
-1.22 -0.275
-1.31 -0.38
-1.29 -0.255
-1.2 0.18
-1.33 0.07
-1.19 0.065
-1.3 0.295
-1.31 0.555
-1.23 0.57
-1.28 0.435
-1.13 0.17
-1.29 0.39
-1.07 0.22
-1.27 0.09
-1.1 0.07
-0.88 0.125
-1.1 0.12
-1.06 0.115
-1.2 0.495
-1.24 0.515
-1.33 0.59
-1.43 0.525
-1.37 0.445
-1.2 0.215
-0.98 0.185
-1.18 0.2
-1.39 0.555
-1.05 0.32
-1.16 0.225
-1.24 0.32
-1.16 0.35
-1.35 0.36
-1.34 0.23
-1.14 0.21
-1.28 0.345
-1.23 0.325
-1.11 0.31
-1.3 0.605
-1.37 0.59
-1.2 0.55
-1.33 0.47
-1.27 0.485
-1.15 0.505
-1.35 0.665
-1.59 0.84
-1.6 0.83
-1.4 0.73
-1.06 0.38
-1.34 0.57
-1.28 0.51
-1.4 0.755
-1.24 0.645
-1.47 0.675
-1.48 0.77
-1.7 0.9
-1.41 0.745
-1.41 0.75
-1.59 0.845
-1.4 0.695
-1.54 0.785
-1.35 0.7
-1.33 0.635
-1.23 0.605
-1.43 0.72
-1.54 0.84
-1.23 0.695
-1.17 0.56
-1.16 0.565
-1.41 0.72
-1.37 0.755
-1.25 0.68
-1.44 0.77
-1.52 0.785
-1.55 0.715
-1.39 0.735
-1.36 0.715
-1.04 0.36
-1.36 0.755
-1.33 0.67
-1.36 0.655
-1.4 0.79
-1.33 0.71
-1.34 0.645
-1.34 0.595
-1.45 0.785
-1.21 0.54
-1.38 0.695
-1.29 0.595
-1.09 0.5
-1.49 0.745
-1.22 0.635
-1.44 0.64
-1.45 0.795
-1.27 0.64
-1.38 0.7
-1.37 0.655
-1.44 0.695
-1.54 0.83
-1.36 0.665
-1.4 0.71
-1.49 0.77
-1.35 0.745
-1.51 0.825
-1.32 0.645
-1.42 0.81
-1.48 0.805
-1.54 0.8
-1.42 0.785
-1.37 0.775
-1.36 0.775
-1.41 0.615
-1.37 0.56
-1.21 0.56
-1.28 0.51
-1.41 0.715
-1.54 0.84
-1.48 0.79
-1.5 0.765
-1.31 0.685
-0.99 0.59
-1.24 0.485
-1.21 0.455
-1.14 0.425
-1.19 0.225
-1.15 0.11
-1.09 0.095
-1.18 0.055
-1.42 0.165
-1.22 -0.01
-1.19 0.27
-1.12 0.065
-1.3 0.13
-1.13 0.42
-1.37 0.655
-1.28 0.525
-1.31 0.55
-1.12 0.425
-1.28 0.55
-1.43 0.565
-1.14 0.39
-1.26 0.35
-1.18 0.09
-0.78 0.17
-1.05 0.26
-1.24 0.36
-1.01 0.215
-1.17 0.4
-1.18 0.48
-1.23 0.38
-1.2 0.22
-1.26 0.085
-1.06 0.21
-1.13 0.225
-1.36 0.315
-1.31 0.215
-1.35 0.285
-1.39 0.595
-1.66 0.86
-1.62 0.875
-1.53 0.83
-1.45 0.685
-1.56 0.84
-1.48 0.8
-1.44 0.765
-1.3 0.715
-1.5 0.82
-1.51 0.84
-1.61 0.865
-1.32 0.72
-1.37 0.7
-1.55 0.845
-1.44 0.745
-1.18 0.48
-1.39 0.585
-1.12 0.43
-1.2 0.47
-1.35 0.7
-1.43 0.77
-1.43 0.775
-1.37 0.63
-1.2 0.555
-1.1 0.57
-1.38 0.745
-1.34 0.585
-1.25 0.535
-1.5 0.71
-1.4 0.7
-1.48 0.84
-1.51 0.82
-1.47 0.785
-1.48 0.745
-1.32 0.685
-1.34 0.715
-1.45 0.78
-1.51 0.73
-1.4 0.705
-1.26 0.585
-1.39 0.685
-1.42 0.72
-1.44 0.72
-1.51 0.835
-1.22 0.625
-1.24 0.63
-1.07 0.415
-1.39 0.685
-1.48 0.79
-1.21 0.71
-1.41 0.77
-1.21 0.54
-1.29 0.68
-1.23 0.54
-1.21 0.27
-1.25 0.065
-1.26 -0.095
-1.35 -0.615
-1.32 -0.5
-1.2 -0.56
-1.31 -0.59
-1.31 -0.485
-1.32 -0.54
-1.59 -0.65
-1.34 -0.68
-1.45 -0.785
-1.24 -0.7
-1.25 -0.515
-1.25 -0.365
-1.12 -0.105
-1.11 -0.165
-1.08 -0.155
-1.22 -0.055
-1.18 -0.02
-1.15 0.03
-1.06 0.03
-1.05 0.335
-1.26 0.385
-1.23 0.33
-1.16 0.275
-1.06 0.315
-1.07 0.235
-1.1 0.3
-1 0.26
-1.04 0.32
-1.18 0.31
-1.27 0.4
-1.17 0.325
-1.21 0.55
-1.21 0.515
-1 0.07
-1.06 0.165
-1.05 0.25
-1.27 0.465
-1.2 0.235
-1.21 0.415
-1.1 0.43
-1.17 0.355
-1.34 0.445
-1.21 0.065
-1.13 -0.15
-1.16 -0.16
-1.15 -0.275
-1.18 -0.35
-1.1 -0.085
-1.02 -0.005
-1.16 -0.03
-1.06 -0.37
-1.34 -0.605
-1.38 -0.59
-1.29 -0.69
-1.55 -0.83
-1.59 -0.86
-1.53 -0.84
-1.36 -0.65
-1.12 -0.625
-1.33 -0.65
-1.18 -0.515
-1.13 -0.445
-1.55 -0.705
-1.31 -0.74
-1.64 -0.875
-1.53 -0.79
-1.71 -0.91
-1.47 -0.8
-1.32 -0.69
-1.33 -0.74
-1.29 -0.675
-1.46 -0.695
-1.47 -0.805
-1.38 -0.705
-1.37 -0.725
-1.47 -0.77
-1.41 -0.75
-1.32 -0.64
-1.21 -0.585
-1.19 -0.295
-1.01 -0.135
-1.15 -0.255
-1.24 -0.32
-1.42 -0.615
-1.2 -0.47
-1.2 -0.47
-1.41 -0.575
-1.44 -0.75
-1.1 -0.49
-1.27 -0.555
-1.49 -0.74
-1.26 -0.645
-1.49 -0.765
-1.58 -0.865
-1.76 -0.93
-1.69 -0.91
-1.26 -0.62
-1.35 -0.715
-1.34 -0.695
-1.42 -0.515
-1.27 -0.575
-1.27 -0.5
-1.17 -0.44
-1.16 -0.305
-1.04 -0.215
-1.17 -0.31
-1.14 -0.5
-1.39 -0.72
-1.37 -0.7
-1.47 -0.76
-1.52 -0.82
-1.57 -0.835
-1.5 -0.82
-1.35 -0.76
-1.25 -0.565
-1.31 -0.475
-1.36 -0.485
-1.3 -0.53
-1.19 -0.535
-1.39 -0.645
-1.26 -0.545
-1.34 -0.665
-1.29 -0.545
-1.28 -0.63
-1.33 -0.61
-1.28 -0.69
-1.29 -0.585
-1.35 -0.635
-1.29 -0.665
-1.26 -0.605
-1.37 -0.72
-1.28 -0.615
-1.48 -0.755
-1.44 -0.765
-1.4 -0.745
-1.35 -0.665
-1.35 -0.735
-1.62 -0.865
-1.27 -0.66
-1.49 -0.77
-1.33 -0.62
-1.33 -0.525
-1.19 -0.415
-1.14 -0.235
-1.3 -0.13
-1.23 -0.245
-1.26 -0.51
-1.27 -0.575
-1.12 -0.535
-1.44 -0.73
-1.32 -0.66
-1.47 -0.745
-1.34 -0.55
-1.27 -0.555
-1.55 -0.84
-1.58 -0.815
-1.79 -0.93
-1.4 -0.775
-1.54 -0.8
-1.35 -0.595
-1.27 -0.63
-1.36 -0.7
-1.38 -0.74
-1.41 -0.745
-1.15 -0.52
-1.28 -0.605
-1.48 -0.755
-1.42 -0.76
-1.24 -0.62
-1.24 -0.665
-1.48 -0.82
-1.39 -0.79
-1.33 -0.725
-1.34 -0.62
-1.39 -0.69
-1.48 -0.825
-1.45 -0.82
-1.29 -0.7
-1.34 -0.58
-1.31 -0.675
-1.22 -0.615
-1.4 -0.745
-1.62 -0.87
-1.59 -0.83
-1.38 -0.745
-1.45 -0.72
-1.25 -0.645
-1.25 -0.61
-1.4 -0.73
-1.33 -0.7
-1.44 -0.73
-1.41 -0.725
-1.4 -0.67
-1.32 -0.705
-1.32 -0.595
-1.14 -0.31
-1.11 -0.26
-1.28 -0.385
-1.24 -0.295
-1.2 -0.31
-1.13 -0.235
-1.2 -0.32
-1.1 -0.19
-1.15 -0.385
-1.25 -0.61
-1.19 -0.385
-1.04 -0.32
-1.19 -0.505
-1.23 -0.53
-1.24 -0.48
-1.15 -0.485
-1.25 -0.33
-1.17 -0.17
-1.35 -0.3
-1.18 -0.295
-1.17 -0.25
-1.3 -0.06
-1.24 -0.01
-1.17 -0.195
-0.98 0.015
-1.09 -0.12
-1.23 -0.22
-1.1 -0.415
-1.54 -0.775
-1.58 -0.865
-1.53 -0.795
-1.38 -0.815
-1.48 -0.82
-1.27 -0.625
-1.37 -0.665
-1.36 -0.705
-1.29 -0.745
-1.43 -0.765
-1.3 -0.615
-1.33 -0.665
-1.24 -0.615
-1.33 -0.605
-1.35 -0.715
-1.25 -0.625
-1.15 -0.455
-1.12 -0.27
-0.98 -0.18
-1.09 -0.225
-1.25 -0.195
-1.09 -0.11
-1.08 0.07
-1.16 0.08
-1.15 0.07
-1.14 -0.09
-1.08 0.25
-1.29 0.31
-1.11 0.045
-1.08 0.34
-1.18 0.21
-1.19 0.385
-1.41 0.685
-1.41 0.755
-1.55 0.795
-1.53 0.805
-1.4 0.785
-1.6 0.85
-1.42 0.755
-1.26 0.705
-1.38 0.715
-1.34 0.605
-1.31 0.495
-1.23 0.605
-1.29 0.67
-1.29 0.65
-1.48 0.735
-1.41 0.74
-1.46 0.76
-1.44 0.755
-1.41 0.76
-1.51 0.805
-1.24 0.715
-1.41 0.745
-1.13 0.53
-1.17 0.52
-1.37 0.73
-1.33 0.68
-1.26 0.61
-1.27 0.72
-1.37 0.535
-1.17 0.465
-1.3 0.475
-1.25 0.475
-1.32 0.63
-1.37 0.54
-1.27 0.38
-1.15 0.41
-1.02 0.18
-1.37 0.55
-1.26 0.58
-1.5 0.63
-1.46 0.67
-1.27 0.59
-1.49 0.81
-1.3 0.7
-1.44 0.77
-1.39 0.725
-1.47 0.795
-1.48 0.73
-1.49 0.75
-1.53 0.81
-1.47 0.76
-1.6 0.865
-1.5 0.795
-1.42 0.745
-1.2 0.615
-1.47 0.75
-1.22 0.545
-1.38 0.75
-1.37 0.66
-1.29 0.585
-1.26 0.645
-1.34 0.695
-1.44 0.78
-1.3 0.575
-1.4 0.715
-1.36 0.645
-1.38 0.69
-1.35 0.67
-1.35 0.63
-1.27 0.65
-1.28 0.615
-1.03 0.45
-1.25 0.415
-1.18 0.525
-1.35 0.68
-1.39 0.615
-1.42 0.725
-1.41 0.655
-1.25 0.665
-1.28 0.67
-1.37 0.695
-1.3 0.595
-1.48 0.695
-1.21 0.665
-1.53 0.815
-1.53 0.79
-1.3 0.7
-1.39 0.65
-1.56 0.65
-1.32 0.695
-1.47 0.81
-1.62 0.85
-1.57 0.855
-1.63 0.87
-1.51 0.835
-1.47 0.74
-1.12 0.505
-1.31 0.485
-1.18 0.4
-1.24 0.395
-1.18 0.12
-1.01 -0.155
-1.13 0.085
-1.25 0.18
-1.2 0.165
-1.12 0.25
-1.32 0.255
-0.84 0.09
-1.29 0.165
-1.07 0.005
-1.27 0.185
-1.05 0.145
-1.22 0.125
-0.97 -0.065
-1.25 -0.235
-1.21 -0.145
-1.21 -0.55
-1.21 -0.61
-1.4 -0.735
-1.23 -0.64
-1.32 -0.58
-1.35 -0.69
-1.47 -0.725
-1.44 -0.81
-1.42 -0.81
-1.51 -0.795
-1.48 -0.78
-1.44 -0.715
-1.38 -0.64
-1.48 -0.56
-1.31 -0.735
-1.55 -0.825
-1.46 -0.68
-1.3 -0.615
-1.32 -0.545
-1.15 -0.345
-1.25 -0.25
-1.08 -0.145
-1.04 0.2
-1.2 0.17
-1.12 0.21
-1.18 -0.025
-1.19 -0.17
-1.19 -0.465
-1.33 -0.565
-1.37 -0.545
-1.41 -0.715
-1.61 -0.855
-1.46 -0.78
-1.51 -0.785
-1.33 -0.545
-1.38 -0.525
-1.3 -0.66
-1.21 -0.56
-1.17 -0.665
-1.35 -0.715
-1.12 -0.51
-1.16 -0.375
-1.2 -0.34
-1.11 -0.405
-1.36 -0.5
-1.29 -0.45
-1.39 -0.56
-1.35 -0.465
-1.17 -0.36
-1.04 -0.33
-0.98 -0.365
-1.06 -0.22
-1.13 -0.24
-1.2 -0.26
-1.16 -0.33
-1.22 -0.51
-1.33 -0.72
-1.56 -0.86
-1.42 -0.73
-1.37 -0.735
-1.47 -0.76
-1.51 -0.795
-1.59 -0.835
-1.23 -0.635
-1.22 -0.625
-1.46 -0.725
-1.14 -0.575
-1.31 -0.7
-1.49 -0.785
-1.43 -0.74
-1.59 -0.855
-1.53 -0.81
-1.36 -0.7
-1.47 -0.76
-1.32 -0.635
-1.41 -0.77
-1.58 -0.855
-1.33 -0.725
-1.43 -0.775
-1.44 -0.82
-1.26 -0.5
-1.32 -0.65
-1.19 -0.515
-1.24 -0.62
-1.33 -0.55
-1.47 -0.735
-1.16 -0.47
-1.24 -0.66
-1.32 -0.475
-1 -0.24
-1.22 -0.455
-1.33 -0.72
-1.36 -0.655
-1.35 -0.675
-1.31 -0.56
-1.31 -0.63
-1.37 -0.74
-1.37 -0.695
-1.38 -0.685
-1.19 -0.595
-1.34 -0.61
-1.46 -0.775
-1.37 -0.72
-1.19 -0.505
-1.32 -0.32
-1.34 -0.59
-1.33 -0.28
-1.24 -0.405
-1.22 -0.42
-1.31 -0.405
-1.21 -0.175
-1.16 -0.11
-1.18 -0.055
-1.12 -0.13
-1.07 -0.025
-0.9 0.02
-1.17 0.09
-1.21 0.16
-1.21 -0.08
-1.21 -0.03
-1.16 -0.115
-1.43 0.205
-1.38 0.19
-1.16 0.12
-1.23 -0.015
-1.12 -0.27
-1.23 -0.3
-1.17 -0.105
-1.12 -0.04
-1.01 0.145
-1.01 0.315
-0.96 0.395
-1.18 0.485
-1.04 0.46
-1.14 0.105
-1.03 0.035
-1.12 0.26
-1.19 0.055
-1.01 0.05
-1.1 0.075
-1.27 0.325
-1.25 0.545
-1.29 0.67
-1.29 0.71
-1.4 0.725
-1.29 0.64
-1.21 0.55
-1.51 0.605
-1.21 0.43
-1.22 0.315
-1.24 0.29
-1.26 0.25
-1.11 -0.04
-1.24 -0.1
-1.17 -0.315
-1.05 -0.105
-1.16 -0.13
-1.03 -0.11
-1.04 0.065
-1.06 0.12
-1.39 0.4
-1.33 0.49
-1.28 0.335
-1.22 0.31
-1.19 0.16
-1.29 0.645
-1.27 0.7
-1.35 0.695
-1.32 0.595
-1.54 0.795
-1.53 0.82
-1.42 0.66
-1.45 0.66
-1.37 0.7
-1.36 0.695
-1.33 0.74
-1.26 0.65
-1.05 0.47
-1.59 0.815
-1.24 0.585
-1.17 0.645
-1.53 0.84
-1.52 0.8
-1.67 0.885
-1.29 0.69
-1.31 0.655
-1.17 0.455
-1.26 0.62
-1.45 0.765
-1.15 0.595
-1.25 0.595
-1.42 0.735
-1.56 0.81
-1.45 0.75
-1.29 0.69
-1.42 0.73
-1.4 0.535
-1.34 0.645
-1.27 0.625
-1.51 0.815
-1.55 0.855
-1.57 0.85
-1.43 0.78
-1.36 0.76
-1.43 0.715
-1.25 0.5
-1.37 0.62
-1.35 0.55
-1.18 0.525
-1.19 0.47
-1.39 0.48
-1.19 0.4
-1.11 0.23
-1.31 0.175
-1.37 0.32
-1.26 0.245
-1.09 0.4
-1.2 0.3
-1.06 0.225
-0.94 0.21
-1.15 0.195
-1.2 0.155
-1.22 0.14
-1.17 0.26
-1.13 0.19
-1.17 0.295
-1.26 0.15
-1.18 0.345
-0.94 -0.11
-1.2 0.045
-1.23 0.32
-1.19 0.315
-1.24 0.465
-1.21 0.54
-1.2 0.55
-1.29 0.63
-1.33 0.775
-1.38 0.77
-1.34 0.735
-1.5 0.66
-1.34 0.525
-1.18 0.26
-1.24 0.285
-1.13 0.42
-1.18 0.59
-1.16 0.575
-1.36 0.71
-1.39 0.58
-1.45 0.77
-1.52 0.825
-1.57 0.74
-1.29 0.65
-1.36 0.715
-1.24 0.51
-1.27 0.46
-1.16 0.46
-1.25 0.63
-1.06 0.535
-1.42 0.8
-1.51 0.81
-1.31 0.67
-1.35 0.74
-1.48 0.825
-1.54 0.805
-1.37 0.705
-1.54 0.865
-1.43 0.72
-1.51 0.82
-1.34 0.76
-1.38 0.685
-1.54 0.825
-1.39 0.775
-1.26 0.68
-1.25 0.51
-1.35 0.71
-1.54 0.765
-1.65 0.845
-1.42 0.77
-1.36 0.725
-1.35 0.625
-1.53 0.785
-1.33 0.665
-1.35 0.665
-1.39 0.74
-1.18 0.535
-1.35 0.71
-1.37 0.625
-1.48 0.82
-1.24 0.565
-1.51 0.605
-1.24 0.62
-1.18 0.54
-1.25 0.58
-1.43 0.78
-1.41 0.67
-1.7 0.875
-1.59 0.865
-1.24 0.66
-1.18 0.61
-1.37 0.74
-1.42 0.695
-1.67 0.875
-1.45 0.81
-1.51 0.8
-1.48 0.75
-1.25 0.66
-1.33 0.705
-1.56 0.79
-1.39 0.68
-1.53 0.835
-1.36 0.735
-1.39 0.69
-1.4 0.77
-1.24 0.705
-1.56 0.835
-1.4 0.76
-1.48 0.81
-1.41 0.735
-1.1 0.61
-1.19 0.505
-1.38 0.655
-1.33 0.65
-1.35 0.6
-1.18 0.315
-1.09 0.2
-1.26 0.185
-1.26 0.22
-1.27 0.2
-1.32 0.23
-1.29 0.355
-1.1 0.37
-1.42 0.685
-1.27 0.63
-1.38 0.64
-1.47 0.765
-1.52 0.815
-1.47 0.72
-1.44 0.77
-1.43 0.74
-1.32 0.67
-1.46 0.705
-1.36 0.75
-1.44 0.715
-1.34 0.775
-1.49 0.835
-1.49 0.825
-1.38 0.75
-1.43 0.71
-1.26 0.695
-1.42 0.765
-1.35 0.66
-1.21 0.635
-1.68 0.81
-1.49 0.755
-1.51 0.76
-1.36 0.68
-1.27 0.625
-1.41 0.64
-1.47 0.695
-1.06 0.385
-1.3 0.605
-1.21 0.67
-1.49 0.8
-1.36 0.655
-1.35 0.7
-1.24 0.565
-1.26 0.42
-1.19 0.435
-1.27 0.395
-1.17 0.355
-1.25 0.395
-1.19 0.35
-1.27 0.535
-1.27 0.6
-1.25 0.59
-1.38 0.54
-1.29 0.46
-1.34 0.4
-1.18 0.27
-1.16 0.565
-1.45 0.545
-1.22 0.375
-1.31 0.55
-1.29 0.7
-1.53 0.81
-1.41 0.745
-1.33 0.72
-1.38 0.74
-1.42 0.8
-1.48 0.755
-1.57 0.81
-1.37 0.655
-1.4 0.74
-1.52 0.835
-1.34 0.65
-1.33 0.62
-1.23 0.555
-1.2 0.385
-1.22 0.315
-1.33 0.47
-1.33 0.415
-1.38 0.505
-1.41 0.535
-1.34 0.485
-1.2 0.35
-1.34 0.555
-1.21 0.52
-1.37 0.38
-1.28 0.56
-1.2 0.52
-1.22 0.55
-1.06 0.29
-1.22 0.225
-1.36 0.32
-1.23 0.285
-1.27 0.23
-1.26 0.235
-1.36 -0.06
-1 -0.12
-1.17 -0.085
-1.17 -0.03
-1.21 0.17
-1.32 0.335
-1.38 0.225
-1.2 0.32
-1.3 0.255
-1.14 0.36
-1.26 0.365
-1.07 0.215
-1.22 0.275
-1.1 0.475
-1.25 0.4
-1.39 0.58
-1.38 0.555
-1.45 0.78
-1.32 0.62
-1.42 0.59
-1.48 0.71
-1.43 0.69
-1.47 0.79
-1.4 0.7
-1.4 0.68
-1.34 0.605
-1.1 0.505
-1.52 0.82
-1.47 0.805
-1.41 0.78
-1.28 0.54
-1.22 0.48
-1.4 0.69
-1.41 0.73
-1.39 0.62
-1.22 0.505
-1.37 0.69
-1.42 0.61
-1.22 0.425
-1.16 0.34
-1.14 0.505
-1.22 0.53
-1.23 0.495
-1.37 0.65
-1.37 0.65
-1.27 0.475
-1.31 0.465
-1.18 0.495
-1.24 0.56
-1.25 0.37
-1.35 0.58
-1.46 0.655
-1.3 0.615
-1.32 0.605
-1.06 0.395
-1.3 0.37
-1.17 0.31
-1.33 0.645
-1.44 0.775
-1.38 0.74
-1.36 0.735
-1.41 0.75
-1.41 0.76
-1.52 0.825
-1.46 0.8
-1.4 0.71
-1.34 0.67
-1.23 0.58
-1.32 0.645
-1.28 0.56
-1.15 0.475
-1.21 0.425
-1.14 0.28
-1.12 0.19
-1.12 0.275
-1.41 0.415
-1.32 0.535
-1.33 0.665
-1.39 0.695
-1.56 0.82
-1.43 0.745
-1.48 0.82
-1.34 0.715
-1.22 0.505
-0.93 0.255
-1.03 0.345
-1.39 0.58
-1.33 0.695
-1.61 0.86
-1.21 0.515
-1.42 0.74
-1.36 0.665
-1.4 0.67
-1.26 0.575
-1.41 0.725
-1.46 0.79
-1.55 0.82
-1.31 0.62
-1.04 0.18
-1.15 0.28
-1.16 0.3
-1.12 0.245
-1.2 0.18
-1.18 0.19
-1.15 0.185
-1.08 0.245
-1.31 0.47
-1.34 0.28
-1.25 0.345
-1.32 0.49
-1.26 0.575
-1.28 0.61
-1.29 0.65
-1.19 0.52
-1.25 0.685
-1.46 0.73
-1.54 0.81
-1.35 0.76
-1.42 0.755
-1.22 0.65
-1.42 0.755
-1.18 0.56
-1.25 0.425
-1.1 0.42
-1.1 0.41
-1.34 0.505
-1.03 0.32
-1.29 0.465
-1.08 0.5
-1.41 0.655
-1.5 0.805
-1.44 0.815
-1.11 0.465
-1.17 0.48
-1.37 0.645
-1.38 0.665
-1.34 0.535
-1.22 0.495
-1.18 0.47
-1.29 0.455
-1.14 0.415
-1.44 0.705
-1.26 0.5
-1.08 0.375
-1.33 0.365
-1.21 -0.02
-1.08 -0.21
-1.2 -0.14
-1.14 -0.035
-1.07 -0.03
-1.16 -0.28
-1.42 -0.67
-1.46 -0.745
-1.52 -0.815
-1.47 -0.75
-1.31 -0.575
-1.31 -0.63
-1.2 -0.53
-1.02 -0.255
-1.33 -0.575
-1.23 -0.53
-1.35 -0.5
-1.16 -0.43
-1.3 -0.52
-1.14 -0.365
-1.14 -0.22
-1.3 -0.495
-1.08 -0.46
-1.41 -0.725
-1.49 -0.785
-1.25 -0.67
-1.45 -0.77
-1.55 -0.83
-1.46 -0.79
-1.4 -0.725
-1.48 -0.75
-1.62 -0.885
-1.26 -0.69
-1.57 -0.785
-1.42 -0.765
-1.24 -0.465
-1.18 -0.325
-1.14 -0.165
-1.17 -0.05
-1.22 -0.135
-1.21 0.04
-1.07 -0.055
-1.22 0.005
-1.16 0.115
-1.16 -0.055
-1.08 -0.065
-1.03 -0.165
-1.14 -0.345
-1.37 -0.6
-1.25 -0.51
-1.47 -0.67
-1.42 -0.695
-1.61 -0.855
-1.49 -0.76
-1.27 -0.71
-1.36 -0.75
-1.38 -0.77
-1.45 -0.775
-1.28 -0.7
-1.4 -0.74
-1.4 -0.785
-1.27 -0.665
-1.47 -0.75
-1.46 -0.74
-1.26 -0.74
-1.26 -0.68
-1.39 -0.795
-1.45 -0.81
-1.57 -0.8
-1.51 -0.815
-1.63 -0.885
-1.52 -0.83
-1.31 -0.615
-1.32 -0.72
-1.56 -0.85
-1.44 -0.66
-1.38 -0.7
-1.35 -0.6
-1.13 -0.445
-1.4 -0.72
-1.34 -0.695
-1.4 -0.57
-1.4 -0.645
-1.15 -0.48
-1.15 -0.48
-1.28 -0.475
-1.22 -0.32
-1.2 -0.19
-1.09 -0.315
-1.21 -0.235
-1.03 -0.35
-1.3 -0.395
-1.19 -0.48
-1.31 -0.485
-1.29 -0.65
-1.21 -0.375
-1.05 -0.32
-1.26 -0.23
-1.12 -0.285
-1.15 -0.125
-1.24 -0.11
-1.12 -0.33
-1.23 -0.6
-1.42 -0.77
-1.36 -0.65
-1.52 -0.72
-1.32 -0.715
-1.34 -0.725
-1.39 -0.755
-1.53 -0.83
-1.48 -0.79
-1.39 -0.655
-1.31 -0.645
-1.26 -0.53
-1.35 -0.66
-1.51 -0.795
-1.44 -0.79
-1.31 -0.68
-1.53 -0.815
-1.35 -0.53
-1.28 -0.35
-1.28 -0.48
-1.34 -0.285
-1.16 -0.255
-0.95 -0.155
-1.14 -0.31
-1.28 -0.395
-1.49 -0.475
-1.21 -0.39
-1.14 -0.42
-1.27 -0.425
-1.03 -0.255
-1.12 -0.32
-1.04 -0.255
-1.18 -0.275
-1.19 -0.4
-1.18 -0.335
-1.27 -0.44
-1.04 -0.35
-1.34 -0.61
-1.42 -0.64
-1.36 -0.345
-1.35 -0.655
-1.56 -0.83
-1.54 -0.765
-1.34 -0.75
-1.38 -0.71
-1.31 -0.735
-1.56 -0.82
-1.41 -0.795
-1.3 -0.625
-1.41 -0.73
-1.52 -0.84
-1.48 -0.8
-1.45 -0.79
-1.26 -0.695
-1.2 -0.62
-1.19 -0.495
-1.37 -0.73
-1.22 -0.56
-1.49 -0.845
-1.26 -0.58
-1.37 -0.76
-1.5 -0.825
-1.49 -0.77
-1.38 -0.69
-1.36 -0.73
-1.39 -0.71
-1.43 -0.785
-1.4 -0.745
-1.35 -0.725
-1.35 -0.665
-1.36 -0.745
-1.45 -0.705
-1.19 -0.35
-1.39 -0.585
-1.22 -0.59
-1.47 -0.685
-1.38 -0.655
-1.42 -0.705
-1.46 -0.735
-1.33 -0.715
-1.14 -0.53
-1.21 -0.31
-1.25 -0.43
-1.28 -0.61
-1.45 -0.545
-1.43 -0.67
-1.35 -0.67
-1.55 -0.835
-1.53 -0.77
-1.43 -0.69
-1.44 -0.69
-1.3 -0.64
-1.26 -0.63
-1.31 -0.6
-1.45 -0.68
-1.54 -0.85
-1.51 -0.815
-1.24 -0.605
-1.27 -0.505
-1.36 -0.66
-1.11 -0.525
-1.54 -0.81
-1.45 -0.68
-1.44 -0.745
-1.42 -0.74
-1.6 -0.85
-1.32 -0.67
-1.24 -0.695
-1.4 -0.695
-1.17 -0.535
-1.25 -0.475
-1.07 -0.54
-1.52 -0.825
-1.53 -0.83
-1.51 -0.835
-1.44 -0.795
-1.26 -0.61
-1.38 -0.705
-1.07 -0.275
-1.1 -0.155
-1.35 -0.695
-1.3 -0.525
-1.33 -0.545
-1.32 -0.585
-1.32 -0.51
-1.23 -0.54
-1.2 -0.62
-1.29 -0.565
-1.12 -0.285
-1.22 -0.445
-1.21 -0.455
-1.08 -0.025
-1.26 0.08
-1.02 -0.17
-0.96 -0.2
-1.41 -0.365
-1.4 -0.35
-1.13 -0.13
-1.39 -0.185
-1.25 -0.37
-1.1 -0.185
-1.29 -0.01
-1.16 -0.09
-0.92 0.165
-1.17 0.28
-1.23 0.395
-1.09 0.255
-1.2 0.53
-1.11 0.5
-1.19 0.565
-1.35 0.655
-1.48 0.81
-1.46 0.82
-1.19 0.62
-1.39 0.63
-1.37 0.765
-1.7 0.885
-1.47 0.825
-1.46 0.79
-1.64 0.87
-1.51 0.815
-1.34 0.735
-1.37 0.715
-1.25 0.61
-1.44 0.675
-1.31 0.695
-1.3 0.64
-1.36 0.565
-1.27 0.665
-1.56 0.77
-1.31 0.665
-1.36 0.695
-1.49 0.76
-1.5 0.8
-1.3 0.75
-1.63 0.885
-1.47 0.815
-1.42 0.785
-1.33 0.745
-1.53 0.77
-1.34 0.565
-1.08 0.495
-1.19 0.49
-1.38 0.735
-1.5 0.74
-1.41 0.6
-1.3 0.605
-1.44 0.725
-1.5 0.61
-1.24 0.615
-1.29 0.63
-1.3 0.515
-1.22 0.485
-1.27 0.41
-1.24 0.39
-1.33 0.595
-1.21 0.285
-1.17 0.43
-1.17 0.2
-1.04 0.025
-1.25 0.1
-1.13 0.345
-1.28 0.27
-1.09 0.375
-1.21 0.485
-1.36 0.695
-1.63 0.875
-1.4 0.7
-1.44 0.75
-1.44 0.7
-1.29 0.655
-1.27 0.7
-1.3 0.675
-1.37 0.61
-1.16 0.525
-1 0.235
-1.24 0.015
-0.98 0.05
-1.19 0.265
-1.11 0.15
-1.11 -0.165
-1.2 -0.27
-1.31 -0.635
-1.35 -0.675
-1.23 -0.665
-1.44 -0.72
-1.43 -0.69
-1.4 -0.7
-1.61 -0.75
-1.37 -0.61
-1.36 -0.73
-1.4 -0.735
-1.3 -0.62
-1.32 -0.595
-1.26 -0.535
-1.47 -0.68
-1.31 -0.595
-1.54 -0.785
-1.5 -0.795
-1.39 -0.7
-1.39 -0.755
-1.54 -0.825
-1.53 -0.83
-1.44 -0.795
-1.23 -0.67
-1.26 -0.68
-1.36 -0.72
-1.45 -0.75
-1.35 -0.74
-1.37 -0.72
-1.38 -0.775
-1.28 -0.615
-1.37 -0.715
-1.24 -0.7
-1.55 -0.775
-1.27 -0.69
-1.2 -0.66
-1.41 -0.665
-1.36 -0.77
-1.44 -0.78
-1.6 -0.81
-1.25 -0.67
-1.26 -0.64
-1.45 -0.77
-1.56 -0.78
-1.61 -0.865
-1.57 -0.795
-1.49 -0.8
-1.42 -0.73
-1.38 -0.72
-1.31 -0.585
-1.48 -0.76
-1.47 -0.735
-1.5 -0.8
-1.4 -0.78
-1.34 -0.725
-1.37 -0.725
-1.51 -0.85
-1.26 -0.66
-1.27 -0.61
-1.12 -0.255
-1.17 -0.38
-1.29 -0.17
-1.3 -0.255
-1.29 -0.315
-1.23 -0.26
-1.28 -0.435
-1.06 -0.365
-1.24 -0.6
-1.23 -0.705
-1.53 -0.86
-1.36 -0.585
-1.32 -0.51
-1.28 -0.48
-1.4 -0.575
-1.17 -0.275
-1.27 -0.315
-1.26 -0.375
-1.27 -0.455
-1.26 -0.325
-1.19 -0.32
-1.2 -0.45
-1.42 -0.745
-1.38 -0.71
-1.27 -0.615
-1.21 -0.505
-1.39 -0.575
-1.36 -0.645
-1.38 -0.71
-1.46 -0.77
-1.54 -0.855
-1.53 -0.85
-1.33 -0.74
-1.39 -0.77
-1.51 -0.74
-1.52 -0.82
-1.66 -0.895
-1.49 -0.785
-1.56 -0.84
-1.51 -0.71
-1.69 -0.9
-1.56 -0.82
-1.32 -0.665
-1.01 -0.585
-1.54 -0.79
-1.32 -0.71
-1.54 -0.845
-1.34 -0.77
-1.34 -0.74
-1.4 -0.735
-1.34 -0.775
-1.45 -0.775
-1.45 -0.68
-1.52 -0.815
-1.33 -0.585
-1.32 -0.525
-1.24 -0.52
-1.32 -0.33
-1.03 -0.37
-1.21 -0.255
-1.14 -0.34
-1.39 -0.625
-1.18 -0.36
-1.19 -0.25
-1.16 -0.42
-1.16 -0.56
-1.21 -0.61
-1.39 -0.66
-1.18 -0.585
-1.35 -0.7
-1.44 -0.76
-1.43 -0.76
-1.37 -0.68
-1.61 -0.885
-1.48 -0.75
-1.23 -0.605
-1.28 -0.41
-1.12 -0.125
-1.1 -0.525
-1.65 -0.89
-1.41 -0.665
-1.54 -0.785
-1.2 -0.58
-1.55 -0.8
-1.26 -0.55
-1.26 -0.645
-1.43 -0.72
-1.24 -0.635
-1.45 -0.69
-1.25 -0.62
-1.19 -0.53
-1.16 -0.375
-1.3 -0.3
-1.32 -0.395
-1.21 -0.225
-1.35 -0.495
-1.36 -0.685
-1.38 -0.57
-1.11 -0.23
-1.08 0.22
-1.31 0.405
-1.25 0.575
-1.32 0.65
-1.26 0.66
-1.31 0.71
-1.57 0.805
-1.43 0.725
-1.17 0.625
-1.26 0.735
-1.44 0.77
-1.48 0.765
-1.52 0.79
-1.34 0.66
-1.45 0.785
-1.49 0.81
-1.38 0.755
-1.36 0.725
-1.34 0.745
-1.37 0.64
-1.46 0.805
-1.36 0.655
-1.72 0.905
-1.56 0.82
-1.45 0.745
-1.28 0.615
-1.29 0.655
-1.29 0.66
-1.24 0.62
-1.32 0.68
-1.31 0.465
-1 0.435
-1.47 0.635
-1.57 0.845
-1.54 0.84
-1.56 0.84
-1.45 0.705
-1.31 0.68
-1.35 0.745
-1.14 0.445
-1.07 0.37
-1.28 0.33
-1.07 0.31
-1.16 0.325
-1.28 0.445
-1.42 0.655
-1.28 0.645
-1.4 0.62
-1.21 0.375
-1.23 0.175
-1.08 0.215
-1.25 0.17
-1.33 0.435
-1.21 0.58
-1.53 0.74
-1.22 0.58
-1.23 0.63
-1.51 0.815
-1.21 0.485
-1.21 0.175
-0.96 0.01
-1.28 -0.045
-1.34 -0.27
-1.16 -0.47
-1.28 -0.43
-1.39 -0.615
-1.33 -0.68
-1.44 -0.775
-1.27 -0.62
-1.39 -0.735
-1.48 -0.775
-1.61 -0.835
-1.33 -0.675
-1.4 -0.7
-1.28 -0.55
-1.25 -0.57
-1.06 -0.375
-1.21 -0.585
-1.38 -0.68
-1.26 -0.71
-1.57 -0.855
-1.44 -0.655
-1.42 -0.695
-1.34 -0.665
-1.43 -0.725
-1.47 -0.775
-1.29 -0.605
-1.32 -0.53
-1.31 -0.55
-1.42 -0.575
-1.13 -0.5
-1.16 -0.435
-1.19 -0.445
-1.55 -0.785
-1.58 -0.85
-1.3 -0.68
-1.55 -0.825
-1.41 -0.785
-1.56 -0.83
-1.52 -0.825
-1.51 -0.81
-1.47 -0.775
-1.5 -0.81
-1.54 -0.78
-1.56 -0.8
-1.45 -0.825
-1.31 -0.625
-1.11 -0.47
-1.36 -0.72
-1.3 -0.675
-1.36 -0.57
-1.48 -0.805
-1.39 -0.69
-1.43 -0.76
-1.39 -0.72
-1.41 -0.72
-1.39 -0.73
-1.16 -0.56
-1.17 -0.545
-1.37 -0.515
-1.15 -0.415
-1.41 -0.675
-1.18 -0.585
-1.36 -0.475
-1.21 -0.325
-1.4 -0.685
-1.33 -0.725
-1.25 -0.635
-1.28 -0.74
-1.5 -0.74
-1.66 -0.89
-1.43 -0.795
-1.46 -0.77
-1.4 -0.725
-1.47 -0.77
-1.46 -0.795
-1.46 -0.765
-1.42 -0.745
-1.38 -0.73
-1.48 -0.735
-1.46 -0.75
-1.53 -0.83
-1.26 -0.645
-1.67 -0.875
-1.47 -0.815
-1.71 -0.9
-1.48 -0.8
-1.34 -0.68
-1.59 -0.84
-1.48 -0.795
-1.36 -0.69
-1.28 -0.46
-0.97 -0.515
-1.51 -0.725
-1.45 -0.79
-1.33 -0.74
-1.51 -0.805
-1.24 -0.52
-1.64 -0.885
-1.66 -0.86
-1.56 -0.79
-1.29 -0.655
-1.45 -0.735
-1.36 -0.74
-1.33 -0.58
-1.17 -0.25
-1.21 -0.365
-1.02 -0.265
-1.12 -0.225
-1.18 -0.485
-1.18 -0.27
-1.22 -0.165
-1.07 -0.09
-1.08 -0.005
-1.29 0.005
-1.21 -0.22
-1.19 -0.16
-1.16 -0.14
-1.07 0.045
-1.25 0.205
-1.4 0.36
-1.34 0.36
-1.09 0.14
-1.26 0.115
-1.19 0.115
-1.23 0.3
-1.02 0.355
-1.19 0.205
-1.13 0.17
-1.2 0.125
-1.33 0.21
-1.36 0.355
-1.3 0.435
-1.25 0.395
-1.24 0.4
-1.17 0.31
-0.93 0.285
-1.49 0.525
-1.21 0.505
-1.3 0.56
-1.09 0.46
-1.4 0.65
-1.36 0.68
-1.23 0.705
-1.12 0.585
-1.44 0.685
-1.28 0.635
-1.43 0.655
-1.21 0.455
-1.21 0.39
-1.21 0.45
-1.21 0.375
-1.32 0.43
-1.39 0.62
-1.24 0.45
-1.04 0.515
-1.13 0.48
-1.3 0.595
-1.26 0.64
-1.6 0.845
-1.65 0.885
-1.23 0.595
-1.2 0.615
-1.24 0.64
-1.33 0.685
-1.03 0.515
-1.51 0.81
-1.45 0.76
-1.32 0.715
-1.55 0.82
-1.39 0.75
-1.27 0.625
-1.31 0.595
-1.27 0.66
-1.49 0.805
-1.37 0.675
-1.49 0.775
-1.61 0.855
-1.49 0.795
-1.59 0.84
-1.63 0.875
-1.62 0.87
-1.37 0.715
-1.46 0.76
-1.44 0.73
-1.24 0.695
-1.24 0.665
-1.38 0.56
-1.38 0.65
-1.31 0.585
-1.36 0.65
-1.52 0.825
-1.47 0.81
-1.33 0.64
-1.43 0.61
-1.24 0.415
-1.08 0.42
-1.26 0.235
-0.95 0.08
-1.02 0.275
-1 0.19
-1.23 0.3
-1.32 0.405
-1.15 0.055
-1 0.06
-1.22 0.105
-1.08 0.09
-1.14 0.02
-1.36 -0.12
-1.21 -0.01
-1.18 0.175
-1.15 0.08
-1.06 0.27
-1.36 0.555
-1.28 0.37
-1.44 0.695
-1.35 0.53
-1.39 0.645
-1.33 0.655
-1.49 0.81
-1.47 0.785
-1.34 0.725
-1.59 0.875
-1.45 0.795
-1.54 0.83
-1.43 0.78
-1.35 0.75
-1.38 0.735
-1.56 0.835
-1.63 0.89
-1.61 0.85
-1.34 0.745
-1.68 0.89
-1.43 0.74
-1.42 0.705
-1.48 0.655
-1.26 0.65
-1.3 0.59
-1.63 0.84
-1.32 0.72
-1.43 0.775
-1.34 0.71
-1.39 0.655
-1.68 0.875
-1.5 0.835
-1.34 0.74
-1.5 0.79
-1.37 0.705
-1.53 0.84
-1.54 0.79
-1.34 0.62
-1.47 0.79
-1.48 0.79
-1.61 0.87
-1.42 0.795
-1.51 0.805
-1.55 0.815
-1.58 0.84
-1.53 0.825
-1.75 0.925
-1.52 0.805
-1.52 0.84
-1.43 0.79
-1.59 0.855
-1.5 0.79
-1.43 0.715
-1.44 0.595
-1.39 0.67
-1.18 0.565
-1.62 0.845
-1.34 0.77
-1.54 0.85
-1.62 0.87
-1.56 0.79
-1.39 0.68
-1.04 0.32
-1.21 0.055
-1.22 -0.015
-1.39 0.065
-1.15 0.175
-1.2 0.185
-1.1 0.08
-1.18 0.145
-1.15 0.145
-1.28 -0.045
-0.98 -0.07
-1.08 0.005
-1.12 0
-1.31 0.085
-1.29 0.025
-1.21 0.15
-1.14 0.29
-1.13 0.24
-1.27 0.26
-1.12 -0.03
-1.08 0.015
-1.11 -0.015
-1.2 0.135
-1.15 0.095
-1.09 -0.075
-1.26 -0.185
-1.16 -0.1
-1.04 0.005
-1.23 -0.13
-1.03 0.025
-1.03 -0.23
-1.06 -0.175
-1.3 -0.635
-1.49 -0.81
-1.62 -0.855
-1.5 -0.73
-1.14 -0.575
-1.33 -0.42
-1.23 -0.17
-1.1 -0.18
-1.19 -0.195
-1.23 -0.405
-1.34 -0.75
-1.24 -0.595
-1.35 -0.61
-0.97 -0.29
-1.03 -0.27
-1.23 -0.44
-1.34 -0.635
-1.31 -0.685
-1.28 -0.6
-1.6 -0.875
-1.57 -0.87
-1.29 -0.69
-1.44 -0.77
-1.27 -0.685
-1.39 -0.635
-1.46 -0.745
-1.32 -0.705
-1.39 -0.685
-1.35 -0.545
-1.49 -0.805
-1.5 -0.825
-1.24 -0.655
-1.22 -0.555
-1.14 -0.48
-1.25 -0.61
-1.35 -0.465
-1.28 -0.505
-1.35 -0.65
-1.61 -0.885
-1.45 -0.79
