-1.3 -0.085
-0.92 -0.27
-1.11 -0.27
-1.03 -0.36
-1.1 -0.535
-1.03 -0.355
-1.09 -0.455
-1.11 -0.285
-1.17 -0.32
-1.22 -0.38
-0.97 -0.415
-1.28 -0.55
-0.96 -0.5
-1.11 -0.54
-1.07 -0.525
-1.44 -0.775
-1.39 -0.765
-1.31 -0.625
-0.96 -0.46
-1.1 -0.525
-1.14 -0.55
-1.21 -0.545
-0.98 -0.225
-1.06 -0.005
-1.02 -0.07
-0.93 -0.27
-0.98 -0.23
-1.07 -0.215
-1.18 -0.21
-1.13 -0.13
-1.01 -0.135
-1.2 -0.275
-1.07 -0.455
-0.85 0.125
-1.27 -0.16
-1.07 -0.25
-1.02 -0.26
-0.96 -0.26
-1.07 -0.32
-0.96 -0.515
-1.23 -0.515
-1.16 -0.34
-0.88 -0.475
-1.2 -0.495
-0.97 -0.305
-1.09 -0.38
-1.13 -0.335
-1.01 -0.395
-1.23 -0.64
-1.19 -0.655
-1.21 -0.52
-1.27 -0.64
-0.99 -0.505
-1.12 -0.46
-1.04 -0.2
-1.31 0.125
-1.15 0.15
-0.84 -0.015
-0.99 -0.125
-0.96 -0.31
-1 -0.39
-1.03 -0.285
-1.19 -0.435
-1.24 -0.535
-0.85 -0.115
-1.16 -0.275
-1.11 -0.455
-1.14 -0.54
-1.3 -0.605
-1.33 -0.68
-1.07 -0.31
-1.04 -0.3
-1.18 -0.325
-0.92 -0.215
-1.05 -0.295
-1.11 -0.33
-1.1 -0.375
-0.97 -0.14
-0.99 -0.28
-0.97 -0.265
-1.1 -0.255
-1.22 -0.255
-1.06 -0.02
-1.06 -0.09
-1.3 0.425
-1.35 0.315
-1.22 0.425
-1.12 0.26
-1.07 0.13
-1.01 0.24
-1.02 0.355
-0.97 0.245
-1.05 0.275
-1.25 0.37
-1 0.34
-1.01 0.17
-1.09 0.265
-0.99 0.375
-1.16 0.605
-1.11 0.445
-1.15 0.235
-1.11 0.005
-1.05 -0.165
-1.08 0.045
-1.25 -0.015
-1.1 0.04
-1.06 0.065
-1.16 -0.145
-0.97 -0.215
-1.15 -0.155
-1.07 -0.3
-0.96 0.02
-1.02 -0.11
-1.12 -0.04
-0.97 -0.035
-1.16 0.26
-1.02 0.38
-1.27 0.67
-1.31 0.66
-1.31 0.6
-1.13 0.545
-1.18 0.6
-1.26 0.68
-1.1 0.57
-1.1 0.585
-1.04 0.51
-1.26 0.4
-0.97 0.155
-1.08 0.345
-1.05 0.45
-1.07 0.345
-1.09 0.41
-1.07 0.395
-1.25 0.565
-1.03 0.455
-1.02 0.1
-1.18 0.02
-0.87 -0.06
-0.95 -0.08
-0.98 -0.035
-1.04 -0.185
-1.17 -0.28
-1.2 -0.595
-1.2 -0.58
-1.06 -0.455
-1.29 -0.575
-0.86 0
-1.09 -0.06
-1.1 -0.175
-0.99 -0.245
-1.03 -0.115
-1.06 -0.175
-1.02 -0.15
-0.95 0.165
-1.03 0.315
-1.2 0.345
-1.16 0.32
-1.27 0.155
-1.14 0.125
-1.2 0.33
-1.14 0.295
-1.1 0.495
-1.35 0.705
-1.35 0.685
-1.33 0.67
-1.25 0.66
-1.08 0.58
-1.11 0.52
-0.89 0.4
-1.17 0.65
-1.18 0.41
-0.89 0.32
-1.17 0.335
-1.07 0.37
-1.09 0.25
-1.06 0.3
-1.1 0.09
-1.21 0.275
-1.04 0.265
-0.89 -0.04
-0.94 0.005
-1 0.07
-1.09 -0.075
-1 -0.005
-1.24 0.33
-1.2 0.375
-1.1 0.425
-0.98 0.42
-1.28 0.595
-1.01 0.35
-1.08 0.445
-1.14 0.3
-1.18 0.505
-1.2 0.51
-1.09 0.335
-1.03 -0.02
-0.98 0.28
-1.13 0.205
-1.07 0.4
-1.09 0.225
-1.07 0.375
-1.02 0.255
-1.1 0.42
-1.1 0.42
-1.3 0.425
-1.1 0.565
-1.13 0.62
-1.19 0.44
-1.08 0.27
-1.09 0.165
-0.99 -0.035
-1.01 -0.04
-0.92 -0.23
-1.15 -0.42
-1.1 -0.485
-1.22 -0.465
-0.98 -0.075
-1.14 -0.185
-1.05 -0.06
-1.02 -0.055
-1.01 0.065
-1.14 0.125
-1.04 0.04
-1.04 0.16
-0.98 -0.03
-1.1 0.11
-1.15 0.105
-0.94 -0.21
-0.96 0.01
-1.1 0.17
-1.15 0.17
-1.18 0.39
-1.04 -0.025
-1.01 0.125
-1 0.28
-0.88 0.13
-0.96 0.34
-1.06 0.225
-0.98 0.03
-1.05 -0.14
-1 0.23
-1.05 0.075
-0.96 -0.005
-1.17 -0.11
-0.84 -0.295
-0.94 -0.25
-1.14 0.24
-1.08 0.06
-0.93 0.235
-1.13 0.4
-0.92 0.355
-0.9 0.06
-1.05 0.165
-0.96 0.235
-1.15 0.125
-0.91 -0.025
-0.93 0.075
-1.01 -0.165
-0.91 -0.02
-1.09 -0.09
-0.97 0.015
-1.09 0.085
-0.91 -0.15
-0.97 -0.145
-1.01 0.065
-0.99 0.115
-0.87 0.075
-1.26 -0.33
-1.32 -0.57
-1.22 -0.21
-1.24 -0.23
-1.37 -0.595
-0.94 -0.43
-1.11 -0.49
-1.18 -0.4
-1.13 -0.24
-1.26 -0.57
-1.24 -0.605
-1.15 -0.555
-1.2 -0.615
-1.24 -0.48
-1.19 -0.56
-1.02 -0.545
-1.07 -0.29
-1.05 -0.19
-1.14 -0.445
-1.09 -0.455
-1.17 -0.505
-1.23 -0.43
-0.98 -0.22
-1 0.025
-0.97 0.3
-1.06 0.17
-1.04 0.35
-1.23 0.605
-1.25 0.705
-1.02 0.49
-1.06 0.355
-1.1 0.54
-0.92 0.36
-1.25 0.33
-1.11 0.26
-1.09 -0.065
-1.15 -0.03
-1.19 -0.14
-1.16 -0.475
-1.13 -0.59
-1.23 -0.5
-1.33 -0.47
-1 -0.465
-0.94 -0.36
-1.18 -0.475
-1.15 -0.215
-1.14 -0.35
-0.86 -0.12
-0.98 -0.17
-0.99 -0.16
-0.88 0.05
-1.11 -0.13
-1.09 -0.135
-1.1 -0.125
-0.98 0.04
-0.96 0.01
-1.15 0.09
-1.04 0.175
-1.11 0.315
-1.05 0.25
-1.21 0.365
-1.24 0.17
-1 0.175
-0.98 -0.225
-0.83 -0.08
-1.15 0.065
-1.12 0.275
-1.14 0.155
-1.08 0.175
-1.21 0.415
-1.06 0.195
-0.94 0.28
-1.15 0.4
-1.15 0.32
-1.19 0.175
-1.03 0.41
-1.12 0.41
-1.02 0.375
-1.01 0.025
-0.94 0.115
-1.2 0.245
-1.17 0.155
-1.1 0.06
-1.14 0.06
-1.02 0.23
-1.3 0.415
-1.31 0.45
-1.22 0.47
-1.18 0.455
-1.15 0.47
-1.08 0.27
-1.1 0.19
-1.03 0.175
-1.24 0.095
-1.14 -0.015
-0.97 -0.17
-0.95 -0.23
-1.05 -0.17
-1.05 -0.25
-1.02 -0.29
-0.96 -0.225
-0.97 -0.415
-1.06 -0.28
-1.11 -0.2
-1.15 -0.325
-1.01 -0.295
-1.1 -0.27
-0.98 -0.31
-0.9 -0.25
-0.92 -0.035
-1.13 -0.15
-0.95 -0.015
-0.98 0.13
-1.17 0.22
-0.94 0.185
-1.19 -0.07
-0.94 0.11
-1.11 0.01
-1.21 0.045
-1.01 -0.07
-1.02 -0.175
-1.13 -0.14
-1.02 -0.235
-1.2 -0.05
-1.04 0.095
-0.98 0.015
-0.79 -0.01
-1.01 -0.145
-1.23 -0.255
-0.97 -0.17
-1.28 -0.005
-1.02 -0.18
-1.03 -0.285
-0.98 -0.135
-0.92 -0.21
-1.01 -0.265
-1.12 -0.44
-1.14 -0.395
-1.21 -0.48
-1.05 -0.345
-0.94 0.185
-0.99 0.065
-1.11 0.115
-1.13 0.435
-1.16 0.545
-1.15 0.335
-1.01 -0.05
-1.17 -0.15
-0.99 -0.15
-1.02 0.275
-1.2 0.365
-0.92 0.225
-1.23 0.325
-1.12 0.295
-1.11 0.24
-1.22 -0.165
-0.98 -0.135
-1.01 -0.04
-0.94 0.095
-0.95 0.11
-1.05 0.28
-1.14 -0.03
-0.95 0.07
-0.94 -0.195
-0.91 -0.13
-1.14 0.03
-0.94 0.195
-0.89 0.17
-0.86 0.15
-0.88 0.27
-0.96 0.02
-1.07 0.405
-1.24 0.575
-1.16 0.37
-0.94 0.265
-1.1 0.4
-1.33 0.675
-1.53 0.825
-1.23 0.645
-1.18 0.575
-1.2 0.55
-1.18 0.675
-1.11 0.545
-1.02 0.46
-1.26 0.63
-1.1 0.58
-1.26 0.605
-1.12 0.31
-1.09 0.515
-1.2 0.605
-1.44 0.8
-1.3 0.715
-1.31 0.755
-1.31 0.75
-1.35 0.77
-1.33 0.725
-1.28 0.66
-1.19 0.555
-1.17 0.3
-0.93 0.265
-0.98 0.255
-0.82 -0.07
-1.1 -0.33
-1.03 -0.425
-1.01 -0.385
-1.07 -0.47
-0.99 -0.14
-0.98 0.065
-0.96 0.035
-0.93 0.005
-0.91 0.14
-1.17 0.225
-0.96 0.22
-1.21 0.335
-1.01 0.11
-1.08 0.215
-1.11 0.19
-1.12 0.25
-0.92 0.2
-0.97 0.175
-1.05 -0.07
-0.9 0.04
-0.97 0.04
-1.07 0.12
-0.94 0.21
-0.91 -0.185
-0.93 -0.175
-1.07 -0.04
-0.93 -0.21
-1.03 -0.305
-1.19 -0.375
-1.04 -0.095
-0.95 -0.355
-1.04 -0.21
-0.99 -0.05
-0.99 -0.02
-1.16 0.055
-1.06 0.01
-0.99 -0.07
-1.12 0.065
-0.97 -0.195
-0.95 -0.365
-1.1 -0.48
-1.27 -0.365
-0.94 -0.175
-1.03 -0.375
-1.06 -0.32
-1.06 -0.25
-1 -0.025
-1.13 0.015
-1.01 0.17
-1.17 0.195
-1.02 0.185
-0.99 0
-1.07 0.315
-1.15 0.2
-0.94 0.165
-0.98 0.095
-0.99 0.105
-1.22 -0.145
-1.26 -0.28
-1.15 -0.18
-1.12 0.09
-0.89 -0.05
-0.99 0.42
-0.98 0.075
-1 -0.075
-1.04 0.04
-1.06 0.015
-0.98 0.13
-0.94 0.14
-1.17 0.285
-0.92 0.275
-1.06 0.39
-1.19 0.55
-1.32 0.515
-1.06 0.495
-1.17 0.395
-0.99 0.38
-1.14 0.315
-1.09 0.4
-1.02 0.5
-1.14 0.54
-1.25 0.5
-1.19 0.475
-1.33 0.47
-0.94 0.335
-0.99 0.14
-0.94 0.19
-1.09 0.05
-1.11 -0.32
-0.88 -0.205
-1.13 -0.23
-1.07 -0.535
-1.01 -0.4
-0.97 -0.27
-1.08 0.015
-1.08 0.155
-1.09 -0.26
-0.93 0.105
-1.03 0.2
-1.1 0.275
-1.09 0.26
-1.09 0.01
-1.09 -0.185
-1.02 -0.345
-1.01 -0.33
-0.98 -0.345
-0.86 0.09
-0.93 0.155
-1.06 -0.065
-1.04 0.32
-1.26 0.38
-1 0.295
-1.24 0.615
-1.03 0.44
-1.07 0.305
-1.08 0.34
-0.86 0.065
-1.08 0.1
-1.07 -0.38
-1.24 -0.4
-1.06 -0.36
-1.19 -0.415
-1.17 -0.205
-1.12 -0.35
-1.06 -0.46
-1.15 -0.53
-1.15 -0.565
-1.01 -0.4
-0.81 -0.37
-1.13 -0.635
-1.22 -0.66
-1.16 -0.635
-1.24 -0.59
-1.24 -0.64
-0.93 -0.4
-0.95 -0.175
-1.15 -0.085
-1.14 0.09
-1.23 0.115
-1 -0.03
-1.01 -0.14
-1.06 0.115
-1.05 0.365
-1.04 0.16
-1.14 0.215
-1.11 0.085
-1.01 0.175
-1.01 -0.185
-0.95 0.065
-1.11 -0.02
-1.19 -0.175
-1.17 -0.34
-1.08 -0.25
-0.87 0.06
-1.03 0.2
-1.04 0.43
-0.99 0.35
-1.17 0.545
-0.91 0.165
-1.18 0.305
-1.05 0.34
-0.98 0.245
-1.06 0.5
-0.93 0.325
-1.14 0.485
-1.02 0.31
-1.07 0.18
-1.08 -0.09
-1.07 0.245
-1.3 0.55
-1.25 0.63
-1.45 0.76
-1.29 0.705
-1.09 0.425
-1.09 0.305
-1.08 0.255
-1.13 0.4
-0.86 0.175
-1.1 0.305
-1.05 0.22
-1.14 0.245
-1.15 0.465
-0.98 0.325
-1.07 0.325
-0.98 0.325
-0.96 0.42
-1.17 0.3
-1.16 0.335
-1.01 0.365
-0.91 0
-1.02 -0.025
-1.05 0.015
-1.01 0.12
-1.11 -0.005
-0.98 0.02
-0.98 -0.24
-1.13 -0.37
-1.06 -0.2
-1.01 -0.03
-0.96 0.095
-0.95 -0.005
-0.98 -0.02
-0.98 0.16
-1.04 0.365
-1.01 0.405
-1.14 0.295
-1.05 0.06
-0.92 -0.04
-1.01 -0.115
-0.86 -0.155
-0.89 -0.45
-0.93 -0.185
-1.11 -0.105
-0.88 -0.16
-0.92 -0.01
-1.04 -0.195
-1 -0.21
-0.92 -0.13
-0.9 -0.25
-0.99 -0.225
-1 0.005
-1.19 -0.125
-0.98 0.03
-1.1 0.31
-1.07 0.095
-1.01 0.13
-0.95 0.125
-1.1 0.165
-1.22 0.21
-0.96 0.225
-1.18 -0.05
-0.97 0.045
-1.35 -0.545
-1.18 -0.505
-1.05 -0.45
-0.94 -0.235
-1.05 -0.33
-0.92 -0.105
-1.12 0.24
-1.06 0.31
-1.01 0.465
-1.13 0.52
-1.15 0.46
-1.13 0.19
-0.94 0.245
-1.1 0.14
-1.06 0.34
-0.99 0.255
-1.29 0.62
-1.05 0.35
-1.21 0.505
-1.24 0.66
-1.26 0.675
-1.32 0.695
-1.28 0.64
-1.23 0.51
-1.11 0.365
-1.37 0.745
-1.14 0.465
-1.22 0.54
-1.11 0.425
-0.83 0.275
-1.13 0.25
-1.01 0.2
-1.18 0.1
-1.17 0.355
-1.23 0.245
-1.18 0.62
-1.26 0.51
-1.12 0.41
-1.19 0.525
-1.02 0.15
-1.05 0.19
-1.35 0.525
-1.23 0.55
-0.99 0.275
-0.94 0.155
-1.08 0.125
-1.06 -0.015
-1.04 0.105
-1.08 0.08
-1.28 0.21
-0.94 0.04
-1.08 0.04
-1.01 0.225
-1.13 0.455
-1.1 0.395
-1.11 0.475
-1.21 0.51
-1.04 0.44
-1.01 0.385
-1.05 0.295
-1 0.16
-1.04 0.21
-0.99 0.22
-0.94 0.105
-1.08 0.385
-0.95 0.275
-1.17 0.245
-1.09 0.38
-1.1 0.265
-1 0.21
-1.04 0.345
-1 0.16
-1.03 -0.22
-1.06 0.075
-1.2 -0.305
-0.98 -0.225
-1.1 -0.36
-0.89 -0.155
-1.07 0.125
-1.09 0.215
-0.99 0.025
-0.92 -0.18
-1.02 -0.305
-1.23 -0.39
-1.2 -0.52
-1.02 -0.31
-1.1 -0.28
-0.85 -0.21
-1.14 -0.265
-1.1 -0.15
-0.99 0.05
-0.95 -0.2
-0.94 -0.335
-1.17 -0.34
-1.02 -0.33
-0.91 -0.065
-0.98 0.13
-1.08 0.32
-0.96 0.115
-0.98 0.08
-1.09 -0.275
-1.19 -0.135
-1.02 0.16
-1.05 0.005
-1.21 -0.47
-1.04 -0.135
-0.97 -0.28
-1.14 -0.005
-0.93 0.225
-1.22 0.345
-1.11 0.525
-1.16 0.515
-1.26 0.325
-0.9 0.08
-1.11 0.255
-1.06 0.19
-0.93 0.21
-1.28 0.27
-1.12 -0.125
-1.03 0.155
-1.06 -0.225
-1.08 -0.025
-1.18 0.285
-0.99 0.055
-1.06 0.035
-0.74 0.145
-0.96 0.065
-1.06 -0.01
-1.11 0.145
-1.05 0.46
-1.1 0.485
-1.14 0.525
-0.88 0.34
-1 0.41
-0.98 0.39
-0.94 0.485
-1.19 0.485
-1.13 0.6
-1.04 0.53
-0.96 0.225
-1.02 0.335
-1.2 0.53
-1.12 0.52
-1.16 0.505
-1.24 0.54
-1.16 0.295
-1.15 0.455
-1.23 0.39
-1.14 0.15
-1.01 0.245
-0.99 -0.02
-0.87 0.035
-1.02 0.41
-0.95 0.24
-0.98 -0.065
-1.08 -0.2
-0.81 -0.125
-1.08 -0.32
-1 -0.15
-1 -0.325
-1.06 -0.215
-0.9 -0.25
-1.14 -0.335
-1.21 -0.495
-0.99 -0.29
-1.07 0.31
-1.09 0.315
-0.94 0.125
-1 0.24
-1.11 0.405
-1.09 0.43
-1.05 0.305
-1.15 0.265
-1.13 0.07
-1 0.155
-1.17 0.275
-1.11 0.57
-1.18 0.535
-1.16 0.505
-1.04 0.355
-1.22 0.515
-1.3 0.69
-1.34 0.625
-1.18 0.505
-0.98 0.38
-1 -0.14
-0.93 0.095
-1.22 0.3
-1.02 0.44
-1.28 0.58
-1.23 0.395
-1.04 0.23
-0.98 -0.02
-0.98 -0.235
-1.09 -0.43
-1.17 -0.47
-0.96 -0.245
-1.02 -0.195
-0.82 -0.135
-1.07 -0.475
-1.09 -0.215
-1.09 -0.385
-1.15 -0.315
-1.22 -0.325
-1.03 -0.27
-1.09 -0.34
-1.25 -0.41
-0.96 -0.165
-0.93 -0.215
-1.01 0.1
-1.04 0.18
-1.17 0.325
-1.21 0.34
-1.24 0.515
-1.28 0.61
-1.31 0.575
-1.11 0.41
-1.2 0.49
-1.02 0.44
-1.1 0.45
-1.16 0.545
-1.11 0.38
-1.15 0.29
-1.24 0.485
-1.36 0.605
-1.02 0.27
-1.19 -0.115
-1.03 -0.22
-0.96 -0.44
-1.05 -0.44
-1.07 -0.3
-1 -0.29
-1.08 -0.44
-1.05 -0.365
-0.92 -0.04
-1.06 0.085
-1.08 -0.145
-1.1 -0.2
-0.92 -0.08
-1.14 0.085
-1.17 0.395
-1.1 0.355
-1.23 0.45
-1.24 0.28
-1.15 0.305
-0.94 0.24
-0.94 0.2
-1.12 0.5
-1.13 0.395
-1.48 0.77
-1.38 0.66
-1.09 0.55
-1.22 0.515
-1.15 0.425
-1.15 0.41
-1.13 0.42
-1.13 0.38
-1.13 0.49
-1.21 0.395
-0.99 0.43
-1.34 0.58
-1.08 0.22
-0.97 0.36
-1.23 0.58
-1.33 0.67
-1.3 0.71
-1.14 0.46
-1.18 0.625
-1.35 0.68
-1.12 0.595
-1.35 0.68
-1.44 0.65
-1.18 0.62
-1.07 0.495
-1.06 0.475
-1.11 0.29
-1.2 0.555
-1.28 0.46
-1.19 0.545
-1.13 0.54
-1.27 0.485
-1 0.34
-1.05 0.465
-1.11 0.275
-0.98 -0.04
-1.09 -0.03
-1.27 -0.14
-1.16 -0.14
-0.83 -0.22
-1.12 -0.19
-1.02 -0.075
-1.2 0.015
-1.18 -0.06
-1.11 0.01
-0.98 -0.265
-1.03 -0.07
-0.98 -0.095
-1.1 -0.25
-0.9 -0.35
-1.12 -0.565
-1.26 -0.59
-1.1 -0.525
-1.18 -0.255
-1.33 -0.385
-1.16 -0.27
-1.15 -0.23
-1.08 -0.33
-1.19 -0.535
-1.31 -0.51
-1.26 -0.495
-1.29 -0.62
-0.85 -0.35
-0.98 -0.36
-1.11 -0.31
-1.13 -0.135
-0.96 -0.035
-1.16 -0.045
-0.92 0.035
-1.23 0.38
-1 0.165
-0.97 0.335
-1.2 0.415
-1.07 0.275
-1.03 0.12
-1.01 0.375
-1.31 0.675
-1.1 0.41
-1.1 0.36
-1.15 0.29
-1.09 0.12
-1 0.095
-1.06 -0.27
-1.01 0
-0.98 -0.125
-1.07 -0.56
-1.04 -0.41
-0.96 -0.265
-1.14 -0.065
-1.15 0.195
-1.22 0.165
-0.98 0.03
-1.05 0.13
-1.02 0.26
-1.1 0.23
-1.03 0.26
-0.91 0.265
-1.09 0.46
-1.09 0.58
-0.88 0.315
-0.91 0.23
-0.98 0.035
-1.19 0.04
-1.03 -0.07
-1.22 -0.225
-0.91 -0.415
-1.08 -0.225
-1.1 -0.25
-1.11 -0.42
-1.18 -0.205
-1.05 -0.11
-1.06 -0.05
-1.24 -0.155
-1.03 -0.29
-1.1 -0.06
-1.02 -0.14
-0.96 -0.145
-1.1 -0.45
-1.17 -0.62
-1.12 -0.475
-1.2 -0.57
-1.36 -0.525
-1.22 -0.09
-1 -0.42
-1.03 -0.45
-1.27 -0.405
-1.06 -0.255
-1 0.03
-1.11 -0.005
-1.06 0.16
-1.14 0.19
-1.05 0.105
-1.11 0.1
-1.1 0.09
-1.13 -0.095
-1.07 -0.235
-1.11 -0.535
-1.08 -0.57
-1.1 -0.59
-1.27 -0.71
-1.34 -0.745
-1.08 -0.615
-1.32 -0.655
-0.99 -0.295
-1.08 -0.19
-1.12 -0.24
-0.91 -0.295
-1.13 -0.17
-1.03 -0.05
-1.03 -0.155
-1.01 -0.27
-1.04 -0.07
-1.04 -0.205
-1.29 -0.085
-1.14 -0.205
-1.07 -0.155
-1.1 -0.325
-1.02 -0.14
-1.05 -0.14
-1.2 -0.16
-1.09 -0.475
-1.14 -0.56
-1.02 -0.325
-1.11 -0.41
-1.19 -0.355
-1.24 -0.47
-1.19 -0.23
-1.04 -0.235
-1.13 -0.205
-1.12 -0.49
-1.04 -0.16
-1.17 -0.12
-1.16 0.14
-1.2 0.29
-1.27 0.44
-1.21 0.355
-1.15 0.385
-1 0.3
-1.04 0.3
-1.36 0.505
-1.24 0.33
-1.03 0.07
-1.06 0.08
-0.95 -0.02
-1.11 0.055
-1.13 0.23
-1.12 0.09
-1.14 0.24
-1.09 0.325
-0.95 0.23
-0.91 -0.055
-1.06 0.13
-1.11 0.125
-1.16 0.26
-1.19 0.345
-1 0.415
-1.02 0.355
-1.11 0.43
-1.1 0.425
-1.13 0.47
-1.17 0.29
-1.15 0.39
-1.24 0.315
-1.1 0.49
-1.13 0.44
-1.08 0.41
-0.96 0.395
-1.23 0.65
-1.2 0.57
-1.16 0.495
-1.15 0.45
-1.12 0.415
-1.29 0.57
-1.12 0.335
-1.27 0.285
-1.08 0.11
-0.89 0.16
-1.04 -0.06
-1.06 0.185
-0.92 0.185
-0.89 0.13
-1.02 -0.33
-1.17 -0.55
-1.12 -0.22
-1.11 -0.52
-1.35 -0.745
-1.2 -0.605
-1.18 -0.555
-1.3 -0.665
-1.34 -0.715
-1.2 -0.545
-1.07 -0.5
-1.1 0.08
-1.01 -0.005
-1.21 -0.385
-1.19 -0.07
-1.08 0.015
-0.82 -0.325
-1.07 -0.31
-1 -0.1
-0.91 -0.115
-0.94 -0.07
-1.2 -0.11
-1.19 -0.38
-1.13 -0.245
-0.91 -0.015
-0.98 -0.06
-1.01 0.125
-0.97 -0.095
-1.2 -0.075
-1.07 -0.18
-1.02 0.155
-0.95 -0.085
-0.98 -0.34
-0.8 -0.235
-1.18 -0.595
-1.05 -0.51
-1.16 -0.575
-1.03 -0.435
-0.89 -0.07
-0.92 0.145
-0.98 -0.09
-1.07 0.035
-1.02 0.205
-1.14 0.185
-1.09 0.54
-1.11 0.325
-1.09 0.39
-0.96 0.205
-1.01 -0.105
-1.08 -0.22
-1.22 -0.575
-1.05 -0.42
-1.2 -0.535
-1.11 -0.53
-1.27 -0.605
-1.14 -0.525
-1 -0.1
-1.04 0.175
-0.85 0.015
-1.12 -0.225
-1.19 -0.205
-1.03 -0.205
-1.13 -0.28
-1.1 -0.14
-1.17 -0.125
-1.02 -0.375
-1.04 -0.205
-1.14 -0.04
-1.01 -0.135
-1.03 -0.07
-1.1 -0.115
-1.15 -0.165
-1.12 -0.27
-1.01 -0.23
-1.07 -0.22
-1.03 -0.135
-0.97 -0.26
-0.85 -0.065
-0.99 -0.15
-1.08 -0.205
-1.04 -0.275
-1.12 -0.08
-1.16 -0.275
-1.2 -0.475
-1.17 -0.535
-1.19 -0.555
-1.08 -0.565
-0.79 -0.3
-0.91 -0.305
-1.02 -0.29
-1.02 -0.35
-1.2 -0.465
-1.08 -0.525
-1.13 -0.565
-1.22 -0.625
-1.3 -0.58
-0.84 -0.38
-1.03 -0.3
-1.06 -0.31
-1.17 -0.275
-1.15 -0.33
-1.23 -0.61
-1.4 -0.77
-1.27 -0.6
-1.03 -0.4
-0.99 -0.17
-1 0.08
-1.05 0.145
-1.23 0.03
-1.16 0.185
-0.9 0.17
-1.04 0.09
-0.89 -0.045
-1.28 0.3
-0.98 0.115
-1.02 -0.13
-1.04 -0.11
-1.18 -0.145
-1.17 0.14
-0.96 0.11
-1.04 0.24
-1.08 0.27
-1.05 -0.24
-1 -0.44
-1.39 -0.62
-1.3 -0.63
-1.17 -0.495
-1.15 -0.515
-1.15 -0.555
-1.11 -0.42
-1.21 -0.4
-1.02 -0.26
-0.94 -0.01
-0.96 0.055
-1.08 -0.255
-1.24 -0.54
-1.14 -0.465
-1.15 -0.38
-1.14 -0.195
-0.98 -0.08
-0.99 -0.075
-0.92 -0.1
-1.04 0.105
-0.99 0.295
-0.98 0.29
-1.14 0.52
-1.08 0.52
-1.35 0.65
-1.25 0.555
-1.11 0.515
-1.2 0.475
-0.97 0.53
-1.24 0.605
-1.19 0.56
-1.12 0.5
-1.1 0.525
-1.01 0.055
-1.23 0.025
-1.04 0.21
-1.21 0.365
-1.22 0.6
-1.15 0.635
-1.37 0.68
-1.3 0.665
-1.55 0.84
-1.27 0.69
-1.18 0.545
-1.11 0.5
-0.94 0.475
-1.34 0.685
-1.18 0.545
-1.24 0.43
-0.92 0.16
-0.91 0.34
-1.14 0.515
-1.16 0.55
-1.03 0.4
-1.04 0.46
-1.21 0.5
-1.16 0.595
-1 0.405
-1 0.325
-1.02 0.245
-1.07 0.18
-1.04 0.015
-1.06 -0.23
-1.05 -0.355
-1.06 -0.435
-1.22 -0.395
-0.97 -0.115
-1.16 -0.535
-1.4 -0.59
-1.19 -0.55
-1.25 -0.485
-1.14 -0.505
-1.06 -0.56
-1.32 -0.635
-1.23 -0.695
-1.32 -0.61
-1.35 -0.73
-1.18 -0.62
-1.17 -0.48
-1.05 -0.36
-1.04 -0.47
-1.01 -0.375
-1.11 -0.36
-1.1 -0.455
-1.11 -0.26
-0.99 -0.345
-0.91 -0.28
-0.92 -0.1
-0.88 -0.075
-1.09 -0.095
-1.12 -0.17
-1.07 -0.125
-1 -0.005
-0.9 0.08
-1.05 0.19
-1.07 0.005
-1.09 -0.045
-1.08 -0.145
-1.08 -0.345
-1.03 -0.15
-1.03 -0.46
-1.18 -0.64
-1.55 -0.785
-1.03 -0.445
-1.02 -0.425
-1.17 -0.495
-0.94 -0.36
-1.3 -0.14
-1.16 0.11
-1.11 0.1
-1.07 0.45
-1.14 0.49
-1.23 0.575
-1.01 0.305
-0.88 -0.09
-0.76 -0.155
-0.95 -0.09
-1.16 0.015
-1.03 -0.02
-1.03 -0.14
-1.08 0.395
-1.07 0.29
-0.95 0.345
-1.03 0.5
-1.14 0.325
-1.12 0.47
-1.17 0.54
-1.31 0.68
-1.24 0.465
-1.14 0.565
-1.15 0.505
-1.25 0.6
-1.19 0.545
-1.27 0.63
-1.23 0.495
-1.13 0.405
-0.97 0.27
-0.93 0.435
-1.03 0.4
-0.9 0.33
-1.06 0.295
-1.29 0.64
-1.2 0.53
-1.17 0.555
-1.18 0.6
-1.34 0.73
-1.09 0.51
-1.28 0.73
-1.37 0.705
-1.21 0.61
-1.21 0.65
-1.12 0.335
-0.97 0.17
-1.08 0.435
-1.14 0.445
-1.07 0.335
-1.06 0.345
-1.12 0.26
-1.04 0.145
-1.19 0.04
-0.94 0.255
-1.13 0.27
-1.04 0.215
-1.27 0.465
-1.24 0.66
-1.13 0.18
-1.08 0.345
-0.91 0.235
-1.09 0.115
-0.88 0.135
-1.23 0.485
-1.1 0.41
-1.18 0.425
-1.06 0.165
-1.12 -0.215
-1.14 0.2
-1.03 0.125
-1 0.16
-0.96 0.085
-1.32 -0.095
-1.06 -0.03
-1.08 0.165
-1.26 -0.14
-0.99 -0.12
-1.01 -0.255
-1.21 -0.485
-1.14 -0.43
-1.15 -0.46
-1.06 -0.445
-1.05 -0.27
-0.91 -0.335
-1.12 -0.355
-1.04 -0.345
-0.98 -0.48
-0.88 -0.35
-1.12 -0.375
-1.03 -0.39
-0.94 -0.04
-1 -0.125
-1.1 -0.26
-0.95 -0.08
-1 -0.315
-1.2 -0.545
-1.07 -0.345
-1.21 -0.47
-1.27 -0.475
-1.16 -0.32
-0.95 -0.275
-1.11 -0.355
-1.26 -0.575
-1.49 -0.775
-1.03 -0.545
-0.95 -0.305
-1.05 -0.475
-1.1 -0.345
-1.01 -0.285
-1.06 -0.53
-1.25 -0.67
-0.98 -0.36
-0.91 -0.26
-1.03 -0.29
-1.05 -0.165
-1.18 -0.235
-1.03 -0.19
-1.17 -0.255
-1.21 -0.48
-1.11 -0.39
-0.99 -0.2
-1.11 -0.365
-1.15 -0.46
-1.28 -0.655
-1.34 -0.675
-1.16 -0.615
-1.09 -0.44
-0.98 0.015
-1.09 0.03
-0.83 -0.03
-0.98 -0.01
-1.19 0.3
-1.17 0.455
-0.93 -0.015
-1 -0.245
-0.95 -0.425
-1.15 -0.365
-1.21 -0.3
-0.88 -0.245
-0.94 -0.115
-0.95 -0.4
-1.17 -0.52
-0.9 -0.295
-0.98 -0.43
-1.06 -0.31
-1.04 -0.36
-1.21 -0.235
-1.07 -0.2
-1.07 -0.19
-1.24 -0.335
-0.87 -0.195
-1.08 -0.42
-1 -0.375
-0.96 -0.145
-1.17 -0.415
-1.13 -0.33
-1.04 -0.215
-1.03 -0.06
-1.07 0.005
-1.12 0.24
-1.13 0.41
-0.97 0.355
-1.23 0.4
-0.96 0.285
-1.15 0.605
-1.28 0.71
-1.22 0.395
-1.14 0.19
-1.01 0.2
-0.83 0.235
-1.04 0.35
-0.85 0.12
-1.09 -0.055
-1.03 -0.02
-1.2 0.215
-1.12 -0.03
-1.06 0.34
-1.13 0.245
-1.02 0.05
-1.19 0
-1.11 -0.19
-0.99 0.11
-1.09 0.165
-0.96 0.12
-1.07 -0.125
-1.09 -0.18
-1.17 -0.275
-1.12 -0.4
-1.05 -0.32
-0.97 -0.315
-0.85 -0.06
-0.99 -0.09
-0.96 -0.165
-1.15 -0.025
-1.19 -0.31
-1.19 -0.365
-1.05 -0.305
-1.13 -0.055
-0.95 0.165
-1.03 0.11
-0.96 0.07
-1.02 0.095
-1.23 -0.045
-1.04 0.015
-1.1 -0.3
-1.06 -0.415
-1.31 -0.39
-1.05 -0.19
-0.96 -0.175
-1.18 -0.39
-1.16 -0.095
-1.17 0.01
-0.99 -0.145
-1.2 -0.34
-0.96 -0.4
-0.97 -0.185
-1.01 0.245
-1.2 0.245
-1.18 0.555
-1.4 0.765
-1.3 0.525
-1.09 0.495
-1.26 0.5
-1.1 0.415
-0.97 0.47
-1.18 0.525
-1.05 0.455
-1.18 0.35
-0.93 0.155
-1.08 0.295
-0.92 0.135
-1.03 0.17
-1.11 0.29
-0.99 0.18
-1.07 0.1
-1.17 0.135
-1.07 0.235
-1.05 0.075
-0.97 -0.16
-1.18 -0.2
-1.03 -0.3
-1.09 -0.025
-1.09 -0.08
-1.01 0.075
-1.13 -0.22
-1.11 -0.12
-1.11 -0.015
-0.99 0.12
-1.04 0.06
-1.1 0.275
-1.24 0.595
-1.29 0.685
-1.17 0.46
-1.36 0.715
-1.09 0.51
-1.34 0.51
-0.93 0.285
-1.06 0.23
-1.06 0.155
-1.17 0.385
-1.14 0.545
-1.06 0.45
-1.03 0.42
-1.08 0.345
-1.13 0.415
-1.1 0.345
-1.15 0.325
-1.01 0.35
-1.1 0.475
-1.12 0.48
-1.17 0.505
-1.41 0.63
-1.07 0.415
-1.14 0.505
-1.29 0.54
-1.07 0.25
-0.91 0.28
-0.91 0.2
-1.16 -0.155
-1.03 -0.095
-0.85 -0.05
-0.98 -0.135
-0.99 -0.025
-1 0.21
-1.11 0.33
-1.14 0.445
-1.21 0.45
-1.03 0.33
-0.95 0.25
-1.16 0.125
-1.06 0.275
-1.1 0.31
-1.03 0.255
-1.07 0.46
-1.15 0.6
-1.08 0.45
-0.87 0.115
-0.99 0.285
-1.15 0.095
-1.11 0.095
-1.14 0.09
-1.21 0.105
-1.09 0.085
-1 0.23
-0.95 0.17
-0.97 0.24
-1.04 -0.135
-1 -0.12
-0.95 -0.365
-1.04 -0.21
-1.28 -0.525
-1.1 -0.51
-1.04 -0.49
-1.39 -0.74
-1.17 -0.58
-1.17 -0.495
-1.35 -0.605
-1.34 -0.66
-1.04 -0.475
-1.3 -0.445
-1.23 -0.635
-1.21 -0.58
-1.17 -0.385
-1.1 -0.35
-1.03 0.055
-1 0.1
-1.06 0.435
-1.24 0.54
-1.08 0.355
-0.93 0.355
-1.12 -0.025
-1.2 -0.06
-1 -0.31
-0.9 -0.055
-1.17 -0.055
-1.19 0.01
-1.06 0.1
-1.02 0.28
-0.94 0.285
-1.07 0.16
-1.02 0.25
-1.11 0.31
-1.37 0.52
-0.95 0.33
-0.86 0.055
-1.26 0.15
-1.06 0.1
-1.15 0.3
-1.29 0.54
-1.09 0.365
-1.35 0.5
-1.01 0.175
-1.14 0.135
-1.13 0.235
-1.04 0.05
-1.19 -0.225
-1.1 -0.065
-1.03 0.075
-1.17 0.155
-1.36 -0.02
-1.22 -0.23
-1.04 -0.03
-1.16 -0.075
-1.21 -0.345
-1.13 -0.16
-0.85 -0.11
-1 0.015
-0.97 -0.275
-1.01 -0.36
-1.08 -0.085
-1.08 0.17
-1.15 0.41
-1.08 0.155
-1.11 0.165
-1.03 0.375
-1.08 0.465
-1.18 0.375
-0.9 0.27
-0.99 0.06
-1.19 0.46
-1.12 0.445
-0.96 0.38
-1.13 0.46
-1.11 0.425
-1.1 0.4
-1.07 0.23
-1.01 0.31
-1.08 0.24
-1.23 0.435
-1.03 0.255
-1.17 0.01
-1.13 0.26
-1.09 0.155
-0.96 0.195
-0.91 0.305
-0.96 0.225
-1.41 0.385
-1.07 0.37
-1.16 0.46
-1.15 0.37
-1.16 0.475
-1.04 0.49
-1.06 0.52
-1.15 0.435
-1.16 0.465
-1.13 0.415
-1.03 0.54
-1.02 0.445
-0.95 -0.04
-0.9 -0.085
-1.04 -0.25
-1.01 -0.25
-1.15 -0.405
-1.03 -0.505
-1.24 -0.685
-1.27 -0.56
-1.17 -0.625
-1.22 -0.645
-1.3 -0.7
-1.18 -0.55
-1.04 -0.305
-1.05 -0.315
-1.07 -0.375
-1.02 -0.455
-1.17 -0.5
-1.14 -0.335
-1.1 -0.255
-1.08 -0.365
-0.96 -0.235
-1.07 -0.295
-0.95 -0.29
-1.14 -0.25
-0.99 -0.155
-1 -0.035
-1.03 0.15
-1.02 0.015
-0.97 -0.03
-0.96 -0.11
-1.28 -0.305
-1.12 -0.195
-0.84 -0.225
-1.01 -0.075
-1.07 0.215
-1.17 -0.01
-1.33 -0.185
-1.1 -0.49
-1.02 -0.365
-1.03 -0.455
-1.1 -0.515
-1.32 -0.525
-1.39 -0.69
-1.08 -0.55
-1.15 -0.47
-0.97 -0.09
-1.06 -0.39
-1.14 -0.455
-1.2 -0.36
-0.93 -0.17
-1.06 -0.105
-0.92 -0.055
-1.02 -0.255
-1.06 -0.145
-0.96 -0.255
-1.28 -0.615
-1.11 -0.465
-1.12 -0.48
-1.13 -0.495
-0.85 -0.235
-0.93 -0.21
-1.01 -0.225
-0.87 -0.14
-1.07 -0.11
-0.95 0.03
-1.02 -0.165
-1.03 -0.03
-1.02 -0.235
-1.1 -0.235
-1.17 -0.245
-1.07 -0.145
-1.14 0.12
-1.03 -0.25
-0.94 -0.04
-1.12 -0.1
-1.16 -0.225
-1.25 -0.36
-1.19 -0.1
-0.95 -0.13
-0.92 -0.185
-1.09 -0.07
-1.31 -0.35
-0.95 -0.305
-1.13 -0.5
-1.17 -0.585
-1.13 -0.415
-1.09 -0.425
-1.11 -0.305
-1.18 -0.475
-1.02 -0.455
-1.25 -0.62
-1.07 -0.36
-1.08 -0.465
-1.46 -0.735
-1.34 -0.595
-1.39 -0.61
-1.11 -0.515
-1.12 -0.54
-1.13 -0.32
-1.27 -0.215
-1.16 -0.13
-1.22 -0.245
-1.04 -0.235
-1.12 -0.36
-1.18 -0.305
-1.2 -0.38
-1.07 -0.1
-1.02 -0.28
-1.06 -0.29
-1.29 -0.425
-1.02 -0.25
-1.07 -0.105
-1.05 -0.26
-1.02 -0.29
-1.14 -0.385
-1 -0.375
-1.13 -0.16
-1.26 -0.2
-1.16 0.14
-1.17 0.095
-0.91 -0.235
-1.08 -0.265
-1.01 -0.33
-1 -0.48
-1.23 -0.69
-1.3 -0.615
-1.06 -0.45
-1 -0.395
-1.15 -0.31
-0.99 -0.325
-1.02 -0.34
-1.32 -0.49
-1.2 -0.47
-1.08 -0.225
-0.99 -0.1
-0.93 0.015
-1.07 0.355
-1.05 0.32
-1.19 0.555
-1.12 0.375
-1.15 -0.04
-1.05 0.135
-1.04 0.01
-1.11 0.075
-1.08 0.255
-1.11 0.365
-1.12 0.26
-0.91 0.185
-0.97 -0.115
-0.94 -0.16
-1.07 0.12
-1.19 0.03
-1.11 -0.085
-1.08 0.06
-1.22 0.335
-1.24 0.4
-1.04 0.41
-1.14 0.655
-1.09 0.235
-0.97 0.12
-1.02 0.1
-0.97 0.14
-1 0.065
-0.95 0.085
-1.13 -0.335
-1.09 -0.215
-1.12 -0.46
-0.93 -0.08
-1 -0.035
-0.99 -0.075
-0.99 -0.105
-0.96 0.05
-1.05 0.315
-1.33 0.435
-1.11 0.105
-1.23 0.52
-1.18 0.615
-1.3 0.59
-1.39 0.745
-1.35 0.705
-1.07 0.545
-1.05 0.395
-1.14 0.395
-1.16 0.445
-0.95 0.28
-1.2 0.42
-1.11 0.31
-0.98 0.39
-1.21 0.585
-1.08 0.545
-1.03 0.245
-1.29 0.4
-1.01 0.265
-1.08 0.305
-1.14 0.17
-0.99 -0.14
-1.07 -0.1
-1.04 0.07
-0.95 0.035
-0.91 0.285
-1.05 0.2
-0.88 0.285
-1.03 -0.01
-0.95 0.2
-0.95 0.055
-1.03 0.1
-1.03 0.18
-0.99 0.38
-1.33 0.615
-1.22 0.715
-1.2 0.65
-1.14 0.46
-0.97 0.26
-1.03 0.255
-1.01 0.03
-1.16 0.4
-1.1 0.285
-1.14 0.235
-1.01 0.115
-1 0.165
-1.06 0.085
-1.01 0.065
-1.17 0.435
-1.17 0.085
-0.93 0.15
-1.08 0.245
-1.2 0.06
-1.07 0.205
-1.13 -0.09
-1.1 -0.42
-1.14 -0.26
-1.09 -0.605
-1.03 -0.285
-1.1 -0.02
-1.07 -0.02
-0.89 -0.16
-1.04 -0.18
-1.18 0.175
-0.99 0.245
-0.91 0.14
-1 -0.085
-0.77 0.04
-0.9 -0.035
-1.01 0.005
-1.17 -0.015
-1.16 -0.355
-1.32 -0.66
-1.14 -0.55
-1.08 -0.36
-1.02 -0.21
-1.1 0.035
-0.96 -0.005
-1.13 0.115
-1.08 0.085
-1.09 -0.065
-1.19 -0.255
-1.1 -0.565
-1.23 -0.41
-1.1 -0.09
-1.01 0.01
-1.02 -0.15
-1.1 -0.015
-0.99 -0.225
-1.04 -0.14
-0.89 0.14
-1.04 0.345
-1.19 0.565
-1.12 0.62
-1.09 0.295
-1.07 0.395
-0.94 0.37
-1.21 0.4
-1.21 0.37
-1.07 0.295
-1.1 -0.065
-0.9 -0.215
-0.99 -0.22
-0.93 -0.31
-1.14 -0.41
-1.03 -0.33
-1.05 -0.145
-1.04 0.18
-1.1 0.13
-1.26 -0.05
-1.17 0.05
-1.11 -0.14
-0.99 -0.42
-1.3 -0.475
-1.18 -0.525
-1.24 -0.565
-1.02 -0.31
-1.08 -0.36
-1 -0.475
-1.11 -0.225
-1.23 -0.36
-1.25 0.015
-0.93 0.225
-1.1 0.36
-1.08 0.46
-1.22 0.485
-1.12 0.4
-1.17 0.485
-1.21 0.435
-1.12 0.53
-1.25 0.53
-1.03 0.415
-1.12 0.43
-1.23 0.585
-1.28 0.63
-1.25 0.315
-1.22 0.535
-1.22 0.59
-1.23 0.495
-0.97 0.15
-1.13 0.22
-0.96 0.15
-0.94 0.28
-0.99 0.075
-0.87 0.215
-1.12 -0.12
-0.96 0.15
-1.15 0.465
-0.99 0.335
-1.08 0.535
-1.02 0.285
-0.88 -0.13
-1.21 -0.385
-1.15 -0.22
-1 -0.18
-1.08 -0.24
-1.05 -0.135
-0.9 -0.225
-1.12 -0.445
-1.42 -0.69
-1.3 -0.565
-0.95 -0.52
-1.33 -0.735
-1.25 -0.68
-1.29 -0.625
-1.31 -0.55
-1.06 -0.29
-1.07 -0.15
-0.97 -0.18
-1.08 -0.21
-1.04 -0.265
-1.38 -0.75
-1.25 -0.7
-1.69 -0.9
-1.47 -0.82
-1.25 -0.7
-0.95 -0.27
-1.04 -0.19
-1.23 -0.265
-1.09 -0.25
-0.81 -0.22
-1.24 -0.535
-1.28 -0.685
-1.13 -0.455
-1.19 -0.54
-1.05 -0.35
-1.2 -0.48
-1.14 -0.465
-1.15 -0.32
-0.96 -0.47
-0.96 -0.18
-1.12 -0.34
-1.24 -0.54
-0.88 -0.23
-0.8 -0.28
-1.01 -0.425
-0.95 -0.245
-1.19 -0.44
-1.08 -0.4
-1.32 -0.58
-1.26 -0.53
-1.12 -0.145
-0.99 -0.375
-1.09 -0.14
-1.16 -0.06
-0.99 -0.12
-1.06 0.09
-1.11 0.185
-1.12 0.255
-1.04 0.355
-1.3 0.51
-1.07 0.22
-1.06 0.175
-1 -0.06
-1.11 0.145
-1.1 0.375
-1.24 0.325
-1 0.36
-1.2 0.49
-0.91 0.355
-1.21 0.465
-1.16 0.53
-1.2 0.33
-1.16 0.26
-1.25 0.65
-1.14 0.45
-1.17 0.43
-1.04 0.3
-1.04 0.395
-1.08 0.41
-0.85 0.27
-1.18 0.42
-1.08 0.38
-1.03 0.195
-1.03 0.03
-1.06 0.155
-0.98 0.13
-0.96 -0.06
-0.88 0.035
-1.16 0.145
-0.93 0.035
-1.23 -0.445
-0.95 -0.335
-1.05 -0.09
-1.07 -0.18
-0.98 -0.265
-1.03 -0.17
-1.04 -0.22
-1.13 -0.255
-1.13 -0.335
-1.11 -0.285
-1.14 -0.51
-1.06 -0.56
-1.18 -0.615
-1.18 -0.46
-1.32 -0.545
-1.22 -0.415
-0.87 -0.325
-0.9 0.1
-1.23 0.11
-1.16 -0.035
-1.01 -0.015
-0.95 -0.225
-1.1 -0.41
-1.09 -0.385
-0.88 -0.11
-1.04 -0.515
-1.1 -0.495
-1.1 -0.41
-1.09 -0.33
-1.19 -0.505
-1.29 -0.525
-1.29 -0.485
-0.93 -0.165
-0.99 -0.335
-1.1 -0.345
-1 -0.095
-1.08 -0.195
-0.96 -0.01
-1 -0.12
-0.96 -0.03
-0.96 0.01
-1.03 -0.16
-1.04 -0.105
-0.98 -0.1
-1.07 -0.055
-0.98 0.04
-0.98 0.205
-0.96 0.175
-0.87 0.225
-1 -0.04
-0.94 0.09
-1.13 0.22
-1.28 0.38
-1.04 0.245
-1.01 0.105
-0.91 0.2
-1.13 -0.05
-1.14 -0.245
-1.14 -0.44
-1.05 -0.395
-0.84 -0.165
-0.93 -0.17
-1.16 -0.385
-1.17 -0.2
-1.09 -0.155
-1.04 -0.35
-1.11 -0.435
-1.18 -0.325
-1.04 -0.385
-0.93 -0.125
-0.96 0.005
-1.08 0.135
-0.9 0.245
-1.07 0.41
-1.13 0.33
-1.28 0.61
-1.23 0.635
-1.34 0.665
-1.29 0.705
-1.43 0.755
-1.38 0.67
-0.99 0.17
-1.21 0.075
-1.04 0.275
-0.91 0.135
-0.97 0.125
-1.04 -0.285
-0.97 -0.17
-1.12 -0.3
-1.14 -0.33
-0.9 -0.18
-0.91 0.12
-1.08 0.275
-0.9 0.01
-1 0.24
-1.07 0.11
-0.98 0.19
-1.06 0.035
-0.83 -0.055
-0.97 -0.235
-1.27 -0.52
-0.93 -0.255
-1.04 -0.35
-1.13 -0.52
-1.14 -0.46
-1.11 -0.435
-1.05 -0.27
-1.17 -0.405
-0.97 -0.4
-0.83 -0.05
-1.13 -0.13
-0.94 -0.245
-1.17 -0.265
-1.1 -0.385
-1.13 -0.485
-1.14 -0.285
-1.21 -0.44
-0.89 -0.225
-1.1 -0.39
-1.1 -0.465
-1.05 -0.185
-1.04 -0.17
-1.2 0.21
-1.02 0.33
-1.09 0.49
-1.33 0.63
-1.37 0.585
-1.17 0.62
-1.22 0.565
-1.21 0.48
-1.13 0.565
-1.33 0.69
-1.41 0.62
-1.14 0.32
-1.06 0.23
-1.11 0.135
-1.23 -0.225
-1.04 0.035
-1 -0.075
-0.95 -0.29
-1.02 -0.015
-1.14 0.105
-0.92 -0.2
-0.92 -0.115
-0.95 0.06
-1.13 -0.065
-1.16 -0.365
-1.07 -0.39
-1.1 -0.105
-1.19 -0.055
-1.23 0.03
-1.01 0.13
-1.08 0.365
-1.08 0.2
-0.9 0.275
-0.85 0.335
-0.95 0.29
-1.19 0.385
-1.28 0.585
-1.42 0.62
-1.15 0.545
-1.16 0.53
-1.13 0.53
-1.11 0.34
-0.84 0.125
-1.16 0.28
-1.06 0.195
-1.21 0.385
-0.92 0.41
-1.06 0.24
-1 0.22
-0.87 0.12
-0.9 0.195
-1 0.245
-1.02 0.18
-1.24 0.395
-1.15 0.315
-1.09 0.295
-1.11 0.225
-1.11 0.37
-1.02 0.185
-1.26 0.135
-1.23 0.32
-1.29 0.34
-0.93 0.17
-1.14 0.09
-1.08 0.115
-1.08 -0.12
-1.02 -0.23
-0.93 -0.05
-1.17 -0.085
-1.08 -0.025
-0.98 -0.085
-0.95 -0.005
-1.16 0.015
-1.03 -0.2
-1.15 0.075
-0.78 0.28
-0.99 0.25
-0.99 0.21
-1.08 -0.005
-0.85 0.245
-1.11 0.19
-1.02 0.19
-0.92 0.23
-1.03 0.125
-1.05 -0.16
-1.12 -0.26
-1.14 -0.02
-0.99 -0.225
-1.03 -0.1
-1.17 -0.01
-1.11 -0.005
-1.07 -0.28
-0.93 -0.18
-1.08 -0.315
-1.16 -0.26
-1.25 -0.44
-1.42 -0.575
-1.27 -0.61
-1 -0.405
-1.02 -0.325
-1.12 -0.51
-1.17 -0.365
-0.74 0.01
-1.21 0.005
-0.99 -0.44
-1.04 -0.39
-1.1 -0.24
-1.05 -0.195
-0.96 0.06
-1.02 0.3
-1.14 0.335
-1.18 0.53
-1.03 0.295
-0.91 0.275
-1.29 0.57
-1.2 0.575
-1.04 0.235
-0.95 0.085
-0.94 0.325
-1.12 0.37
-1.1 0.15
-1.04 0.245
-1.01 0.095
-0.77 0.125
-0.98 0.025
-1.29 -0.19
-1.01 -0.2
-0.96 0.01
-1.15 0.335
-1.08 0.27
-1.11 0.32
-1.17 0.445
-1.1 0.335
-1.3 0.075
-1.09 0.08
-1.15 0.18
-1.09 0.33
-1.02 -0.055
-1.09 0.005
-1.12 -0.08
-1.03 -0.245
-1.04 -0.39
-1.16 -0.38
-1.25 -0.17
-1.07 -0.02
-1.15 0.315
-1.12 0.52
-1.21 0.515
-1.21 0.555
-1.18 0.305
-1.16 0.105
-0.95 0.045
-1.14 0.085
-0.88 0.095
-1.14 0.315
-1 0.46
-1.16 0.53
-0.98 0.525
-0.99 0.46
-1.14 0.285
-1.12 0.08
-1.09 0.17
-1.03 -0.065
-0.94 0.015
-1.03 0.175
-1.07 0.35
-1.29 0.375
-0.92 0.02
-1.06 -0.3
-1.04 -0.3
-1.07 -0.365
-1.16 -0.495
-1.29 -0.58
-0.95 -0.39
-1.21 -0.595
-1.17 -0.475
-1.1 -0.43
-1.3 -0.445
-1.2 -0.59
-1.3 -0.635
-1.2 -0.64
-1.23 -0.46
-1.25 -0.5
-0.99 -0.375
-1.19 -0.245
-1.19 -0.345
-1.12 -0.285
-1.19 -0.375
-1.2 -0.39
-1.07 -0.055
-0.92 -0.1
-0.93 0.025
-1.23 0.52
-1.19 0.555
-1.23 0.4
-0.96 0.255
-1.07 0.105
-0.91 0.125
-0.97 -0.28
-1.17 -0.1
-1.02 -0.095
-1.07 -0.03
-0.99 0.105
-1.08 0.045
-1.01 -0.005
-1 0.325
-0.9 0.11
-1.06 -0.315
-1 -0.26
-1.01 0.085
-0.96 0.18
-1.08 0.355
-1.15 0.345
-1.17 0.535
-1.3 0.565
-1.32 0.455
-1.14 0.225
-1.02 0.095
-0.97 0.08
-1.01 -0.285
-1.07 -0.06
-1.16 -0.29
-1.18 0.055
-0.92 -0.03
-1.08 0.31
-0.95 0.235
-0.94 0.235
-1.24 0.185
-1.05 0.225
-1.15 0.29
-0.97 0.035
-1.01 0.29
-0.89 0.345
-1.04 0.225
-1.28 0.44
-0.9 0.305
-1.05 0.305
-1 0.165
-1.03 0.315
-1.12 0.395
-1.1 0.515
-1.13 0.56
-1.03 0.36
-1.01 0.19
-0.99 0.365
-1.04 0.135
-0.93 0.185
-1 0.28
-0.88 0.2
-1.14 0.09
-1.07 -0.155
-0.97 -0.225
-0.84 0.035
-0.92 -0.15
-0.96 -0.385
-1.03 -0.315
-0.98 -0.34
-1.23 -0.515
-1.29 -0.58
-1.26 -0.475
-1.29 -0.655
-1.14 -0.49
-0.95 -0.45
-1.05 -0.49
-1.13 -0.375
-1.09 -0.615
-1.16 -0.375
-1.15 -0.56
-1.32 -0.71
-1.51 -0.78
-1.31 -0.66
-1.21 -0.495
-1.13 -0.595
-1.14 -0.535
-1.13 -0.42
-1.05 -0.42
-1.15 -0.2
-1.05 -0.055
-1.13 -0.335
-1.32 -0.455
-1.22 -0.27
-1.04 -0.005
-1.02 0.105
-1.15 0.395
-0.97 0.18
-1.08 0.02
-1.12 0.12
-1.21 0.315
-1.25 0.535
-1.15 0.455
-1.13 0.215
-1.14 0.07
-0.82 0.105
-0.86 0.23
-1.09 0
-1.09 -0.115
-1.01 -0.27
-1.05 -0.435
-1.18 -0.53
-1.35 -0.665
-1.25 -0.64
-1.36 -0.615
-1.1 -0.22
-1 -0.355
-1.07 -0.21
-1.01 -0.115
-1.11 0.045
-0.9 0.12
-1.14 0.02
-1.12 0.21
-1.07 0.12
-1.16 0.205
-1.01 0.315
-1.24 0.385
-1.13 0.28
-1.08 0.115
-1.09 0.15
-1.43 0.68
-1.46 0.725
-1.34 0.745
-1.09 0.505
-1.17 0.46
-1.17 0.415
-1.26 0.525
-1.13 0.505
-1.08 0.235
-0.99 0.48
-1.18 0.41
-1.03 0.2
-0.98 0.03
-1.01 0.16
-0.96 0.175
-1.07 0.345
-1.06 0.32
-1.22 0.415
-1.26 0.2
-1.18 0.48
-1.01 0.485
-1.15 0.605
-1.26 0.49
-1.28 0.645
-1.06 0.475
-1.13 0.095
-1.04 -0.085
-1.03 0.08
-1.27 0.07
-1.03 -0.055
-1.07 -0.08
-1.14 -0.095
-0.96 0.04
-1.07 0.11
-1.14 -0.135
-1.04 -0.26
-1.06 -0.34
-0.99 -0.44
-1.25 -0.455
-1.01 -0.505
-1.09 -0.33
-1.08 -0.345
-1.14 -0.465
-1.2 -0.43
-1.13 -0.245
-1.14 -0.145
-0.98 -0.36
-0.83 -0.355
-1.18 -0.55
-1.26 -0.52
-1.11 -0.56
-1.31 -0.68
-1.15 -0.51
-1.2 -0.335
-0.91 -0.16
-1.16 -0.49
-0.87 -0.37
-1.1 -0.55
-1.02 -0.515
-1.1 -0.46
-1.15 -0.445
-1.06 -0.51
-1.4 -0.735
-1.14 -0.615
-1.4 -0.695
-1.15 -0.455
-1.16 -0.42
-1.05 -0.35
-1.13 -0.51
-1.24 -0.515
-1.02 -0.355
-1.28 -0.605
-0.99 -0.335
-1.06 -0.255
-1.15 -0.36
-0.96 -0.03
-1.2 0.115
-1.05 0.19
-1.04 -0.01
-1.05 -0.12
-1.01 -0.125
-1.13 0.065
-0.94 -0.055
-1.14 0.265
-1.03 0.265
-0.99 -0.025
-1.06 -0.02
-0.94 -0.09
-1.1 0.255
-1.15 0.195
-1.25 0.535
-1.03 0.235
-1.13 0.345
-0.87 0.23
-1.26 0.265
-1 0.24
-1.21 0.4
-1.05 0.325
-1.02 0.28
-1.1 0.305
-1.13 0.105
-1.11 0.27
-1.14 0.295
-1.13 0.22
-1.01 0.135
-1.08 0.235
-0.85 0.225
-1.01 0.11
-1.09 0.155
-1.05 0.095
-1.09 0.29
-1.23 0.49
-1.21 0.445
-1.21 0.375
-1.14 0.58
-1.02 0.425
-1.26 0.55
-1.22 0.71
-1.18 0.58
-1.28 0.39
-1.07 0.145
-1.05 0.305
-1.07 0.18
-0.98 0.23
-0.98 0.08
-1.1 0.135
-0.97 0.12
-1.12 -0.01
-0.85 0.125
-1.12 0.205
-1.03 0.15
-1.23 0.36
-0.92 0.17
-0.93 -0.35
-1.23 -0.53
-1.26 -0.565
-1.3 -0.685
-1.22 -0.565
-1.09 -0.445
-1.14 -0.445
-1.08 -0.345
-1.11 -0.18
-1.27 -0.055
-1.14 0.105
-1.03 0.3
-0.99 0.095
-1.16 0.17
-1.2 -0.345
-1 -0.105
-1.21 -0.23
-1.03 0.135
-1.08 0.155
-1.02 0.16
-0.88 0.27
-1.07 0.175
-1.11 0.2
-1.16 0.32
-1.03 0.305
-0.98 0.255
-1.36 0.56
-1.17 0.61
-1.22 0.7
-1.27 0.63
-1.02 0.5
-1.14 0.475
-1.05 0.275
-1.12 0.445
-1.26 0.62
-1.23 0.595
-1.1 0.29
-1.05 0.19
-0.99 0.09
-0.98 -0.035
-0.96 -0.315
-1.16 -0.22
-1.22 -0.61
-1.23 -0.56
-1.26 -0.61
-1.04 -0.41
-1.23 -0.605
-1.24 -0.505
-1.24 -0.63
-1.25 -0.68
-1.25 -0.545
-1.4 -0.725
-0.82 -0.2
-0.97 -0.08
-1.02 -0.295
-0.84 -0.125
-1.02 0.13
-1 -0.185
-1.03 -0.245
-1.17 -0.595
-1.35 -0.715
-1.01 -0.51
-1.08 -0.405
-1.12 -0.395
-1.16 -0.375
-1.25 -0.595
-1.09 -0.445
-1.25 -0.51
-1.07 -0.525
-1.04 -0.385
-1 -0.245
-1.22 -0.475
-1.23 -0.525
-1.05 -0.405
-1.17 -0.53
-1.1 -0.165
-1.18 -0.42
-1.05 -0.41
-1.09 -0.365
-1.35 -0.74
-1.28 -0.665
-1.31 -0.64
-1.32 -0.685
-1.09 -0.56
-1.08 -0.515
-1.1 -0.41
-1.26 -0.415
-1.3 -0.45
-1.01 -0.265
-1.22 -0.555
-1.08 -0.465
-1.25 -0.3
-1.11 -0.33
-1.04 -0.315
-1.08 -0.235
-1.13 -0.155
-1.01 -0.065
-0.97 -0.305
-0.97 -0.185
-1.04 -0.29
-1.24 -0.36
-1.12 -0.025
-0.98 -0.13
-1.03 -0.185
-1.05 -0.155
-1.06 -0.3
-1.23 -0.565
-1.14 -0.565
-1.13 -0.48
-1.04 -0.385
-1.21 -0.52
-1.16 -0.485
-1.24 -0.46
-1.2 -0.475
-1.2 -0.32
-1.06 -0.26
-1.4 -0.63
-1.13 -0.375
-1.24 -0.28
-0.84 -0.105
-1.19 -0.35
-1.04 -0.305
-1.07 -0.26
-1.05 -0.31
-1.36 -0.34
-1.13 -0.28
-1.11 -0.46
-1.11 -0.33
-1.07 -0.26
-1.03 -0.08
-0.86 0.005
-1.13 0.105
-1.02 -0.03
-1.13 -0.035
-1.06 -0.095
-1.07 -0.02
-1.08 0.045
-1.12 -0.155
-1.11 -0.37
-1.2 -0.45
-1.24 -0.545
-1.02 -0.415
-0.96 -0.33
-1.06 -0.48
-1.18 -0.555
-1.15 -0.475
-1.07 -0.41
-1.18 -0.405
-1.07 -0.37
-1.09 -0.255
-1.05 -0.265
-0.89 -0.1
-1.13 -0.245
-1.1 -0.225
-1.22 -0.115
-1.03 -0.14
-1.07 -0.22
-1.04 0.035
-1.07 0.44
-1.23 0.615
-1.24 0.625
-1.03 0.43
-0.92 0.18
-1.06 0.375
-1 0.07
-1.14 0.105
-1.14 0.03
-1.04 0.43
-1.07 0.105
-1.03 0.2
-0.94 0.125
-1.03 0.065
-1.22 0.27
-1.21 0.32
-1.22 0.485
-1.03 0.26
-1.07 0.345
-1.14 0.38
-0.94 0.345
-1.1 0.015
-1.02 0.025
-1.22 0.19
-1.16 0.13
-1.08 0.065
-0.97 0.085
-0.98 -0.04
-1.11 -0.275
-1.06 -0.195
-1.08 -0.52
-1.36 -0.74
-1.15 -0.635
-1.13 -0.49
-1.34 -0.67
-1.48 -0.825
-1.42 -0.795
-1.24 -0.605
-1.25 -0.52
-1.15 -0.395
-0.99 -0.24
-1.19 -0.24
-1.2 -0.345
-1.21 -0.535
-1.21 -0.595
-1.3 -0.61
