-1.6 0.825
-1.2 0.5
-1.19 0.505
-1.27 0.645
-1.25 0.61
-1.2 0.58
-1.18 0.615
-1.17 0.59
-1.37 0.715
-1.2 0.48
-1.11 0.395
-1.18 0.325
-1.06 0.245
-1.33 0.055
-1.24 0.21
-1.24 0.135
-1.33 0.18
-1.31 0.405
-1.15 0.4
-1.14 0.385
-1.27 0.5
-1.39 0.65
-1.28 0.575
-1.39 0.73
-1.34 0.69
-1.38 0.76
-1.46 0.805
-1.27 0.66
-1.4 0.58
-1.32 0.62
-1.35 0.73
-1.52 0.715
-1.38 0.65
-1.29 0.565
-1.36 0.625
-1.1 0.505
-1.28 0.565
-1.21 0.615
-1.36 0.59
-1.12 0.475
-1.23 0.625
-1.42 0.635
-1.19 0.41
-1.14 0.385
-1.06 0.1
-1.08 0.32
-1.28 0.385
-1.21 0.16
-1.27 0.29
-1.05 0.4
-1.31 0.42
-1.32 0.6
-1.23 0.565
-1.28 0.6
-1.32 0.675
-1.65 0.89
-1.47 0.78
-1.08 0.545
-1.29 0.655
-1.22 0.655
-0.97 0.375
-1.29 0.32
-1.17 0.29
-1.24 0.4
-1.04 0.375
-1.15 0.28
-1.18 0.41
-1.32 0.465
-1.41 0.63
-1.29 0.585
-1.45 0.72
-1.48 0.65
-1.34 0.615
-1.29 0.655
-1.38 0.565
-1.37 0.605
-1.22 0.545
-1.14 0.45
-1.08 0.35
-1.11 0.505
-1.23 0.63
-1.37 0.775
-1.37 0.67
-1.21 0.445
-1.17 0.315
-1.28 0.25
-1.12 0.065
-1.2 0.2
-1.24 0.24
-1.17 0.355
-1.26 0.62
-1.2 0.56
-1.25 0.695
-1.34 0.67
-1.19 0.67
-1.38 0.745
-1.38 0.695
-1.36 0.72
-1.31 0.625
-1.35 0.595
-1.4 0.61
-1.29 0.41
-1.13 0.5
-1.54 0.84
-1.62 0.87
-1.62 0.865
-1.53 0.835
-1.46 0.78
-1.3 0.68
-1.4 0.705
-1.54 0.83
-1.6 0.86
-1.34 0.775
-1.46 0.77
-1.28 0.675
-1.48 0.8
-1.46 0.665
-1.34 0.63
-1.36 0.575
-1.5 0.715
-1.56 0.855
-1.39 0.79
-1.59 0.845
-1.43 0.79
-1.32 0.75
-1.31 0.715
-1.65 0.88
-1.55 0.855
-1.5 0.77
-1.5 0.81
-1.21 0.635
-1.11 0.545
-1.38 0.615
-1.3 0.375
-1.32 0.575
-1.4 0.685
-1.45 0.745
-1.09 0.485
-1.06 0.53
-1.17 0.51
-1.08 0.535
-1.43 0.77
-1.31 0.62
-1.29 0.575
-1.21 0.615
-1.52 0.815
-1.16 0.66
-1.53 0.825
-1.35 0.59
-1.18 0.54
-1.36 0.615
-1.52 0.815
-1.3 0.7
-1.43 0.745
-1.23 0.595
-1.57 0.71
-1.4 0.675
-1.62 0.705
-1.54 0.73
-1.49 0.825
-1.51 0.775
-1.16 0.535
-1.27 0.505
-1.25 0.45
-1.45 0.765
-1.48 0.81
-1.28 0.75
-1.41 0.72
-1.25 0.705
-1.36 0.73
-1.49 0.835
-1.17 0.635
-1.35 0.73
-1.21 0.665
-1.43 0.77
-1.19 0.62
-1.18 0.695
-1.44 0.755
-1.13 0.535
-1.03 0.485
-1.2 0.5
-1.24 0.57
-1.28 0.635
-1.41 0.775
-1.57 0.73
-1.4 0.78
-1.38 0.765
-1.37 0.705
-1.49 0.78
-1.32 0.725
-1.29 0.715
-1.52 0.74
-1.55 0.735
-1.4 0.76
-1.42 0.665
-1.48 0.82
-1.42 0.77
-1.24 0.725
-1.48 0.84
-1.29 0.725
-1.38 0.745
-1.31 0.655
-1.25 0.62
-1.26 0.69
-1.42 0.665
-1.4 0.505
-1.1 0.365
-1.15 0.35
-1.02 0.26
-1.37 0.64
-1.13 0.485
-1.3 0.64
-1.61 0.845
-1.47 0.765
-1.27 0.585
-1.36 0.655
-1.43 0.66
-1.37 0.78
-1.49 0.76
-1.34 0.6
-1.36 0.73
-1.33 0.66
-1.28 0.605
-1.61 0.85
-1.41 0.725
-1.47 0.705
-1.41 0.74
-1.36 0.68
-1.44 0.725
-1.22 0.63
-1.33 0.7
-1.58 0.855
-1.28 0.64
-1.15 0.54
-1.29 0.56
-1.22 0.485
-1.14 0.31
-1.02 0.375
-1.31 0.67
-1.37 0.64
-1.25 0.56
-1.31 0.79
-1.38 0.765
-1.4 0.715
-1.19 0.625
-1.32 0.7
-1.32 0.715
-1.49 0.825
-1.63 0.87
-1.35 0.74
-1.46 0.79
-1.09 0.375
-1.27 0.365
-1.26 0.59
-1.13 0.49
-1.04 0.43
-1.3 0.46
-1.19 0.215
-1.13 0.12
-1.04 0.055
-1.17 0.295
-1.19 0.365
-1.16 0.2
-1.13 0.21
-1.11 -0.02
-1.1 0.165
-0.96 0.115
-1.21 0.01
-1.06 -0.28
-1.17 -0.33
-1.08 -0.22
-1.44 -0.46
-0.95 -0.19
-1.1 -0.26
-1.36 -0.47
-1.27 -0.59
-1.12 -0.44
-1.27 -0.62
-1.32 -0.69
-1.32 -0.64
-1.27 -0.575
-1.52 -0.79
-1.28 -0.745
-1.35 -0.48
-1.33 -0.505
-1.16 -0.475
-1.3 -0.68
-1.49 -0.73
-1.49 -0.785
-1.34 -0.705
-1.4 -0.72
-1.32 -0.76
-0.95 -0.475
-1.21 -0.545
-1.27 -0.505
-1.31 -0.535
-1.15 -0.35
-1.16 -0.33
-1.02 -0.205
-1.05 -0.515
-1.3 -0.425
-1.35 -0.375
-1.3 -0.41
-1.26 -0.43
-1.23 -0.27
-1.29 -0.265
-1.08 -0.105
-1.13 -0.2
-1.21 0.03
-1.06 0.04
-1.16 -0.16
-1.2 -0.035
-1.18 0.17
-1.33 0.44
-1.13 0.44
-1.25 0.565
-1.39 0.665
-1.28 0.73
-1.65 0.875
-1.44 0.765
-1.37 0.71
-1.54 0.85
-1.31 0.64
-1.3 0.655
-1.28 0.65
-1.47 0.805
-1.36 0.695
-1.38 0.67
-1.36 0.6
-1.23 0.47
-1.13 0.32
-0.84 0.245
-1.07 0.295
-1.18 0.465
-1.26 0.54
-1.11 0.37
-1.13 0.16
-0.91 0.12
-1.28 -0.06
-1.01 0.115
-0.98 0.07
-1.03 -0.105
-1.13 -0.115
-0.94 0.155
-1.17 0.105
-1.13 0.01
-1.03 -0.085
-1.34 0.205
-1.11 0.23
-1.09 0.245
-1.2 0.375
-1.44 0.53
-1.52 0.495
-1.24 0.335
-1.17 0.26
-1.29 0.215
-1.15 -0.225
-1.28 -0.43
-1.31 -0.46
-1.18 -0.425
-1.18 -0.365
-1.36 -0.455
-1.23 -0.125
-1.18 -0.135
-1.21 -0.175
-1.3 -0.295
-1.28 -0.585
-1.24 -0.655
-1.2 -0.515
-1.19 -0.64
-1.22 -0.6
-1.43 -0.71
-1.48 -0.76
-1.17 -0.58
-1.08 -0.41
-1.05 -0.355
-1.11 -0.485
-1.08 -0.355
-1.08 -0.46
-1.06 -0.47
-1.22 -0.57
-1.03 -0.465
-1.2 -0.42
-1.3 -0.515
-1.3 -0.575
-1.33 -0.585
-1.4 -0.705
-1.35 -0.665
-1.25 -0.55
-1.21 -0.41
-1.47 -0.38
-1.12 -0.48
-1.26 -0.505
-0.98 -0.21
-1.13 -0.29
-1.29 -0.36
-1.26 -0.565
-1.32 -0.69
-1.22 -0.665
-1.44 -0.805
-1.22 -0.515
-0.99 -0.27
-0.98 -0.265
-1.3 -0.715
-1.36 -0.63
-1.41 -0.6
-1.18 -0.375
-1.08 -0.12
-1.17 -0.33
-1.24 -0.555
-1.45 -0.775
-1.55 -0.82
-1.39 -0.755
-1.33 -0.595
-1.6 -0.785
-1.24 -0.645
-1.14 -0.315
-1.37 -0.685
-1.25 -0.565
-1.22 -0.605
-1.42 -0.715
-1.34 -0.61
-1.41 -0.745
-1.45 -0.785
-1.5 -0.84
-1.32 -0.7
-1.37 -0.79
-1.36 -0.565
-1.19 -0.585
-1.18 -0.525
-1.09 -0.545
-1.27 -0.64
-1.44 -0.685
-1.36 -0.69
-1.48 -0.815
-1.3 -0.745
-1.37 -0.68
-1.37 -0.66
-1.15 -0.565
-1.31 -0.645
-1.35 -0.655
-1.02 -0.455
-1.15 -0.395
-1.2 -0.46
-1.35 -0.645
-1.56 -0.825
-1.29 -0.72
-1.47 -0.805
-1.57 -0.87
-1.19 -0.62
-1.24 -0.52
-1.38 -0.63
-1.17 -0.575
-1.33 -0.74
-1.31 -0.59
-1.29 -0.585
-1.22 -0.51
-1.4 -0.635
-1.49 -0.69
-1.36 -0.6
-1.26 -0.455
-1.33 -0.38
-1.29 -0.53
-1.42 -0.52
-1.14 -0.485
-1.39 -0.425
-1.1 -0.245
-1.29 -0.51
-1.25 -0.685
-1.39 -0.725
-1.09 -0.55
-1.17 -0.425
-1.22 -0.6
-1.4 -0.75
-1.42 -0.73
-1.58 -0.865
-1.3 -0.775
-1.47 -0.805
-1.45 -0.73
-1.16 -0.49
-1.21 -0.345
-1.15 -0.165
-1.25 -0.295
-1.24 -0.29
-1.35 -0.585
-1.23 -0.52
-1.15 -0.475
-1.14 -0.62
-1.21 -0.52
-1.26 -0.46
-1.25 -0.455
-1.04 -0.485
-1.12 -0.435
-1.07 -0.425
-1.35 -0.385
-1.35 -0.45
-1.17 -0.59
-1.31 -0.73
-1.36 -0.755
-1.38 -0.79
-1.31 -0.765
-1.29 -0.635
-1.04 -0.385
-1.31 -0.44
-1.12 -0.445
-1.29 -0.295
-1.06 -0.22
-1.13 -0.135
-0.93 -0.16
-0.88 -0.09
-1.24 -0.335
-1.18 -0.395
-1.21 -0.245
-1.09 0.075
-1.16 0.06
-1.04 -0.195
-1.06 -0.205
-1.15 -0.245
-1.26 -0.375
-1.16 -0.4
-1.05 -0.24
-0.99 -0.09
-1.2 -0.45
-1.29 -0.435
-1.13 -0.265
-1.16 -0.13
-1.21 -0.115
-1.28 -0.265
-1.24 -0.335
-1.29 -0.175
-1.15 0.125
-1 -0.32
-1.11 -0.02
-1.08 -0.105
-1.06 -0.075
-1.27 0.015
-1.03 -0.025
-1.04 -0.105
-1.32 -0.28
-1.07 -0.17
-1.1 -0.28
-1.23 -0.275
-1.22 -0.415
-1.35 -0.565
-1.34 -0.575
-1.24 -0.53
-1.53 -0.81
-1.32 -0.745
-1.38 -0.775
-1.38 -0.63
-1.54 -0.835
-1.49 -0.77
-1.64 -0.855
-1.33 -0.64
-1.38 -0.635
-1.24 -0.53
-1.11 -0.49
-1.28 -0.385
-1.26 -0.525
-1.36 -0.425
-1.16 -0.255
-1.14 -0.29
-1.1 -0.27
-1.2 -0.37
-1.22 -0.44
-1.33 -0.655
-1.33 -0.725
-1.32 -0.63
-1.44 -0.73
-1.52 -0.825
-1.26 -0.705
-1.34 -0.69
-1.3 -0.59
-1.25 -0.575
-1.17 -0.525
-1.13 -0.355
-1.21 -0.365
-1.27 -0.53
-1.25 -0.21
-1.38 -0.45
-1.31 -0.54
-0.96 -0.285
-1.09 -0.43
-1 -0.27
-1.21 -0.28
-1.18 -0.525
-1.15 -0.545
-1.3 -0.68
-1.21 -0.51
-1.18 -0.465
-1.25 -0.39
-1.3 -0.305
-1.22 -0.285
-1.11 -0.255
-1.27 -0.185
-1.24 -0.32
-1.29 -0.545
-1.11 -0.58
-1.24 -0.625
-1.52 -0.845
-1.56 -0.85
-1.33 -0.58
-1.36 -0.59
-1.19 -0.44
-1.2 -0.45
-1.15 -0.33
-1.08 -0.245
-1.33 -0.215
-1 -0.155
-1.17 -0.085
-1.3 -0.07
-1.21 0.115
-1.02 0.145
-1.18 0.145
-1.09 0.17
-1.09 0.315
-1.32 0.33
-1.07 0.12
-1.08 0.245
-1.18 0.215
-1.2 0.225
-1.17 0.255
-1.15 -0.095
-1.19 0.065
-1.13 0.11
-1.13 0.285
-1.19 0.255
-1.1 0.315
-1.3 0.53
-1.31 0.6
-1.24 0.525
-1.31 0.645
-1.54 0.805
-1.43 0.76
-1.43 0.75
-1.38 0.7
-1.31 0.59
-1.31 0.635
-1.54 0.785
-1.38 0.68
-1.38 0.5
-1.29 0.5
-1.15 0.4
-1.47 0.795
-1.25 0.67
-1.49 0.78
-1.15 0.535
-1.4 0.595
-1.41 0.695
-1.53 0.645
-1.34 0.585
-1.1 0.36
-1.19 0.03
-1.1 -0.205
-1.1 -0.28
-1.3 -0.435
-1.47 -0.55
-1.18 -0.485
-1.15 -0.235
-1.11 -0.035
-1.3 -0.58
-1.11 -0.225
-1.06 -0.155
-1.09 -0.25
-1.08 -0.295
-1.13 -0.26
-1.1 -0.065
-0.99 -0.105
-1.19 0.105
-1.15 -0.08
-1.23 -0.085
-1.28 -0.06
-1.21 -0.055
-1.21 -0.185
-1.11 -0.21
-1.19 -0.095
-1.06 0.075
-1.16 0.16
-1.21 0.355
-1.21 0.365
-1.33 0.61
-1.36 0.675
-1.23 0.6
-1.06 0.505
-1.17 0.55
-1.15 0.42
-1.05 0.205
-1.07 0.3
-1.29 0.545
-1.24 0.415
-1.2 0.395
-1.21 0.535
-1.41 0.635
-1.58 0.805
-1.39 0.77
-1.51 0.8
-1.55 0.83
-1.55 0.84
-1.25 0.675
-1.21 0.41
-1.33 0.59
-1.3 0.575
-1.43 0.545
-1.23 0.54
-1.15 0.4
-1.12 0.325
-1.17 0.38
-1.36 0.62
-1.26 0.4
-1.25 0.33
-1.14 0.365
-1.15 0.48
-1.12 -0.085
-0.9 -0.075
-1.19 -0.245
-1.16 -0.195
-1.02 -0.125
-1.14 -0.385
-1.17 -0.45
-1.36 -0.56
-1.35 -0.665
-1.13 -0.64
-1.41 -0.67
-1.23 -0.375
-1.39 -0.395
-1.42 -0.63
-1.2 -0.49
-1.22 -0.415
-1.27 -0.315
-1.21 -0.315
-1.15 -0.13
-1.19 -0.555
-1.54 -0.69
-1.51 -0.83
-1.57 -0.825
-1.52 -0.775
-1.21 -0.56
-1.26 -0.55
-1.38 -0.71
-1.28 -0.605
-1.17 -0.525
-1.04 -0.175
-1.22 -0.39
-1.27 -0.215
-1.17 -0.455
-1.15 -0.47
-1.16 -0.39
-1.13 -0.385
-1.16 -0.34
-1.22 -0.225
-1.17 -0.225
-0.85 -0.02
-1.15 0.255
-1.24 0.055
-1 -0.115
-1.11 -0.07
-1.15 0.175
-1.18 -0.08
-1.09 -0.01
-1.09 -0.015
-1.31 -0.225
-1 -0.315
-1.17 -0.36
-1.15 -0.245
-1.08 -0.215
-0.98 -0.295
-1.21 -0.49
-1.18 -0.47
-1.36 -0.605
-1.17 -0.23
-0.9 -0.445
-1.1 -0.41
-1.13 -0.335
-1.25 -0.345
-1.3 -0.375
-1.31 -0.5
-1.22 -0.435
-1.24 -0.48
-1.08 -0.505
-1.5 -0.78
-1.47 -0.7
-1.27 -0.71
-1.36 -0.64
-1.15 -0.67
-1.49 -0.775
-1.51 -0.775
-1.4 -0.605
-1.24 -0.655
-1.25 -0.655
-1.31 -0.595
-1.35 -0.655
-1.18 -0.51
-1.39 -0.72
-1.23 -0.59
-1.42 -0.53
-1.21 -0.42
-1.32 -0.36
-1.07 -0.345
-1.23 -0.34
-1.11 -0.28
-1.02 -0.22
-1.24 -0.28
-1.18 -0.315
-1.14 0.09
-1.11 0.275
-1.24 0.5
-1.41 0.745
-1.15 0.615
-1.33 0.605
-1.02 0.4
-1.28 0.61
-1.11 0.39
-1.25 0.59
-1.52 0.735
-1.31 0.635
-1.29 0.685
-1.54 0.805
-1.14 0.49
-1.26 0.41
-1.21 0.31
-1.19 0.195
-1.11 0.155
-1.18 0.515
-1.21 0.225
-1.24 0.395
-1.04 0.055
-1.09 -0.135
-1.16 -0.195
-1.13 -0.295
-1.15 -0.225
-1.15 -0.365
-1.27 -0.245
-1.16 -0.12
-0.98 0.115
-1.13 0.225
-1.16 0.165
-1.12 0.2
-1.28 0.56
-1.23 0.59
-1.34 0.545
-0.94 0.365
-1.27 0.52
-1.35 0.62
-1.32 0.655
-1.35 0.705
-1.51 0.8
-1.31 0.515
-1.32 0.62
-1.38 0.73
-1.31 0.635
-1.24 0.495
-1.32 0.57
-0.95 0.38
-1.18 0.285
-1.02 0.165
-1.3 0.59
-1.08 0.26
-1.3 0.535
-1.34 0.585
-1.15 0.54
-1.34 0.705
-1.13 0.46
-1.57 0.855
-1.5 0.745
-1.47 0.82
-1.39 0.735
-1.62 0.895
-1.48 0.715
-1.47 0.76
-1.27 0.67
-1.33 0.69
-1.28 0.52
-0.93 0.32
-1.11 0.32
-1.17 0.135
-1.04 0.075
-1.13 0.04
-1.12 0.025
-1.08 -0.035
-1.14 0.31
-1.33 0.495
-1.27 0.17
-0.99 0.135
-1.26 -0.145
-1.4 -0.225
-1.05 -0.13
-1.35 -0.315
-1.09 -0.075
-1.12 0.015
-0.91 0.205
-1.03 0.18
-1.18 0.385
-1.17 0.27
-1.12 0.36
-1.09 0.455
-1.23 0.39
-1.19 0.35
-1.1 0.48
-1.28 0.6
-1.2 0.645
-1.21 0.665
-1.31 0.605
-1.16 0.465
-1.42 0.755
-1.37 0.69
-1.32 0.695
-1.55 0.835
-1.37 0.69
-1.33 0.75
-1.35 0.69
-1.55 0.825
-1.33 0.66
-1.34 0.66
-1.61 0.865
-1.4 0.7
-1.4 0.74
-1.34 0.66
-1.24 0.415
-1.16 0.225
-0.95 0.07
-1.16 -0.38
-1.25 -0.53
-1.29 -0.27
-1.37 -0.43
-1.17 -0.44
-1.31 -0.485
-1.13 -0.46
-1.25 -0.61
-1.53 -0.8
-1.28 -0.64
-1.09 -0.495
-1.27 -0.43
-1.19 -0.495
-1.26 -0.65
-1.45 -0.77
-1.52 -0.81
-1.71 -0.845
-1.34 -0.765
-1.34 -0.64
-1.19 -0.495
-1.16 -0.37
-1.27 -0.345
-1.16 -0.11
-1.24 -0.185
-1.31 -0.555
-1.12 -0.55
-1.19 -0.605
-1.03 -0.13
-1.12 0.265
-1.19 0.26
-1.31 0.34
-1.31 0.485
-1.27 0.645
-1.48 0.665
-1.23 0.52
-1.15 0.37
-1.04 0.27
-1.23 0.31
-1.25 0.085
-1.12 0.08
-1.24 -0.15
-1.15 -0.215
-1.35 -0.39
-1.3 -0.27
-1.1 -0.325
-1.37 -0.595
-1.26 -0.405
-1.28 -0.405
-1.32 -0.585
-1.47 -0.79
-1.47 -0.775
-1.5 -0.77
-1.56 -0.845
-1.35 -0.765
-1.39 -0.715
-1.4 -0.77
-1.47 -0.79
-1.4 -0.735
-1.42 -0.71
-1.36 -0.675
-1.31 -0.7
-1.37 -0.65
-1.09 -0.585
-1.38 -0.69
-1.22 -0.535
-1.28 -0.445
-1.38 -0.63
-1.35 -0.625
-1.33 -0.515
-1.05 -0.49
-1.24 -0.47
-1.19 -0.43
-1.27 -0.46
-1.3 -0.685
-1.48 -0.785
-1.35 -0.6
-1.35 -0.635
-1.49 -0.765
-1.38 -0.77
-1.42 -0.78
-1.31 -0.705
-1.16 -0.495
-1.35 -0.7
-1.52 -0.815
-1.39 -0.725
-1.46 -0.7
-1.3 -0.59
-1.03 -0.425
-1.4 -0.745
-1.55 -0.83
-1.68 -0.89
-1.55 -0.845
-1.18 -0.555
-1.31 -0.575
-1.34 -0.47
-1.22 -0.48
-1.12 -0.33
-1.26 -0.565
-1.22 -0.585
-1.51 -0.815
-1.21 -0.59
-1.27 -0.495
-1.34 -0.6
-1.11 -0.395
-1.33 -0.385
-1.17 -0.445
-1.27 -0.535
-1.11 -0.29
-1.2 -0.21
-1.17 -0.32
-1.05 -0.075
-1.03 0.17
-1.23 -0.17
-1.23 -0.265
-1.19 -0.505
-1.07 -0.46
-1.29 -0.665
-1.46 -0.755
-1.54 -0.795
-1.39 -0.76
-1.23 -0.645
-1.11 -0.455
-1.28 -0.66
-1.27 -0.525
-1.12 -0.385
-1.24 -0.43
-1.24 -0.37
-1.16 -0.33
-1.29 -0.465
-1.27 -0.67
-1.16 -0.47
-1.31 -0.58
-1.25 -0.475
-1.19 -0.59
-1.52 -0.65
-1.12 -0.495
-1.37 -0.425
-1.31 -0.645
-1.27 -0.52
-1.3 -0.36
-1.19 -0.265
-1.42 -0.705
-1.48 -0.675
-1.18 -0.49
-1.34 -0.53
-1.39 -0.615
-1.26 -0.59
-1.41 -0.65
-1.33 -0.615
-1.37 -0.78
-1.45 -0.805
-1.44 -0.685
-1.28 -0.545
-1.15 -0.23
-1.28 -0.115
-1.16 0.135
-1.15 0.14
-1.2 -0.44
-1.23 -0.215
-1.21 -0.085
-1.08 -0.12
-1.17 -0.005
-1.22 -0.155
-1.01 -0.01
-1.11 0.215
-1.11 0.07
-1.12 -0.045
-0.89 0.135
-0.99 0.035
-1.18 -0.025
-1.18 0.075
-1.09 0.135
-1.33 0.19
-1.07 0.48
-1.24 0.545
-1.34 0.715
-1.24 0.66
-1.35 0.75
-1.43 0.685
-1.3 0.725
-1.51 0.8
-1.28 0.655
-1.48 0.8
-1.52 0.72
-1.32 0.595
-1.41 0.755
-1.45 0.795
-1.26 0.705
-1.57 0.83
-1.56 0.83
-1.25 0.725
-1.48 0.765
-1.39 0.75
-1.24 0.66
-1.31 0.675
-1.59 0.83
-1.33 0.685
-1.27 0.645
-1.37 0.5
-1.43 0.435
-1.45 0.485
-1.36 0.44
-1.46 0.69
-1.42 0.7
-1.54 0.84
-1.34 0.59
-1.46 0.735
-1.4 0.775
-1.5 0.795
-1.26 0.7
-1.47 0.805
-1.45 0.805
-1.6 0.86
-1.29 0.69
-1.46 0.785
-1.55 0.845
-1.48 0.74
-1.23 0.52
-1.49 0.715
-1.02 0.3
-1.19 0.47
-1.4 0.37
-1.15 0.22
-1.05 0.3
-1.2 0.6
-1.25 0.615
-1.1 0.445
-1.18 0.5
-1.28 0.51
-1.11 0.175
-1.2 0.19
-1.17 0.28
-1.19 0.295
-1.22 0.165
-1.13 0.265
-1.14 0.425
-1.15 0.43
-1.24 0.585
-1.41 0.72
-1.51 0.785
-1.56 0.825
-1.25 0.685
-1.36 0.665
-1.29 0.51
-1.29 0.555
-1.24 0.49
-0.98 0.06
-1.2 0.015
-1.26 0.43
-1.24 0.57
-1.17 0.485
-1.17 0.485
-1.3 0.63
-1.28 0.48
-1.29 0.465
-1.31 0.385
-1.2 0.445
-1.07 0.345
-1.38 0.46
-1.37 0.525
-1.27 0.545
-1.07 0.425
-1.13 0.425
-1.41 0.67
-1.51 0.625
-1.55 0.73
-1.33 0.65
-1.25 0.63
-1.21 0.56
-1.15 0.42
-1.18 0.495
-1.15 0.565
-1.5 0.82
-1.47 0.805
-1.35 0.605
-1.15 0.37
-1.13 0.295
-1.05 -0.035
-1.04 0.27
-1.24 0.335
-1.2 0.43
-1.14 0.49
-1.1 0.355
-1.27 0.505
-1.24 0.595
-1.3 0.53
-1.25 0.695
-1.31 0.625
-1.37 0.615
-1.25 0.45
-1.1 0.465
-1.22 0.415
-1.18 0.29
-1.18 0.37
-1.28 0.625
-1.36 0.7
-1.47 0.78
-1.38 0.72
-1.26 0.725
-1.07 0.55
-1.27 0.58
-1.29 0.21
-1.22 0.185
-1.22 0.315
-1.27 0.505
-1.34 0.64
-1.42 0.735
-1.28 0.665
-1.35 0.72
-1.24 0.48
-1.31 0.56
-1.21 0.63
-1.29 0.49
-1.36 0.67
-1.46 0.8
-1.56 0.82
-1.34 0.685
-1.1 0.56
-1.17 0.41
-1.07 0.18
-1.16 0.15
-1.19 0.26
-1.11 0.23
-1.24 0.475
-1.23 0.43
-1.41 0.675
-1.24 0.635
-1.24 0.63
-1.26 0.635
-0.97 0.365
-1.24 0.44
-1.42 0.635
-1.19 0.6
-1.2 0.63
-1.48 0.74
-1.44 0.74
-1.28 0.6
-1.25 0.625
-1.2 0.61
-1.17 0.535
-1.21 0.455
-1.41 0.73
-1.34 0.705
-1.33 0.485
-1.08 0.25
-1.2 0.505
-1.21 0.66
-1.13 0.57
-1.18 0.485
-1.34 0.57
-1.28 0.655
-1.53 0.845
-1.37 0.75
-1.61 0.85
-1.67 0.905
-1.26 0.575
-1.28 0.63
-1.38 0.755
-1.35 0.53
-1.3 0.58
-1.15 0.42
-1.15 0.435
-1.09 0.4
-1.13 0.59
-1.43 0.69
-1.09 0.59
-1.43 0.78
-1.33 0.58
-1.36 0.695
-1.45 0.76
-1.46 0.76
-1.37 0.745
-1.35 0.76
-1.25 0.565
-1.27 0.43
-1.25 0.435
-1.23 0.52
-1.12 0.56
-1.45 0.785
-1.3 0.66
-1.35 0.5
-1.25 0.51
-1.09 0.435
-1.13 0.54
-1.3 0.665
-1.37 0.405
-1.18 0.4
-1.2 0.65
-1.23 0.62
-1.35 0.69
-1.29 0.56
-1.22 0.6
-1.26 0.495
-1.31 0.405
-1.04 0.185
-1.17 0.125
-1.18 0.26
-1.11 0.295
-1.2 0.315
-1.29 0.395
-1.24 0.43
-1.32 0.46
-1.21 0.46
-1.34 0.605
-1.3 0.69
-1.45 0.76
-1.17 0.59
-0.87 0.275
-1.23 0.53
-1.26 0.53
-1.48 0.735
-1.38 0.735
-1.38 0.6
-1.41 0.65
-1.5 0.785
-1.67 0.825
-1.35 0.735
-1.42 0.67
-1.33 0.57
-1.33 0.7
-1.36 0.755
-1.34 0.725
-1.44 0.735
-1.13 0.56
-1.29 0.545
-1.38 0.7
-1.44 0.75
-1.19 0.535
-1.16 0.445
-1.1 0.435
-1.07 0.455
-1.23 0.55
-1.15 0.49
-1.37 0.74
-1.59 0.885
-1.44 0.795
-1.29 0.695
-1.34 0.685
-1.39 0.78
-1.41 0.76
-1.31 0.675
-1.6 0.86
-1.59 0.83
-1.36 0.74
-1.33 0.63
-1.22 0.515
-1.23 0.29
-1.2 0.15
-1.1 0.145
-1.21 0.29
-1.24 0.225
-1.25 0.11
-1.14 0.07
-1.22 -0.15
-1.16 -0.065
-1.1 -0.325
-1.28 -0.43
-1.14 -0.385
-1.13 -0.11
-1.13 -0.29
-1.05 -0.125
-0.87 -0.015
-1.11 -0.13
-1.07 -0.205
-1.1 0.035
-1.17 0.23
-1.21 0.2
-1.15 0.405
-1.3 0.495
-1.06 0.31
-1.06 -0.055
-1.06 -0.19
-1.3 -0.23
-1.29 -0.495
-1.21 -0.225
-1.12 -0.035
-1.42 -0.255
-1.16 -0.275
-1.13 -0.235
-1.11 -0.345
-1.02 -0.035
-1.25 -0.065
-1.13 0.19
-1.24 -0.155
-1.2 -0.31
-1.11 -0.175
-1.21 -0.185
-1.1 -0.12
-1.25 -0.32
-1.11 -0.425
-1.07 -0.51
-1.27 -0.59
-1.3 -0.735
-1.34 -0.73
-1.24 -0.52
-1.19 -0.485
-1.27 -0.675
-1.18 -0.56
-1.31 -0.72
-1.21 -0.53
-1.11 -0.555
-1.24 -0.39
-1.23 -0.53
-1.35 -0.58
-1.1 -0.31
-1.33 -0.505
-1.25 -0.52
-1.28 -0.47
-1.28 -0.53
-1.24 -0.37
-1.04 -0.185
-1.07 -0.225
-1.01 -0.225
-1.03 -0.365
-1.21 -0.58
-1.15 -0.47
-1.5 -0.72
-1.62 -0.865
-1.29 -0.55
-1.42 -0.665
-1.32 -0.725
-1.28 -0.705
-1.42 -0.71
-1.44 -0.735
-1.4 -0.725
-1.47 -0.79
-1.3 -0.64
-1.17 -0.525
-1.35 -0.685
-1.18 -0.53
-1.26 -0.61
-1.35 -0.725
-1.32 -0.69
-1.46 -0.795
-1.2 -0.695
-1.35 -0.66
-1.06 -0.385
-1.22 -0.37
-1.06 -0.185
-1.09 -0.15
-0.97 -0.155
-0.96 -0.18
-1.09 -0.27
-0.99 -0.235
-1.21 -0.54
-1.44 -0.76
-1.47 -0.815
-1.37 -0.67
-1.4 -0.68
-1.35 -0.665
-1.21 -0.625
-1.53 -0.795
-1.22 -0.62
-1.5 -0.655
-1.37 -0.615
-1.18 -0.445
-1.17 -0.33
-1.15 -0.22
-1.18 -0.315
-1.11 -0.315
-1.12 -0.465
-1.25 -0.565
-1.11 -0.53
-1.21 -0.595
-1.38 -0.665
-1.3 -0.75
-1.47 -0.8
-1.32 -0.665
-1.19 -0.62
-1.39 -0.68
-1.21 -0.525
-1.43 -0.795
-1.4 -0.755
-1.36 -0.695
-1.12 -0.6
-1.15 -0.605
-1.33 -0.595
-1.28 -0.59
-1.47 -0.74
-1.26 -0.51
-1.23 -0.385
-1.4 -0.7
-1.37 -0.395
-1.31 -0.305
-1.2 -0.285
-0.94 -0.19
-1.18 -0.305
-1.1 -0.115
-1.2 -0.185
-1.22 -0.2
-1.07 -0.155
-1.25 -0.24
-1.15 -0.565
-1.32 -0.615
-1.39 -0.78
-1.35 -0.755
-1.51 -0.825
-1.24 -0.655
-1.46 -0.795
-1.48 -0.765
-1.18 -0.63
-1.26 -0.53
-1.28 -0.34
-1.17 -0.405
-1.27 -0.34
-1.16 -0.43
-1.37 -0.65
-1.32 -0.515
-1.3 -0.485
-1.26 -0.52
-0.94 -0.31
-1.12 -0.13
-1.2 -0.305
-1.21 -0.28
-1.13 -0.4
-1.16 -0.18
-1.08 -0.09
-1.1 -0.105
-1.11 0.09
-1.1 0.3
-1.25 0.5
-1.05 0.485
-1.28 0.53
-1.09 0.51
-1.37 0.72
-1.26 0.58
-1.43 0.705
-1.21 0.59
-1.38 0.595
-1.16 0.455
-1.05 0.325
-1.09 -0.16
-1.25 -0.285
-1.2 -0.42
-1.31 -0.61
-1.39 -0.66
-1.49 -0.73
-1.39 -0.69
-1.2 -0.59
-1.34 -0.585
-1.48 -0.76
-1.38 -0.69
-1.3 -0.61
-1.42 -0.72
-1.3 -0.675
-1.56 -0.83
-1.47 -0.7
-1.28 -0.61
-1.32 -0.605
-1.3 -0.635
-1.13 -0.42
-1.18 -0.495
-1.25 -0.62
-1.45 -0.75
-1.29 -0.605
-1.38 -0.735
-1.43 -0.73
-1.39 -0.745
-1.52 -0.765
-1.42 -0.78
-1.35 -0.69
-1.44 -0.685
-1.28 -0.41
-1.34 -0.575
-1.15 -0.535
-1.24 -0.56
-1.43 -0.765
-1.49 -0.77
-1.2 -0.61
-1.17 -0.615
-1.14 -0.595
-1.23 -0.61
-1.4 -0.63
-1.34 -0.685
-1.46 -0.785
-1.46 -0.705
-1.63 -0.86
-1.44 -0.76
-1.44 -0.73
-1.16 -0.53
-1.25 -0.67
-1.14 -0.41
-1.26 -0.6
-1.46 -0.735
-1.38 -0.62
-1.44 -0.735
-1.25 -0.505
-1.42 -0.565
-1.19 -0.52
-1.27 -0.465
-1.22 -0.415
-1.22 -0.41
-1.45 -0.695
-1.1 -0.48
-1.28 -0.53
-1.19 -0.58
-1.1 -0.465
-1.14 -0.495
-1.41 -0.75
-1.44 -0.765
-1.68 -0.895
-1.53 -0.81
-1.37 -0.7
-1.36 -0.67
-1.33 -0.675
-1.35 -0.77
-1.3 -0.685
-1.27 -0.63
-1.37 -0.615
-1.23 -0.575
-1.28 -0.56
-1.28 -0.6
-1.18 -0.555
-1.14 -0.44
-1.11 -0.385
-1.18 -0.61
-1.33 -0.62
-1.15 -0.66
-1.34 -0.545
-1.16 -0.555
-1.53 -0.79
-1.43 -0.835
-1.41 -0.765
-1.32 -0.72
-1.25 -0.575
-1.32 -0.635
-1.12 -0.485
-1.07 -0.43
-1.26 -0.54
-1.14 -0.435
-1.08 -0.365
-1.26 -0.225
-1.21 -0.26
-1.28 -0.275
-1.2 -0.28
-1.2 0.17
-1.27 0.01
-1.1 -0.205
-1.1 -0.205
-1.17 0.095
-1.31 0.38
-1.22 0.395
-1.13 0.365
-1.04 -0.04
-1.17 0.07
-1.02 0.045
-1.07 -0.12
-1.3 -0.125
-1.12 0.16
-1.36 0.47
-1.24 0.46
-1.49 0.735
-1.44 0.625
-1.19 0.505
-1.33 0.64
-1.43 0.765
-1.27 0.655
-1.24 0.535
-1.25 0.555
-1.12 0.3
-1.01 0.285
-1.08 0.26
-1.18 0.51
-1.26 0.675
-1.32 0.585
-1.27 0.745
-1.32 0.725
-1.31 0.675
-1.27 0.625
-1.27 0.67
-1.24 0.535
-1.38 0.555
-1.28 0.53
-1.26 0.59
-1.24 0.695
-1.38 0.75
-1.31 0.605
-1.32 0.45
-1.15 0.465
-1.49 0.75
-1.39 0.76
-1.42 0.715
-1.48 0.79
-1.37 0.715
-1.26 0.655
-1.14 0.385
-1.13 0.4
-1.13 0.445
-1.25 -0.15
-1.12 -0.01
-1.1 0.09
-1.19 0.28
-1.07 0.21
-1.32 0.47
-1.38 0.645
-1.4 0.765
-1.27 0.655
-1.38 0.695
-1.57 0.85
-1.48 0.78
-1.5 0.8
-1.57 0.845
-1.55 0.8
-1.46 0.75
-1.46 0.805
-1.36 0.735
-1.19 0.525
-1.21 0.5
-1.49 0.735
-1.22 0.485
-1.06 0.525
-1.37 0.71
-1.39 0.665
-1.46 0.76
-1.22 0.58
-1.11 0.51
-1.37 0.745
-1.48 0.83
-1.57 0.8
-1.31 0.69
-1.45 0.785
-1.52 0.84
-1.52 0.78
-1.42 0.715
-1.44 0.825
-1.38 0.745
-1.57 0.87
-1.48 0.795
-1.3 0.655
-1.39 0.665
-1.22 0.615
-1.6 0.82
-1.4 0.775
-1.39 0.79
-1.4 0.74
-1.27 0.54
-1.37 0.62
-1.3 0.495
-1.17 0.46
-1.33 0.55
-1.4 0.565
-1.32 0.565
-1.04 0.29
-1.28 -0.05
-1.16 -0.04
-1.27 -0.285
-1.19 -0.3
-1.18 -0.15
-1.17 -0.225
-1.02 -0.22
-1.1 -0.13
-1.09 0.085
-1.17 0.39
-1.27 0.57
-1.29 0.52
-1.3 0.695
-1.24 0.62
-1.53 0.835
-1.21 0.62
-1.23 0.39
-1.08 0.235
-1.08 -0.015
-1.2 0.155
-1.15 0.09
-1.11 0.035
-1.07 0.125
-1.01 0.195
-1.12 0.295
-1.24 0.57
-1.38 0.495
-1.32 0.595
-1.09 0.355
-1.27 0.395
-1.11 0.365
-1.02 0.3
-1.02 0
-1.12 -0.08
-1.24 -0.045
-1.17 0.11
-1.16 -0.105
-1.29 -0.365
-1.24 -0.605
-1.29 -0.605
-1.2 -0.59
-1.55 -0.83
-1.48 -0.795
-1.42 -0.77
-1.16 -0.605
-1.38 -0.785
-1.16 -0.52
-1.17 -0.615
-1.29 -0.75
-1.39 -0.78
-1.6 -0.83
-1.41 -0.755
-1.47 -0.82
-1.41 -0.72
-1.51 -0.82
-1.25 -0.71
-1.35 -0.72
-1.24 -0.665
-1.34 -0.67
-1.26 -0.705
-1.34 -0.715
-1.3 -0.69
-1.34 -0.645
-1.45 -0.71
-1.12 -0.555
-1.36 -0.71
-1.18 -0.56
-1.33 -0.565
-1.32 -0.715
-1.4 -0.65
-1.45 -0.78
-1.28 -0.68
-1.26 -0.695
-1.33 -0.63
-1.63 -0.88
-1.26 -0.735
-1.69 -0.875
-1.34 -0.675
-1.34 -0.71
-1.25 -0.595
-1.33 -0.68
-1.32 -0.56
-1.59 -0.845
-1.59 -0.865
-1.29 -0.725
-1.05 -0.465
-1.28 -0.605
-1.49 -0.74
-1.49 -0.665
-1.17 -0.505
-1.24 -0.28
-1.33 -0.605
-1.13 -0.52
-1.3 -0.68
-1.49 -0.83
-1.25 -0.605
-1.21 -0.655
-1.24 -0.645
-1.25 -0.54
-1.13 -0.49
-0.96 -0.305
-1.09 -0.125
-1.17 -0.355
-1.31 -0.455
-1.14 -0.57
-1.05 -0.51
-1.19 -0.595
-1.34 -0.675
-1.47 -0.8
-1.38 -0.66
-1.22 -0.595
-1.21 -0.47
-1.41 -0.72
-1.2 -0.48
-1.14 -0.24
-1.29 -0.29
-1.16 -0.135
-1.2 0.065
-1.15 0.005
-0.99 0.135
-1.07 -0.075
-1.08 0.17
-1.05 0.255
-1.27 0.37
-1.18 0.285
-1.21 0.21
-1.17 0.265
-1.3 0.465
-1.07 0.31
-1.28 0.515
-1.22 0.555
-1.33 0.75
-1.27 0.73
-1.35 0.715
-1.36 0.55
-1.15 0.415
-1.22 0.285
-1.24 0.14
-1.18 0.225
-1.37 -0.06
-1.24 0.26
-1.38 0.32
-1.11 0.14
-1.12 -0.065
-1.11 -0.19
-1.19 -0.195
-1.27 -0.58
-1.39 -0.705
-1.09 -0.565
-1.44 -0.78
-1.37 -0.735
-1.33 -0.715
-1.42 -0.78
-1.44 -0.715
-1.19 -0.535
-1.5 -0.745
-1.39 -0.655
-1.38 -0.76
-1.27 -0.64
-1.35 -0.7
-1.5 -0.84
-1.4 -0.785
-1.44 -0.72
-1.4 -0.59
-1.55 -0.71
-1.36 -0.68
-1.28 -0.52
-1.32 -0.44
-1.21 -0.2
-1.07 -0.37
-1.11 -0.315
-1.32 -0.525
-1.16 -0.35
-1.03 -0.165
-1.11 -0.445
-1.27 -0.47
-1.17 -0.41
-1.23 -0.495
-1.33 -0.615
-1.38 -0.715
-1.18 -0.62
-1.21 -0.565
-1.17 -0.37
-1.16 -0.47
-1.32 -0.665
-1.14 -0.315
-1.1 -0.23
-1.08 -0.31
-1.11 -0.31
-1.25 -0.465
-1.15 -0.33
-0.98 0.01
-1.14 -0.28
-1.06 -0.32
-1.23 -0.09
-1.21 0.045
-1.18 -0.06
-1.13 -0.21
-1.23 -0.285
-1.18 -0.02
-1.34 -0.05
-1.33 0.31
-1.35 0.435
-1.26 0.485
-1.25 0.63
-1.12 0.515
-1.21 0.63
-1.27 0.57
-1.42 0.69
-1.51 0.71
-1.41 0.66
-1.27 0.69
-1.38 0.78
-1.3 0.675
-1.45 0.78
-1.47 0.76
-1.37 0.545
-1.21 0.515
-1.45 0.63
-1.41 0.515
-1.33 0.68
-1.27 0.605
-1.09 0.495
-1.43 0.655
-1.55 0.84
-1.62 0.89
-1.43 0.785
-1.41 0.72
-1.48 0.805
-1.4 0.775
-1.17 0.555
-1.33 0.7
-1.38 0.71
-1.24 0.655
-1.4 0.735
-1.12 0.495
-1.2 0.54
-1.32 0.655
-1.28 0.405
-1.14 0.24
-1.17 0.01
-1.3 0.3
-1.17 0.155
-1.15 0.23
-1.11 0.31
-1.16 0.275
-1.09 0.14
-1.09 -0.035
-1.15 0.02
-1.24 0.21
-1 -0.05
-1.08 -0.415
-1.03 -0.49
-1.24 -0.43
-1.56 -0.63
-1.5 -0.785
-1.21 -0.56
-1.25 -0.495
-1.19 -0.445
-1.26 -0.635
-1.41 -0.585
-1.3 -0.325
-1.26 -0.305
-1.2 -0.325
-1.36 -0.6
-1.25 -0.6
-1.33 -0.65
-1.44 -0.675
-1.53 -0.795
-1.48 -0.79
-1.48 -0.79
-1.33 -0.59
-1.3 -0.595
-1.32 -0.525
-1.18 -0.495
-1.43 -0.72
-1.19 -0.46
-1.25 -0.555
-1.36 -0.685
-1.54 -0.76
-1.45 -0.745
-1.22 -0.555
-1.33 -0.295
-1.17 -0.155
-1.32 -0.07
-1.07 -0.165
-1.22 -0.445
-1.15 -0.53
-0.94 -0.27
-1.07 -0.32
-1.13 -0.3
-1.23 -0.135
-1.19 -0.28
-1.07 -0.395
-1.18 -0.465
-1.1 -0.225
-1.13 -0.23
-1.03 -0.355
-1.26 -0.31
-1.2 -0.44
-1.34 -0.57
-1.28 -0.355
-1.17 -0.395
-1.17 -0.53
-1.16 -0.605
-1.23 -0.575
-1.34 -0.635
-1.4 -0.73
-1.36 -0.64
-1.32 -0.605
-1.25 -0.535
-1.29 -0.69
-1.37 -0.685
-1.31 -0.645
-1.31 -0.63
-1.28 -0.645
-1.29 -0.625
-1.24 -0.435
-1.14 -0.5
-1.33 -0.655
-1.47 -0.695
-1.26 -0.675
-1.23 -0.645
-1.3 -0.75
-1.48 -0.75
-1.22 -0.64
-1.26 -0.515
-1.25 -0.51
-1.04 -0.375
-1.36 -0.285
-1.17 -0.225
-1.31 -0.425
-1.02 -0.245
-1.24 0.005
-1.19 0.08
-1.15 -0.07
-1.15 0
-1.14 -0.3
-1.08 -0.295
-1.22 -0.12
-1.19 -0.145
-1.18 -0.335
-1.02 -0.37
-1.32 -0.63
-1.22 -0.555
-1.29 -0.615
-1.22 -0.61
-1.2 -0.575
-1.37 -0.665
-1.28 -0.52
-1.2 -0.63
-1.31 -0.63
-1.24 -0.43
-1.27 -0.39
-1.23 -0.13
-1.18 0.075
-1.33 0.285
-1.19 0.15
-1.1 0.055
-0.94 -0.1
-1.17 -0.325
-1.08 -0.37
-0.98 -0.39
-1.25 -0.545
-1.09 -0.33
-1.22 -0.475
-1.26 -0.605
-1.44 -0.775
-1.22 -0.55
-1.23 -0.365
-1.13 -0.455
-1.16 -0.56
-1.54 -0.85
-1.38 -0.735
-1.23 -0.665
-1.43 -0.775
-1.66 -0.895
-1.46 -0.795
-1.36 -0.695
-1.4 -0.705
-1.64 -0.89
-1.11 -0.625
-1.55 -0.84
-1.43 -0.785
-1.24 -0.55
-1.24 -0.515
-1.22 -0.495
-1.1 -0.35
-1.16 -0.23
-1 -0.19
-1.06 -0.32
-1.08 -0.225
-1.13 -0.03
-1.23 0.085
-1.1 -0.15
-0.98 -0.12
-1.15 -0.15
-1.25 -0.32
-1.22 -0.23
-1.33 -0.09
-1.1 -0.25
-1.34 -0.165
-1.11 -0.225
-1.11 -0.35
-1.12 -0.155
-1.18 0.02
-1.32 -0.05
-1.09 -0.07
-1.2 -0.28
-1.22 -0.295
-1.04 -0.24
-1.34 -0.455
-1.36 -0.515
-1.03 -0.375
-0.98 -0.095
-1.11 -0.365
-1.14 -0.26
-1.09 -0.41
-1.21 -0.635
-1.42 -0.72
-1.42 -0.765
-1.34 -0.66
-1.31 -0.68
-1.49 -0.725
-1.43 -0.685
-1.21 -0.56
-1.26 -0.44
-1.22 -0.43
-1.34 -0.47
-1.21 -0.56
-1.46 -0.69
-1.41 -0.74
-1.17 -0.685
-1.27 -0.67
-1.1 -0.3
-1.03 -0.4
-1.17 -0.19
-1.13 -0.405
-1.27 -0.645
-1.25 -0.73
-1.52 -0.825
-1.4 -0.74
-1.5 -0.77
-1.29 -0.73
-1.22 -0.555
-1.25 -0.66
-1.31 -0.66
-1.18 -0.635
-1.14 -0.54
-1.19 -0.6
-1.15 -0.54
-1.2 -0.355
-1.1 -0.355
-1.17 -0.255
-1.06 -0.135
-1.14 -0.175
-1.11 -0.175
-1.15 -0.095
-1.13 -0.165
-1.2 0.05
-1.07 -0.025
-1.28 0.065
-1.1 -0.115
-1.11 0.095
-1.18 0.24
-1.26 0.21
-1.08 0.24
-1.26 0.5
-1.2 0.425
-1.18 0.37
-1.26 0.045
-1.26 -0.005
-1.06 0.01
-0.96 0.04
-1.28 -0.065
-1.13 0.06
-1.11 0.195
-1.06 0.1
-1.06 -0.23
-1.04 0.045
-1.23 0.2
-1.27 0.265
-1.02 0.165
-1.1 0.085
-1.19 0.055
-1.05 0.24
-1.19 0.29
-1.11 0.3
-1.12 0.115
-1.2 0.12
-1.24 0.005
-1.12 0.14
-1.03 -0.07
-1.05 0.01
-1.13 -0.035
-0.99 -0.12
-1.04 -0.14
-1.29 -0.405
-1.12 -0.395
-1.36 -0.56
-1.16 -0.315
-1.14 -0.4
-1.2 -0.47
-1.16 -0.36
-1.2 -0.43
-1.13 -0.49
-1.28 -0.5
-1.3 -0.46
-1.22 -0.59
-1.3 -0.71
-1.34 -0.74
-1.24 -0.665
-1.4 -0.71
-1.43 -0.73
-1.33 -0.705
-1.45 -0.8
-1.37 -0.705
-1.4 -0.785
-1.39 -0.715
-1.24 -0.645
-1.34 -0.555
-1.29 -0.67
-1.32 -0.64
-1.21 -0.395
-1.55 -0.405
-1.15 -0.305
-1.47 -0.395
-1.26 -0.285
-1.29 -0.35
-1.2 -0.09
-1.21 -0.235
-1.12 -0.015
-1.18 -0.18
-1.13 -0.32
-1.25 -0.1
-1.25 -0.2
-1.12 -0.22
-0.97 -0.39
-1.36 -0.635
-1.46 -0.775
-1.52 -0.8
-1.63 -0.82
-1.11 -0.58
-1.29 -0.555
-1.3 -0.64
-1.31 -0.6
-1.36 -0.71
-1.38 -0.745
-1.1 -0.465
-1.16 -0.48
-1.18 -0.555
-1 -0.405
-1.13 -0.4
-1.17 -0.43
-1.24 -0.5
-1.33 -0.515
-1.26 -0.45
-1.16 -0.295
-1.02 -0.23
-1.16 -0.305
-0.98 -0.31
-1.22 -0.39
-1.05 -0.225
-1.27 -0.47
-1.28 -0.565
-1.4 -0.775
-1.44 -0.805
-1.31 -0.665
-1.44 -0.715
-1.05 -0.25
-1.05 0.065
-1.19 -0.16
-1.09 0.01
-1.3 0.305
-1.21 0.38
-1.08 0.37
-1.22 0.23
-1.01 -0.015
-1 0.2
-1.04 0.115
-1.13 -0.025
-1.33 -0.145
-1.22 -0.115
-1.28 -0.195
-1.01 -0.175
-1.09 -0.325
-1.4 -0.625
-1.52 -0.695
-1.25 -0.555
-1.54 -0.785
-1.44 -0.8
-1.41 -0.77
-1.57 -0.825
-1.61 -0.805
-1.21 -0.61
-1.42 -0.785
-1.34 -0.68
-1.27 -0.54
-1.28 -0.655
-1.1 -0.56
-1.32 -0.725
-1.27 -0.61
-1.25 -0.505
-1.38 -0.775
-1.22 -0.635
-1.32 -0.485
-1.33 -0.555
-1.33 -0.625
-1.31 -0.62
-1.19 -0.44
-1.53 -0.625
-1.4 -0.645
-1.38 -0.71
-1.32 -0.695
-1.29 -0.635
-1.45 -0.705
-1.25 -0.65
-1.3 -0.68
-1.44 -0.78
-1.45 -0.8
-1.43 -0.665
-1.35 -0.73
-1.28 -0.695
-1.56 -0.795
-1.47 -0.805
-1.29 -0.765
-1.55 -0.815
-1.34 -0.68
-1.35 -0.495
-1.09 -0.41
-1.01 -0.46
-1.05 -0.375
-1.1 -0.31
-1.25 -0.455
-1.24 -0.53
-1.25 -0.52
-1.56 -0.865
-1.53 -0.83
-1.51 -0.74
-1.41 -0.62
-1.33 -0.645
-1.27 -0.63
-1.37 -0.675
-1.39 -0.69
-1.23 -0.56
-1.22 -0.38
-1.23 -0.53
-1.21 -0.135
-1.1 -0.01
-1.05 -0.135
-1.04 -0.06
-1.15 -0.16
-1.12 -0.135
-1.26 -0.185
-1.05 0.055
-1.14 0.24
-1.16 0.34
-1.17 0.35
-0.89 0.215
-1.06 0.235
-1.29 0.61
-1.28 0.655
-1.17 0.65
-1.24 0.595
-1.41 0.64
-1.32 0.575
-0.99 0.305
-1.23 0.12
-1.27 0.245
-1.1 0.325
-1.33 0.56
-1.24 0.55
-1.41 0.73
-1.52 0.775
-1.43 0.74
-1.3 0.695
-1.46 0.775
-1.43 0.755
-1.51 0.835
-1.66 0.865
-1.29 0.68
-1.36 0.755
-1.42 0.765
-1.31 0.655
-1.37 0.62
-1.16 0.335
-1.12 0.175
-1.04 -0.25
-1.23 -0.44
-1.46 -0.615
-1.35 -0.545
-1.18 -0.475
-1.26 -0.475
-1.24 -0.505
-1.15 -0.37
-1.12 -0.4
-1.1 -0.495
-1.46 -0.755
-1.43 -0.76
-1.25 -0.665
-1.28 -0.66
-1.31 -0.685
-1.16 -0.575
-1.33 -0.58
-1.18 -0.4
-1.39 -0.395
-1.1 -0.515
-1.19 -0.475
-1.4 -0.7
-1.19 -0.62
-1.12 -0.59
-1.47 -0.565
-1.21 -0.22
-1.12 -0.33
-1.29 -0.13
-1.41 -0.475
-1.25 -0.095
-1.25 0.095
-1.14 0.085
-1.08 0.27
-1.15 0.325
-1.26 0.63
-1.47 0.805
-1.43 0.74
-1.55 0.855
-1.36 0.65
-1.36 0.63
-1.15 0.465
-1.23 0.565
-1.28 0.685
-1.4 0.645
-1.25 0.585
-1.3 0.695
-1.4 0.61
-1.5 0.66
-1.33 0.505
-1.15 0.455
-1.14 0.525
-0.97 0.315
-1.23 0.4
-1.02 0.37
-1.34 0.335
-1.1 0.33
-1.23 -0.095
-1.15 -0.105
-1.36 -0.31
-1.17 -0.295
-1.28 -0.505
-1.33 -0.625
-1.4 -0.72
-1.32 -0.75
-1.33 -0.615
-1.31 -0.585
-1.34 -0.72
-1.54 -0.84
-1.46 -0.745
-1.16 -0.505
-1.33 -0.65
-1.34 -0.535
-1.11 -0.48
-1.28 -0.51
-1.36 -0.605
-1.3 -0.515
-1.16 -0.49
-1.24 -0.445
-1.39 -0.51
-1.29 -0.6
-1.36 -0.67
-1.24 -0.54
-1.52 -0.845
-1.51 -0.745
-1.63 -0.87
-1.44 -0.715
-1.21 -0.3
-1.12 -0.295
-1.44 -0.42
-1.09 -0.505
-1.22 -0.36
-1.13 -0.385
-1.07 -0.34
-1.06 -0.42
-1.19 -0.255
-1.17 -0.23
-1.12 -0.105
-1.23 0.115
-1.15 0.13
-1.19 0.135
-1.18 0.33
-1.19 0.295
-1.06 0.25
-1.22 0.38
-1.24 0.345
-1.29 0.48
-1.35 0.58
-1.26 0.46
-1.41 0.735
-1.39 0.73
-1.34 0.595
-1.35 0.45
-1.07 0.415
-1.26 0.515
-1.2 0.435
-1.13 0.34
-1.07 -0.02
-1.05 -0.04
-1.26 0.05
-1.12 0.17
-1.14 0.365
-1.13 -0.085
-1.17 0.13
-1.24 0.21
-1.26 0.52
-1.47 0.685
-1.1 0.48
-1.32 0.515
-1.07 0.335
-1.14 0.465
-1.22 0.55
-1.21 0.595
-1.36 0.745
-1.33 0.665
-1.34 0.735
-1.03 0.435
-1.44 0.755
-1.5 0.81
-1.23 0.58
-1.32 0.59
-1.38 0.655
-1.53 0.81
-1.21 0.48
-1.13 0.44
-1.4 0.6
-1.25 0.49
-1.19 0.295
-1 0.44
-1.09 0.34
-1.3 0.36
-1.1 0.145
-1.06 0.32
-1.03 0.235
-1.21 0.055
-1.22 0.24
-1.15 0.04
-1.28 0.325
-1.22 0.5
-1.3 0.645
-1.42 0.76
-1.03 0.475
-1.21 0.555
-1.26 0.585
-1.16 0.345
-1.25 0.3
-1.41 0.595
-1.43 0.635
-1.32 0.465
-1.2 0.515
-1.03 0.395
-1.35 0.73
-1.25 0.535
-1.21 0.57
-1.25 0.625
-1.08 0.37
-1.33 0.585
-1.32 0.58
-1.4 0.57
-1.4 0.59
-1.37 0.69
-1.2 0.59
-1.32 0.655
-1.34 0.645
-1.39 0.725
-1.68 0.89
-1.29 0.71
-1.25 0.575
-1.26 0.5
-1.19 0.305
-1.18 0.32
-1.15 0.275
-1.24 0.44
-1.23 0.535
-1.41 0.73
-1.47 0.72
-1.65 0.845
-1.47 0.8
-1.74 0.915
-1.36 0.64
-1.16 0.585
-1.4 0.76
-1.19 0.455
-1.19 0.26
-1.07 -0.2
-1.1 0
-1.21 0.09
-1.16 0.24
-1.13 0.31
-1.17 0.225
-1.13 -0.02
-1.15 0.195
-1.15 0.42
-1.23 0.285
-1.25 0.225
-1.4 0.125
-1.21 0.025
-1.09 -0.065
-1.17 -0.085
-1.25 -0.08
-1.07 -0.17
-1.19 -0.265
-1.2 -0.205
-0.98 -0.11
-1.08 0.09
-0.96 -0.175
-1.06 0.07
-1.21 0.46
-1.26 0.51
-1.35 0.515
-1.21 0.545
-1.3 0.46
-1.34 0.525
-1.32 0.585
-1.17 0.285
-1.18 -0.09
-1.1 -0.16
-1.09 -0.315
-1.24 -0.01
-1.19 -0.385
-1.14 -0.26
-1.13 -0.41
-1.33 -0.605
-1.35 -0.74
-1.33 -0.64
-1.42 -0.7
-1.34 -0.63
-1.45 -0.685
-1.36 -0.615
-1.3 -0.675
-1.21 -0.49
-1.12 -0.355
-1.17 -0.09
-1.27 0.035
-1.29 0.13
-1.12 0.385
-1.44 0.745
-1.48 0.82
-1.4 0.72
-1.36 0.71
-1.44 0.76
-1 0.355
-1.17 0.355
-1.27 0.435
-1.27 0.475
-1.43 0.425
-1.21 0.595
-1.38 0.715
-1.39 0.77
-1.37 0.765
-1.17 0.665
-1.23 0.625
-1.24 0.58
-1.22 0.59
-1.61 0.79
-1.21 0.665
-1.36 0.645
-1.21 0.6
-1.36 0.605
-1.39 0.705
-1.43 0.765
-1.46 0.655
-1.28 0.685
-1.37 0.615
-1.37 0.765
-1.46 0.735
-1.19 0.61
-1.42 0.725
-1.33 0.675
-1.57 0.815
-1.46 0.745
-1.31 0.63
-1.45 0.765
-1.38 0.74
-1.34 0.655
-1.2 0.425
-1.08 0.345
-1.43 0.575
-1.37 0.67
-1.26 0.585
-1.4 0.62
-1.09 0.27
-1.31 0.6
-1.37 0.51
-1.25 0.385
-1.01 0.325
-1.17 0.265
-1.23 0.19
-1.24 0.07
-1.07 0.06
-1.19 -0.1
-1.19 -0.17
-1.28 -0.415
-1.36 -0.555
-1.16 -0.61
-1.18 -0.365
-1.16 -0.3
-1.24 -0.245
-1.15 0.125
-1.05 0.09
-1.09 0.315
-1.2 0.27
-1.34 0.37
-1.14 0.295
-1.25 0.165
-1.29 0.25
-1.29 0.33
-1.23 0.255
-1.13 0.425
-1.06 0.365
-1.09 0.025
-1.21 -0.075
-1.16 0.355
-1.26 0.115
-1 -0.095
-1.22 0.09
-1.1 0.135
-0.98 0.185
-1 0.035
-1.12 0.28
-0.98 0.125
-1.21 0.285
-1.23 0.345
-1.44 0.565
-0.91 0.19
-1.42 0.455
-1.09 0.285
-1.12 0.225
-1.09 0.355
-1.26 0.4
-1.09 0.08
-1.09 0.195
-1.07 0.14
-1.17 0.115
-1.2 0.21
-1.21 0.18
-1.35 0.24
-1.39 0.09
-1.11 0.23
-1.04 0.29
-1.25 0.575
-1.41 0.69
-1.21 0.595
-1.57 0.785
-1.62 0.86
-1.26 0.63
-1.31 0.645
-1.05 0.51
-1.29 0.655
-1 0.52
-1.35 0.72
-1.28 0.61
-1.37 0.725
-1.49 0.78
-1.31 0.725
-1.31 0.665
-1.32 0.645
-1.25 0.605
-1.46 0.8
-1.38 0.735
-1.37 0.75
-1.21 0.58
-1.49 0.79
-1.54 0.76
-1.57 0.8
-1.43 0.67
-1.15 0.42
-1.6 0.885
-1.5 0.795
-1.28 0.72
-1.24 0.665
-1.37 0.555
-1.27 0.58
-1.16 0.51
-1.31 0.555
-1.33 0.575
-1.39 0.73
-1.22 0.57
-1.33 0.515
-1.2 0.29
-1.06 0.055
-1.12 -0.11
-1 -0.135
-0.93 0.06
-1.13 -0.16
-1.23 -0.245
-1.19 -0.29
-1.17 -0.44
-0.99 -0.305
-1.21 -0.61
-1.29 -0.675
-1.39 -0.74
-1.49 -0.825
-1.53 -0.8
-1.53 -0.825
-1.23 -0.62
-1.14 -0.43
-1.43 -0.635
-1.29 -0.615
-1.48 -0.725
-1.43 -0.67
-1.4 -0.72
-1.5 -0.7
-1.42 -0.715
-1.35 -0.66
-1.12 -0.495
-1.17 -0.49
-1.26 -0.64
-1.45 -0.745
-1.47 -0.805
-1.3 -0.72
-1.3 -0.645
-1.47 -0.77
-1.44 -0.62
-1.42 -0.68
-1.19 -0.62
-1.4 -0.705
-1.43 -0.755
-1.37 -0.71
-1.51 -0.67
-1.24 -0.61
-1.31 -0.46
-1.48 -0.545
-1.24 -0.53
-1.17 -0.475
-1.31 -0.68
-1.35 -0.68
-1.58 -0.795
-1.34 -0.665
-1.27 -0.71
-1.2 -0.555
-0.98 -0.31
-1.28 -0.43
-1.19 -0.255
-1.18 -0.125
-1.09 0.22
-1.09 0.13
-1.15 0.09
-1.11 0.21
-1.27 0.21
-1.34 0.415
-1.34 0.51
-1.2 0.47
-1.5 0.67
-1.26 0.58
-1.34 0.6
-1.36 0.61
-1.34 0.535
-1.17 0.51
-1.31 0.605
-1.49 0.65
-1.4 0.48
-1.25 0.49
-1.42 0.58
-1.22 0.445
-1.31 0.57
-1.44 0.505
-1.2 0.315
-1.16 0.075
-1.19 -0.065
-1.21 -0.085
-1.2 0.16
-1.27 0.12
-1.23 0.405
-1.07 0.16
-1.06 0.255
-1.38 0.28
-1.18 0.34
-1.13 0.26
-0.92 -0.16
-1.08 -0.25
-1.21 -0.455
-1.25 -0.49
-1.1 -0.53
-1.34 -0.725
-1.42 -0.67
-1.47 -0.77
-1.52 -0.79
-1.26 -0.705
-1.51 -0.82
-1.33 -0.64
-1.38 -0.7
-1.25 -0.625
-1.37 -0.75
-1.56 -0.82
-1.2 -0.57
-1.28 -0.715
-1.43 -0.725
-1.06 -0.41
-1.05 -0.32
-1.04 -0.285
-1.06 -0.34
-1.18 -0.39
-1.13 -0.13
-0.97 -0.025
-1.04 0.035
-1.22 0.395
-1.26 0.3
-1.25 0.145
-1.44 0.11
-1.27 0.145
-1.1 0.215
-1.14 0.25
-1.19 0.225
-1.12 0.375
-1.13 0.115
-1.15 0.165
-1.2 -0.065
-1.13 -0.055
-1.23 -0.085
-1.2 -0.215
-1.09 -0.105
-1.1 0.005
-1.21 -0.03
-1.04 0.26
-1.19 0.37
-1.24 0.38
-1.14 0.19
-1.07 0.005
-1.14 -0.2
-1.11 -0.46
-1.21 -0.575
-1.33 -0.71
-1.26 -0.595
-1.12 -0.455
-1.27 -0.655
-1.42 -0.75
-1.49 -0.655
-1.2 -0.565
-1.46 -0.755
-1.27 -0.635
-1.18 -0.525
-1.14 -0.41
-1.02 -0.08
-1.29 -0.29
-1.32 -0.64
-1.34 -0.665
-1.36 -0.645
-1.16 -0.305
-1.25 -0.445
-1.18 -0.37
-1.35 -0.445
-1.13 -0.315
-1.29 -0.375
-1.21 -0.51
-1.09 -0.17
-1.02 -0.245
-1.31 -0.325
-1.36 -0.385
-1.34 -0.47
-1.06 -0.325
-1.09 -0.135
-1.05 -0.2
-1.07 -0.045
-1.22 0
-1.16 0.09
-1.14 0.125
-1.16 0.085
-1.18 0.08
-1.38 0.385
-1.39 0.335
-1.31 0.24
-1.26 0.515
-1.23 0.575
-1.25 0.47
-1.21 0.35
-1.21 0.42
-1.23 0.51
-1.16 0.445
-1.19 0.54
-1.36 0.59
-1.3 0.52
-1.35 0.54
-1.62 0.81
-1.43 0.685
-1.21 0.575
-1.29 0.64
-1.4 0.7
-1.55 0.83
-1.51 0.795
-1.19 0.335
-1.21 0.195
-1.08 0.16
-1.1 0.09
-1 0.135
-1.14 -0.02
-1.08 -0.31
-1.12 -0.045
-1.17 -0.305
-1.22 -0.1
-1.21 -0.065
-1.28 -0.105
-1.18 -0.305
-1.3 -0.35
-1.28 -0.415
-1.1 -0.39
-1.11 -0.27
-1.21 -0.26
-1.1 -0.27
-1.2 -0.33
-1.25 -0.505
-1.15 -0.46
-1.36 -0.455
-1.17 -0.47
-1.31 -0.665
-1.39 -0.68
-1.41 -0.71
-1.27 -0.565
-1.44 -0.655
-1.24 -0.59
-1.07 -0.33
-0.96 0.035
-1.09 -0.015
-1.15 -0.14
-1.12 -0.16
-1.14 -0.285
-1.12 -0.27
-1.23 -0.145
-1.33 -0.385
-1.24 -0.485
-1.2 -0.255
-1.24 -0.285
-1.15 -0.17
-1.2 -0.435
-1.05 -0.285
-1.35 -0.39
-1.32 -0.565
-1.42 -0.76
-1.35 -0.665
-1.27 -0.31
-1.25 -0.375
-1.3 -0.285
-1.25 -0.45
-1.19 -0.11
-1.11 0.175
-1.22 0.025
-1.14 0.18
-1.13 0.075
-1.05 -0.085
-1.03 0.24
-1.14 -0.085
-1.18 0.135
-1.24 -0.01
-1.17 0.11
-1.32 -0.115
-0.97 0.175
-1.22 0.215
-1.09 0.22
-0.99 0.105
-0.96 0.315
-1.17 0.52
-1.37 0.72
-1.32 0.665
-1.4 0.68
-1.44 0.685
-1.47 0.735
-1.2 0.615
-1.1 0.47
-1.2 0.535
-1.34 0.43
-1.31 0.47
-1.13 0.365
-1.1 0.235
-1.03 0.075
-1.27 0.345
-0.98 0.225
-1.06 0.265
-1.13 0.275
-1.1 0.035
-1.11 -0.21
-1.07 0.075
-1.15 0.02
-1.09 -0.11
-1.15 -0.19
-1.03 -0.245
-1.13 -0.28
-1.18 -0.62
-1.34 -0.62
-1.39 -0.73
-1.44 -0.76
-1.28 -0.675
-1.43 -0.715
-1.19 -0.455
-1.27 -0.535
-1.29 -0.59
-1.39 -0.73
-1.23 -0.63
-1.47 -0.74
-1.17 -0.595
-1.21 -0.595
-1.6 -0.87
-1.42 -0.755
-1.39 -0.73
-1.07 -0.58
-1.49 -0.735
-1.51 -0.765
-1.35 -0.655
-1.2 -0.49
-1.37 -0.745
-1.5 -0.825
-1.41 -0.81
-1.28 -0.63
-1.09 -0.41
-1.3 -0.475
-1.29 -0.62
-1.35 -0.58
-1.23 -0.47
-1.07 -0.385
-1.16 -0.415
-1.05 -0.455
-1.2 -0.445
-1.18 -0.5
-1.43 -0.77
-1.51 -0.81
-1.39 -0.745
-1.38 -0.715
-1.54 -0.765
-1.3 -0.63
-1.18 -0.54
-1.21 -0.5
-1.24 -0.35
-1.2 -0.345
-1.25 -0.39
-1.03 -0.445
-1.24 -0.425
-1.32 -0.485
-1.48 -0.57
-1.23 -0.62
-1.44 -0.785
-1.25 -0.59
-1.04 -0.37
-1.42 -0.735
-1.45 -0.81
-1.44 -0.78
-1.3 -0.67
-1.48 -0.82
-1.13 -0.61
-1.26 -0.69
-1.24 -0.555
-1.16 -0.64
-1.04 -0.365
-1.09 -0.59
-1.33 -0.695
-1.45 -0.785
-1.32 -0.7
-1.43 -0.77
-1.2 -0.62
-1.12 -0.615
-1.42 -0.575
-1.37 -0.55
-1.35 -0.69
-1.55 -0.715
-1.37 -0.685
-1.3 -0.535
-1.04 -0.135
-1.18 -0.395
-1.24 -0.515
-1.14 -0.385
-1.36 -0.715
-1.36 -0.76
-1.35 -0.68
-1.4 -0.77
-1.13 -0.55
-1.45 -0.73
-1.3 -0.7
-1.39 -0.76
-1.44 -0.77
-1.53 -0.785
-1.43 -0.815
-1.52 -0.76
-1.26 -0.565
-1.31 -0.64
-1.37 -0.63
-1.3 -0.6
-1.36 -0.62
-1.38 -0.775
-1.46 -0.73
-1.31 -0.605
-1.52 -0.785
-1.25 -0.585
-1.23 -0.565
-1.38 -0.56
-1.18 -0.635
-1.13 -0.505
-1.06 -0.465
-1.11 -0.235
-1.32 -0.27
-1.08 -0.335
-1.03 -0.375
-1.17 -0.4
-1.04 -0.46
-1.15 -0.575
-1.44 -0.83
-1.35 -0.76
-1.54 -0.815
-1.56 -0.85
-1.48 -0.785
-1.36 -0.75
-1.52 -0.795
-1.37 -0.755
-1.33 -0.695
-1.47 -0.785
-1.13 -0.415
-1.12 -0.24
-1.16 0.115
-0.94 0.055
-1.06 0.03
-1.15 -0.13
-1.2 -0.02
-1.05 -0.145
-1.16 -0.135
-1.18 -0.355
-1.28 -0.215
-1.03 -0.15
-1.3 -0.275
-1.25 -0.085
-1.03 0.225
-1.14 0.1
-1.11 0.16
-1.36 0.32
-1.29 0.395
-1.25 0.395
-1.14 0.165
-1.03 0.3
-1.09 0.34
-1.18 0.445
-1.23 0.36
-1.19 0.365
-0.95 0.135
-1.28 0.11
-1.09 -0.155
-1.22 0.025
-1.19 0.065
-1.13 -0.235
-1.1 -0.5
-1.14 -0.6
-1.08 -0.595
-1.34 -0.595
-1.19 -0.555
-1.48 -0.805
-1.29 -0.665
-1.29 -0.715
-1.45 -0.735
-1.33 -0.735
-1.26 -0.695
-1.1 -0.47
-1.16 -0.25
-1.15 0.155
-1.2 0.085
-1.1 -0.285
-1.22 -0.34
-1.25 -0.48
-1.4 -0.64
-1.03 -0.365
-1.35 -0.435
-1.28 -0.425
-1.2 -0.47
-1.38 -0.61
-1.35 -0.68
-1.49 -0.785
-1.45 -0.745
-1.51 -0.85
-1.54 -0.82
-1.72 -0.9
-1.28 -0.66
-1.53 -0.81
-1.54 -0.83
-1.57 -0.865
-1.39 -0.665
-1.33 -0.57
-1.5 -0.76
-1.45 -0.785
-1.36 -0.775
-1.36 -0.75
-1.59 -0.87
-1.4 -0.73
-1.32 -0.63
-1.24 -0.67
-1.27 -0.695
-1.54 -0.835
-1.42 -0.77
-1.3 -0.63
-1.39 -0.59
-1.31 -0.68
-1.17 -0.56
-1.29 -0.535
-1.26 -0.57
-1.14 -0.345
-0.93 -0.345
-1.12 -0.3
-1.09 -0.17
-1.2 0.185
-1.07 0.155
-1.24 -0.105
-1.05 0.135
-1.15 0.245
-1.18 0.06
-1.05 -0.165
-1.15 0.04
-1.18 -0.36
-1.35 -0.415
-1.45 -0.77
-1.34 -0.76
-1.37 -0.75
-1.39 -0.73
-1.28 -0.705
-1.4 -0.735
-1.32 -0.61
-1.42 -0.685
-1.46 -0.765
-1.28 -0.65
-1.36 -0.69
-1.33 -0.75
-1.34 -0.67
-1.36 -0.66
-1.45 -0.76
-1.48 -0.77
-1.59 -0.845
-1.4 -0.7
-1.32 -0.66
-1.27 -0.515
-1.22 -0.325
-1.2 -0.365
-1.15 -0.15
-1.14 -0.125
-1.28 0.065
-1.23 0.235
-1.07 -0.005
-0.92 -0.195
-0.99 -0.135
-1.12 -0.26
-1.24 -0.5
-1.11 -0.215
-1.22 -0.315
-1.07 -0.25
-1.2 -0.31
-1.3 -0.265
-1.28 -0.285
-1.2 -0.12
-1.11 -0.105
-1.22 -0.03
-1.05 0.19
-1.21 0.62
-1.27 0.555
-1.32 0.325
-1.24 0.4
-1.28 0.535
-1.17 0.585
-1.24 0.58
-1.37 0.615
-1.29 0.335
-1.22 0.12
-1.23 0.435
-1.26 0.58
-1.23 0.455
-1.32 0.485
-1.33 0.47
-1.35 0.6
-1.4 0.645
-1.52 0.72
-1.3 0.58
-1.04 0.34
-1.14 0.29
-1.24 0.405
-1.28 0.35
-1.08 0.45
-1.29 0.505
-1.21 0.505
-1.17 0.61
-1.09 0.59
-1.27 0.68
-1.22 0.675
-1.46 0.72
-1.33 0.685
-1.24 0.655
-1.25 0.65
-1.34 0.755
-1.32 0.66
-1.45 0.73
-1.21 0.535
-1.41 0.63
-1.36 0.66
-1.2 0.525
-1.15 -0.03
-1.05 -0.09
-1.07 -0.02
-1.13 -0.13
-1.31 -0.14
-1.31 0
-1.28 0.375
-1.26 0.365
-0.99 0.255
-1.36 0.295
-1.11 0.3
-1.05 0.275
-1.28 0.575
-1.13 0.64
-1.16 0.54
-1.25 0.26
-1.24 0.515
-1.33 0.69
-1.33 0.56
-1.23 0.25
-1.18 0.05
-1.02 0.205
-1.21 0.275
-1.33 0.325
-1.27 0.53
-1.28 0.6
-1.37 0.71
-1.52 0.77
-1.49 0.815
-1.37 0.645
-1.26 0.645
-1.49 0.79
-1.51 0.84
-1.4 0.745
-1.29 0.625
-1.41 0.74
-1.31 0.705
-1.46 0.72
-1.37 0.61
-1.42 0.52
-1.17 0.445
-1.05 0.22
-1.18 0.22
-1.13 0.31
-1.19 0.435
-1.16 0.485
-1.65 0.84
-1.27 0.61
-1.35 0.73
-1.56 0.815
-1.31 0.71
-1.55 0.845
-1.34 0.72
-1.44 0.75
-1.29 0.71
-1.43 0.68
-1.41 0.67
-1.24 0.615
-1.25 0.63
-1.29 0.51
-1.43 0.73
-1.42 0.77
-1.51 0.815
-1.29 0.75
-1.46 0.78
-1.24 0.71
-1.46 0.76
-1.57 0.84
-1.31 0.72
-1.09 0.515
-1.18 0.575
-1.38 0.615
-1.28 0.59
-1.3 0.585
-1.33 0.74
-1.22 0.635
-1.25 0.475
-0.95 0.36
-1.24 0.47
-1.2 0.45
-1.32 0.67
-1.25 0.53
-1.27 0.665
-1.29 0.595
-1.29 0.64
-1.45 0.79
-1.43 0.775
-1.32 0.61
-1.15 0.465
-1.13 0.305
-1.23 0.215
-1.02 0.29
-1.27 0.44
-1.09 0.385
-1.13 0.43
-1.18 0.365
-1.14 0.47
-1.08 0.495
-1.33 0.635
-1.33 0.65
-1.26 0.655
-1.41 0.765
-1.25 0.61
-1.35 0.68
-1.21 0.4
-1.28 0.495
-1.25 0.595
-1.35 0.56
-1.26 0.66
-1.3 0.615
-1.26 0.67
-1.24 0.695
-1.36 0.71
-1.57 0.75
-1.41 0.755
-1.38 0.79
-1.52 0.78
-1.6 0.86
-1.46 0.755
-1 0.445
-1.3 0.335
-1.29 0.54
-1.34 0.615
-1.22 0.54
-1 0.32
-1.17 0.51
-1.28 0.545
-1.41 0.595
-1.23 0.51
-1.29 0.595
-1.32 0.54
-1.02 0.34
-1.03 0.3
-1.03 0.155
-1.28 0.09
-1.19 0.18
-1.16 0.035
-1.26 -0.355
-1.19 -0.305
-1.21 -0.42
-1.23 -0.485
-1.23 -0.62
-1.34 -0.74
-1.49 -0.745
-1.22 -0.635
-1.48 -0.805
-1.35 -0.705
-1.27 -0.58
-1.23 -0.49
-1.35 -0.355
-1.06 -0.335
-1.23 -0.295
-1.12 -0.155
-1.25 -0.47
-1.21 -0.505
-1.25 -0.595
-1.48 -0.805
-1.17 -0.61
-1.33 -0.71
-1.14 -0.385
-1.08 -0.18
-1 -0.18
-1.21 -0.185
-1.24 -0.18
-1.03 -0.355
-1.29 -0.5
-1.49 -0.475
-1.26 -0.41
-1.18 -0.41
-1.21 -0.43
-1.25 -0.265
-1.31 -0.42
-1.1 -0.175
-1.2 -0.595
-1.32 -0.685
-1.57 -0.675
-1.4 -0.71
-1.49 -0.84
-1.37 -0.59
-1.32 -0.635
-1.19 -0.53
-1.35 -0.595
-1.37 -0.545
-1.3 -0.57
-1.19 -0.34
-0.97 -0.09
-1 -0.38
-1.42 -0.76
-1.21 -0.72
-1.22 -0.52
-1.31 -0.67
-1.08 -0.36
-1.15 -0.535
-1.17 -0.355
-1.25 -0.36
-1.27 -0.555
-1.2 -0.615
-1.26 -0.605
-1.15 -0.415
-1.32 -0.565
-1.3 -0.435
-1.3 -0.565
-1.44 -0.71
-1.32 -0.595
-1.14 -0.42
-1.14 0.045
-1.14 0.13
-1.2 0.37
-1.14 0.325
-1.3 0.51
-0.98 0.215
-1.04 0.245
-1.24 0.15
-1.25 0.065
-1.19 0
-1.18 0.105
-1.23 -0.23
-1.2 -0.185
-1.19 -0.305
-1.14 -0.44
-1.36 -0.61
-1.33 -0.7
-1.42 -0.655
-1.21 -0.535
-1.17 -0.555
-0.99 -0.31
-1.13 -0.41
-1.11 -0.37
-1.15 -0.475
-1.25 -0.47
-1.2 -0.53
-1.15 -0.29
-1.03 -0.16
-1.17 -0.085
-1.06 0
-1.14 0.19
-1.26 0.375
-1.14 0.42
-1.2 0.585
-1.45 0.775
-1.4 0.535
-1.4 0.735
-1.38 0.675
-1.37 0.65
-1.35 0.63
-1.46 0.8
-1.36 0.71
-1.33 0.75
-1.46 0.8
-1.63 0.895
-1.36 0.64
-1.32 0.42
-1.25 0.585
-1.28 0.605
-1.1 0.565
-1.43 0.74
-1.39 0.65
-1.25 0.58
-1.36 0.615
-1.36 0.535
-1.2 0.485
-1.24 0.68
-1.33 0.615
-1.6 0.86
-1.39 0.745
-1.46 0.73
-1.25 0.655
-1.31 0.615
-1.22 0.59
-1.25 0.46
-1.13 0.365
-1.15 0.255
-1.14 0.195
-1.25 0.125
-1.07 0.285
-1.25 0.2
-1.07 0.26
-1.06 0
-1.22 -0.095
-1.17 -0.075
-1.15 -0.05
-1.26 -0.305
-1.26 -0.515
-1.4 -0.655
-1.23 -0.59
-1.48 -0.805
-1.23 -0.61
-1.39 -0.765
-1.45 -0.695
-1.55 -0.785
-1.41 -0.725
-1.26 -0.69
-1.3 -0.72
-1.56 -0.74
-1.2 -0.505
-1.43 -0.71
-1.39 -0.595
-1.2 -0.465
-1.19 -0.35
-1.13 -0.51
-1.14 -0.55
-1.29 -0.27
-1.01 -0.1
-1.04 -0.165
-1.22 -0.17
-1.01 0.025
-1.07 -0.07
-1.34 0.26
-1.12 0.315
-1.17 -0.015
-1.08 -0.045
-1.22 0.02
-1.08 0.015
-1.3 -0.02
-1.28 0.045
-1.16 0.055
-1.18 0.155
-1.29 0.33
-1.22 0.07
-1.33 0.085
-1.17 -0.02
-1.09 0.085
-1.08 -0.245
-1.24 -0.655
-1.26 -0.5
-1.22 -0.365
-1.2 -0.305
-1.28 -0.13
-1.23 0.17
-1.22 0.41
-1.27 -0.115
-1.12 -0.36
-1.1 -0.495
-1.1 -0.27
-1.2 -0.305
-1.18 -0.38
-1.25 -0.44
-1.26 -0.455
-1.17 -0.395
-1.13 -0.335
-1.18 -0.35
-1.3 -0.635
-1.3 -0.675
-1.54 -0.805
-1.38 -0.735
-1.47 -0.785
-1.21 -0.615
-1.33 -0.695
-1.21 -0.465
-1.21 -0.45
-1.25 -0.545
-1.33 -0.525
-1.28 -0.53
-1.14 -0.54
-1.41 -0.69
-1.43 -0.665
-1.44 -0.6
-1.2 -0.405
-1.21 -0.505
-1.2 -0.44
-1.22 -0.265
-0.98 -0.19
-1.05 0.115
-1.01 -0.015
-1.24 0.11
-1.06 0.01
-0.99 0.075
-1.08 0.135
-1.2 -0.32
-1.15 -0.26
-1.12 -0.16
-1.17 -0.05
-0.92 -0.08
-1.15 -0.06
-1.33 -0.025
-1.29 -0.09
-1.16 -0.07
-1.17 -0.295
-1.15 -0.11
-1.14 -0.02
-1.07 0.39
-1.24 0.555
-1.25 0.645
-1.38 0.72
-1.31 0.66
-1.27 0.585
-1.25 0.56
-1.42 0.55
-1.25 0.51
-1.42 0.72
-1.29 0.59
-1.33 0.61
-1.15 0.445
-1.58 0.825
-1.51 0.805
-1.22 0.48
-1.36 0.67
-1.14 0.555
-1.28 0.6
-1.23 0.53
-1.29 0.595
-1.4 0.64
-1.44 0.645
-1.29 0.595
-1.49 0.68
-1.06 0.395
-1.07 0.205
-1.1 0.09
-1.05 0.04
-1.32 0.105
-1.16 -0.02
-1.09 -0.08
-1.14 -0.22
-1.04 -0.39
-1.33 -0.43
-1.35 -0.395
-1.23 -0.525
-1.26 -0.595
-1.17 -0.435
-1.17 -0.52
-1.26 -0.58
-1.42 -0.68
-1.31 -0.615
-1.12 -0.62
-1.2 -0.525
-1.24 -0.62
-1.25 -0.545
-1.37 -0.685
-1.21 -0.58
-1.29 -0.74
-1.28 -0.545
-1.29 -0.515
-1.1 -0.23
-1.25 -0.285
-1.14 -0.16
-1.04 -0.275
-1.18 -0.24
-0.95 -0.105
-1.14 -0.085
-1.21 -0.47
-1.26 -0.445
-1.37 -0.605
-1.39 -0.545
-1.42 -0.755
-1.55 -0.81
-1.37 -0.765
-1.38 -0.77
-1.59 -0.83
-1.29 -0.525
-1.15 -0.515
-1.24 -0.695
-1.34 -0.51
-1.28 -0.525
-1.4 -0.515
-0.94 -0.4
-1.25 -0.405
-0.99 -0.215
-1.12 -0.56
-1.25 -0.54
-1.22 -0.48
-1.51 -0.785
-1.15 -0.45
-1.3 -0.635
-1.19 -0.445
-1.15 -0.485
-1.41 -0.74
-1.14 -0.515
-1.21 -0.565
-1.43 -0.74
-1.56 -0.84
-1.3 -0.655
-1.46 -0.76
-1.47 -0.825
-1.5 -0.83
-1.22 -0.68
-1.34 -0.58
-1.28 -0.64
-1.51 -0.63
-1.36 -0.51
-1.2 -0.265
-1.13 -0.12
-1.1 0.035
-1.23 0.5
-1.26 0.525
-1.39 0.6
-1.16 0.585
-1.26 0.605
-1.29 0.62
-1.45 0.805
-1.32 0.685
-1.3 0.605
-1.36 0.755
-1.39 0.695
-1.23 0.66
-1.24 0.6
-1.33 0.74
-1.31 0.75
-1.55 0.81
-1.25 0.65
-1.13 0.69
-1.33 0.59
-1.49 0.815
-1.38 0.7
-1.3 0.695
-1.45 0.79
-1.53 0.8
-1.39 0.75
-1.39 0.625
-1.37 0.725
-1.27 0.705
-1.62 0.845
-1.47 0.77
-1.32 0.74
-1.36 0.73
-1.4 0.67
-1.38 0.67
-1.32 0.68
-1.41 0.73
-1.18 0.475
-1.12 0.575
-1.32 0.735
-1.31 0.76
-1.33 0.68
-1.38 0.75
-1.32 0.7
-1.57 0.785
-1.73 0.915
-1.58 0.805
-1.4 0.71
-1.31 0.645
-1.32 0.66
-1.25 0.555
-1.17 0.365
-1.19 0.27
-1.24 0.435
-1.3 0.525
-1.32 0.57
-1.36 0.69
-1.54 0.675
-1.32 0.645
-1.31 0.74
-1.23 0.56
-1.36 0.555
-1.32 0.615
-1.33 0.635
-1.37 0.73
-1.51 0.78
-1.29 0.64
-1.25 0.63
-1.25 0.675
-1.4 0.615
-1.37 0.71
-1.52 0.81
-1.22 0.58
-1.04 0.265
-1.13 0.485
-1.49 0.58
-1.24 0.315
-1.13 0.18
-1.07 -0.005
-1.29 0.02
-1.3 -0.09
-1.2 0.19
-1.19 0.32
-1.06 0.18
-1.14 0.175
-1.31 0.1
-0.9 0.38
-1.19 0.38
-1.11 0.435
-1.39 0.53
-1.13 0.475
-1.17 0.6
-1.3 0.725
-1.35 0.69
-1.26 0.51
-1.42 0.715
-1.19 0.575
-1.42 0.655
-1.27 0.605
-1.27 0.68
-1.5 0.825
-1.43 0.765
-1.57 0.87
-1.43 0.735
-1.34 0.63
-1.54 0.68
-1.33 0.64
-1.4 0.705
-1.19 0.62
-1.22 0.59
-1.29 0.63
-1.16 0.495
-1.22 0.595
-1.35 0.68
-1.54 0.835
-1.51 0.805
-1.38 0.725
-1.28 0.42
-1.19 0.195
-1.28 0.265
-1.3 0.585
-1.4 0.52
-1.43 0.715
-1.69 0.9
-1.29 0.705
-1.24 0.63
-1.24 0.57
-1.39 0.645
-1.32 0.64
-1.46 0.77
-1.24 0.665
-1.26 0.68
-1.44 0.805
-1.43 0.655
-1.29 0.63
-1.46 0.775
-1.54 0.845
-1.29 0.66
-1.33 0.735
-1.43 0.75
-1.5 0.715
-1.53 0.805
-1.27 0.715
-1.35 0.65
-1.51 0.835
-1.36 0.745
-1.43 0.715
-1.43 0.74
-1.23 0.44
-1.19 0.535
-1.04 0.545
-1.34 0.67
-1.33 0.7
-1.17 0.555
-1.5 0.785
-1.57 0.825
-1.59 0.84
-1.41 0.72
-1.1 0.58
-1.34 0.625
-1.17 0.395
-1.46 0.545
-1.31 0.5
-1.24 0.585
-1.34 0.67
-1.32 0.575
-1.35 0.695
-1.42 0.765
-1.25 0.72
-1.51 0.75
-1.07 0.58
-1.11 0.475
-1.27 0.56
-1.32 0.295
-1.24 0.175
-1.28 0.12
-1.17 0.255
-1.11 0.245
-1.13 -0.075
-1.22 -0.195
-1.16 -0.165
-0.98 -0.205
-1.07 -0.1
-1.14 0.28
-1.19 0.4
-1.24 0.58
-1.23 0.405
-1.34 0.48
-1.08 0.565
-1.35 0.665
-1.53 0.79
-1.56 0.855
-1.44 0.76
-1.4 0.69
-1.35 0.63
-1.25 0.62
-1.39 0.74
-1.24 0.625
-1.6 0.875
-1.41 0.78
-1.47 0.795
-1.48 0.765
-1.51 0.83
-1.57 0.85
-1.57 0.825
-1.24 0.485
-1.37 0.58
-1.2 0.575
-1.29 0.65
-1.36 0.685
-1.05 0.38
-1.28 0.64
-1.33 0.665
-1.24 0.465
-1.39 0.655
-1.33 0.505
-1.21 0.435
-1.12 0.175
-1.11 0.09
-1.08 0.035
-1.14 -0.035
-1.13 -0.19
-1.25 -0.185
-1.17 0.025
-1.08 0.135
-1.2 0.15
-1.19 0.085
-1.07 0.37
-1.26 0.29
-1.18 0.42
-1.2 0.565
-1.23 0.485
-1.1 0.28
-1.13 0.315
-1.11 0.04
-1.22 0.05
-1.34 -0.05
-1.3 0.175
-1.23 -0.025
-1.21 -0.11
-1.16 0.065
-1.06 -0.065
-1.02 0.365
-1.3 0.37
-1.26 0.395
-1.29 0.285
-1.12 0.405
-1.24 0.495
-1.21 0.47
-1.05 0.44
-1.11 0.43
-1.12 0.425
-1.24 0.46
-1.39 0.585
-1.27 0.62
-1.39 0.605
-1.16 0.425
-1.09 0.18
-1.16 0.325
-1.07 0.54
-1.15 0.64
-1.64 0.85
-1.29 0.66
-1.41 0.635
-1.4 0.48
-1.35 0.655
-1.21 0.475
-1.15 0.485
-1.23 0.47
-1.13 0.44
-1.27 0.71
-1.29 0.635
-1.27 0.61
-1.29 0.755
-1.55 0.82
-1.27 0.695
-1.38 0.76
-1.54 0.85
-1.62 0.825
-1.32 0.74
-1.54 0.82
-1.38 0.78
-1.41 0.785
-1.59 0.84
-1.43 0.775
-1.43 0.725
-1.22 0.415
-1.19 0.08
-1.06 0
-1.14 -0.215
-1.18 -0.005
-1.05 -0.445
-1.32 -0.54
-1.29 -0.425
-1.08 -0.335
-1.29 -0.38
-1.48 -0.555
-1.12 -0.305
-1.11 -0.31
-1.22 -0.445
-1.22 -0.6
-1.12 -0.395
-1.17 -0.225
-1.34 -0.345
-1.15 -0.285
-1.37 -0.6
-1.2 -0.42
-1.26 -0.195
-1.27 -0.45
-1.3 -0.465
-1.56 -0.755
-1.26 -0.585
-1.21 -0.375
-1.12 -0.15
-1.25 -0.525
-1.19 -0.445
-1.46 -0.48
-1.32 -0.565
-1.11 -0.435
-1.25 -0.49
-1.18 -0.43
-1.06 -0.24
-1.17 -0.315
-1.07 -0.475
-1.28 -0.515
-1.24 -0.495
-1.25 -0.475
-1.16 -0.37
-1.15 -0.36
-1.17 -0.27
-1.17 -0.4
-1.14 -0.455
-1.29 -0.545
-1.13 -0.185
-0.97 -0.245
-1.09 0.175
-1.07 -0.055
-1.26 -0.08
-1.12 -0.095
-1.22 -0.275
-1.1 -0.015
-0.98 0
-1.13 -0.135
-1.34 0.09
-0.93 0.09
-1.18 -0.17
-1.16 -0.275
-1.38 -0.295
-1.35 -0.515
-1.47 -0.675
-1.12 -0.45
-1.39 -0.715
-1.4 -0.71
-1.35 -0.64
-1.53 -0.84
-1.53 -0.83
-1.23 -0.665
-1.09 -0.59
-1.19 -0.425
-1.38 -0.605
-1.48 -0.735
-1.25 -0.62
-1.35 -0.765
-1.5 -0.825
-1.26 -0.56
-1.23 -0.61
-1.14 -0.48
-1.12 -0.465
-1.18 -0.27
-1.2 -0.26
-1.39 -0.675
-1.41 -0.69
-1.55 -0.835
-1.32 -0.76
-1.45 -0.765
-1.38 -0.635
-1.32 -0.615
-1.31 -0.59
-1.18 -0.46
-1.18 -0.38
-1.18 -0.29
-1.42 -0.655
-1.27 -0.575
-1.27 -0.605
-1.17 -0.48
-1.19 -0.455
-1.16 -0.54
-1.21 -0.295
-1.1 -0.025
-0.92 0
-1.1 -0.05
-1.06 -0.315
-1.08 -0.21
-1.11 -0.165
-1.35 -0.135
-0.91 0.01
-1.19 -0.085
-1.09 -0.13
-1.23 -0.27
-1.21 -0.535
-1.34 -0.65
-1.53 -0.685
-1.19 -0.585
-1.28 -0.555
-1.28 -0.675
-1.33 -0.685
-1.5 -0.78
-1.4 -0.73
-1.43 -0.79
-1.28 -0.61
-1.41 -0.75
-1.1 -0.46
-1.32 -0.64
-1.24 -0.5
-1.13 -0.355
-1.26 -0.565
-1.4 -0.62
-1.19 -0.49
-1.18 -0.42
-1.17 -0.405
-1.3 -0.485
-1.06 -0.32
-1.09 -0.53
-1.22 -0.55
-1.21 -0.29
-1.13 -0.24
-1.12 -0.385
-1.22 -0.375
-1.21 -0.585
-1.23 -0.565
-1.23 -0.45
-1.54 -0.775
-1.58 -0.865
-1.23 -0.665
-1.44 -0.71
-1.41 -0.71
-1.32 -0.665
-1.19 -0.675
-1.3 -0.64
-1.44 -0.77
-1.28 -0.67
-1.41 -0.76
-1.26 -0.54
-1.3 -0.53
-1.2 -0.575
-1.29 -0.655
-1.13 -0.515
-1.51 -0.805
-1.4 -0.815
-1.19 -0.565
-1.45 -0.735
-1.29 -0.63
-1.35 -0.725
-1.37 -0.705
-1.23 -0.475
-1.03 -0.4
-1.28 -0.675
-1.42 -0.77
-1.55 -0.84
-1.5 -0.785
-1.61 -0.885
-1.31 -0.735
-1.4 -0.705
-1.38 -0.695
-1.39 -0.725
-1.4 -0.755
-1.27 -0.605
-1.28 -0.485
-1.33 -0.285
-1.18 -0.455
-1.11 -0.475
-1.05 -0.36
-1.26 -0.385
-1.18 -0.335
-1.24 -0.37
-1.15 -0.155
-1.03 -0.385
-1.14 -0.545
-1.35 -0.63
-1.25 -0.42
-1.1 -0.465
-1.43 -0.705
-1.64 -0.875
-1.32 -0.66
-1.34 -0.74
-1.44 -0.785
-1.34 -0.59
-1.25 -0.59
-1.44 -0.74
-1.28 -0.565
-1.17 -0.295
-1.25 -0.52
-1.18 -0.485
-1.17 -0.42
-1.45 -0.695
-1.42 -0.675
-1.57 -0.705
-1.33 -0.63
-1.34 -0.48
-1.32 -0.44
-1.54 -0.625
-1.33 -0.585
-1.27 -0.49
-1.29 -0.625
-1.44 -0.57
-1.37 -0.545
-0.96 -0.425
-1.24 -0.575
-1.48 -0.79
-1.44 -0.695
-1.19 -0.405
-1.27 -0.395
-1.34 -0.41
-1.29 -0.595
-1.04 -0.235
-1.13 0.04
-1.31 0.195
-1.2 -0.125
-0.99 -0.16
-1.05 0.125
-1.24 0.11
-1.12 -0.135
-1.19 -0.405
-1.44 -0.65
-1.49 -0.605
-1.31 -0.62
-1.12 -0.43
-1.28 -0.62
-1.14 -0.345
-1.31 -0.38
-1.12 -0.255
-1.15 -0.125
-1.04 0.165
-1.11 -0.03
-1.04 0.125
-1.05 -0.08
-1.04 -0.075
-1.23 -0.155
-1.1 -0.33
-1.08 -0.175
-1.06 -0.115
-1.19 -0.505
-1.31 -0.57
-1.23 -0.34
-1.04 -0.325
-1.02 -0.255
-1.07 0.01
-1.03 -0.06
-1.15 0.02
-1.16 -0.015
-1.04 0.205
-1.01 0.1
-1.35 -0.315
-1.09 -0.03
-1.25 -0.115
-1.08 -0.25
-1.1 -0.085
-1.16 -0.385
-1.16 -0.325
-1 -0.175
-1.19 -0.315
-1.18 -0.31
-1.18 -0.205
-0.98 -0.295
-1.18 -0.44
-1.2 -0.39
-1.04 -0.44
-1.32 -0.58
-1.29 -0.49
-1.27 -0.58
-1.22 -0.595
-1.2 -0.465
-1.26 -0.615
-1.33 -0.715
-1.12 -0.565
-1.32 -0.555
-1.6 -0.745
-1.35 -0.695
-1.58 -0.85
-1.45 -0.795
-1.42 -0.7
-1.36 -0.69
-1.04 -0.48
-1.22 -0.58
-1.28 -0.395
-1.24 -0.545
-1.45 -0.815
-1.56 -0.735
-1.54 -0.83
-1.62 -0.86
-1.51 -0.81
-1.28 -0.735
-1.38 -0.78
-1.41 -0.78
-1.33 -0.505
-1.29 -0.635
-1.47 -0.665
-1.26 -0.665
-1.13 -0.62
-1.27 -0.63
-1.54 -0.805
-1.17 -0.655
-1.22 -0.58
-1.3 -0.62
-1.07 -0.485
-1.14 -0.415
-1.42 -0.72
-1.5 -0.785
-1.37 -0.76
-1.22 -0.6
-1.35 -0.66
-1.31 -0.685
-1.06 -0.545
-1.31 -0.655
-1.4 -0.67
-1.3 -0.67
-1.45 -0.795
-1.64 -0.875
-1.28 -0.735
-1.62 -0.865
-1.48 -0.78
-1.3 -0.71
-1.4 -0.75
-1.37 -0.79
-1.25 -0.69
-1.46 -0.8
-1.31 -0.725
-1.16 -0.485
-1.24 -0.22
-1.09 -0.06
-1.12 -0.3
-1.06 -0.3
-1.28 -0.445
-1.3 -0.515
-1.31 -0.525
-1.16 -0.59
-1.67 -0.825
-1.42 -0.725
-1.29 -0.705
-1.42 -0.725
-1.4 -0.655
-1.41 -0.635
-1.44 -0.655
-1.41 -0.645
-1.32 -0.675
-1.44 -0.725
-1.19 -0.53
-1.22 -0.42
-1.21 -0.35
-0.97 -0.335
-1.14 -0.51
-1.03 -0.305
-0.96 -0.215
-1.11 -0.45
-1.27 -0.41
-1.4 -0.37
-1.14 -0.505
-1.33 -0.665
-1.37 -0.67
-1.24 -0.625
-1.06 -0.475
-1.39 -0.735
-1.45 -0.71
-1.6 -0.835
-1.36 -0.645
-1.44 -0.77
-1.29 -0.655
-1.32 -0.69
-1.31 -0.65
-1.14 -0.57
-1.18 -0.64
-1.28 -0.58
-1.07 -0.29
-1.13 -0.11
-1.16 -0.135
-1.17 -0.275
-1.09 -0.21
-1.1 -0.41
-1.19 -0.25
-1.15 -0.49
-1.34 -0.7
-1.3 -0.67
-1.18 -0.565
-1.44 -0.63
-1.39 -0.75
-1.5 -0.795
-1.48 -0.775
-1.35 -0.78
-1.75 -0.93
-1.28 -0.67
-1.3 -0.62
-1.28 -0.685
-1.28 -0.64
-1.46 -0.79
-1.26 -0.675
-1.4 -0.72
-1.35 -0.725
-1.4 -0.695
-1.33 -0.555
-1.31 -0.57
-1.65 -0.86
-1.52 -0.72
-1.36 -0.645
-1.37 -0.6
-1.12 -0.415
-1.26 -0.505
-1.16 -0.32
-1.25 -0.425
-1.14 -0.235
-1.15 -0.265
-1.09 -0.14
-1.18 -0.195
-1.08 -0.34
-1.18 -0.345
-1.17 -0.215
-1.09 -0.145
-1.06 0.005
-1.24 -0.32
-1.26 -0.37
-1.12 -0.425
-1.13 -0.29
-1.32 -0.7
-1.22 -0.625
-1.36 -0.625
-1.21 -0.515
-1.02 -0.19
-1.1 0.08
-1.15 0.42
-1.21 0.525
-1.34 0.3
-1.34 0.25
-1.04 0.155
-1.23 0.35
-1.37 0.555
-1.13 0.305
-1.18 0.375
-1.09 0.295
-1.13 0.36
-1.02 0.135
-1.1 0.175
-1.16 0.35
-1.25 0.535
-1.2 0.66
-1.2 0.54
-1.35 0.615
-1.3 0.72
-1.17 0.495
-1.08 0.185
-1.25 0.195
-1.17 0.545
-1.38 0.585
-1.28 0.64
-1.34 0.685
-1.44 0.755
-1.22 0.665
-1.34 0.645
-1.36 0.63
-1.2 0.575
-1.31 0.575
-1.28 0.62
-1.41 0.54
-1.42 0.68
-1.16 0.62
-1.44 0.72
-1.36 0.715
-1.03 0.455
-1.41 0.555
-1.17 0.4
-1.12 0.465
-1.26 0.49
-1.05 0.245
-1.26 0.315
-1.11 0.425
-1.32 0.535
-1.38 0.67
-1.21 0.65
-1.52 0.78
-1.5 0.78
-1.4 0.755
-1.56 0.825
-1.61 0.86
-1.32 0.515
-1.12 0.175
-1.13 0.18
-1.33 0.16
-1.18 0.045
-1.2 0.235
-1.12 0.26
-1.26 0.08
-1.15 0.01
-1.06 -0.14
-0.93 -0.095
-1.28 -0.22
-1.2 -0.155
-1.29 0.21
-1.14 0.175
-1.17 -0.05
-1.15 0.43
-1.11 0.37
-1.18 0.57
-1.23 0.62
-1.13 0.64
-1.53 0.805
-1.51 0.81
-1.36 0.735
-1.15 0.56
-1.23 0.475
-1.22 0.495
-1.15 0.35
-1.3 0.44
-1.34 0.495
-1.21 0.49
-1.47 0.55
-1.35 0.46
-1.15 0.425
-1.2 0.46
-1.13 0.49
-0.91 0.335
-1.3 0.55
-1.34 0.515
-1.37 0.68
-1.3 0.615
-1.61 0.845
-1.52 0.835
-1.51 0.825
-1.42 0.68
-1.29 0.515
-1.23 0.385
-1.12 0.18
-1.17 0.315
-1.09 0.465
-1.27 0.615
-1.26 0.53
-1.55 0.785
-1.57 0.825
-1.36 0.625
-1.29 0.71
-1.19 0.52
-1.2 0.545
-1.11 0.56
-1.52 0.735
-1.28 0.475
-0.87 0.265
-1.13 0.355
-1.12 0.135
-1.2 0.13
-1.23 0.395
-1.11 0.03
-1.09 0.105
-1.22 0.22
-1.1 0.11
-1.11 -0.325
-1.14 -0.295
-1.13 -0.275
-1.02 -0.365
-1.01 -0.13
-1.22 -0.41
-1.28 -0.57
-1.18 -0.41
-1.08 -0.19
-1.47 -0.78
-1.52 -0.84
-1.44 -0.775
-1.19 -0.665
-1.42 -0.65
-1.15 -0.415
-1.21 -0.58
-1.44 -0.73
-1.21 -0.655
-1.42 -0.735
-1.4 -0.75
-1.65 -0.85
-1.53 -0.83
-1.49 -0.77
-1.31 -0.625
-1.41 -0.8
-1.2 -0.595
-1.54 -0.785
-1.51 -0.805
-1.38 -0.7
-1.2 -0.55
-1.45 -0.44
-1.1 -0.455
-1.16 -0.4
-1.18 -0.21
-1.28 -0.19
-1.21 -0.525
-1.03 -0.21
-1.16 -0.305
-1.14 -0.445
-1.15 -0.355
-1.14 -0.48
-1.17 -0.585
-1.27 -0.64
-1.39 -0.635
-1.29 -0.365
-1.23 -0.505
-1.39 -0.61
-1.29 -0.625
-1.22 -0.505
-1.49 -0.58
-1.26 -0.405
-1.27 -0.405
-1.08 -0.28
-1.16 -0.295
-0.98 -0.32
-1.15 -0.33
-1.23 -0.39
-1.21 -0.455
-1.04 -0.26
-1.16 -0.235
-1.27 -0.1
-1.12 -0.25
-1.16 -0.365
-1.09 -0.235
-1.12 -0.225
-1.27 -0.13
-1.12 -0.44
-1.13 -0.225
-1.14 -0.17
-1.18 -0.16
-1.18 -0.385
-1.06 -0.365
-1.24 -0.61
-1.3 -0.435
-1 -0.105
-1.18 -0.315
-1.11 -0.315
-1.26 -0.62
-1.25 -0.555
-1.31 -0.62
-1.49 -0.705
-1.46 -0.725
-1.42 -0.68
-1.3 -0.58
-1.35 -0.585
-1.29 -0.535
-1.4 -0.485
-1.42 -0.485
-1.18 -0.515
-1.15 -0.43
-1.16 -0.4
-1.14 -0.335
-1.3 -0.475
-1.12 -0.275
-1.15 -0.27
-1.26 -0.23
-1.14 -0.265
-1.15 -0.23
-1.25 0.07
-1.22 -0.05
-1.16 -0.075
-1.16 -0.03
-1.23 -0.545
-1.42 -0.58
-1.43 -0.53
-1.13 -0.475
-1.27 -0.595
-1.48 -0.74
-1.36 -0.71
-1.36 -0.725
-1.25 -0.505
-1 -0.205
-1.03 -0.265
-1.02 -0.05
-0.89 -0.02
-1.01 0.15
-1.16 0.065
-1.38 0.165
-1.27 0.065
-1.07 0.025
-1.09 -0.065
-1.17 -0.25
-1.16 -0.13
-1.16 -0.065
-1.14 -0.03
-1.24 0.19
-1.32 0.295
-1.23 0.465
-1.33 0.355
-1.24 0.37
-1.27 0.45
-1.32 0.66
-1.3 0.675
-1.4 0.775
-1.42 0.695
-1.51 0.805
-1.44 0.825
-1.37 0.765
-1.37 0.695
-1.43 0.725
-1.46 0.75
-1.47 0.77
-1.24 0.605
-1.25 0.64
-1.22 0.585
-1.45 0.77
-1.42 0.77
-1.35 0.655
-1.5 0.735
-1.2 0.535
-1.49 0.795
-1.14 0.575
-1.49 0.8
-1.74 0.915
-1.61 0.79
-1.41 0.81
-1.25 0.65
-1.48 0.765
-1.47 0.78
-1.76 0.93
-1.38 0.76
-1.29 0.715
-1.47 0.715
-1.16 0.4
-0.92 0.245
-1.25 0.57
-1.27 0.625
-1.42 0.72
-1.22 0.565
-1.25 0.68
-1.46 0.78
-1.5 0.8
-1.46 0.77
-1.32 0.685
-1.22 0.48
-1.22 0.575
-1.04 0.445
-1.3 0.51
-1.14 0.36
-1 0.4
-1.16 0.345
-1.12 0.41
-1.08 0.485
-1.35 0.74
-1.37 0.625
-1.46 0.795
-1.47 0.84
-1.53 0.845
-1.36 0.76
-1.36 0.605
-1.29 0.695
-1.48 0.735
-1.35 0.705
-1.17 0.47
-1.16 0.425
-1.13 0.56
-1.16 0.54
-1.26 0.565
-1.27 0.49
-1.29 0.405
-1.35 0.365
-1.18 0.125
-1.13 0.01
-1.05 0.37
-1.23 0.31
-1.19 0.285
-1.1 0.425
-1.19 0.625
-1.25 0.33
-1.15 0.255
-1.02 -0.165
-1.27 -0.265
-1.16 -0.41
-1.05 -0.37
-1.3 -0.48
-1.17 -0.425
