-1.504 -0.7552
-1.4176 -0.7056
-1.4688 -0.7424
-1.5488 -0.7768
-1.552 -0.784
-1.528 -0.7528
-1.5584 -0.7848
-1.5424 -0.7928
-1.56 -0.7728
-1.5104 -0.74
-1.4816 -0.684
-1.48 -0.636
-1.4096 -0.6232
-1.408 -0.6264
-1.3712 -0.6328
-1.3872 -0.6552
-1.3968 -0.6752
-1.488 -0.7384
-1.44 -0.6944
-1.472 -0.7144
-1.4352 -0.6848
-1.48 -0.7176
-1.4992 -0.7384
-1.496 -0.7264
-1.4112 -0.66
-1.4464 -0.7088
-1.4144 -0.6696
-1.4384 -0.6632
-1.4912 -0.712
-1.5248 -0.7208
-1.5664 -0.74
-1.5584 -0.7368
-1.5264 -0.7232
-1.4976 -0.7168
-1.4944 -0.7544
-1.4784 -0.7616
-1.5168 -0.8264
-1.5232 -0.82
-1.5856 -0.8344
-1.5728 -0.8152
-1.4976 -0.7872
-1.5344 -0.8024
-1.5328 -0.824
-1.5216 -0.8168
-1.4656 -0.7968
-1.5776 -0.8168
-1.5504 -0.8032
-1.5552 -0.832
-1.5152 -0.8048
-1.5584 -0.8384
-1.552 -0.8344
-1.56 -0.8304
-1.5872 -0.848
-1.5968 -0.8456
-1.5136 -0.8136
-1.5488 -0.8216
-1.56 -0.836
-1.504 -0.7944
-1.496 -0.7704
-1.4608 -0.7312
-1.4768 -0.72
-1.4544 -0.7464
-1.5184 -0.784
-1.5472 -0.8008
-1.5696 -0.7968
-1.5536 -0.8048
-1.5184 -0.7944
-1.5488 -0.7936
-1.472 -0.7592
-1.4256 -0.7192
-1.48 -0.756
-1.4688 -0.772
-1.4928 -0.796
-1.464 -0.772
-1.4368 -0.7368
-1.5056 -0.74
-1.5536 -0.7728
-1.536 -0.752
-1.5008 -0.7104
-1.4496 -0.652
-1.4032 -0.6216
-1.3376 -0.5672
-1.3568 -0.5056
-1.36 -0.5688
-1.4368 -0.648
-1.3488 -0.5704
-1.3696 -0.6104
-1.368 -0.6144
-1.3504 -0.6616
-1.4048 -0.6968
-1.4624 -0.7224
-1.5264 -0.7464
-1.4592 -0.7304
-1.4352 -0.6992
-1.4672 -0.692
-1.432 -0.6816
-1.4176 -0.664
-1.456 -0.6728
-1.4416 -0.6736
-1.4896 -0.7224
-1.4624 -0.7456
-1.4704 -0.764
-1.3808 -0.708
-1.408 -0.692
-1.4224 -0.6856
-1.3888 -0.668
-1.4048 -0.6912
-1.4896 -0.7184
-1.3888 -0.6688
-1.4224 -0.7016
-1.4496 -0.7336
-1.4672 -0.7664
-1.4736 -0.7416
-1.4688 -0.7472
-1.3984 -0.7112
-1.4208 -0.7288
-1.4352 -0.7512
-1.4768 -0.7624
-1.4864 -0.776
-1.5408 -0.7792
-1.5328 -0.776
-1.5072 -0.7584
-1.4416 -0.7472
-1.4176 -0.6976
-1.4176 -0.68
-1.4944 -0.7456
-1.4768 -0.7336
-1.4592 -0.7296
-1.5728 -0.7824
-1.4912 -0.74
-1.4688 -0.7088
-1.5184 -0.748
-1.4528 -0.7456
-1.448 -0.732
-1.4896 -0.7632
-1.4784 -0.7432
-1.4928 -0.76
-1.4688 -0.7488
-1.4656 -0.716
-1.4272 -0.7128
-1.4768 -0.7448
-1.4944 -0.7
-1.4496 -0.7032
-1.4704 -0.6856
-1.4224 -0.6824
-1.4432 -0.716
-1.4576 -0.752
-1.4928 -0.7568
-1.4688 -0.7664
-1.52 -0.748
-1.5232 -0.7672
-1.5472 -0.7896
-1.4208 -0.7672
-1.4656 -0.7456
-1.4608 -0.7272
-1.4448 -0.6952
-1.4112 -0.6504
-1.392 -0.6984
-1.48 -0.7336
-1.5328 -0.752
-1.4464 -0.728
-1.472 -0.7296
-1.376 -0.6728
-1.4672 -0.7096
-1.4848 -0.708
-1.3856 -0.6432
-1.4176 -0.6184
-1.3808 -0.5992
-1.4096 -0.576
-1.4288 -0.6312
-1.392 -0.5576
-1.4864 -0.5888
-1.4464 -0.6208
-1.344 -0.592
-1.4336 -0.6168
-1.4176 -0.6128
-1.4608 -0.6336
-1.48 -0.592
-1.4544 -0.5808
-1.4368 -0.5736
-1.3808 -0.5072
-1.3984 -0.4672
-1.4176 -0.4656
-1.4784 -0.476
-1.3904 -0.4656
-1.44 -0.4928
-1.4448 -0.4936
-1.3616 -0.5072
-1.3344 -0.4648
-1.3696 -0.456
-1.4672 -0.4848
-1.3424 -0.4528
-1.3296 -0.4344
-1.392 -0.4952
-1.3936 -0.5024
-1.4272 -0.5592
-1.4512 -0.6224
-1.4704 -0.6088
-1.448 -0.592
-1.4624 -0.6336
-1.4256 -0.5888
-1.424 -0.5704
-1.3792 -0.568
-1.4672 -0.6416
-1.4352 -0.68
-1.4592 -0.6896
-1.4576 -0.728
-1.5328 -0.752
-1.5168 -0.732
-1.5184 -0.7408
-1.4032 -0.6904
-1.3936 -0.672
-1.376 -0.6576
-1.4416 -0.7184
-1.5168 -0.7536
-1.4912 -0.752
-1.4912 -0.7416
-1.5312 -0.7664
-1.512 -0.7664
-1.5584 -0.8024
-1.4592 -0.7544
-1.4544 -0.7352
-1.4736 -0.756
-1.4672 -0.7592
-1.5104 -0.7584
-1.4816 -0.732
-1.3856 -0.696
-1.4128 -0.6992
-1.4688 -0.6776
-1.4848 -0.7304
-1.408 -0.7
-1.3712 -0.7048
-1.4784 -0.7264
-1.4464 -0.6832
-1.3872 -0.6568
-1.4608 -0.6632
-1.4736 -0.6992
-1.416 -0.6856
-1.4592 -0.6856
-1.3808 -0.6608
-1.4592 -0.7008
-1.4256 -0.6768
-1.4224 -0.6952
-1.528 -0.7576
-1.4864 -0.7808
-1.4064 -0.7104
-1.504 -0.7864
-1.5344 -0.78
-1.4896 -0.7384
-1.5056 -0.7512
-1.4592 -0.7568
-1.5216 -0.7784
-1.5104 -0.772
-1.472 -0.7464
-1.5088 -0.7808
-1.4912 -0.7608
-1.4864 -0.7712
-1.4896 -0.7736
-1.4224 -0.72
-1.4976 -0.7768
-1.488 -0.788
-1.4992 -0.7832
-1.496 -0.8048
-1.5408 -0.788
-1.4816 -0.7592
-1.4992 -0.8
-1.5056 -0.788
-1.4912 -0.7744
-1.4768 -0.772
-1.5152 -0.7624
-1.5232 -0.7816
-1.504 -0.788
-1.4896 -0.7736
-1.536 -0.7696
-1.4608 -0.7384
-1.4864 -0.7672
-1.5376 -0.7888
-1.5568 -0.7792
-1.5152 -0.784
-1.4528 -0.744
-1.4256 -0.7144
-1.504 -0.772
-1.4736 -0.7448
-1.432 -0.6864
-1.4592 -0.704
-1.4304 -0.7256
-1.5072 -0.7624
-1.4032 -0.7144
-1.4416 -0.6984
-1.3968 -0.6448
-1.368 -0.6664
-1.472 -0.7144
-1.5168 -0.7256
-1.4496 -0.6552
-1.496 -0.6256
-1.4688 -0.6576
-1.4816 -0.6696
-1.44 -0.6688
-1.4432 -0.6424
-1.4848 -0.6552
-1.4784 -0.6648
-1.464 -0.696
-1.4512 -0.7152
-1.4384 -0.72
-1.488 -0.7152
-1.4864 -0.7328
-1.5136 -0.7216
-1.496 -0.7136
-1.456 -0.7208
-1.4432 -0.7184
-1.5088 -0.7064
-1.456 -0.68
-1.472 -0.6984
-1.4272 -0.648
-1.4656 -0.712
-1.4608 -0.6848
-1.4624 -0.6904
-1.5392 -0.7312
-1.472 -0.688
-1.4544 -0.7064
-1.4912 -0.7344
-1.5232 -0.7136
-1.4976 -0.736
-1.4416 -0.724
-1.5264 -0.772
-1.464 -0.7488
-1.432 -0.7224
-1.4368 -0.6944
-1.4096 -0.6952
-1.464 -0.7064
-1.4992 -0.7624
-1.5504 -0.8024
-1.5088 -0.7728
-1.5712 -0.7912
-1.472 -0.7464
-1.4448 -0.7376
-1.512 -0.7896
-1.536 -0.7952
-1.5408 -0.7976
-1.4704 -0.736
-1.5296 -0.7496
-1.5184 -0.756
-1.504 -0.764
-1.4896 -0.7672
-1.4592 -0.7192
-1.4352 -0.7584
-1.416 -0.7272
-1.5168 -0.788
-1.6 -0.816
-1.5344 -0.8024
-1.5376 -0.804
-1.544 -0.8024
-1.5088 -0.7808
-1.4608 -0.7288
-1.456 -0.7088
-1.3808 -0.6448
-1.4416 -0.6744
-1.3872 -0.6504
-1.4416 -0.6488
-1.4272 -0.6432
-1.4272 -0.6232
-1.4048 -0.608
-1.3632 -0.6208
-1.4224 -0.6456
-1.3776 -0.6288
-1.424 -0.668
-1.4304 -0.6672
-1.4656 -0.664
-1.3824 -0.5896
-1.3728 -0.6168
-1.3648 -0.6496
-1.44 -0.6904
-1.4272 -0.6552
-1.3568 -0.6152
-1.4064 -0.6216
-1.4192 -0.6048
-1.3936 -0.5632
-1.4016 -0.5304
-1.3744 -0.4728
-1.3216 -0.444
-1.264 -0.4176
-1.3584 -0.4656
-1.3552 -0.504
-1.2848 -0.4944
-1.2672 -0.516
-1.424 -0.5112
-1.3904 -0.5448
-1.3584 -0.5688
-1.4128 -0.6424
-1.3888 -0.6024
-1.4208 -0.6632
-1.4832 -0.7056
-1.4736 -0.6752
-1.3856 -0.6008
-1.4208 -0.6344
-1.3568 -0.5792
-1.384 -0.6016
-1.4608 -0.6176
-1.4496 -0.6488
-1.3952 -0.62
-1.312 -0.5816
-1.3904 -0.5752
-1.3376 -0.5936
-1.3584 -0.6344
-1.368 -0.5912
-1.4176 -0.5904
-1.4288 -0.5576
-1.3952 -0.5616
-1.3344 -0.504
-1.3088 -0.4896
-1.3216 -0.4808
-1.3136 -0.4216
-1.3808 -0.4096
-1.3408 -0.3872
-1.2992 -0.3592
-1.3936 -0.3088
-1.3872 -0.2672
-1.3408 -0.324
-1.3808 -0.2816
-1.32 -0.2712
-1.304 -0.2608
-1.2832 -0.2744
-1.2464 -0.2696
-1.3472 -0.3536
-1.4224 -0.4272
-1.3856 -0.4296
-1.3888 -0.4296
-1.3584 -0.388
-1.3472 -0.38
-1.3648 -0.3816
-1.3104 -0.336
-1.3312 -0.376
-1.376 -0.4016
-1.4128 -0.4512
-1.3888 -0.424
-1.4256 -0.4704
-1.4672 -0.5176
-1.4112 -0.5048
-1.3264 -0.4864
-1.408 -0.5272
-1.384 -0.5848
-1.2992 -0.5272
-1.3984 -0.5256
-1.4432 -0.5048
-1.3984 -0.448
-1.4512 -0.4648
-1.4032 -0.4192
-1.4016 -0.3976
-1.3424 -0.3944
-1.4384 -0.4296
-1.456 -0.3992
-1.4112 -0.3584
-1.3488 -0.3256
-1.3376 -0.2896
-1.3504 -0.2976
-1.3088 -0.2696
-1.376 -0.224
-1.3184 -0.3416
-1.3504 -0.3776
-1.368 -0.3992
-1.4144 -0.396
-1.36 -0.3976
-1.344 -0.3848
-1.4112 -0.416
-1.3984 -0.4072
-1.3344 -0.3872
-1.3184 -0.3752
-1.3344 -0.4024
-1.336 -0.3952
-1.3152 -0.3592
-1.36 -0.36
-1.3488 -0.4024
-1.3072 -0.3528
-1.2864 -0.3464
-1.2768 -0.3
-1.304 -0.3312
-1.3616 -0.2488
-1.2816 -0.2696
-1.3648 -0.3416
-1.3472 -0.3168
-1.3216 -0.2824
-1.4192 -0.348
-1.44 -0.3696
-1.416 -0.3416
-1.3488 -0.388
-1.344 -0.428
-1.3888 -0.4024
-1.36 -0.3784
-1.3792 -0.3408
-1.3472 -0.3288
-1.3376 -0.396
-1.4464 -0.4368
-1.4064 -0.5232
-1.4512 -0.548
-1.4112 -0.536
-1.4576 -0.5648
-1.5248 -0.5312
-1.5312 -0.4928
-1.448 -0.4272
-1.4144 -0.4208
-1.4064 -0.3992
-1.3184 -0.3576
-1.3696 -0.392
-1.384 -0.4552
-1.4144 -0.4776
-1.4352 -0.5032
-1.424 -0.5456
-1.4112 -0.5104
-1.4 -0.5304
-1.424 -0.5168
-1.4624 -0.5064
-1.4752 -0.4904
-1.432 -0.5312
-1.44 -0.5536
-1.4176 -0.508
-1.4848 -0.4704
-1.4848 -0.544
-1.3952 -0.5032
-1.4096 -0.4584
-1.4352 -0.4608
-1.4448 -0.468
-1.4176 -0.4208
-1.3984 -0.4632
-1.3808 -0.4424
-1.3952 -0.5096
-1.4848 -0.4752
-1.408 -0.4512
-1.4096 -0.4528
-1.3296 -0.4504
-1.3824 -0.5096
-1.3744 -0.4736
-1.3792 -0.4304
-1.3104 -0.4488
-1.3456 -0.4472
-1.352 -0.4328
-1.3952 -0.468
-1.3408 -0.5208
-1.3904 -0.5504
-1.3072 -0.5416
-1.3584 -0.5304
-1.352 -0.5048
-1.4528 -0.5432
-1.3728 -0.54
-1.4208 -0.5832
-1.5552 -0.6416
-1.4208 -0.6072
-1.4304 -0.592
-1.4576 -0.6352
-1.4336 -0.664
-1.4704 -0.7128
-1.3696 -0.644
-1.4384 -0.6408
-1.4352 -0.6464
-1.4048 -0.6592
-1.4784 -0.7
-1.4608 -0.6568
-1.4752 -0.6776
-1.4464 -0.6752
-1.5008 -0.6976
-1.5312 -0.7152
-1.4384 -0.6696
-1.4416 -0.6904
-1.368 -0.6344
-1.3248 -0.5808
-1.4464 -0.5952
-1.4768 -0.64
-1.4864 -0.6344
-1.4064 -0.5968
-1.4672 -0.6048
-1.4864 -0.6248
-1.4432 -0.5968
-1.4688 -0.576
-1.4 -0.5416
-1.4432 -0.5592
-1.392 -0.5792
-1.4352 -0.6208
-1.408 -0.5968
-1.496 -0.6064
-1.4416 -0.5976
-1.4144 -0.488
-1.4336 -0.5248
-1.424 -0.5488
-1.48 -0.5336
-1.432 -0.4344
-1.4656 -0.4512
-1.4736 -0.4912
-1.4352 -0.5032
-1.416 -0.5424
-1.4672 -0.5616
-1.4608 -0.5776
-1.4608 -0.5576
-1.4048 -0.4912
-1.4 -0.592
-1.4368 -0.6224
-1.3888 -0.636
-1.4064 -0.644
-1.4304 -0.6888
-1.4768 -0.732
-1.4176 -0.7016
-1.4208 -0.6952
-1.4432 -0.6848
-1.4496 -0.6912
-1.3584 -0.6
-1.3952 -0.5712
-1.4048 -0.5536
-1.392 -0.5424
-1.3536 -0.5584
-1.3904 -0.612
-1.3712 -0.6368
-1.3792 -0.628
-1.3904 -0.6248
-1.4192 -0.6344
-1.44 -0.628
-1.4704 -0.7032
-1.4704 -0.696
-1.464 -0.712
-1.4464 -0.6848
-1.408 -0.6768
-1.4576 -0.6888
-1.4912 -0.716
-1.472 -0.676
-1.4144 -0.6672
-1.416 -0.68
-1.392 -0.6824
-1.4848 -0.7464
-1.4752 -0.7104
-1.4304 -0.7032
-1.5168 -0.7048
-1.4656 -0.648
-1.4 -0.6272
-1.3952 -0.668
-1.4592 -0.6776
-1.4256 -0.6592
-1.4512 -0.68
-1.3984 -0.6944
-1.512 -0.7456
-1.4736 -0.7136
-1.4304 -0.696
-1.5088 -0.7192
-1.4544 -0.6576
-1.4912 -0.6488
-1.5056 -0.6672
-1.4384 -0.6808
-1.5504 -0.7328
-1.5696 -0.736
-1.488 -0.676
-1.3936 -0.644
-1.4304 -0.6488
-1.4752 -0.6744
-1.4704 -0.632
-1.448 -0.5864
-1.5056 -0.6408
-1.4416 -0.5648
-1.4944 -0.6536
-1.4848 -0.6296
-1.3856 -0.6056
-1.3904 -0.6048
-1.4368 -0.6144
-1.4144 -0.6848
-1.376 -0.6312
-1.4448 -0.7024
-1.4768 -0.7448
-1.4784 -0.7304
-1.448 -0.7104
-1.5136 -0.7448
-1.4256 -0.7304
-1.4608 -0.74
-1.584 -0.7672
-1.5248 -0.7384
-1.4624 -0.74
-1.4848 -0.7296
-1.456 -0.6952
-1.5168 -0.756
-1.3552 -0.6992
-1.4528 -0.7672
-1.504 -0.7824
-1.4288 -0.7456
-1.4944 -0.7688
-1.4784 -0.7304
-1.4016 -0.7488
-1.4624 -0.7624
-1.4576 -0.7464
-1.4464 -0.7064
-1.4384 -0.7184
-1.4496 -0.7344
-1.4656 -0.7592
-1.5856 -0.8088
-1.5264 -0.7888
-1.544 -0.7992
-1.5536 -0.792
-1.4944 -0.7656
-1.4544 -0.7432
-1.5536 -0.8072
-1.5744 -0.8096
-1.5552 -0.8096
-1.4928 -0.7944
-1.4592 -0.7808
-1.536 -0.7952
-1.5552 -0.8168
-1.5392 -0.8168
-1.5584 -0.8104
-1.544 -0.8032
-1.5264 -0.8008
-1.576 -0.824
-1.4848 -0.784
-1.5712 -0.7992
-1.512 -0.764
-1.4352 -0.7144
-1.3968 -0.7176
-1.448 -0.752
-1.5088 -0.7472
-1.4416 -0.7064
-1.5024 -0.7584
-1.4768 -0.6936
-1.5008 -0.7344
-1.456 -0.712
-1.5088 -0.7248
-1.4864 -0.7384
-1.4896 -0.7096
-1.52 -0.7088
-1.5472 -0.7448
-1.4496 -0.7232
-1.4896 -0.7448
-1.4496 -0.7352
-1.4208 -0.7056
-1.4288 -0.7104
-1.464 -0.7328
-1.4464 -0.684
-1.4208 -0.6584
-1.5008 -0.6808
-1.4512 -0.672
-1.4384 -0.6864
-1.456 -0.6952
-1.4464 -0.712
-1.3936 -0.6672
-1.4 -0.6848
-1.4608 -0.6984
-1.52 -0.7296
-1.5536 -0.7536
-1.4432 -0.7088
-1.4832 -0.7368
-1.4144 -0.7048
-1.464 -0.7288
-1.3872 -0.6704
-1.4048 -0.6488
-1.392 -0.656
-1.4672 -0.6992
-1.3472 -0.6568
-1.4208 -0.6672
-1.4208 -0.6728
-1.3984 -0.628
-1.384 -0.648
-1.4464 -0.6656
-1.5248 -0.712
-1.4864 -0.7368
-1.5296 -0.7264
-1.456 -0.7152
-1.4528 -0.7088
-1.456 -0.7184
-1.5216 -0.7464
-1.52 -0.7384
-1.5776 -0.7848
-1.5536 -0.7608
-1.4256 -0.7064
-1.4864 -0.7096
-1.4464 -0.6896
-1.4864 -0.6488
-1.3552 -0.5496
-1.4 -0.5056
-1.4544 -0.5232
-1.408 -0.532
-1.4432 -0.6
-1.416 -0.5352
-1.4512 -0.5752
-1.4512 -0.5368
-1.4288 -0.5296
-1.4112 -0.4712
-1.3536 -0.44
-1.4848 -0.54
-1.424 -0.5272
-1.3232 -0.4624
-1.3552 -0.5168
-1.344 -0.4304
-1.4112 -0.4616
-1.3632 -0.44
-1.384 -0.4016
-1.3904 -0.3872
-1.3504 -0.4384
-1.424 -0.548
-1.3776 -0.5056
-1.36 -0.532
-1.3888 -0.572
-1.5584 -0.5472
-1.5216 -0.5128
-1.4576 -0.5176
-1.4064 -0.4272
-1.3808 -0.4776
-1.3856 -0.4432
-1.3792 -0.4136
-1.424 -0.412
-1.416 -0.4224
-1.3488 -0.4048
-1.392 -0.3984
-1.3392 -0.4256
-1.3664 -0.4608
-1.3872 -0.4296
-1.4416 -0.3752
-1.4192 -0.4032
-1.4096 -0.4376
-1.3456 -0.3864
-1.4336 -0.3768
-1.3536 -0.3944
-1.3232 -0.4576
-1.4464 -0.4976
-1.4656 -0.528
-1.3984 -0.5192
-1.3696 -0.4832
-1.4512 -0.48
-1.4448 -0.5112
-1.4464 -0.4936
-1.4032 -0.4776
-1.416 -0.4944
-1.4368 -0.5
-1.3344 -0.4888
-1.2992 -0.3944
-1.3168 -0.4008
-1.408 -0.3784
-1.4336 -0.3944
-1.4176 -0.3856
-1.4336 -0.4336
-1.3904 -0.4536
-1.3408 -0.3912
-1.3936 -0.4488
-1.3904 -0.4176
-1.392 -0.388
-1.36 -0.432
-1.3792 -0.4456
-1.3904 -0.4392
-1.3888 -0.4336
-1.3008 -0.388
-1.3648 -0.4152
-1.3088 -0.4264
-1.3008 -0.4376
-1.384 -0.4656
-1.3504 -0.48
-1.3088 -0.4864
-1.4064 -0.5504
-1.4144 -0.516
-1.4576 -0.5072
-1.3648 -0.4688
-1.3088 -0.4376
-1.3712 -0.4424
-1.3824 -0.4992
-1.3616 -0.5056
-1.4288 -0.52
-1.4352 -0.5416
-1.3968 -0.584
-1.3424 -0.5576
-1.4224 -0.64
-1.3984 -0.6272
-1.4592 -0.6336
-1.4688 -0.6592
-1.4336 -0.664
-1.5072 -0.704
-1.4448 -0.644
-1.3872 -0.6184
-1.4768 -0.672
-1.4544 -0.6392
-1.4816 -0.6608
-1.408 -0.628
-1.4256 -0.6128
-1.416 -0.5936
-1.4176 -0.552
-1.4256 -0.5336
-1.4528 -0.5384
-1.424 -0.5248
-1.464 -0.5152
-1.3776 -0.432
-1.3984 -0.4856
-1.3584 -0.4624
-1.3136 -0.48
-1.312 -0.448
-1.304 -0.4792
-1.3824 -0.5296
-1.3968 -0.5232
-1.3424 -0.5264
-1.3456 -0.5064
-1.3392 -0.4624
-1.3824 -0.4744
-1.3776 -0.5168
-1.36 -0.5336
-1.352 -0.4816
-1.3776 -0.44
-1.4064 -0.4944
-1.408 -0.4648
-1.3808 -0.3896
-1.3488 -0.3904
-1.3616 -0.344
-1.376 -0.3576
-1.3696 -0.2712
-1.3328 -0.3056
-1.36 -0.3152
-1.3088 -0.3144
-1.336 -0.356
-1.4032 -0.396
-1.4624 -0.4368
-1.3584 -0.3984
-1.3792 -0.4288
-1.4272 -0.5032
-1.4576 -0.5112
-1.4368 -0.484
-1.4144 -0.4656
-1.3904 -0.4616
-1.376 -0.5048
-1.4272 -0.5512
-1.496 -0.6072
-1.4208 -0.5408
-1.4992 -0.5688
-1.4624 -0.5624
-1.4336 -0.5136
-1.4192 -0.4872
-1.3296 -0.4016
-1.3856 -0.3992
-1.3216 -0.3824
-1.4 -0.4376
-1.328 -0.4248
-1.3904 -0.3424
-1.344 -0.3296
-1.376 -0.3344
-1.4048 -0.3
-1.3664 -0.3152
-1.3744 -0.3336
-1.48 -0.3856
-1.4352 -0.3976
-1.4368 -0.4328
-1.3904 -0.4112
-1.3776 -0.4288
-1.4224 -0.4184
-1.4304 -0.3712
-1.3312 -0.364
-1.2992 -0.3776
-1.3072 -0.3568
-1.3408 -0.4264
-1.3824 -0.4536
-1.384 -0.4632
-1.3872 -0.496
-1.424 -0.536
-1.4704 -0.5536
-1.5152 -0.5744
-1.472 -0.56
-1.4288 -0.4888
-1.3936 -0.4872
-1.4416 -0.4936
-1.344 -0.4736
-1.3616 -0.4728
-1.3568 -0.5024
-1.4064 -0.5016
-1.3552 -0.4944
-1.3536 -0.464
-1.296 -0.3616
-1.3664 -0.352
-1.3136 -0.3096
-1.2784 -0.3
-1.3056 -0.3304
-1.2928 -0.34
-1.3472 -0.3432
-1.2928 -0.3512
-1.3376 -0.372
-1.3648 -0.3888
-1.3568 -0.4248
-1.336 -0.4568
-1.376 -0.4264
-1.4144 -0.4808
-1.4048 -0.5048
-1.3984 -0.4672
-1.448 -0.5336
-1.3808 -0.4704
-1.4288 -0.5328
-1.4 -0.4824
-1.4112 -0.4632
-1.4192 -0.492
-1.4528 -0.4848
-1.4736 -0.4744
-1.4192 -0.5456
-1.408 -0.5264
-1.3392 -0.5448
-1.416 -0.5064
-1.3904 -0.4776
-1.408 -0.4984
-1.3872 -0.4816
-1.3312 -0.4712
-1.4016 -0.512
-1.3728 -0.5208
-1.4112 -0.5104
-1.496 -0.492
-1.384 -0.4992
-1.3872 -0.5184
-1.448 -0.5032
-1.4736 -0.4864
-1.4592 -0.5376
