-1.0032 0.096
-1.0016 0.036
-0.9984 -0.0272
-0.976 -0.0152
-0.9456 -0.0368
-0.9664 0.0256
-1.0592 -0.0392
-1.0608 0.0048
-0.9712 0.0888
-0.9504 0.0816
-1.008 0.0232
-0.9424 0.0384
-0.9568 0.08
-0.9392 0.1024
-1.0048 0.1336
-0.9488 0.0736
-1.0064 -0.0176
-0.9776 -0.036
-0.9744 -0.0312
-1.0016 0.0032
-0.9472 0.0616
-0.912 0.0288
-1.0224 -0.0016
-0.9632 0.0184
-0.9728 -0.0768
-0.9344 -0.0416
-1.0544 -0.1192
-1.0016 -0.1792
-0.9824 -0.0728
-0.9568 0.0024
-1.016 -0.0232
-0.9968 -0.0432
-1.0048 0.004
-0.9968 0.0152
-0.968 -0.0072
-0.9504 0.0008
-1.0016 0.0088
-0.8992 -0.0688
-0.9808 0.0008
-0.9424 0.0584
-0.9616 0.124
-1.0368 0.012
-1.0192 0.032
-0.9808 0.0336
-0.9632 -0.0272
-0.9664 -0.1
-0.9232 -0.12
-1.008 -0.0048
-1.0064 0.0488
-1.0608 -0.0912
-1.0112 -0.0896
-0.9728 -0.148
-0.9696 -0.1304
-0.9936 -0.1704
-1.048 -0.1424
-1.1056 -0.264
-1.0144 -0.1232
-0.9152 -0.0296
-0.8944 -0.0648
-1.0176 -0.0992
-1.0432 -0.1
-1.0576 -0.18
-1.0672 -0.2312
-0.9232 -0.232
-1.0048 -0.2392
-0.9968 -0.2264
-0.92 -0.1096
-1.0272 -0.0592
-0.9728 -0.0616
-0.9136 0.0336
-1.1008 0.0768
-1.0336 0.1392
-1.0608 0.0088
-0.976 0.064
-0.984 0.0208
-0.968 0.0504
-0.9696 0.12
-1.024 0.1328
-1.0688 0.1288
-1.0016 0.0632
-1.0048 0.0576
-1.0928 0.056
-0.9488 0.0856
-0.9728 0.0592
-0.9248 0.1
-1.024 0.1112
-0.9808 0.1264
-0.9024 0.0616
-0.9744 0.032
-0.9648 0.012
-0.9328 0.0728
-0.8992 0.124
-0.9584 0.1104
-1.0336 0.2488
-1.0576 0.2944
-1.0288 0.3264
-1.1376 0.3032
-1.0224 0.3208
-1.024 0.3712
-1.0736 0.368
-0.9936 0.3032
-0.944 0.2672
-0.9696 0.1456
-0.992 0.196
-0.9536 0.1472
-1.0544 0.14
-1.0176 0.1368
-1.016 0.0672
-0.9808 0.0704
-1.088 0.0808
-1.0928 0.1
-1.0256 0.0848
-1.0496 0.1056
-1.056 0.1336
-1.0288 0.0912
-1.0208 0.0672
-1.0096 0.0864
-0.9936 0.1816
-0.9824 0.0832
-1.0448 0.1344
-1.0592 0.1944
-1.0096 0.2424
-1.08 0.2832
-0.9664 0.1608
-0.9744 0.124
-1.0576 0.0448
-0.992 -0.0128
-0.9792 -0.052
-0.9792 -0.0416
-0.9392 -0.0336
-0.984 0.0416
-1.0208 0.0688
-0.9312 0.04
-0.896 0.0592
-0.9776 0.0376
-1.0144 0.0096
-0.9184 -0.1064
-0.992 -0.1024
-1.0176 -0.1928
-0.9744 -0.1224
-1.0288 -0.0856
-1.0272 -0.104
-1.0272 0.0408
-1.0176 0.1008
-0.9472 0.08
-0.9696 0.0288
-0.9712 0.0776
-0.9216 0.1
-0.9776 0.1072
-0.9696 0.0896
-0.9904 0.0448
-0.9088 0.0408
-0.9904 0.0432
-0.9904 0.096
-1.0272 0.0256
-0.9984 -0.0112
-1.016 -0.0152
-0.9456 0.0096
-1.0256 -0.0464
-1.0416 0.0144
-1.0336 0.0528
-0.9584 0.024
-0.9568 0.0248
-0.9408 0.0328
-1.0368 -0.0176
-1.0048 -0.108
-0.9904 -0.1032
-1.0144 -0.0696
-0.9568 -0.024
-1.0544 0.0024
-1.0208 0.028
-0.9632 0.092
-0.9456 0.1544
-0.9856 0.0232
-0.96 0.012
-1.0128 0.128
-1.0192 0.0944
-0.9648 -0.004
-0.944 -0.0448
-0.9936 -0.0544
-1.12 -0.0888
-1.064 -0.088
-0.9776 -0.0952
-0.96 -0.116
-0.9424 -0.0728
-0.9584 -0.1224
-1.0064 -0.1016
-0.9808 -0.0888
-1.0032 -0.0992
-0.9936 -0.1152
-0.9984 -0.0464
-1.024 0.0768
-1.0336 0.0832
-1.0336 0.0848
-1.0432 0.0704
-0.992 0.1552
-1.0064 0.1368
-0.9888 0.1632
-1.0112 0.0816
-1.0064 0.0456
-0.9888 0.1096
-0.984 0.1024
-1.0128 0.1616
-0.9456 0.1344
-1.0192 0.0352
-0.9696 0.0688
-0.9632 0.1168
-1.0704 0.1632
-1.0784 0.208
-1.0048 0.1552
-0.9776 0.1312
-0.9568 0.104
-1.0064 0.1096
-1.04 0.2056
-1.0416 0.2344
-0.9936 0.164
-0.9888 0.184
-0.9744 0.2272
-0.9248 0.1592
-0.9824 0.1136
-1.0144 0.048
-0.9936 -0.0232
-1.064 0.024
-0.9712 0.04
-1.0176 0.1288
-1.0352 0.1552
-0.9632 0.184
-0.9808 0.156
-1.0176 0.16
-1.008 0.1248
-0.9568 0.1352
-0.968 0.1008
-0.9632 0.0816
-0.9824 0.0488
-0.9488 -0.0136
-1.032 -0.128
-0.9472 -0.0624
-0.9872 -0.0216
-0.9904 0.0272
-0.976 0.024
-0.9424 -0.0224
-0.9712 0.0208
-0.952 0.052
-0.9456 0.1168
-0.9296 0.1136
-0.912 0.1344
-0.936 0.132
-1.04 0.1424
-1.008 0.284
-0.9216 0.1584
-1.0096 0.128
-1.0336 0.1168
-0.952 0.1616
-1.0016 0.2096
-1.0304 0.244
-1.0576 0.2256
-1.0464 0.2712
-1.0688 0.2496
-1.0496 0.2392
-0.992 0.1936
-0.9424 0.092
-0.9472 0.1
-1.0032 0.0296
-1.0464 0.1536
-1.0096 0.0864
-1.0256 0.1064
-1.016 0.0928
-0.9856 0.1352
-0.928 0.0976
-0.9728 0.0384
-0.96 -0.0152
-0.9072 0.0176
-0.9376 -0.0024
-0.9984 0.02
-0.9248 0.0184
-1.0032 0.0512
-0.9584 0.0376
-1.0016 0.1008
-1.0304 0.072
-1.0224 0.0488
-1.0256 0.0408
-1.0304 -0.0144
-1.0288 0.0104
-0.9856 0.0696
-1.0512 0.0664
-1.0176 0.1168
-1.048 0.0776
-0.9568 0.092
-1.0064 0.0296
-0.9952 0.0008
-0.976 0.008
-0.9872 0.0112
-0.9648 0.016
-1.0272 0.0824
-0.9968 0.0848
-1.0112 0.0792
-0.984 0.1632
-0.9936 0.112
-0.9616 0.148
-0.9536 0.0992
-0.9872 0.1096
-0.9856 0.1104
-0.968 -0.0088
-0.9712 0.0856
-0.936 0.1488
-1.0352 0.132
-0.9936 0.0728
-1.0432 0.1376
-1.0208 0.1368
-1.0144 0.1576
-1.0192 0.1544
-1.0544 0.0768
-0.9472 -0.0104
-1 -0.0264
-1.016 -0.0072
-1.016 -0.0632
-1.0688 -0.0808
-0.952 -0.0768
-0.936 -0.0144
-1.0048 -0.052
-0.9216 0.016
-0.9424 0.0008
-0.9696 0.0496
-0.9552 -0.0344
-0.9712 0.0136
-0.9296 -0.0392
-0.9808 -0.0408
-0.9744 -0.1008
-0.9952 -0.1408
-0.9744 -0.1192
-1.0112 -0.0984
-0.9568 -0.1304
-1.0096 -0.0816
-1.0688 -0.0408
-1.0176 -0.028
-1.0928 -0.0456
-1.0432 -0.0976
-1.0144 -0.0352
-1.0128 -0.0064
-0.9664 0.0288
-0.9728 0.016
-1.0176 -0.0776
-0.992 0.0032
-0.9664 -0.02
-1.0432 -0.0136
-0.968 -0.0416
-0.9328 -0.0648
-0.9888 -0.092
-0.9328 -0.1584
-0.976 -0.1344
-1.0544 -0.208
-1.0544 -0.2
-0.9984 -0.0936
-0.9552 -0.0896
-1.0096 -0.0872
-0.9744 0.0072
-1.0208 -0.0392
-1.0272 -0.1328
-1.0224 -0.1352
-1.024 -0.0864
-1.0272 -0.124
-0.9776 -0.0592
-0.936 -0.044
-0.9104 0.0872
-0.9744 0.032
-0.9808 0.0072
-0.9664 -0.0416
-0.9616 0.0496
-1 0.0416
-0.9808 0.0576
-1.0144 -0.0112
-0.9712 -0.036
-0.9808 -0.044
-0.96 0.02
-0.9872 -0.0336
-0.9568 -0.0768
-1.0192 0.0056
-0.9808 0.0864
-0.992 0.0856
-0.9568 0.1264
-1.032 0.0432
-1.08 0.0544
-1.0384 -0.0072
-0.9472 -0.048
-1.0608 -0.0272
-1.04 0.0512
-0.9888 0.0488
-0.9472 0.0264
-0.9408 0.0192
-0.9504 -0.08
-0.9712 0.0688
-0.9968 0.1776
-0.936 0.1
-1.0128 0.204
-1.0016 0.1696
-1.0416 0.216
-1.0128 0.2728
-0.9856 0.1968
-0.968 0.1968
-1.0336 0.2048
-0.9888 0.1736
-1.024 0.1888
-1.0112 0.116
-0.9248 0.0832
-0.9456 0.0648
-1.0128 0.0576
-1.0032 0.0424
-1.0032 0.0952
-1.024 0.1272
-0.9664 0.1712
-0.9888 0.1584
-1.0144 0.228
-1.0016 0.1856
-1.016 0.1808
-0.9584 0.2088
-1.0144 0.2224
-0.9248 0.1488
-0.9504 0.1
-1.0416 0.072
-1 0.0712
-0.984 -0.0112
-1.032 0.0648
-1.0208 -0.0264
-1.0592 0.0256
-0.9648 -0.024
-1.0432 -0.036
-1.0768 -0.0048
-0.9872 -0.0936
-0.9792 -0.1104
-1.0144 -0.1536
-0.944 -0.1616
-1.0064 -0.1952
-1.0032 -0.184
-1.032 -0.1528
-0.9808 -0.1232
-0.9888 -0.0992
-1.0816 -0.0024
-1.0464 0.0776
-1.0784 0.0192
-0.9808 -0.0304
-1.0096 -0.0096
-1.0592 -0.0216
-1.0304 0.008
-1.0128 0.0392
-1.0144 0.0504
-1.1024 0.0032
-0.9904 0.0568
-1.056 0.0272
-1.0592 0.0048
-1.0016 -0.088
-0.9424 0.008
-1.0416 0.0216
-1.0064 0.0528
-0.9728 0.0344
-1.0064 -0.0352
-0.9376 -0.0432
-1.0048 -0.012
-0.9344 0.0008
-0.9952 0.0864
-1.0512 0.0672
-1.0208 0.0648
-0.9664 0.0304
-1.0336 0.1056
-0.9664 0.0472
-1.0048 -0.004
-0.9728 -0.0328
-0.944 -0.0624
-0.9184 0.032
-0.9712 0.0144
-0.9712 -0.0032
-0.9712 -0.0144
-0.9808 0.0312
-0.9888 -0.048
-1.024 0.0536
-1.0448 0.0064
-1.0544 0.0552
-1.0464 0.0504
-1.0272 0.1304
-0.9936 0.1392
-0.944 0.152
-1.072 0.148
-1.0464 0.0848
-1.032 0.0288
-1 -0.036
-0.992 0.0192
-0.9968 0.0832
-1.0144 0.168
-1.032 0.2224
-1 0.1776
-0.9904 0.1896
-1 0.136
-0.9488 0.0704
-0.952 -0.016
-0.9728 0.0472
-1.04 0.124
-1.0464 0.1928
-1.0192 0.1864
-0.9664 0.1624
-0.9408 0.1144
-0.9408 0.0728
-1.0048 0.0056
-1.0016 0.02
-0.9888 -0.1048
-0.968 -0.1344
-1.0304 -0.0832
-0.912 -0.0496
-1.072 0.0056
-0.9056 0.0032
-1.0576 0.0424
-0.9664 0.0696
-1.0096 0.1512
-1.0384 0.1448
-1.0928 0.1104
-1.0016 0.1328
-1.0064 0.1144
-0.9856 0.0736
-1.0064 0.0112
-0.984 -0.0144
-1.0032 0.0136
-0.9808 -0.0384
-1.0112 -0.0112
-0.952 -0.004
-0.976 -0.0248
-1.032 0.0296
-0.9408 0.1224
-0.9648 0.1424
-0.9616 0.1448
-0.9568 0.0824
-0.9888 0.0648
-1.0112 0.0424
-0.9568 0.0208
-1.0064 0.0232
-0.9904 -0.0312
-0.9872 -0.0408
-1.0016 0.08
-1.0368 0.1072
-0.968 0.0976
-1.0864 0.1176
-0.9952 0.08
-0.9504 -0.0112
-0.9952 0.1296
-0.9232 0.1408
-0.8768 0.064
-0.944 0.0512
-1.0208 0.1072
-1.0272 0.1032
-1.04 0.004
-0.96 0.096
-0.9728 0.0528
-0.9936 0.1024
-0.9984 0.0752
-0.9408 0.068
-1.0256 -0.0072
-0.9616 -0.012
-0.9696 -0.0152
-0.9904 -0.0368
-1.0128 0.0216
-1.0192 -0.0072
-1.0912 -0.1232
-1.0544 -0.0928
-1.0048 -0.1024
-1.0352 -0.1696
-1.0592 -0.1824
-1.0416 -0.168
-0.9872 -0.1904
-0.9776 -0.1568
-1.0128 -0.1392
-1.008 -0.1864
-1.0096 -0.1416
-0.9744 -0.0992
-0.9904 -0.1688
-0.9456 -0.1696
-0.992 -0.1568
-1.0672 -0.1272
-1.0736 -0.052
-1.0384 -0.0256
-1.056 0.0472
-0.9232 0.0112
-0.968 -0.0408
-0.9616 -0.1112
-0.9936 -0.1712
-1.0512 -0.1496
-0.9872 -0.0968
-1.0064 -0.1808
-1.0128 -0.2272
-0.9936 -0.2032
-0.9552 -0.2224
-1.0352 -0.2352
-0.9552 -0.164
-1.0064 -0.2504
-0.9008 -0.2328
-0.9424 -0.2488
-0.9424 -0.1864
-0.984 -0.1656
-0.864 -0.22
-0.9968 -0.2784
-1.0032 -0.2968
-0.9968 -0.2632
-1.0128 -0.2024
-1.0352 -0.1296
-0.9696 -0.0672
-0.9824 -0.0976
-0.968 -0.132
-0.9664 -0.1336
-1.0032 -0.164
-0.984 -0.1352
-0.9488 -0.1
-1.0016 -0.132
-0.9488 -0.1096
-0.9856 -0.156
-0.9776 -0.2096
-0.9616 -0.1704
-1.0048 -0.22
-1.0688 -0.2336
-0.9984 -0.2136
-0.9792 -0.1528
-0.9472 -0.1112
-0.9648 -0.0656
-0.9568 0.0216
-0.9856 0.0528
-1.0464 0.024
-1.0832 -0.0264
-1.0272 0.0904
-1.008 0.0472
-1.0016 -0.0304
-1.112 -0.036
-0.9984 -0.0088
-1.0112 0.0136
-1.0336 0.0192
-1 0.0464
-1.0528 0.0528
-0.9408 0.0648
-0.952 0.0224
-1.0192 0.0104
-0.968 0.028
-0.944 0.0128
-0.9872 0.1264
-0.9984 0.1824
-1.0144 0.1472
-1.0048 0.136
-1.0208 0.0872
-0.9328 0.0624
-0.9696 0.032
-0.9648 0.0584
-0.968 0.0488
-0.9616 0.0144
-0.9648 0.016
-0.9472 0.008
-0.9456 -0.04
-0.9792 -0.016
-1.072 -0.096
-1.0512 -0.088
-1.024 -0.0744
-0.936 -0.0664
-0.9616 -0.0816
-0.9568 -0.132
-1.024 -0.2168
-0.9664 -0.1712
-1.0352 -0.1768
-1.0304 -0.164
-1.0528 -0.1272
-0.9904 -0.0632
-1.0432 -0.0912
-0.936 -0.1288
-1.0192 0.0056
-1.0144 -0.0272
-0.9776 -0.0072
-0.9664 -0.0216
-0.9824 0.0312
-0.9968 0.0272
-0.9728 0.0384
-0.9696 -0.0048
-1.0368 0.0032
-1.0368 0.048
-0.984 0.0336
-0.9952 0.0672
-0.9856 0.0448
-1.0048 0.1456
-1.0016 0.1048
-1.0112 0.0912
-1.008 0.1456
-1.0368 0.0592
-0.9888 0.0376
-0.9856 0.0344
-0.9312 -0.008
-0.984 -0.1368
-1.0464 -0.2144
-1.0592 -0.2264
-0.9456 -0.1616
-1.08 -0.1992
-1.0304 -0.1152
-0.9888 -0.072
-1.0352 -0.0448
-0.928 -0.1032
-0.9392 -0.0376
-0.9712 -0.0744
-0.9024 0.0464
-0.8768 0.0416
-0.952 0.0176
-0.9552 -0.028
-1.0064 0.0112
-0.96 -0.0224
-0.8848 0.0952
-0.9408 0.0368
-0.9552 0.0816
-0.9488 0.04
-0.9584 0.0568
-0.9792 0.0592
-0.9712 0.0424
-0.9552 0.0472
-1.0032 0.0648
-0.9504 0.0472
-1.008 0.0176
-0.9664 -0.0064
-1.0256 -0.004
-0.9904 -0.0288
-1.0448 0.1136
-1.0368 0.1016
-1.0112 0.0936
-1.0304 -0.0416
-0.9648 -0.0328
-0.9616 -0.0776
-0.9328 -0.1064
-0.9808 -0.0768
-0.9408 -0.0168
-0.9968 0.0096
-0.9216 -0.0168
-0.9824 -0.012
-0.9392 -0.0016
-0.9424 -0.0824
-0.92 -0.0704
-0.9696 -0.1328
-0.9488 -0.1224
-1.0416 -0.208
-0.9824 -0.1288
-1.0064 -0.0712
-0.9664 -0.0216
-0.9552 -0.02
-0.9808 -0.0104
-0.9808 -0.0224
-1.056 0.0256
-0.96 0.0264
-0.9296 -0.0056
-0.968 -0.0344
-0.944 -0.0568
-1.0064 -0.0336
-0.952 -0.0624
-0.9296 -0.0608
-0.984 -0.1672
-1.024 -0.1424
-1.072 -0.2048
-1.1312 -0.1536
-1.0352 -0.0928
-0.992 -0.104
-0.9984 -0.0304
-1.08 -0.0904
-1.0288 -0.1272
-1.0128 -0.1216
-0.9856 -0.0928
-1.0176 -0.1208
-1.0288 -0.1344
-0.992 -0.088
-1.0576 -0.1848
-0.9824 -0.1224
-1.048 0.04
-1.0736 0.0536
-1.0048 0.0608
-0.9552 0.012
-1.0032 -0.008
-0.9936 -0.0248
-0.9696 0.0256
-0.944 0.0608
-0.9392 0.0296
-0.9808 0.0272
-0.9664 0.06
-1.0304 0.0496
-0.8896 -0.0032
-0.992 0.0672
-1.0256 0.112
-1.0224 0.1064
-0.992 0.072
-0.9728 0.1576
-0.9728 0.0392
-0.9232 0.0264
-0.9744 0.0432
-1.016 0.0016
-1.0272 -0.0112
-0.9664 0.0176
-1.0112 -0.084
-1.008 -0.1656
-0.992 -0.164
-0.9712 -0.176
-0.9744 -0.116
-0.9504 -0.0824
-0.968 0.0464
-0.9056 0.0496
-0.9744 0.06
-0.9392 0.012
-0.9968 -0.0048
-1.0464 0.0408
-0.9968 -0.0016
-1.016 0.0168
-0.992 0.0912
-0.9696 0.036
-0.9776 -0.0072
-1.0048 0.0856
-0.9664 0.092
-0.9536 0.0144
-0.9872 0.0856
-1.0144 0.0368
-0.9968 0.024
-0.9776 0.1248
-1.032 0.1408
-0.9152 0.1376
-0.9568 0.1424
-0.9824 0.1376
-0.9552 0.092
-0.9408 0.0472
-0.9616 0.0232
-0.9472 0.0464
-1.0448 0.0104
-0.952 0.0496
-0.968 0.028
-0.96 0.0264
-0.9392 0.0096
-0.9872 0.0312
-1.008 -0.0048
-1.0016 -0.1056
-0.96 -0.0576
-0.9408 -0.0672
-0.9376 -0.1224
-1.0704 -0.1128
-0.9616 -0.0888
-0.9456 -0.1248
-0.9584 -0.2064
-1.0496 -0.252
-1.0016 -0.1888
-1.0144 -0.0376
-0.9344 -0.0704
-0.9408 -0.036
-1.0352 0.0088
-0.9728 -0.044
-0.9568 -0.028
-0.9536 0.0256
-0.9584 0.0808
-1.0224 0.1528
-1.0224 0.12
-0.992 0.028
-0.9808 -0.0528
-1.0512 0.0264
-1.0128 -0.0784
-1.0112 -0.088
-0.9872 -0.0576
-0.9872 -0.1752
-1.0624 -0.2288
-1.0544 -0.192
-1.048 -0.1072
-1.04 -0.1728
-0.9296 -0.1016
-0.9936 -0.104
-0.9168 -0.0328
-1.0192 0.056
-1.0832 0.0288
-1.0112 0.0256
-1.0096 0.0672
-1.0016 0.0648
-1.0368 0.0936
-0.968 0.0704
-0.9776 -0.0072
-0.9424 0.0088
-1.0384 -0.0568
-1.0256 -0.0448
-1.0368 -0.0256
-1.0448 -0.028
-0.9824 -0.0824
-0.9584 -0.1016
-0.952 -0.0696
-1.0384 -0.1304
-1.0688 -0.1128
-1.048 -0.0824
-1.0528 -0.0816
-1.0608 -0.1144
-1.0304 -0.1496
-0.9984 -0.1712
-0.9888 -0.1832
-1.0192 -0.08
-0.9968 -0.0024
-0.928 0.0352
-0.9152 0.044
-0.968 -0.068
-0.9568 -0.1096
-0.9712 -0.0904
-0.952 0.056
-0.9376 0.0832
-0.9584 0.0392
-0.9408 0.0672
-1.0304 -0.044
-1.064 -0.12
-1.0208 -0.092
-1.0464 0.0304
-1.0592 0.0272
-1.0384 0.0592
-1.0384 0.0808
-1.0512 0.0896
-0.9744 0.0368
-1.0368 -0.0472
-1.04 -0.0776
-0.9664 0
-1.0496 0.0272
-1.0096 0.0776
-0.9536 0.0376
-1.0256 0.136
-1.0704 0.1656
-1.0096 0.0936
-1.0016 0.1024
-1.0288 0.06
-1.0128 0.04
-1.0096 -0.0128
-1.0272 -0.0528
-1.0144 -0.1144
-1.016 -0.204
-1.0112 -0.22
-1.0416 -0.2448
-1.1104 -0.3312
-1.1024 -0.3272
-1.08 -0.26
-1.0288 -0.2384
-1.0656 -0.1976
-0.992 -0.1296
-0.9184 -0.0688
-0.9808 0.0592
-1.0592 0.0672
-1.0784 0.0376
-1.0752 -0.024
-0.9728 -0.0296
-1.0192 -0.0784
-0.9504 -0.072
-1.0112 -0.1088
-0.8544 -0.124
-0.8976 -0.0688
-1.0544 -0.0632
-0.9472 -0.052
-0.9232 0.0304
-0.9664 0.0016
-0.9856 -0.0208
-0.9136 0.036
-0.952 0.028
-0.9456 0.008
-1.0128 0.0256
-0.9936 0.0304
-0.9376 0.0504
-0.9584 -0.0648
-1.024 -0.1584
-0.9824 -0.216
-1 -0.2376
-0.952 -0.2536
-1 -0.1808
-1.0992 -0.0768
-1.048 -0.0864
-0.968 -0.0656
-1.0768 -0.1416
-1.0336 -0.0976
-1.0288 -0.1192
-1.0336 -0.1016
-0.9392 -0.1072
-1.0528 -0.1496
-1.072 -0.1856
-1.016 -0.1904
-1.0288 -0.1136
-1.0688 -0.084
-1.0112 -0.1024
-0.9936 -0.0744
-1.048 -0.1088
-0.9808 -0.0424
-1.0832 -0.0696
-1.0224 -0.0432
-1.0224 -0.0648
-0.9504 -0.0728
-0.9904 -0.056
-0.9936 0.0072
-0.9424 0.02
-0.9904 -0.0344
-1.0512 0.036
-1.1536 0.0056
-1.0752 -0.036
-1.0336 -0.0344
-1.0704 0.0272
-1.0464 0.0992
-1.0336 0.0056
-1.0336 0.0248
-0.9824 -0.0272
-1.0288 0.0032
-0.936 0.0112
-0.9616 -0.0312
-0.9456 -0.1616
-0.9664 -0.1016
-0.9792 -0.064
-0.9984 -0.0384
-1.0096 0.02
-1.0464 0.0024
