-1.36889 -0.631111
-1.45333 -0.706667
-1.39111 -0.746667
-1.50667 -0.786667
-1.42222 -0.737778
-1.35111 -0.606667
-1.37778 -0.544444
-1.33333 -0.58
-1.35111 -0.622222
-1.32889 -0.604444
-1.45778 -0.702222
-1.58222 -0.84
-1.46222 -0.78
-1.44889 -0.704444
-1.47556 -0.8
-1.53778 -0.746667
-1.56889 -0.744444
-1.48889 -0.771111
-1.40889 -0.684444
-1.42222 -0.78
-1.38667 -0.74
-1.44444 -0.784444
-1.45333 -0.771111
-1.36444 -0.655556
-1.32 -0.635556
-1.28889 -0.568889
-1.57333 -0.793333
-1.48889 -0.751111
-1.29778 -0.477778
-1.40444 -0.38
-1.41333 -0.555556
-1.33778 -0.402222
-1.29333 -0.451111
-1.33333 -0.502222
-1.21778 -0.484444
-1.44 -0.68
-1.41778 -0.662222
-1.48889 -0.722222
-1.48 -0.786667
-1.4 -0.713333
-1.54222 -0.782222
-1.52444 -0.731111
-1.43111 -0.744444
-1.39556 -0.668889
-1.52 -0.742222
-1.46667 -0.755556
-1.41333 -0.788889
-1.67111 -0.893333
-1.48444 -0.804444
-1.50667 -0.802222
-1.43111 -0.748889
-1.47111 -0.775556
-1.43111 -0.746667
-1.59556 -0.8
-1.37778 -0.724444
-1.62667 -0.873333
-1.58222 -0.82
-1.40889 -0.757778
-1.48 -0.673333
-1.37778 -0.662222
-1.42667 -0.706667
-1.34667 -0.722222
-1.4 -0.673333
-1.41778 -0.693333
-1.47556 -0.655556
-1.56 -0.715556
-1.29333 -0.444444
-1.31556 -0.506667
-1.37778 -0.622222
-1.45778 -0.62
-1.35111 -0.5
-1.36 -0.48
-1.29778 -0.526667
-1.36444 -0.575556
-1.38667 -0.637778
-1.35556 -0.602222
-1.33333 -0.575556
-1.41778 -0.691111
-1.43111 -0.695556
-1.39556 -0.697778
-1.37333 -0.731111
-1.61778 -0.86
-1.48 -0.782222
-1.47111 -0.74
-1.49778 -0.815556
-1.28444 -0.673333
-1.42222 -0.542222
-1.34222 -0.408889
-1.19111 -0.391111
-1.44 -0.473333
-1.38222 -0.568889
-1.27556 -0.58
-1.34222 -0.411111
-1.24889 -0.422222
-1.27111 -0.524444
-1.35556 -0.575556
-1.39111 -0.504444
-1.32 -0.417778
-1.32444 -0.331111
-1.33333 -0.426667
-1.35556 -0.502222
-1.56889 -0.626667
-1.4 -0.64
-1.49333 -0.708889
-1.39556 -0.66
-1.43111 -0.693333
-1.35111 -0.675556
-1.35111 -0.673333
-1.43556 -0.684444
-1.4 -0.72
-1.40444 -0.682222
-1.46667 -0.682222
-1.45778 -0.8
-1.52444 -0.813333
-1.55556 -0.813333
-1.51556 -0.817778
-1.42222 -0.735556
-1.39556 -0.704444
-1.47556 -0.771111
-1.27111 -0.653333
-1.40444 -0.68
-1.42667 -0.651111
-1.32444 -0.606667
-1.17778 -0.417778
-1.23556 -0.5
-1.44444 -0.675556
-1.44 -0.646667
-1.31111 -0.593333
-1.31556 -0.546667
-1.37333 -0.644444
-1.41333 -0.628889
-1.49778 -0.764444
-1.48444 -0.733333
-1.44444 -0.691111
-1.37333 -0.653333
-1.37333 -0.688889
-1.59111 -0.8
-1.48889 -0.777778
-1.50667 -0.795556
-1.56 -0.777778
-1.31111 -0.646667
-1.46667 -0.773333
-1.49333 -0.751111
-1.56444 -0.802222
-1.34667 -0.702222
-1.42667 -0.76
-1.55556 -0.773333
-1.46667 -0.7
-1.24444 -0.635556
-1.33333 -0.617778
-1.4 -0.766667
-1.48 -0.791111
-1.42222 -0.76
-1.32889 -0.666667
-1.49778 -0.768889
-1.48889 -0.782222
-1.61333 -0.88
-1.47111 -0.793333
-1.39111 -0.651111
-1.50222 -0.775556
-1.52444 -0.813333
-1.38222 -0.735556
-1.42667 -0.762222
-1.34222 -0.713333
-1.4 -0.675556
-1.22222 -0.577778
-1.20444 -0.42
-1.28 -0.406667
-1.28889 -0.342222
-1.32 -0.446667
-1.27111 -0.331111
-1.23556 -0.266667
-1.20444 -0.255556
-1.36 -0.471111
-1.27556 -0.437778
-1.30222 -0.555556
-1.45778 -0.575556
-1.38667 -0.606667
-1.41778 -0.635556
-1.50222 -0.748889
-1.38667 -0.728889
-1.52889 -0.811111
-1.61778 -0.864444
-1.54667 -0.835556
-1.49778 -0.804444
-1.48444 -0.806667
-1.55111 -0.842222
-1.55111 -0.826667
-1.71556 -0.884444
-1.51111 -0.802222
-1.44889 -0.764444
-1.37778 -0.706667
-1.29333 -0.671111
-1.40444 -0.64
-1.36889 -0.575556
-1.41778 -0.604444
-1.36 -0.488889
-1.37778 -0.591111
-1.44 -0.633333
-1.30222 -0.573333
-1.40444 -0.613333
-1.44444 -0.671111
-1.39111 -0.731111
-1.33778 -0.677778
-1.38667 -0.664444
-1.38667 -0.671111
-1.52444 -0.675556
-1.43111 -0.648889
-1.38667 -0.66
-1.2 -0.546667
-1.32444 -0.502222
-1.4 -0.593333
-1.44 -0.595556
-1.41778 -0.6
-1.37333 -0.608889
-1.36 -0.68
-1.41333 -0.726667
-1.47556 -0.775556
-1.49778 -0.791111
-1.48889 -0.737778
-1.4 -0.737778
-1.42222 -0.684444
-1.55111 -0.78
-1.56 -0.833333
-1.43111 -0.788889
-1.57333 -0.848889
-1.56 -0.855556
-1.64444 -0.857778
-1.52889 -0.806667
-1.48 -0.777778
-1.43556 -0.684444
-1.63556 -0.853333
-1.52889 -0.771111
-1.49333 -0.782222
-1.57333 -0.806667
-1.50222 -0.74
-1.52444 -0.806667
-1.50667 -0.784444
-1.59556 -0.764444
-1.51111 -0.811111
-1.39556 -0.726667
-1.49333 -0.786667
-1.68444 -0.884444
-1.56 -0.817778
-1.57333 -0.842222
-1.42667 -0.753333
-1.53333 -0.808889
-1.55556 -0.846667
-1.49778 -0.782222
-1.38667 -0.753333
-1.38667 -0.697778
-1.37778 -0.715556
-1.46222 -0.715556
-1.49333 -0.797778
-1.57778 -0.851111
-1.61333 -0.851111
-1.4 -0.708889
-1.52444 -0.802222
-1.50667 -0.76
-1.43556 -0.768889
-1.28444 -0.648889
-1.46667 -0.706667
-1.41778 -0.664444
-1.40444 -0.653333
-1.51111 -0.766667
-1.52444 -0.777778
-1.57333 -0.777778
-1.50222 -0.744444
-1.47111 -0.655556
-1.42667 -0.575556
-1.41778 -0.64
-1.38667 -0.604444
-1.35111 -0.548889
-1.28889 -0.571111
-1.26667 -0.342222
-1.33778 -0.386667
-1.19111 -0.395556
-1.37778 -0.515556
-1.34667 -0.553333
-1.35556 -0.617778
-1.49333 -0.651111
-1.36444 -0.564444
-1.33333 -0.48
-1.33778 -0.435556
-1.28889 -0.526667
-1.32444 -0.568889
-1.28 -0.508889
-1.26667 -0.693333
-1.4 -0.695556
-1.48 -0.764444
-1.45333 -0.737778
-1.43111 -0.795556
-1.37333 -0.722222
-1.46667 -0.78
-1.55111 -0.84
-1.44889 -0.7
-1.37333 -0.617778
-1.4 -0.546667
-1.41778 -0.555556
-1.44444 -0.54
-1.38667 -0.624444
-1.36889 -0.551111
-1.30222 -0.524444
-1.21778 -0.575556
-1.49778 -0.784444
-1.55556 -0.802222
-1.46667 -0.751111
-1.49778 -0.791111
-1.68889 -0.837778
-1.49333 -0.742222
-1.60889 -0.855556
-1.49778 -0.782222
-1.43111 -0.768889
-1.47556 -0.773333
-1.51111 -0.802222
-1.56444 -0.826667
-1.42667 -0.751111
-1.49778 -0.782222
-1.38222 -0.677778
-1.44889 -0.764444
-1.29333 -0.597778
-1.37778 -0.637778
-1.40444 -0.551111
-1.32 -0.5
-1.50222 -0.753333
-1.48444 -0.78
-1.40889 -0.613333
-1.40889 -0.562222
-1.51111 -0.655556
-1.44444 -0.54
-1.32444 -0.526667
-1.4 -0.675556
-1.34667 -0.646667
-1.41778 -0.695556
-1.45333 -0.768889
-1.47556 -0.788889
-1.42222 -0.671111
-1.29778 -0.633333
-1.53778 -0.746667
-1.52444 -0.833333
-1.43111 -0.757778
-1.49778 -0.668889
-1.46222 -0.635556
-1.38222 -0.553333
-1.38222 -0.508889
-1.43111 -0.531111
-1.33778 -0.611111
-1.29778 -0.506667
-1.45333 -0.573333
-1.4 -0.542222
-1.35111 -0.511111
-1.31111 -0.544444
-1.34667 -0.62
-1.36 -0.66
-1.37333 -0.68
-1.34667 -0.582222
-1.48 -0.697778
-1.4 -0.724444
-1.50222 -0.768889
-1.45778 -0.751111
-1.50667 -0.74
-1.48889 -0.74
-1.42222 -0.684444
-1.34667 -0.664444
-1.48 -0.708889
-1.44444 -0.744444
-1.42222 -0.597778
-1.28444 -0.533333
-1.17333 -0.393333
-1.12 -0.2
-1.21333 0.0133333
-1.16 0.0222222
-1.15556 -0.175556
-1.2 -0.0755556
-1.25333 -0.217778
-1.35556 -0.406667
-1.33778 -0.391111
-1.45333 -0.422222
-1.32 -0.351111
-1.30667 -0.431111
-1.36444 -0.571111
-1.36 -0.593333
-1.42667 -0.633333
-1.39556 -0.706667
-1.36444 -0.702222
-1.44889 -0.768889
-1.60889 -0.853333
-1.53778 -0.791111
-1.48889 -0.808889
-1.63556 -0.864444
-1.64 -0.866667
-1.6 -0.82
-1.40444 -0.673333
-1.35111 -0.617778
-1.19111 -0.493333
-1.34667 -0.684444
-1.37333 -0.668889
-1.39556 -0.644444
-1.45778 -0.635556
-1.30222 -0.626667
-1.40444 -0.635556
-1.37778 -0.588889
-1.28444 -0.555556
-1.48 -0.735556
-1.46222 -0.68
-1.6 -0.76
-1.48444 -0.662222
-1.24 -0.537778
-1.4 -0.604444
-1.43556 -0.677778
-1.50667 -0.62
-1.32 -0.555556
-1.38222 -0.64
-1.31556 -0.511111
-1.35111 -0.611111
-1.39556 -0.562222
-1.30667 -0.511111
-1.39111 -0.597778
-1.41778 -0.671111
-1.44889 -0.735556
-1.53333 -0.8
-1.54667 -0.804444
-1.61333 -0.866667
-1.52444 -0.8
-1.56889 -0.848889
-1.53333 -0.817778
-1.50667 -0.788889
-1.47111 -0.775556
-1.52444 -0.791111
-1.50667 -0.797778
-1.61778 -0.84
-1.61778 -0.86
-1.52 -0.791111
-1.66222 -0.891111
-1.50667 -0.72
-1.39111 -0.648889
-1.47111 -0.737778
-1.43111 -0.715556
-1.40444 -0.693333
-1.37778 -0.664444
-1.44 -0.631111
-1.41333 -0.604444
-1.48889 -0.606667
-1.36 -0.648889
-1.45333 -0.671111
-1.42222 -0.715556
-1.46667 -0.695556
-1.48 -0.777778
-1.45333 -0.795556
-1.49778 -0.802222
-1.37778 -0.726667
-1.49778 -0.8
-1.53778 -0.828889
-1.45333 -0.737778
-1.39556 -0.648889
-1.52889 -0.777778
-1.55556 -0.782222
-1.44444 -0.777778
-1.45333 -0.757778
-1.53778 -0.826667
-1.36444 -0.666667
-1.45778 -0.786667
-1.48889 -0.766667
-1.44444 -0.731111
-1.40444 -0.72
-1.32 -0.637778
-1.44 -0.717778
-1.48889 -0.786667
-1.42222 -0.777778
-1.59111 -0.86
-1.46667 -0.706667
-1.44 -0.708889
-1.39556 -0.72
-1.56889 -0.831111
-1.38222 -0.737778
-1.44889 -0.72
-1.35556 -0.695556
-1.54222 -0.78
-1.47111 -0.788889
-1.52889 -0.822222
-1.43556 -0.753333
-1.50222 -0.76
-1.60444 -0.862222
-1.46667 -0.717778
-1.45333 -0.746667
-1.50667 -0.733333
-1.54222 -0.835556
-1.45778 -0.806667
-1.55556 -0.78
-1.47556 -0.782222
-1.57333 -0.851111
-1.50667 -0.824444
-1.58222 -0.855556
-1.52444 -0.808889
-1.52889 -0.802222
-1.46222 -0.695556
-1.59111 -0.837778
-1.46667 -0.742222
-1.44 -0.713333
-1.37778 -0.637778
-1.33333 -0.7
-1.51111 -0.808889
-1.46667 -0.773333
-1.48 -0.768889
-1.38667 -0.711111
-1.52 -0.753333
-1.38667 -0.657778
-1.37333 -0.733333
-1.48 -0.817778
-1.49333 -0.757778
-1.56889 -0.846667
-1.54222 -0.806667
-1.48444 -0.822222
-1.46222 -0.764444
-1.50667 -0.806667
-1.51111 -0.808889
-1.45333 -0.784444
-1.44 -0.711111
-1.42222 -0.664444
-1.39556 -0.648889
-1.54667 -0.768889
-1.50667 -0.811111
-1.52 -0.815556
-1.43556 -0.755556
-1.26667 -0.673333
-1.40444 -0.677778
-1.45333 -0.748889
-1.31556 -0.682222
-1.45333 -0.782222
-1.57778 -0.828889
-1.60444 -0.815556
-1.52889 -0.8
-1.45778 -0.766667
-1.53778 -0.837778
-1.39111 -0.617778
-1.36444 -0.54
-1.37778 -0.666667
-1.48444 -0.706667
-1.55556 -0.768889
-1.33778 -0.695556
-1.48444 -0.82
-1.38667 -0.748889
-1.50667 -0.813333
-1.45333 -0.766667
-1.36889 -0.682222
-1.47111 -0.775556
-1.48889 -0.78
-1.53778 -0.86
-1.53333 -0.788889
-1.61333 -0.853333
-1.57778 -0.833333
-1.48889 -0.811111
-1.49333 -0.74
-1.52444 -0.786667
-1.41333 -0.746667
-1.44889 -0.744444
-1.48444 -0.768889
-1.33333 -0.666667
-1.38222 -0.693333
-1.38667 -0.666667
-1.45333 -0.744444
-1.56444 -0.853333
-1.43556 -0.76
-1.54222 -0.764444
-1.34222 -0.58
-1.44444 -0.671111
-1.46222 -0.733333
-1.34222 -0.646667
-1.33778 -0.582222
-1.42222 -0.631111
-1.43556 -0.68
-1.41333 -0.757778
-1.63556 -0.866667
-1.46667 -0.793333
-1.45333 -0.757778
-1.47111 -0.748889
-1.37778 -0.668889
-1.56 -0.8
-1.54667 -0.815556
-1.48889 -0.813333
-1.59111 -0.848889
-1.51111 -0.788889
-1.57778 -0.791111
-1.48889 -0.737778
-1.51556 -0.751111
-1.48 -0.764444
-1.38222 -0.751111
-1.54667 -0.851111
-1.50667 -0.784444
-1.49333 -0.824444
-1.43556 -0.702222
-1.34667 -0.66
-1.33333 -0.591111
-1.48889 -0.717778
-1.31111 -0.566667
-1.41778 -0.668889
-1.28889 -0.571111
-1.21778 -0.493333
-1.35111 -0.551111
-1.29778 -0.533333
-1.27556 -0.56
-1.37778 -0.668889
-1.58667 -0.815556
-1.43111 -0.748889
-1.38222 -0.664444
-1.38222 -0.684444
-1.46667 -0.695556
-1.35111 -0.64
-1.35556 -0.631111
-1.50222 -0.766667
-1.47111 -0.762222
-1.42667 -0.677778
-1.36444 -0.651111
-1.43556 -0.686667
-1.55111 -0.735556
-1.34667 -0.651111
-1.41333 -0.526667
-1.39556 -0.513333
-1.23556 -0.571111
-1.28889 -0.557778
-1.52 -0.595556
-1.35111 -0.533333
-1.36 -0.562222
-1.32444 -0.626667
-1.39556 -0.702222
-1.38222 -0.575556
-1.19556 -0.464444
-1.44889 -0.66
-1.50667 -0.804444
-1.33333 -0.646667
-1.23111 -0.633333
-1.51556 -0.808889
-1.44444 -0.74
-1.44444 -0.748889
-1.38667 -0.635556
-1.47556 -0.677778
-1.55111 -0.677778
-1.47111 -0.544444
-1.42222 -0.535556
-1.47111 -0.533333
-1.40889 -0.602222
-1.32444 -0.6
-1.42222 -0.74
-1.51556 -0.815556
-1.47556 -0.8
-1.54667 -0.842222
-1.6 -0.86
-1.65333 -0.891111
-1.64444 -0.882222
-1.56 -0.848889
-1.36444 -0.731111
-1.38667 -0.706667
-1.42667 -0.724444
-1.47556 -0.655556
-1.51556 -0.771111
-1.54222 -0.793333
-1.51556 -0.782222
-1.57333 -0.797778
-1.45778 -0.686667
-1.51556 -0.831111
-1.65333 -0.882222
-1.57778 -0.844444
-1.52889 -0.837778
-1.37778 -0.717778
-1.49333 -0.793333
-1.45333 -0.766667
-1.47556 -0.742222
-1.36444 -0.704444
-1.39111 -0.708889
-1.60444 -0.826667
-1.32444 -0.686667
-1.51556 -0.715556
-1.32 -0.448889
-1.32889 -0.44
-1.35556 -0.597778
-1.32 -0.577778
-1.40889 -0.504444
-1.26222 -0.504444
-1.29778 -0.575556
-1.45333 -0.686667
-1.54222 -0.708889
-1.42667 -0.677778
-1.51111 -0.766667
-1.35556 -0.697778
-1.43556 -0.737778
-1.45778 -0.722222
-1.41333 -0.615556
-1.50667 -0.631111
-1.48444 -0.744444
-1.44889 -0.753333
-1.50222 -0.802222
-1.54222 -0.828889
-1.47556 -0.78
-1.35111 -0.74
-1.30667 -0.693333
-1.40889 -0.72
-1.58222 -0.826667
-1.50222 -0.788889
-1.36889 -0.697778
-1.48889 -0.751111
-1.53333 -0.788889
-1.40444 -0.617778
-1.31111 -0.633333
-1.35556 -0.68
-1.43111 -0.677778
-1.34222 -0.677778
-1.49778 -0.76
-1.56889 -0.813333
-1.43556 -0.753333
-1.48889 -0.791111
-1.55111 -0.808889
-1.34667 -0.653333
-1.34222 -0.611111
-1.39556 -0.62
-1.4 -0.657778
-1.34667 -0.68
-1.57778 -0.82
-1.48889 -0.74
-1.48444 -0.766667
-1.51556 -0.811111
-1.59111 -0.828889
-1.57778 -0.815556
-1.65333 -0.853333
-1.56 -0.764444
-1.51556 -0.742222
-1.52 -0.793333
-1.57333 -0.822222
-1.54222 -0.8
-1.43111 -0.731111
-1.34222 -0.671111
-1.32889 -0.604444
-1.28889 -0.524444
-1.33333 -0.531111
-1.37333 -0.586667
-1.4 -0.608889
-1.36 -0.666667
-1.34667 -0.582222
-1.31556 -0.566667
-1.43111 -0.611111
-1.40444 -0.673333
-1.41333 -0.64
-1.37778 -0.502222
-1.28 -0.38
-1.33333 -0.517778
-1.50667 -0.795556
-1.46222 -0.793333
-1.57333 -0.786667
-1.26667 -0.602222
-1.55556 -0.793333
-1.64 -0.873333
-1.51556 -0.78
-1.51111 -0.793333
-1.48 -0.8
-1.43556 -0.793333
-1.38222 -0.704444
-1.27556 -0.56
-1.51111 -0.711111
-1.36444 -0.671111
-1.41778 -0.766667
-1.54667 -0.748889
-1.45778 -0.773333
-1.59111 -0.786667
-1.50667 -0.82
-1.56 -0.815556
-1.50667 -0.782222
-1.51556 -0.826667
-1.62222 -0.855556
-1.6 -0.848889
-1.45333 -0.757778
-1.45778 -0.764444
-1.50667 -0.762222
-1.40444 -0.688889
-1.34222 -0.708889
-1.49778 -0.815556
-1.49333 -0.788889
-1.28444 -0.584444
-1.41333 -0.624444
-1.36444 -0.515556
-1.41333 -0.608889
-1.51111 -0.713333
-1.46222 -0.722222
-1.38667 -0.746667
-1.25333 -0.644444
-1.58667 -0.84
-1.48 -0.795556
-1.44889 -0.76
-1.51556 -0.795556
-1.53778 -0.835556
-1.56889 -0.84
-1.57778 -0.835556
-1.57333 -0.855556
-1.41778 -0.704444
-1.36444 -0.622222
-1.42222 -0.644444
-1.39556 -0.684444
-1.57333 -0.791111
-1.48444 -0.771111
-1.63111 -0.86
-1.42667 -0.737778
-1.49778 -0.766667
-1.59556 -0.815556
-1.62667 -0.846667
-1.43111 -0.773333
-1.66667 -0.882222
-1.57778 -0.848889
-1.51556 -0.788889
-1.44889 -0.6
-1.42667 -0.635556
-1.42667 -0.653333
-1.39556 -0.588889
-1.33333 -0.631111
-1.54667 -0.782222
-1.46222 -0.771111
-1.52 -0.793333
-1.56444 -0.822222
-1.49333 -0.771111
-1.64 -0.877778
-1.53778 -0.831111
-1.52889 -0.824444
-1.29333 -0.626667
-1.47556 -0.746667
-1.46667 -0.76
-1.4 -0.757778
-1.52 -0.764444
-1.54667 -0.817778
-1.53778 -0.828889
-1.41333 -0.755556
-1.46667 -0.802222
-1.41778 -0.72
-1.32 -0.66
-1.44 -0.686667
-1.42667 -0.635556
-1.43111 -0.526667
-1.28889 -0.464444
-1.33333 -0.575556
-1.41333 -0.544444
-1.41333 -0.568889
-1.44 -0.66
-1.42667 -0.713333
-1.32889 -0.606667
-1.26667 -0.515556
-1.46667 -0.513333
-1.26222 -0.44
-1.37778 -0.597778
-1.28 -0.504444
-1.28889 -0.491111
-1.29778 -0.464444
-1.36889 -0.528889
-1.38222 -0.555556
-1.31111 -0.6
-1.40444 -0.702222
-1.39111 -0.668889
-1.33333 -0.604444
-1.40444 -0.691111
-1.48 -0.762222
-1.40889 -0.748889
-1.58667 -0.851111
-1.67111 -0.902222
-1.56 -0.835556
-1.41778 -0.757778
-1.54667 -0.826667
-1.52444 -0.806667
-1.58222 -0.857778
-1.44444 -0.748889
-1.62222 -0.82
-1.43556 -0.637778
-1.33333 -0.631111
-1.36889 -0.631111
-1.44889 -0.611111
-1.30667 -0.557778
-1.33333 -0.442222
-1.16 -0.297778
-1.30667 -0.326667
-1.30222 -0.44
-1.43111 -0.457778
-1.45778 -0.511111
-1.36444 -0.577778
-1.4 -0.5
-1.26222 -0.346667
-1.28 -0.395556
-1.27111 -0.473333
-1.35111 -0.433333
-1.27111 -0.397778
-1.23556 -0.195556
-1.24444 -0.286667
-1.28 -0.322222
-1.46222 -0.351111
-1.27111 -0.351111
-1.35556 -0.417778
-1.32444 -0.44
-1.27111 -0.382222
-1.37333 -0.526667
-1.39556 -0.431111
-1.34667 -0.417778
-1.36 -0.484444
-1.47556 -0.606667
-1.52889 -0.64
-1.45778 -0.682222
-1.46667 -0.682222
-1.33778 -0.508889
-1.32444 -0.522222
-1.30667 -0.564444
-1.45333 -0.617778
-1.27111 -0.542222
-1.44444 -0.746667
-1.51111 -0.764444
-1.56444 -0.815556
-1.47111 -0.744444
-1.54667 -0.857778
-1.4 -0.697778
-1.56444 -0.837778
-1.56889 -0.84
-1.41778 -0.691111
-1.46222 -0.711111
-1.35556 -0.651111
-1.38222 -0.697778
-1.50222 -0.808889
-1.30222 -0.671111
-1.41778 -0.726667
-1.47111 -0.762222
-1.34667 -0.744444
-1.57333 -0.84
-1.60444 -0.855556
-1.51111 -0.815556
-1.44889 -0.715556
-1.45778 -0.688889
-1.43111 -0.735556
-1.40889 -0.713333
-1.46222 -0.733333
-1.37778 -0.675556
-1.47556 -0.744444
-1.51111 -0.715556
-1.45333 -0.726667
-1.44889 -0.693333
-1.33333 -0.628889
-1.44889 -0.726667
-1.41333 -0.706667
-1.48889 -0.755556
-1.42667 -0.746667
-1.42667 -0.746667
-1.49778 -0.762222
-1.47556 -0.675556
-1.52889 -0.733333
-1.46222 -0.646667
-1.26222 -0.633333
-1.44 -0.706667
-1.51111 -0.7
-1.36444 -0.588889
-1.47111 -0.593333
-1.32 -0.595556
-1.34667 -0.64
-1.43111 -0.671111
-1.52 -0.726667
-1.49333 -0.708889
-1.45333 -0.762222
-1.51111 -0.806667
-1.62222 -0.837778
-1.48889 -0.777778
-1.51111 -0.744444
-1.64444 -0.866667
-1.55556 -0.833333
-1.49778 -0.764444
-1.52 -0.766667
-1.36444 -0.64
-1.40444 -0.664444
-1.42222 -0.624444
-1.38222 -0.653333
-1.37778 -0.666667
-1.43111 -0.731111
-1.24444 -0.54
-1.43111 -0.577778
-1.28889 -0.457778
-1.39111 -0.52
-1.4 -0.624444
-1.18667 -0.34
-1.22667 -0.433333
-1.47556 -0.604444
-1.38667 -0.613333
-1.53333 -0.695556
-1.4 -0.693333
-1.18667 -0.468889
-1.28444 -0.52
-1.45333 -0.666667
-1.55111 -0.724444
-1.49778 -0.722222
-1.47111 -0.671111
-1.35111 -0.653333
-1.37333 -0.733333
-1.50222 -0.76
-1.38222 -0.675556
-1.40444 -0.713333
-1.42222 -0.646667
-1.45778 -0.76
-1.54667 -0.808889
-1.52889 -0.775556
-1.47556 -0.753333
-1.46667 -0.753333
-1.49778 -0.777778
-1.25333 -0.651111
-1.60889 -0.822222
-1.51111 -0.806667
-1.58222 -0.844444
-1.56 -0.828889
-1.59111 -0.82
-1.42667 -0.775556
-1.59556 -0.806667
-1.50222 -0.788889
-1.51556 -0.813333
-1.44889 -0.733333
-1.41778 -0.673333
-1.36889 -0.693333
-1.31556 -0.637778
-1.47556 -0.642222
-1.44444 -0.66
-1.40889 -0.72
-1.48889 -0.784444
-1.47111 -0.731111
-1.41778 -0.755556
-1.52 -0.831111
-1.62222 -0.822222
-1.54222 -0.802222
-1.4 -0.711111
-1.44889 -0.684444
-1.37333 -0.671111
-1.52 -0.813333
-1.52444 -0.813333
-1.56889 -0.831111
-1.49778 -0.757778
-1.48 -0.831111
-1.57333 -0.851111
-1.50222 -0.786667
-1.45333 -0.728889
-1.55556 -0.822222
-1.43556 -0.76
-1.47556 -0.768889
-1.59111 -0.837778
-1.6 -0.862222
-1.48 -0.748889
-1.48 -0.773333
-1.41778 -0.78
-1.51556 -0.786667
-1.55111 -0.815556
-1.45778 -0.731111
-1.43111 -0.697778
-1.37333 -0.626667
-1.68889 -0.72
-1.44889 -0.635556
-1.44 -0.74
-1.44 -0.786667
-1.51111 -0.806667
-1.61333 -0.864444
-1.54222 -0.804444
-1.40889 -0.733333
-1.41778 -0.702222
-1.51111 -0.784444
-1.26222 -0.691111
-1.35556 -0.677778
-1.48444 -0.762222
-1.48444 -0.804444
-1.51556 -0.748889
-1.47111 -0.726667
-1.27111 -0.617778
-1.48 -0.76
-1.47556 -0.74
-1.30667 -0.608889
-1.32 -0.591111
-1.31111 -0.464444
-1.51111 -0.74
-1.66222 -0.853333
-1.64889 -0.822222
-1.47556 -0.626667
-1.45333 -0.653333
-1.44889 -0.764444
-1.44444 -0.702222
-1.38222 -0.635556
-1.45778 -0.688889
-1.45778 -0.657778
-1.44444 -0.668889
-1.27111 -0.633333
-1.43556 -0.664444
-1.36 -0.484444
-1.31111 -0.555556
-1.44889 -0.737778
-1.39556 -0.737778
-1.44889 -0.757778
-1.4 -0.66
-1.47556 -0.635556
-1.48 -0.744444
-1.43111 -0.753333
-1.44444 -0.731111
-1.52 -0.808889
-1.50222 -0.808889
-1.56 -0.82
-1.52444 -0.804444
-1.57778 -0.826667
-1.51111 -0.804444
-1.53778 -0.793333
-1.48889 -0.82
-1.48 -0.8
-1.50222 -0.777778
-1.43111 -0.771111
-1.53778 -0.793333
-1.49333 -0.824444
-1.48 -0.802222
-1.37333 -0.664444
-1.43111 -0.702222
-1.41333 -0.68
-1.47556 -0.706667
-1.43111 -0.666667
-1.36889 -0.511111
-1.30222 -0.475556
-1.30222 -0.593333
-1.46222 -0.588889
-1.28 -0.513333
-1.31556 -0.526667
-1.28889 -0.528889
-1.31111 -0.62
-1.46667 -0.642222
-1.35556 -0.662222
-1.48889 -0.711111
-1.47111 -0.728889
-1.48444 -0.688889
-1.41778 -0.666667
-1.56889 -0.764444
-1.54222 -0.76
-1.54667 -0.78
-1.45778 -0.771111
-1.52889 -0.802222
-1.36444 -0.682222
-1.57333 -0.828889
-1.49333 -0.797778
-1.50667 -0.782222
-1.49333 -0.831111
-1.59111 -0.824444
-1.65333 -0.875556
-1.51111 -0.808889
-1.47556 -0.795556
-1.41333 -0.735556
-1.40889 -0.715556
-1.50667 -0.802222
-1.57333 -0.795556
-1.46222 -0.773333
-1.45778 -0.702222
-1.44444 -0.606667
-1.36 -0.531111
-1.33333 -0.555556
-1.37333 -0.562222
-1.42222 -0.646667
-1.45333 -0.695556
-1.35111 -0.471111
-1.32 -0.437778
-1.39556 -0.495556
-1.24889 -0.533333
-1.36889 -0.606667
-1.45333 -0.653333
-1.31556 -0.568889
-1.32444 -0.482222
-1.28444 -0.426667
-1.39556 -0.491111
-1.39556 -0.511111
-1.36 -0.506667
-1.43556 -0.542222
-1.40444 -0.537778
-1.44444 -0.466667
-1.42222 -0.533333
-1.36889 -0.553333
-1.32 -0.426667
-1.43556 -0.364444
-1.40444 -0.315556
-1.36 -0.428889
-1.43111 -0.593333
-1.43111 -0.608889
-1.25333 -0.493333
-1.26667 -0.326667
-1.40889 -0.413333
-1.23556 -0.282222
-1.29333 -0.311111
-1.36444 -0.311111
-1.33333 -0.284444
-1.31111 -0.157778
-1.31111 -0.182222
-1.28 -0.12
-1.24 -0.213333
-1.34667 -0.315556
-1.19556 -0.208889
-1.21333 -0.264444
-1.30222 -0.242222
-1.31111 -0.402222
-1.30667 -0.422222
-1.35111 -0.511111
-1.30667 -0.571111
-1.33333 -0.62
-1.34667 -0.515556
-1.4 -0.586667
-1.34667 -0.54
-1.32889 -0.575556
-1.32 -0.531111
-1.35111 -0.471111
-1.31556 -0.486667
-1.23556 -0.415556
-1.4 -0.48
-1.27556 -0.517778
-1.46222 -0.497778
-1.42222 -0.62
-1.30222 -0.575556
-1.41778 -0.513333
-1.25333 -0.32
-1.34667 -0.335556
-1.39111 -0.377778
-1.31556 -0.357778
-1.26667 -0.364444
-1.24 -0.404444
-1.28 -0.413333
-1.36889 -0.586667
-1.33333 -0.6
-1.35111 -0.52
-1.36444 -0.568889
-1.41778 -0.584444
-1.55111 -0.66
-1.34222 -0.475556
-1.49778 -0.564444
-1.40444 -0.546667
-1.36 -0.524444
-1.36889 -0.564444
-1.40889 -0.526667
-1.32889 -0.553333
-1.45333 -0.673333
-1.42667 -0.611111
-1.28889 -0.511111
-1.28889 -0.406667
-1.38222 -0.462222
-1.34222 -0.293333
-1.22667 -0.231111
-1.17778 -0.0533333
-1.31556 -0.0622222
-1.41333 -0.135556
-1.31556 -0.00222222
-1.44444 -0.0888889
-1.32444 0.0688889
-1.36889 0.18
-1.33333 0.12
-1.32889 0.0466667
-1.21778 0.0666667
-1.30222 0.102222
-1.19111 0.1
-1.39111 0.462222
-1.50667 0.355556
-1.36 0.495556
-1.28444 0.488889
-1.30667 0.477778
-1.23111 0.422222
-1.41333 0.515556
-1.28889 0.482222
-1.44889 0.497778
-1.33333 0.433333
-1.29333 0.4
-1.38222 0.388889
-1.46667 0.497778
-1.40444 0.451111
-1.20444 0.313333
-1.23556 0.215556
-1.32444 0.0955556
-1.33778 0.242222
-1.16 0.253333
-1.31111 0.122222
-1.32 0.313333
-1.25333 0.328889
-1.22222 0.313333
-1.2 0.348889
-1.42222 0.415556
-1.37333 0.335556
-1.26667 0.375556
-1.29333 0.502222
-1.30667 0.506667
-1.24 0.442222
-1.45778 0.553333
-1.32 0.482222
-1.43111 0.644444
-1.32889 0.564444
-1.40889 0.731111
-1.35556 0.586667
-1.37778 0.631111
-1.51556 0.78
-1.50667 0.786667
-1.48 0.773333
-1.65333 0.822222
-1.55556 0.766667
-1.52889 0.815556
-1.43111 0.768889
-1.45778 0.702222
-1.47556 0.762222
-1.64889 0.882222
-1.55111 0.844444
-1.48444 0.806667
-1.51111 0.835556
-1.64889 0.884444
-1.46222 0.768889
-1.57778 0.795556
-1.51556 0.782222
-1.55111 0.802222
-1.53778 0.782222
-1.52444 0.813333
-1.41778 0.735556
-1.36889 0.668889
-1.50667 0.753333
-1.46222 0.755556
-1.42667 0.764444
-1.54222 0.8
-1.51556 0.771111
-1.34222 0.666667
-1.4 0.72
-1.47111 0.811111
-1.41778 0.722222
-1.39111 0.686667
-1.52 0.655556
-1.34222 0.562222
-1.58222 0.782222
-1.54667 0.815556
-1.35556 0.682222
-1.38222 0.626667
-1.36 0.722222
-1.61333 0.833333
-1.57778 0.855556
-1.48889 0.791111
-1.43556 0.648889
-1.25333 0.455556
-1.44444 0.497778
-1.43111 0.46
-1.32889 0.466667
-1.35111 0.448889
-1.44444 0.595556
-1.37778 0.691111
-1.42667 0.728889
-1.40889 0.731111
-1.57778 0.815556
-1.53333 0.817778
-1.47556 0.768889
-1.37333 0.724444
-1.42667 0.711111
-1.46222 0.717778
-1.37333 0.688889
-1.35111 0.637778
-1.36444 0.642222
-1.29778 0.595556
-1.30222 0.591111
-1.4 0.651111
-1.26667 0.515556
-1.38667 0.635556
-1.38222 0.646667
-1.42222 0.608889
-1.39111 0.535556
-1.43556 0.611111
-1.30222 0.662222
-1.48889 0.782222
-1.57778 0.806667
-1.61778 0.862222
-1.51111 0.815556
-1.49333 0.757778
-1.46667 0.715556
-1.40444 0.668889
-1.36444 0.6
-1.56 0.673333
-1.37333 0.633333
-1.45333 0.693333
-1.48889 0.668889
-1.46222 0.644444
-1.50222 0.675556
-1.40444 0.611111
-1.26667 0.602222
-1.29778 0.557778
-1.28889 0.442222
-1.19556 0.433333
-1.20444 0.228889
-1.33333 0.0333333
-1.20889 0.0911111
-1.24889 0.128889
-1.27111 0.0466667
-1.19556 0.102222
-1.29333 -0.0333333
-1.29778 0.00888889
-1.30222 0.08
-1.31556 0.175556
-1.33778 0.262222
-1.35111 0.282222
-1.28444 0.306667
-1.41778 0.375556
-1.49333 0.344444
-1.38667 0.342222
-1.46222 0.262222
-1.22667 0.237778
-1.32889 0.273333
-1.34222 0.191111
-1.28 0.168889
-1.36889 0.144444
-1.44444 0.28
-1.36444 0.424444
-1.31111 0.588889
-1.29778 0.504444
-1.32444 0.56
-1.30222 0.62
-1.43111 0.691111
-1.36889 0.675556
-1.56 0.755556
-1.38222 0.748889
-1.47556 0.76
-1.59111 0.853333
-1.55111 0.811111
-1.35556 0.635556
-1.46667 0.722222
-1.4 0.735556
-1.44 0.702222
-1.42222 0.742222
-1.44444 0.711111
-1.44 0.735556
-1.37333 0.675556
-1.40444 0.715556
-1.44 0.755556
-1.48889 0.766667
-1.51111 0.757778
-1.44889 0.715556
-1.41333 0.733333
-1.27556 0.597778
-1.39556 0.637778
-1.30222 0.504444
-1.25778 0.413333
-1.36444 0.5
-1.43111 0.64
-1.41778 0.635556
-1.4 0.531111
-1.47111 0.493333
-1.35111 0.562222
-1.41778 0.58
-1.32 0.568889
-1.39111 0.628889
-1.34222 0.642222
-1.40889 0.715556
-1.40889 0.722222
-1.50667 0.731111
-1.41778 0.722222
-1.52 0.793333
-1.41778 0.764444
-1.43556 0.735556
-1.44444 0.731111
-1.57778 0.744444
-1.42222 0.617778
-1.55111 0.833333
-1.60889 0.824444
-1.35111 0.708889
-1.42222 0.717778
-1.44 0.751111
-1.58222 0.806667
-1.55556 0.788889
-1.53778 0.768889
-1.44444 0.74
-1.38222 0.708889
-1.37333 0.702222
-1.46667 0.751111
-1.36444 0.695556
-1.60444 0.806667
-1.46222 0.768889
-1.36 0.673333
-1.49333 0.731111
-1.41333 0.662222
-1.32 0.666667
-1.45333 0.697778
-1.39111 0.628889
-1.31111 0.626667
-1.43111 0.768889
-1.44 0.693333
-1.42222 0.637778
-1.44889 0.693333
-1.4 0.66
-1.32 0.628889
-1.4 0.631111
-1.22222 0.413333
-1.38667 0.562222
-1.28444 0.546667
-1.41333 0.66
-1.51111 0.684444
-1.45778 0.724444
-1.48 0.797778
-1.50222 0.775556
-1.63111 0.835556
-1.43111 0.72
-1.60444 0.857778
-1.6 0.828889
-1.44444 0.68
-1.36 0.664444
-1.28 0.56
-1.4 0.6
-1.33333 0.544444
-1.23556 0.5
-1.38667 0.653333
-1.39111 0.622222
-1.34222 0.58
-1.32889 0.52
-1.31556 0.582222
-1.43111 0.704444
-1.50222 0.742222
-1.46222 0.78
-1.48 0.717778
-1.47111 0.755556
-1.50667 0.762222
-1.53333 0.706667
-1.29778 0.553333
-1.42667 0.7
-1.59556 0.811111
-1.35556 0.637778
-1.33333 0.613333
-1.24889 0.582222
-1.42222 0.657778
-1.44444 0.664444
-1.41778 0.66
-1.18222 0.533333
-1.31556 0.473333
-1.37778 0.513333
-1.40444 0.533333
-1.42222 0.651111
-1.32 0.664444
-1.29778 0.535556
-1.42222 0.573333
-1.48 0.644444
-1.37333 0.593333
-1.35556 0.62
-1.46222 0.575556
-1.33778 0.644444
-1.32 0.364444
-1.21333 0.302222
-1.33778 0.368889
-1.28444 0.34
-1.19556 0.148889
-1.28889 0.0466667
-1.28444 0.146667
-1.39111 0.333333
-1.27111 0.297778
-1.23556 0.304444
-1.22222 0.22
-1.16 0.168889
-1.17778 0.191111
-1.32 0.224444
-1.24444 0.157778
-1.25333 0.168889
-1.36 0.264444
-1.24889 0.00666667
-1.16444 0.00444444
-1.16889 0.0533333
-1.17333 -0.0533333
-1.24 -0.0733333
-1.14667 0.00888889
-1.18222 -0.124444
-1.23556 -0.04
-1.22222 0.0844444
-1.20444 0.102222
-1.38222 0.0244444
-1.27556 0.0866667
-1.29333 0.197778
-1.27556 0.197778
-1.23556 0.186667
-1.24889 0.208889
-1.44 0.317778
-1.23556 0.248889
-1.36444 0.357778
-1.29333 0.408889
-1.37333 0.466667
-1.22667 0.444444
-1.45333 0.631111
-1.35556 0.577778
-1.34222 0.635556
-1.38667 0.657778
-1.47556 0.748889
-1.53778 0.797778
-1.41333 0.657778
-1.50222 0.8
-1.47111 0.775556
-1.61333 0.873333
-1.53778 0.746667
-1.37333 0.575556
-1.47556 0.706667
-1.36 0.691111
-1.41333 0.662222
-1.4 0.646667
-1.38222 0.662222
-1.49333 0.715556
-1.38222 0.624444
-1.43556 0.702222
-1.56444 0.857778
-1.46222 0.795556
-1.51111 0.8
-1.52 0.793333
-1.67111 0.857778
-1.57778 0.853333
-1.48444 0.755556
-1.47111 0.762222
-1.41778 0.604444
-1.41778 0.68
-1.37333 0.637778
-1.40889 0.697778
-1.47556 0.766667
-1.44444 0.7
-1.38667 0.68
-1.56889 0.744444
-1.48 0.742222
-1.41333 0.686667
-1.48 0.653333
-1.28889 0.535556
-1.30667 0.637778
-1.28889 0.633333
-1.45333 0.762222
-1.48 0.764444
-1.39111 0.608889
-1.38667 0.66
-1.41778 0.735556
-1.49778 0.782222
-1.40889 0.706667
-1.35111 0.717778
-1.37333 0.706667
-1.41333 0.728889
-1.56889 0.831111
-1.43556 0.74
-1.41778 0.717778
-1.45778 0.784444
-1.53333 0.802222
-1.52444 0.795556
-1.46222 0.78
-1.49333 0.746667
-1.34222 0.635556
-1.50222 0.753333
-1.33778 0.633333
-1.38222 0.684444
-1.48889 0.706667
-1.32 0.542222
-1.49333 0.795556
-1.58222 0.793333
-1.39556 0.717778
-1.44889 0.711111
-1.43556 0.768889
-1.47111 0.72
-1.29778 0.595556
-1.32444 0.602222
-1.23111 0.488889
-1.27556 0.46
-1.23556 0.482222
-1.29333 0.531111
-1.44889 0.626667
-1.45778 0.606667
-1.34667 0.482222
-1.37333 0.6
-1.25333 0.508889
-1.29778 0.56
-1.43111 0.657778
-1.48 0.671111
-1.41333 0.668889
-1.36 0.651111
-1.52 0.655556
-1.56889 0.733333
-1.54667 0.74
-1.4 0.644444
-1.40889 0.651111
-1.44 0.695556
-1.43111 0.695556
-1.54667 0.737778
-1.35111 0.648889
-1.45333 0.733333
-1.54222 0.777778
-1.33333 0.702222
-1.54667 0.835556
-1.49778 0.773333
-1.36444 0.673333
-1.48889 0.633333
-1.40889 0.653333
-1.58667 0.722222
-1.42667 0.6
-1.39556 0.624444
-1.41333 0.606667
-1.41778 0.733333
-1.40444 0.708889
-1.45333 0.724444
-1.42667 0.708889
-1.39111 0.706667
-1.34222 0.56
-1.34667 0.642222
-1.20444 0.531111
-1.22222 0.433333
-1.37333 0.58
-1.39556 0.411111
-1.28889 0.486667
-1.45333 0.68
-1.44 0.648889
-1.47111 0.784444
-1.48 0.773333
-1.48 0.8
-1.59556 0.862222
-1.56889 0.808889
-1.48444 0.76
-1.44444 0.78
-1.44889 0.762222
-1.40889 0.697778
-1.52889 0.724444
-1.29778 0.624444
-1.37778 0.655556
-1.39111 0.657778
-1.37333 0.706667
-1.36444 0.688889
-1.43111 0.697778
-1.51111 0.764444
-1.48889 0.742222
-1.52889 0.833333
-1.50222 0.782222
-1.48 0.755556
-1.51556 0.808889
-1.61333 0.851111
-1.68444 0.886667
-1.41778 0.771111
-1.28889 0.691111
-1.4 0.764444
-1.39556 0.655556
-1.41778 0.684444
-1.34667 0.684444
-1.48444 0.764444
-1.54667 0.846667
-1.48 0.784444
-1.39556 0.693333
-1.35556 0.471111
-1.43556 0.597778
-1.29778 0.542222
-1.41778 0.508889
-1.31556 0.462222
-1.44444 0.642222
-1.28 0.6
-1.39111 0.691111
-1.28 0.533333
-1.22667 0.548889
-1.36889 0.651111
-1.42667 0.611111
-1.24889 0.608889
-1.54222 0.653333
-1.43556 0.708889
-1.33333 0.631111
-1.37778 0.511111
-1.32 0.34
-1.27556 0.233333
-1.34667 0.275556
-1.32444 0.233333
-1.32444 0.22
-1.43111 0.311111
-1.35111 0.295556
-1.48 0.391111
-1.38667 0.322222
-1.50667 0.337778
-1.42222 0.34
-1.27556 0.375556
-1.34667 0.375556
-1.26667 0.348889
-1.10667 0.313333
-1.39556 0.462222
-1.26667 0.471111
-1.41333 0.4
-1.37333 0.373333
-1.29778 0.446667
-1.28889 0.446667
-1.24444 0.268889
-1.39111 0.375556
-1.27111 0.355556
-1.23111 0.273333
-1.28 0.313333
-1.24889 0.395556
-1.34222 0.413333
-1.30222 0.433333
-1.24444 0.417778
-1.24 0.375556
-1.31556 0.497778
-1.26667 0.566667
-1.30667 0.597778
-1.59556 0.797778
-1.46667 0.755556
-1.45333 0.76
-1.35556 0.695556
-1.64444 0.891111
-1.47556 0.811111
-1.51556 0.704444
-1.46667 0.711111
-1.39111 0.664444
-1.34667 0.595556
-1.21333 0.553333
-1.28444 0.637778
-1.32444 0.695556
-1.36889 0.691111
-1.48444 0.744444
-1.43111 0.742222
-1.34222 0.708889
-1.48889 0.795556
-1.31111 0.582222
-1.44 0.731111
-1.41778 0.755556
-1.48889 0.755556
-1.38222 0.686667
-1.41333 0.671111
-1.33778 0.548889
-1.22222 0.493333
-1.34667 0.671111
-1.41778 0.66
-1.43556 0.697778
-1.39111 0.671111
-1.27556 0.471111
-1.29778 0.415556
-1.40889 0.593333
-1.36 0.624444
-1.36 0.557778
-1.33333 0.535556
-1.40889 0.542222
-1.37778 0.52
-1.32444 0.586667
-1.46667 0.6
-1.4 0.6
-1.38222 0.697778
-1.51111 0.757778
-1.54222 0.824444
-1.50667 0.771111
-1.52889 0.82
-1.6 0.855556
-1.59111 0.842222
-1.37778 0.733333
-1.51111 0.784444
-1.46222 0.795556
-1.46667 0.74
-1.53333 0.804444
-1.43111 0.768889
-1.35556 0.715556
-1.51111 0.775556
-1.59556 0.826667
-1.53333 0.822222
-1.41778 0.715556
-1.50667 0.775556
-1.41333 0.677778
-1.45333 0.66
-1.48 0.762222
-1.43556 0.693333
-1.38222 0.628889
-1.35556 0.546667
-1.30667 0.584444
-1.36444 0.546667
-1.39556 0.606667
-1.2 0.468889
-1.33778 0.671111
-1.33778 0.653333
-1.40889 0.713333
-1.47111 0.731111
-1.44889 0.622222
-1.29333 0.417778
-1.24444 0.415556
-1.24444 0.413333
-1.27111 0.526667
-1.40889 0.586667
-1.44889 0.651111
-1.51111 0.78
-1.52444 0.762222
-1.50222 0.782222
-1.50222 0.811111
-1.43111 0.751111
-1.43556 0.777778
-1.52444 0.78
-1.46222 0.788889
-1.58222 0.851111
-1.39556 0.722222
-1.28444 0.626667
-1.44 0.653333
-1.26667 0.486667
-1.27111 0.528889
-1.37778 0.657778
-1.37333 0.666667
-1.41778 0.626667
-1.44889 0.617778
-1.50667 0.695556
-1.48889 0.553333
-1.46222 0.633333
-1.28889 0.597778
-1.48444 0.653333
-1.46667 0.686667
-1.48444 0.72
-1.40444 0.76
-1.53333 0.795556
-1.38222 0.653333
-1.41333 0.631111
-1.43111 0.58
-1.56889 0.66
-1.49778 0.671111
-1.44 0.573333
-1.39111 0.657778
-1.52 0.764444
-1.44444 0.715556
-1.47111 0.764444
-1.32889 0.713333
-1.51111 0.786667
-1.68444 0.88
-1.46222 0.797778
-1.4 0.691111
-1.52 0.737778
-1.45333 0.631111
-1.54667 0.642222
-1.36 0.577778
-1.48 0.733333
-1.36444 0.713333
-1.45778 0.72
-1.35556 0.662222
-1.44889 0.708889
-1.43111 0.673333
-1.44444 0.673333
-1.44 0.7
-1.40444 0.706667
-1.42667 0.771111
-1.56889 0.853333
-1.47111 0.795556
-1.51556 0.833333
-1.41778 0.78
-1.61333 0.853333
-1.69778 0.866667
-1.52 0.797778
-1.40889 0.733333
-1.4 0.713333
-1.52889 0.74
-1.32889 0.544444
-1.31111 0.46
-1.21333 0.4
-1.28 0.417778
-1.30222 0.366667
-1.31556 0.448889
-1.32889 0.424444
-1.35111 0.426667
-1.24 0.348889
-1.28 0.424444
-1.34222 0.437778
-1.38222 0.548889
-1.44889 0.475556
-1.32444 0.451111
-1.38222 0.384444
-1.39556 0.471111
-1.46222 0.557778
-1.44 0.488889
-1.45333 0.631111
-1.37333 0.517778
-1.24 0.573333
-1.37778 0.615556
-1.48444 0.7
-1.48444 0.795556
-1.60444 0.813333
-1.35111 0.724444
-1.41333 0.746667
-1.44889 0.768889
-1.61333 0.855556
-1.60889 0.866667
-1.40889 0.777778
-1.45333 0.74
-1.47111 0.726667
-1.47556 0.746667
-1.36 0.693333
-1.40889 0.715556
-1.39556 0.708889
-1.35111 0.684444
-1.45778 0.68
-1.44 0.711111
-1.39556 0.733333
-1.49333 0.782222
-1.40444 0.695556
-1.21778 0.546667
-1.39556 0.613333
-1.36 0.642222
-1.37333 0.742222
-1.44 0.704444
-1.45778 0.72
-1.51556 0.828889
-1.57333 0.793333
-1.44889 0.724444
-1.45778 0.568889
-1.40444 0.588889
-1.43556 0.613333
-1.43556 0.635556
-1.33333 0.628889
-1.32444 0.586667
-1.34222 0.626667
-1.33778 0.72
-1.44889 0.771111
-1.46222 0.753333
-1.45778 0.684444
-1.46222 0.702222
-1.40889 0.711111
-1.35556 0.686667
-1.47556 0.668889
-1.4 0.68
-1.28444 0.62
-1.38667 0.62
-1.34222 0.644444
-1.34222 0.586667
-1.43111 0.582222
-1.31556 0.488889
-1.26222 0.402222
-1.38222 0.488889
-1.30222 0.513333
-1.36 0.482222
-1.47111 0.564444
-1.46222 0.58
-1.34667 0.495556
-1.38667 0.537778
-1.32444 0.373333
-1.28444 0.386667
-1.28 0.357778
-1.33778 0.402222
-1.41333 0.504444
-1.27556 0.404444
-1.51111 0.671111
-1.45333 0.664444
-1.44 0.675556
-1.50222 0.686667
-1.45778 0.711111
-1.58222 0.733333
-1.43556 0.615556
-1.42222 0.54
-1.45333 0.564444
-1.4 0.593333
-1.43556 0.5
-1.33778 0.566667
-1.27111 0.497778
-1.44444 0.608889
-1.24889 0.444444
-1.27556 0.484444
-1.43111 0.615556
-1.40889 0.642222
-1.36889 0.548889
-1.28889 0.633333
-1.35556 0.471111
-1.24444 0.373333
-1.25333 0.411111
-1.20889 0.128889
-1.24444 0.331111
-1.24 0.286667
-1.23556 0.28
-1.37333 0.433333
-1.32444 0.384444
-1.33778 0.471111
-1.46222 0.575556
-1.35556 0.628889
-1.20889 0.56
-1.39111 0.664444
-1.43111 0.7
-1.46667 0.746667
-1.56444 0.813333
-1.52444 0.791111
-1.42667 0.777778
-1.52 0.797778
-1.41333 0.751111
-1.52889 0.804444
-1.47111 0.775556
-1.54222 0.766667
-1.54222 0.795556
-1.43111 0.68
-1.43556 0.74
-1.40444 0.768889
-1.28444 0.677778
-1.45778 0.737778
-1.37778 0.715556
-1.38667 0.684444
-1.28889 0.646667
-1.47556 0.728889
-1.58667 0.84
-1.52 0.773333
-1.52889 0.806667
-1.48 0.762222
-1.38222 0.715556
-1.51556 0.746667
-1.39111 0.526667
-1.29333 0.355556
-1.28 0.24
-1.26667 -0.0222222
-1.23111 -0.104444
-1.18667 -0.195556
-1.29333 -0.268889
-1.31111 -0.42
-1.42667 -0.553333
-1.44889 -0.64
-1.29778 -0.515556
-1.28 -0.493333
-1.43556 -0.604444
-1.28889 -0.495556
-1.32444 -0.622222
-1.56444 -0.797778
-1.56 -0.8
-1.58222 -0.833333
-1.42222 -0.735556
-1.32444 -0.677778
-1.53778 -0.806667
-1.53333 -0.8
-1.4 -0.722222
-1.61333 -0.846667
-1.47556 -0.697778
-1.42667 -0.657778
-1.31111 -0.66
-1.44444 -0.72
-1.44444 -0.626667
-1.33778 -0.484444
-1.36444 -0.628889
-1.49778 -0.642222
-1.47111 -0.555556
-1.35111 -0.495556
-1.4 -0.506667
-1.36889 -0.466667
-1.37778 -0.537778
-1.40444 -0.593333
-1.55556 -0.691111
-1.49778 -0.797778
-1.39556 -0.673333
-1.32 -0.633333
-1.39111 -0.604444
-1.38222 -0.624444
-1.44889 -0.64
-1.36444 -0.584444
-1.40444 -0.5
-1.26667 -0.333333
-1.37778 -0.153333
-1.26222 -0.175556
-1.34222 -0.164444
-1.28 -0.213333
-1.28889 -0.0444444
-1.34222 -0.111111
-1.33778 -0.106667
-1.29333 0.0511111
-1.26222 0.0488889
-1.25778 0.204444
-1.24889 0.155556
-1.31556 0.233333
-1.26667 0.4
-1.41778 0.571111
-1.23111 0.546667
-1.33333 0.631111
-1.48444 0.773333
-1.48444 0.788889
-1.49333 0.78
-1.39556 0.682222
-1.48444 0.764444
-1.52 0.811111
-1.43111 0.746667
-1.46667 0.757778
-1.53333 0.815556
-1.48 0.815556
-1.55556 0.817778
-1.44889 0.773333
-1.58222 0.835556
-1.66222 0.875556
-1.63556 0.873333
-1.40444 0.753333
-1.55111 0.828889
-1.52889 0.8
-1.52889 0.817778
-1.42667 0.702222
-1.43556 0.708889
-1.6 0.8
-1.36 0.691111
-1.37778 0.606667
-1.23111 0.533333
-1.33333 0.546667
-1.38222 0.622222
-1.44 0.682222
-1.51111 0.766667
-1.52 0.831111
-1.42222 0.722222
-1.48444 0.791111
-1.43556 0.744444
-1.44444 0.706667
-1.37778 0.677778
-1.42667 0.664444
-1.44 0.671111
-1.41333 0.631111
-1.49333 0.697778
-1.49778 0.711111
-1.37333 0.708889
-1.48444 0.742222
-1.38222 0.58
-1.42222 0.633333
-1.57333 0.637778
-1.34667 0.508889
-1.33778 0.266667
-1.25333 0.237778
-1.29778 0.42
-1.36889 0.426667
-1.33333 0.411111
-1.48444 0.486667
-1.40889 0.508889
-1.27111 0.351111
-1.40889 0.353333
-1.36 0.295556
-1.32889 0.251111
-1.32444 0.533333
-1.41778 0.542222
-1.12889 0.4
-1.28444 0.52
-1.21333 0.337778
-1.35111 0.477778
-1.46667 0.551111
-1.42667 0.584444
-1.26667 0.56
-1.38667 0.617778
-1.28444 0.515556
-1.38667 0.477778
-1.33778 0.482222
-1.33333 0.497778
-1.32889 0.417778
-1.39556 0.464444
-1.39556 0.431111
-1.49333 0.48
-1.34222 0.424444
-1.36444 0.577778
-1.28444 0.508889
-1.37778 0.531111
-1.34667 0.546667
-1.37333 0.58
-1.34667 0.637778
-1.44 0.713333
-1.6 0.844444
-1.54222 0.826667
-1.43111 0.755556
-1.47556 0.746667
-1.50222 0.808889
-1.49778 0.768889
-1.50222 0.755556
-1.32 0.7
-1.48889 0.808889
-1.53778 0.788889
-1.54667 0.817778
-1.44444 0.726667
-1.46667 0.76
-1.45778 0.731111
-1.4 0.702222
-1.21778 0.533333
-1.25778 0.628889
-1.39556 0.72
-1.55111 0.735556
-1.41778 0.688889
-1.34222 0.648889
-1.40444 0.722222
-1.44444 0.737778
-1.40444 0.702222
-1.58222 0.824444
-1.61778 0.837778
-1.45778 0.735556
-1.54667 0.813333
-1.48 0.788889
-1.55556 0.788889
-1.4 0.662222
-1.37333 0.688889
-1.47556 0.773333
-1.44 0.775556
-1.49778 0.791111
-1.59556 0.811111
-1.47556 0.764444
-1.41778 0.742222
-1.27111 0.637778
-1.24444 0.528889
-1.32889 0.595556
-1.38222 0.608889
-1.32889 0.517778
-1.42667 0.433333
-1.36444 0.586667
-1.46667 0.704444
-1.37778 0.562222
-1.35556 0.526667
-1.30667 0.284444
-1.32444 0.457778
-1.29333 0.48
-1.35111 0.666667
-1.32444 0.646667
-1.35556 0.617778
-1.41778 0.662222
-1.33778 0.635556
-1.38222 0.706667
-1.36 0.711111
-1.57778 0.822222
-1.56444 0.837778
-1.46222 0.766667
-1.48889 0.742222
-1.42222 0.76
-1.52 0.751111
-1.29333 0.675556
-1.49333 0.788889
-1.48444 0.748889
-1.48889 0.802222
-1.43556 0.744444
-1.41778 0.74
-1.38222 0.711111
-1.35556 0.717778
-1.45778 0.771111
-1.41333 0.697778
-1.43111 0.722222
-1.38222 0.682222
-1.47111 0.713333
-1.42222 0.724444
-1.44889 0.697778
-1.36444 0.657778
-1.40889 0.735556
-1.31111 0.564444
-1.38667 0.624444
-1.42667 0.673333
-1.52 0.695556
-1.48444 0.7
-1.48 0.76
-1.38222 0.72
-1.35111 0.715556
-1.41778 0.691111
-1.48889 0.782222
-1.60444 0.791111
-1.37333 0.675556
-1.39556 0.595556
-1.26222 0.433333
-1.27556 0.477778
-1.43556 0.577778
-1.43556 0.664444
-1.44889 0.697778
-1.55556 0.84
-1.36444 0.651111
-1.51111 0.764444
-1.44 0.733333
-1.44444 0.671111
-1.37333 0.617778
-1.32889 0.673333
-1.48 0.74
-1.42222 0.753333
-1.48444 0.793333
-1.32444 0.748889
-1.58667 0.813333
-1.31111 0.646667
-1.56444 0.804444
-1.46667 0.791111
-1.53333 0.851111
-1.45778 0.733333
-1.38667 0.744444
-1.54222 0.824444
-1.58667 0.786667
-1.46222 0.728889
-1.47556 0.742222
-1.50667 0.771111
-1.35556 0.728889
-1.46667 0.74
-1.59111 0.835556
-1.49778 0.711111
-1.4 0.586667
-1.31556 0.353333
-1.46222 0.395556
-1.36444 0.408889
-1.42667 0.322222
-1.25778 0.348889
-1.34222 0.506667
-1.42667 0.642222
-1.49333 0.675556
-1.46667 0.682222
-1.38222 0.562222
-1.50222 0.52
-1.35111 0.428889
-1.35556 0.375556
-1.4 0.322222
-1.35556 0.277778
-1.28889 0.102222
-1.34222 0.413333
-1.33778 0.446667
-1.33778 0.32
-1.30222 0.26
-1.35556 0.313333
-1.30667 0.217778
-1.28444 0.273333
-1.23111 0.364444
-1.31111 0.457778
-1.28444 0.471111
-1.21778 0.406667
-1.30222 0.466667
-1.17778 0.324444
-1.24 0.322222
-1.42222 0.442222
-1.34222 0.54
-1.38222 0.666667
-1.44889 0.686667
-1.51111 0.726667
-1.60444 0.846667
-1.48889 0.791111
-1.63556 0.882222
-1.68 0.873333
-1.60889 0.871111
-1.59556 0.831111
-1.48 0.764444
-1.4 0.653333
-1.24889 0.493333
-1.31556 0.6
-1.48 0.597778
-1.36889 0.437778
-1.43556 0.497778
-1.27556 0.544444
-1.32 0.577778
-1.24444 0.564444
-1.28444 0.591111
-1.34667 0.684444
-1.44889 0.624444
-1.34667 0.633333
-1.36889 0.604444
-1.47556 0.662222
-1.43556 0.702222
-1.53333 0.753333
-1.48889 0.74
-1.41778 0.688889
-1.43556 0.631111
-1.43556 0.506667
-1.42222 0.515556
-1.48 0.473333
-1.36889 0.426667
-1.36444 0.328889
-1.37778 0.415556
-1.48889 0.588889
-1.35556 0.575556
-1.30667 0.528889
-1.30667 0.584444
-1.40444 0.553333
-1.44889 0.695556
-1.46222 0.615556
-1.38667 0.713333
-1.42667 0.682222
-1.41778 0.655556
-1.51111 0.748889
-1.44889 0.68
-1.4 0.642222
-1.45333 0.691111
-1.47556 0.744444
-1.37778 0.68
-1.40889 0.704444
-1.46667 0.753333
-1.48444 0.693333
-1.41333 0.693333
-1.34667 0.633333
-1.42667 0.671111
-1.36889 0.613333
-1.44 0.68
-1.31111 0.708889
-1.46667 0.782222
-1.44889 0.706667
-1.42667 0.74
-1.35111 0.722222
-1.53778 0.811111
-1.4 0.697778
-1.30222 0.677778
-1.59111 0.851111
-1.57778 0.813333
-1.32 0.695556
-1.56889 0.831111
-1.41333 0.768889
-1.52444 0.782222
-1.52889 0.8
-1.68444 0.908889
-1.70222 0.908889
-1.49333 0.78
-1.50667 0.784444
-1.52 0.8
-1.53778 0.828889
-1.48889 0.751111
-1.39111 0.717778
-1.47111 0.72
-1.52 0.737778
-1.48444 0.777778
-1.57778 0.795556
-1.40444 0.58
-1.46667 0.664444
-1.34667 0.402222
-1.31111 0.491111
-1.22222 0.442222
-1.24889 0.317778
-1.47111 0.466667
-1.35556 0.402222
-1.4 0.384444
-1.26222 0.291111
-1.33333 0.315556
-1.28444 0.266667
-1.16889 0.16
-1.26222 0.206667
-1.36444 0.211111
-1.17778 0.0444444
-1.16444 0.0622222
-1.26667 -0.0266667
-1.36889 0.177778
-1.34222 0.208889
-1.34222 -0.128889
-1.19556 -0.224444
-1.16889 0.0133333
-1.41333 0.148889
-1.26222 0.0444444
-1.48889 0.0666667
-1.44 0.135556
-1.20444 0.0466667
-1.31556 0.115556
-1.29778 0.124444
-1.30222 0.313333
-1.30667 0.26
-1.22667 0.342222
-1.32889 0.5
-1.37778 0.382222
-1.36444 0.482222
-1.27111 0.408889
-1.42222 0.437778
-1.31556 0.515556
-1.26667 0.537778
-1.32 0.551111
-1.38667 0.433333
-1.24 0.377778
-1.11111 0.257778
-1.26222 0.428889
-1.14667 0.253333
-1.14667 0.111111
-1.14667 0.155556
-1.43111 0.288889
-1.35556 0.311111
-1.23556 0.362222
-1.28444 0.26
-1.26667 0.253333
-1.25778 0.188889
-1.22222 0.0422222
-1.30667 0.0333333
-1.23111 -0.0466667
-1.26667 -0.0244444
-1.28444 -0.0822222
-1.22222 -0.153333
-1.25333 -0.277778
-1.19111 -0.177778
-1.42667 -0.233333
-1.12444 -0.331111
-1.31556 -0.108889
-1.25333 -0.104444
-1.34222 0.0466667
-1.27111 -0.128889
-1.24444 -0.0911111
-1.28889 -0.0644444
-1.24 0.0177778
-1.26222 0.2
-1.08 0.115556
-1.23111 0.0533333
-1.12889 0.133333
-1.32 0.32
-1.36 0.38
-1.29333 0.171111
-1.39111 0.148889
-1.29333 0.191111
-1.34667 0.153333
-1.35111 -0.06
-1.38667 -0.0844444
-1.28889 -0.04
-1.13778 0.0866667
-1.31111 0.0711111
-1.42222 0.0822222
-1.37778 0.117778
-1.32444 -0.0533333
-1.19556 -0.188889
-1.31556 -0.0266667
-1.28444 0.0444444
-1.34667 0.0422222
-1.20444 0.142222
-1.32444 0.233333
-1.31111 0.297778
-1.32889 0.286667
-1.32444 0.408889
-1.35111 0.331111
-1.42667 0.268889
-1.37778 0.308889
-1.35556 0.428889
-1.54667 0.666667
-1.37333 0.642222
-1.30667 0.568889
-1.51556 0.695556
-1.34667 0.655556
-1.47556 0.715556
-1.37778 0.702222
-1.35111 0.548889
-1.31111 0.511111
-1.34667 0.468889
-1.44 0.48
-1.40444 0.582222
-1.26667 0.602222
-1.35556 0.551111
-1.36889 0.562222
-1.42222 0.677778
-1.36889 0.677778
-1.48 0.72
-1.50667 0.797778
-1.55556 0.795556
-1.50222 0.757778
-1.43111 0.744444
-1.48 0.78
-1.61333 0.873333
-1.72 0.917778
-1.60889 0.84
-1.60889 0.84
-1.52889 0.775556
-1.52 0.773333
-1.44889 0.76
-1.52444 0.708889
-1.31556 0.455556
-1.38667 0.415556
-1.37333 0.413333
-1.39111 0.56
-1.36444 0.54
-1.26667 0.475556
-1.33333 0.526667
-1.39111 0.46
-1.40444 0.451111
-1.28 0.306667
-1.36 0.224444
-1.39111 0.322222
-1.41333 0.366667
-1.39111 0.433333
-1.40444 0.606667
-1.36 0.58
-1.52 0.56
-1.28444 0.48
-1.43111 0.522222
-1.28444 0.535556
-1.29778 0.513333
-1.46667 0.606667
-1.4 0.528889
-1.33333 0.491111
-1.51111 0.553333
-1.23556 0.417778
-1.44 0.504444
-1.37333 0.44
-1.34667 0.466667
-1.32444 0.333333
-1.36 0.288889
-1.31556 0.224444
-1.28444 0.335556
-1.23556 0.384444
-1.28 0.355556
-1.39556 0.26
-1.30222 0.377778
-1.2 0.177778
-1.4 0.424444
-1.28444 0.504444
-1.39111 0.644444
-1.48 0.753333
-1.42222 0.735556
-1.45778 0.728889
-1.45333 0.786667
-1.48444 0.748889
-1.47556 0.708889
-1.37778 0.675556
-1.32889 0.631111
-1.33778 0.651111
-1.36889 0.711111
-1.67111 0.868889
-1.64444 0.866667
-1.56444 0.791111
-1.28 0.557778
-1.37778 0.677778
-1.39556 0.642222
-1.49778 0.782222
-1.49778 0.791111
-1.48889 0.746667
-1.44444 0.764444
-1.52444 0.806667
-1.40444 0.72
-1.27111 0.564444
-1.34222 0.524444
-1.34667 0.557778
-1.33333 0.553333
-1.30667 0.513333
-1.29778 0.431111
-1.34222 0.526667
-1.33778 0.457778
-1.24 0.515556
-1.25333 0.477778
-1.36444 0.624444
-1.34222 0.56
-1.30222 0.464444
-1.28 0.473333
-1.31556 0.397778
-1.32 0.435556
-1.44 0.524444
-1.27111 0.546667
-1.41778 0.662222
-1.33778 0.7
-1.42222 0.668889
-1.53778 0.786667
-1.47556 0.733333
-1.55111 0.737778
-1.43111 0.753333
-1.34667 0.695556
-1.42222 0.737778
-1.51111 0.831111
-1.58667 0.802222
-1.51111 0.76
-1.38222 0.677778
-1.27111 0.533333
-1.36 0.555556
-1.40889 0.64
-1.41333 0.724444
-1.44 0.784444
-1.55556 0.851111
-1.41778 0.755556
-1.6 0.828889
-1.50222 0.777778
-1.40889 0.722222
-1.53333 0.793333
-1.37778 0.662222
-1.42667 0.74
-1.52444 0.791111
-1.26222 0.615556
-1.33333 0.686667
-1.44 0.766667
-1.53778 0.78
-1.48444 0.768889
-1.45333 0.74
-1.51111 0.748889
-1.52444 0.682222
-1.44 0.646667
-1.48444 0.697778
-1.50667 0.786667
-1.55111 0.802222
-1.4 0.724444
-1.46667 0.768889
-1.39111 0.68
-1.63111 0.848889
-1.40889 0.704444
-1.49333 0.762222
-1.44 0.708889
-1.46667 0.777778
-1.32 0.711111
-1.51556 0.771111
-1.48889 0.782222
-1.47111 0.775556
-1.43111 0.768889
-1.49333 0.78
-1.56889 0.811111
-1.54222 0.851111
-1.56444 0.811111
-1.39556 0.644444
-1.34667 0.593333
-1.55111 0.835556
-1.52444 0.82
-1.64444 0.875556
-1.50667 0.786667
-1.58222 0.8
-1.50667 0.762222
-1.73333 0.908889
-1.34667 0.691111
-1.51556 0.82
-1.52444 0.82
-1.60889 0.857778
-1.6 0.851111
-1.47111 0.737778
-1.47111 0.68
-1.39556 0.713333
-1.39111 0.653333
-1.45333 0.711111
-1.39556 0.662222
-1.44444 0.748889
-1.60889 0.875556
-1.57333 0.842222
-1.56444 0.844444
-1.48889 0.791111
-1.47556 0.746667
-1.49778 0.711111
-1.53333 0.788889
-1.51556 0.802222
-1.51556 0.837778
-1.46222 0.762222
-1.39556 0.673333
-1.49333 0.742222
-1.33333 0.693333
-1.52889 0.76
-1.54667 0.817778
-1.51556 0.8
-1.47111 0.775556
-1.54667 0.78
-1.54667 0.826667
-1.47556 0.702222
-1.49778 0.702222
-1.44889 0.64
-1.40889 0.708889
-1.38222 0.642222
-1.37778 0.568889
-1.29333 0.542222
-1.22667 0.611111
-1.39111 0.668889
-1.49333 0.76
-1.42222 0.78
-1.40889 0.715556
-1.51556 0.724444
-1.36444 0.635556
-1.37333 0.664444
-1.44889 0.744444
-1.33778 0.624444
-1.35111 0.715556
-1.47111 0.771111
-1.50667 0.755556
-1.48889 0.755556
-1.45333 0.746667
-1.38222 0.717778
-1.55556 0.713333
-1.42222 0.577778
-1.39556 0.524444
-1.41333 0.608889
-1.43111 0.595556
-1.33778 0.497778
-1.36444 0.537778
-1.36444 0.557778
-1.28 0.537778
-1.36889 0.58
-1.39556 0.615556
-1.40444 0.755556
-1.37778 0.742222
-1.41333 0.713333
-1.61333 0.815556
-1.25778 0.548889
-1.33778 0.517778
-1.31556 0.448889
-1.20444 0.342222
-1.31556 0.333333
-1.24444 0.286667
-1.33333 0.137778
-1.17778 0.0533333
-1.34667 0.288889
-1.24889 0.344444
-1.32 0.422222
-1.25778 0.448889
-1.16889 0.395556
-1.35556 0.604444
-1.30222 0.564444
-1.34667 0.546667
-1.35556 0.64
-1.41778 0.704444
-1.39111 0.724444
-1.56889 0.842222
-1.56444 0.835556
-1.52444 0.806667
-1.56889 0.837778
-1.61778 0.855556
-1.48444 0.76
-1.4 0.726667
-1.42222 0.755556
-1.42222 0.615556
-1.42667 0.577778
-1.38667 0.595556
-1.34667 0.662222
-1.38222 0.575556
-1.32 0.551111
-1.28 0.575556
-1.26222 0.542222
-1.38667 0.573333
-1.30667 0.493333
-1.37778 0.595556
-1.42222 0.693333
-1.41778 0.657778
-1.35111 0.575556
-1.41333 0.635556
-1.28889 0.571111
-1.36 0.58
-1.30667 0.388889
-1.40444 0.457778
-1.21333 0.517778
-1.42667 0.717778
-1.38222 0.713333
-1.48889 0.815556
-1.49333 0.722222
-1.37778 0.7
-1.59556 0.831111
-1.57778 0.84
-1.46222 0.717778
-1.44889 0.788889
-1.38667 0.728889
-1.46222 0.8
-1.4 0.74
-1.56 0.813333
-1.56444 0.797778
-1.41778 0.748889
-1.47556 0.757778
-1.52444 0.762222
-1.36889 0.693333
-1.49778 0.728889
-1.42222 0.793333
-1.51556 0.773333
-1.43111 0.786667
-1.53778 0.771111
-1.63556 0.86
-1.55111 0.851111
-1.60444 0.875556
-1.52444 0.813333
-1.51556 0.82
-1.63556 0.877778
-1.52889 0.793333
-1.54222 0.826667
-1.52 0.804444
-1.32889 0.631111
-1.40889 0.673333
-1.35556 0.66
-1.40444 0.691111
-1.35556 0.611111
-1.48 0.724444
-1.35556 0.633333
-1.48 0.677778
-1.45333 0.757778
-1.45333 0.677778
-1.42222 0.695556
-1.48889 0.777778
-1.44444 0.72
-1.53778 0.806667
-1.47556 0.72
-1.41778 0.728889
-1.40889 0.588889
-1.33778 0.522222
-1.34222 0.471111
-1.43111 0.515556
-1.44 0.446667
-1.36444 0.535556
-1.42222 0.48
-1.4 0.522222
-1.29778 0.52
-1.43556 0.588889
-1.34222 0.402222
-1.39111 0.397778
-1.40889 0.482222
-1.4 0.546667
-1.4 0.484444
-1.36889 0.515556
-1.32444 0.646667
-1.39111 0.651111
-1.41778 0.735556
-1.43556 0.757778
-1.55111 0.831111
-1.49778 0.753333
-1.43111 0.706667
-1.45333 0.724444
-1.39556 0.642222
-1.34667 0.695556
-1.34667 0.704444
-1.35556 0.635556
-1.45333 0.671111
-1.34667 0.64
-1.38222 0.731111
-1.36889 0.691111
-1.41778 0.711111
-1.49778 0.717778
-1.40889 0.682222
-1.38667 0.602222
-1.40444 0.631111
-1.53333 0.713333
-1.48444 0.722222
-1.33333 0.686667
-1.42222 0.68
-1.31111 0.72
-1.56 0.777778
-1.43111 0.675556
-1.32444 0.591111
-1.34222 0.506667
-1.48889 0.657778
-1.40889 0.664444
-1.41333 0.595556
-1.45778 0.668889
-1.38222 0.533333
-1.35556 0.573333
-1.32889 0.522222
-1.32444 0.426667
-1.44 0.457778
-1.34222 0.346667
-1.26222 0.3
-1.24889 0.164444
-1.14667 0.108889
-1.16 0.0955556
-1.31556 0.00666667
-1.28 -0.102222
-1.28 -0.0377778
-1.21333 -0.113333
-1.31111 -0.133333
-1.17778 -0.126667
-1.25778 -0.00444444
-1.29333 0.0177778
-1.28444 0.0577778
-1.36889 0.14
-1.32 0.257778
-1.30222 0.184444
-1.32 0.0577778
-1.30222 0
-1.23111 0.06
-1.36444 0.108889
-1.37778 0.18
-1.26667 0.133333
-1.15556 0.18
-1.27111 0.208889
-1.36444 0.117778
-1.23111 0.0444444
-1.15556 0.0466667
-1.15556 0.2
-1.2 0.0466667
-1.36 -0.135556
-1.17333 -0.177778
-1.12889 -0.1
-1.21778 -0.264444
-1.31111 -0.313333
-1.37778 -0.266667
-1.22222 -0.204444
-1.31111 -0.293333
-1.32444 -0.411111
-1.20889 -0.384444
-1.46222 -0.422222
-1.33778 -0.524444
-1.44444 -0.584444
-1.30667 -0.511111
-1.17778 -0.437778
-1.46667 -0.737778
-1.57778 -0.853333
-1.49333 -0.784444
-1.49333 -0.771111
-1.43111 -0.766667
-1.49333 -0.797778
-1.49778 -0.786667
-1.66667 -0.862222
-1.56889 -0.846667
-1.47556 -0.777778
-1.46222 -0.76
-1.47556 -0.688889
-1.4 -0.697778
-1.39556 -0.668889
-1.56889 -0.797778
-1.42222 -0.715556
-1.59111 -0.848889
-1.40444 -0.68
-1.48889 -0.637778
-1.32889 -0.604444
-1.43556 -0.704444
-1.41778 -0.786667
-1.62222 -0.862222
-1.42222 -0.708889
-1.38222 -0.64
-1.34222 -0.573333
-1.43111 -0.542222
-1.34222 -0.606667
-1.37333 -0.7
-1.44889 -0.726667
-1.45333 -0.751111
-1.46667 -0.802222
-1.40889 -0.704444
-1.38667 -0.713333
-1.37778 -0.637778
-1.46667 -0.746667
-1.41333 -0.682222
-1.36889 -0.742222
-1.41333 -0.731111
-1.36889 -0.668889
-1.33333 -0.604444
-1.36 -0.617778
-1.47111 -0.684444
-1.49778 -0.731111
-1.34667 -0.648889
-1.4 -0.611111
-1.35111 -0.604444
-1.36 -0.608889
-1.40444 -0.542222
-1.35556 -0.526667
-1.39556 -0.546667
-1.47556 -0.588889
-1.35111 -0.511111
-1.29778 -0.537778
-1.48 -0.693333
-1.49778 -0.7
-1.50667 -0.744444
-1.53778 -0.78
-1.67556 -0.846667
-1.59111 -0.84
-1.52889 -0.804444
-1.57333 -0.835556
-1.54222 -0.842222
-1.52 -0.811111
-1.44444 -0.72
-1.60444 -0.797778
-1.46222 -0.715556
-1.44444 -0.708889
-1.59556 -0.782222
-1.49778 -0.784444
-1.50222 -0.731111
-1.55111 -0.788889
-1.46667 -0.744444
-1.52444 -0.8
-1.56 -0.833333
-1.57333 -0.837778
-1.55111 -0.802222
-1.56444 -0.775556
-1.48 -0.617778
-1.42222 -0.642222
-1.48889 -0.793333
-1.56 -0.748889
-1.43556 -0.646667
-1.58667 -0.833333
-1.52889 -0.804444
-1.56444 -0.84
-1.41778 -0.768889
-1.51111 -0.782222
-1.40444 -0.76
-1.36 -0.728889
-1.49333 -0.797778
-1.36 -0.655556
-1.4 -0.748889
-1.50222 -0.835556
-1.56889 -0.813333
-1.42667 -0.737778
-1.43556 -0.748889
-1.4 -0.66
-1.46222 -0.72
-1.54222 -0.844444
-1.56 -0.837778
-1.52 -0.788889
-1.55556 -0.788889
-1.53333 -0.795556
-1.54222 -0.744444
-1.41778 -0.753333
-1.30667 -0.586667
-1.40889 -0.597778
-1.36444 -0.533333
-1.33778 -0.586667
-1.30667 -0.5
-1.40889 -0.586667
-1.50667 -0.76
-1.42667 -0.717778
-1.65333 -0.848889
-1.44444 -0.773333
-1.57333 -0.791111
-1.48444 -0.76
-1.42222 -0.775556
-1.48889 -0.808889
-1.41778 -0.762222
-1.49333 -0.822222
-1.40444 -0.762222
-1.39111 -0.668889
-1.42667 -0.711111
-1.52889 -0.702222
-1.42222 -0.755556
-1.48889 -0.8
-1.43556 -0.751111
-1.50222 -0.824444
-1.45333 -0.791111
-1.56444 -0.815556
-1.52 -0.817778
-1.62222 -0.857778
-1.42667 -0.775556
-1.51556 -0.806667
-1.41333 -0.775556
-1.50222 -0.833333
-1.44889 -0.744444
-1.67111 -0.88
-1.50222 -0.771111
-1.52444 -0.735556
-1.34222 -0.626667
-1.36 -0.655556
-1.55556 -0.688889
-1.45333 -0.684444
-1.50222 -0.717778
-1.56 -0.764444
-1.48 -0.78
-1.49333 -0.775556
-1.42222 -0.708889
-1.32 -0.4
-1.22667 -0.408889
-1.35556 -0.433333
-1.37333 -0.486667
-1.35556 -0.48
-1.12444 -0.468889
-1.20889 -0.335556
-1.28889 -0.282222
-1.20444 -0.202222
-1.16444 -0.311111
-1.14222 -0.153333
-1.21333 -0.0688889
-1.18667 -0.173333
-1.2 -0.395556
-1.24444 -0.453333
-1.51556 -0.633333
-1.33778 -0.515556
-1.30222 -0.591111
-1.4 -0.653333
-1.31556 -0.715556
-1.53333 -0.802222
-1.39556 -0.7
-1.44 -0.726667
-1.52444 -0.788889
-1.55111 -0.8
-1.48 -0.728889
-1.54222 -0.806667
-1.51111 -0.788889
-1.44889 -0.751111
-1.44444 -0.762222
-1.44 -0.748889
-1.45333 -0.673333
-1.32889 -0.631111
-1.35111 -0.64
-1.46222 -0.76
-1.53778 -0.795556
-1.47556 -0.742222
-1.33778 -0.655556
-1.38667 -0.673333
-1.39556 -0.74
-1.43556 -0.726667
-1.51556 -0.755556
-1.50222 -0.673333
-1.24444 -0.486667
-1.28444 -0.542222
-1.36889 -0.644444
-1.39556 -0.742222
-1.49333 -0.78
-1.48444 -0.797778
-1.55556 -0.822222
-1.40889 -0.735556
-1.44444 -0.651111
-1.39556 -0.633333
-1.36889 -0.688889
-1.47556 -0.773333
-1.52 -0.806667
-1.44444 -0.793333
-1.52 -0.795556
-1.52 -0.737778
-1.56 -0.813333
-1.46667 -0.78
-1.34222 -0.664444
-1.32444 -0.644444
-1.37778 -0.608889
-1.45778 -0.671111
-1.43111 -0.715556
-1.31111 -0.657778
-1.4 -0.644444
-1.35111 -0.568889
-1.44 -0.575556
-1.48889 -0.666667
-1.43556 -0.693333
-1.51556 -0.693333
-1.39111 -0.688889
-1.40444 -0.66
-1.42222 -0.695556
-1.38667 -0.713333
-1.39111 -0.766667
-1.42222 -0.744444
-1.52444 -0.813333
-1.48889 -0.771111
-1.31111 -0.54
-1.34667 -0.64
-1.43111 -0.666667
-1.58667 -0.757778
-1.37333 -0.733333
-1.47111 -0.764444
-1.55111 -0.808889
-1.47111 -0.766667
-1.53333 -0.817778
-1.56889 -0.837778
-1.44444 -0.731111
-1.43111 -0.755556
-1.48444 -0.76
-1.50667 -0.762222
-1.31111 -0.682222
-1.43111 -0.751111
-1.56 -0.686667
-1.41778 -0.608889
-1.44889 -0.673333
-1.54667 -0.786667
-1.48444 -0.762222
-1.33333 -0.717778
-1.59556 -0.797778
-1.43556 -0.806667
-1.48 -0.748889
-1.38222 -0.722222
-1.45778 -0.735556
-1.44444 -0.775556
-1.62667 -0.873333
-1.47111 -0.78
-1.61333 -0.837778
-1.52444 -0.784444
-1.49333 -0.728889
-1.30222 -0.6
-1.52 -0.722222
-1.50222 -0.771111
-1.44444 -0.786667
-1.54222 -0.824444
-1.44444 -0.817778
-1.48889 -0.826667
-1.45333 -0.782222
-1.43556 -0.786667
-1.69778 -0.904444
-1.49333 -0.802222
-1.44889 -0.782222
-1.45778 -0.733333
-1.20889 -0.48
-1.33778 -0.642222
-1.35556 -0.655556
-1.44 -0.693333
-1.44444 -0.737778
-1.45778 -0.748889
-1.56 -0.815556
-1.4 -0.684444
-1.48889 -0.786667
-1.58222 -0.817778
-1.46667 -0.786667
-1.42667 -0.744444
-1.55111 -0.817778
-1.53333 -0.826667
-1.44 -0.751111
-1.59556 -0.831111
-1.51556 -0.775556
-1.31111 -0.646667
-1.24889 -0.531111
-1.52889 -0.644444
-1.44444 -0.702222
-1.42667 -0.726667
-1.59111 -0.826667
-1.62667 -0.866667
-1.52444 -0.811111
-1.50667 -0.806667
-1.47556 -0.782222
-1.48 -0.762222
-1.57778 -0.826667
-1.55556 -0.813333
-1.52444 -0.797778
-1.49778 -0.775556
-1.47556 -0.757778
-1.53333 -0.811111
-1.43111 -0.815556
-1.46667 -0.735556
-1.50667 -0.797778
-1.47556 -0.722222
-1.52444 -0.826667
-1.56444 -0.864444
-1.54667 -0.775556
-1.47556 -0.78
-1.61778 -0.851111
-1.53333 -0.817778
-1.43111 -0.7
-1.34667 -0.675556
-1.39111 -0.617778
-1.43111 -0.72
-1.38222 -0.546667
-1.36889 -0.506667
-1.49778 -0.424444
-1.30222 -0.291111
-1.30667 -0.286667
-1.30667 -0.222222
-1.24444 -0.24
-1.24444 -0.346667
-1.10222 -0.288889
-1.22222 -0.291111
-1.25333 -0.344444
-1.33778 -0.262222
-1.18667 -0.277778
-1.26222 -0.3
-1.15111 -0.44
-1.33778 -0.348889
-1.14222 -0.206667
-1.24889 -0.437778
-1.31111 -0.282222
-1.41778 -0.391111
-1.25333 -0.431111
-1.33333 -0.388889
-1.24 -0.304444
-1.22222 -0.448889
-1.34222 -0.588889
-1.32444 -0.644444
-1.43556 -0.733333
-1.42667 -0.68
-1.42222 -0.602222
-1.41333 -0.586667
-1.35111 -0.624444
-1.35111 -0.675556
-1.35556 -0.731111
-1.51556 -0.835556
-1.48444 -0.706667
-1.44 -0.711111
-1.48444 -0.74
-1.44444 -0.697778
-1.45333 -0.715556
-1.56889 -0.824444
-1.39111 -0.626667
-1.32889 -0.535556
-1.36 -0.54
-1.28 -0.437778
-1.41778 -0.551111
-1.45333 -0.664444
-1.40889 -0.724444
-1.36 -0.613333
-1.21333 -0.508889
-1.33778 -0.604444
-1.35111 -0.622222
-1.47111 -0.715556
-1.4 -0.711111
-1.45333 -0.737778
-1.63111 -0.831111
-1.57778 -0.844444
-1.47556 -0.817778
-1.42667 -0.782222
-1.54667 -0.817778
-1.46222 -0.733333
-1.40889 -0.722222
-1.52889 -0.791111
-1.42222 -0.711111
-1.51556 -0.815556
-1.36 -0.728889
-1.49333 -0.802222
-1.36444 -0.733333
-1.4 -0.751111
-1.39111 -0.706667
-1.41778 -0.702222
-1.58667 -0.826667
-1.54667 -0.844444
-1.64 -0.868889
-1.41778 -0.74
-1.59556 -0.797778
-1.50667 -0.66
-1.51111 -0.675556
-1.47111 -0.72
-1.53778 -0.713333
-1.44 -0.731111
-1.56889 -0.837778
-1.38222 -0.671111
-1.29778 -0.484444
-1.39111 -0.533333
-1.29333 -0.528889
-1.37333 -0.548889
-1.36444 -0.604444
-1.42667 -0.708889
-1.23556 -0.551111
-1.36 -0.555556
-1.36 -0.564444
-1.33333 -0.664444
-1.41333 -0.68
-1.48 -0.597778
-1.34667 -0.682222
-1.42222 -0.648889
-1.40889 -0.666667
-1.49333 -0.708889
-1.52 -0.677778
-1.40444 -0.588889
-1.36444 -0.602222
-1.39556 -0.66
-1.48444 -0.675556
-1.51111 -0.668889
-1.36 -0.653333
-1.31111 -0.564444
-1.40444 -0.635556
-1.33778 -0.673333
-1.32 -0.662222
-1.20889 -0.544444
-1.2 -0.56
-1.40889 -0.653333
-1.53333 -0.682222
-1.32444 -0.642222
-1.37778 -0.615556
-1.57333 -0.764444
-1.48444 -0.74
-1.52 -0.777778
-1.43556 -0.773333
-1.42667 -0.72
-1.55556 -0.844444
-1.52 -0.82
-1.51111 -0.811111
-1.58222 -0.846667
-1.48444 -0.815556
-1.50222 -0.726667
-1.46667 -0.691111
-1.41333 -0.677778
-1.41778 -0.713333
-1.38667 -0.691111
-1.51556 -0.782222
-1.44444 -0.751111
-1.41333 -0.775556
-1.60889 -0.864444
-1.54667 -0.848889
-1.54667 -0.84
-1.45333 -0.646667
-1.59556 -0.731111
-1.61333 -0.795556
-1.33778 -0.731111
-1.62222 -0.826667
-1.39111 -0.72
-1.38667 -0.695556
-1.43111 -0.684444
-1.48889 -0.68
-1.42667 -0.668889
-1.43111 -0.604444
-1.34667 -0.633333
-1.47111 -0.564444
-1.40444 -0.591111
-1.32 -0.622222
-1.38667 -0.751111
-1.53778 -0.817778
-1.51111 -0.8
-1.44889 -0.766667
-1.45778 -0.777778
-1.51556 -0.793333
-1.35111 -0.722222
-1.50222 -0.697778
-1.46222 -0.74
-1.49333 -0.766667
-1.49778 -0.742222
-1.29778 -0.642222
-1.38667 -0.675556
-1.44 -0.768889
-1.53778 -0.837778
-1.46222 -0.786667
-1.57778 -0.797778
-1.4 -0.731111
-1.29333 -0.648889
-1.41333 -0.653333
-1.44 -0.604444
-1.39556 -0.562222
-1.46667 -0.691111
-1.41333 -0.706667
-1.47556 -0.737778
-1.38667 -0.697778
-1.4 -0.668889
-1.53333 -0.786667
-1.36889 -0.651111
-1.30222 -0.617778
-1.35111 -0.657778
-1.30667 -0.597778
-1.48444 -0.757778
-1.60444 -0.826667
-1.44444 -0.651111
-1.49333 -0.711111
-1.52444 -0.828889
-1.40889 -0.757778
-1.52889 -0.753333
-1.48 -0.757778
-1.35556 -0.593333
-1.50222 -0.72
-1.44889 -0.731111
-1.44 -0.711111
-1.46222 -0.771111
-1.37333 -0.713333
-1.63111 -0.828889
-1.51111 -0.815556
-1.38667 -0.717778
-1.46222 -0.715556
-1.33333 -0.597778
-1.31556 -0.622222
-1.28889 -0.577778
-1.43111 -0.724444
-1.51556 -0.788889
-1.52889 -0.771111
-1.56 -0.806667
-1.44 -0.775556
-1.48444 -0.766667
-1.51556 -0.748889
-1.37778 -0.651111
-1.35556 -0.622222
-1.47556 -0.755556
-1.37778 -0.677778
-1.45778 -0.662222
-1.54667 -0.744444
-1.55556 -0.731111
-1.42222 -0.6
-1.28889 -0.504444
-1.32 -0.453333
-1.44 -0.46
-1.30667 -0.408889
-1.28889 -0.46
-1.20889 -0.331111
-1.27111 -0.268889
-1.22667 -0.293333
-1.20889 -0.24
-1.25778 -0.284444
-1.31556 -0.266667
-1.37333 -0.44
-1.24444 -0.42
-1.26222 -0.453333
-1.48444 -0.6
-1.24 -0.524444
-1.40889 -0.644444
-1.44889 -0.713333
-1.38222 -0.666667
-1.50222 -0.78
-1.42667 -0.768889
-1.44 -0.786667
-1.40444 -0.764444
-1.71111 -0.902222
-1.51556 -0.824444
-1.62667 -0.877778
-1.42667 -0.766667
-1.50222 -0.782222
-1.71111 -0.895556
-1.54667 -0.811111
-1.58222 -0.851111
-1.44889 -0.795556
-1.69333 -0.911111
-1.6 -0.846667
-1.55111 -0.826667
-1.47111 -0.76
-1.51556 -0.791111
-1.37778 -0.608889
-1.35556 -0.524444
-1.49333 -0.757778
-1.29778 -0.66
-1.46667 -0.771111
-1.33778 -0.671111
-1.52889 -0.768889
-1.46222 -0.726667
-1.48 -0.648889
-1.52889 -0.771111
-1.53778 -0.773333
-1.49333 -0.757778
-1.55111 -0.786667
-1.44444 -0.755556
-1.4 -0.657778
-1.37778 -0.566667
-1.42222 -0.602222
-1.38667 -0.651111
-1.54667 -0.824444
-1.59111 -0.853333
-1.45333 -0.76
-1.49333 -0.755556
-1.43111 -0.697778
-1.46222 -0.593333
-1.32889 -0.617778
-1.37333 -0.511111
-1.33778 -0.582222
-1.44889 -0.666667
-1.32444 -0.686667
-1.46222 -0.675556
-1.36444 -0.628889
-1.41778 -0.651111
-1.41778 -0.675556
-1.45333 -0.662222
-1.34222 -0.666667
-1.48 -0.651111
-1.33333 -0.646667
-1.49778 -0.764444
-1.40444 -0.655556
-1.42667 -0.606667
-1.45333 -0.588889
-1.52444 -0.682222
-1.29778 -0.586667
-1.40889 -0.64
-1.23556 -0.562222
-1.41333 -0.602222
-1.31111 -0.595556
-1.41778 -0.664444
-1.58222 -0.757778
-1.48 -0.691111
-1.44889 -0.715556
-1.44 -0.746667
-1.57778 -0.835556
-1.66667 -0.862222
-1.52 -0.804444
-1.56889 -0.826667
-1.6 -0.835556
-1.40889 -0.744444
-1.49778 -0.788889
-1.53333 -0.835556
-1.63111 -0.886667
-1.46222 -0.753333
-1.40444 -0.708889
-1.41333 -0.733333
-1.27556 -0.6
-1.37333 -0.633333
-1.55111 -0.784444
-1.51556 -0.804444
-1.41333 -0.715556
-1.57333 -0.795556
-1.57333 -0.797778
-1.51556 -0.788889
-1.60889 -0.864444
-1.44444 -0.793333
-1.42222 -0.726667
-1.50222 -0.746667
-1.31111 -0.715556
-1.52444 -0.802222
-1.35111 -0.746667
-1.42222 -0.72
-1.45333 -0.691111
-1.42222 -0.7
-1.30667 -0.597778
-1.42667 -0.64
-1.35111 -0.526667
-1.44 -0.68
-1.45778 -0.722222
-1.41778 -0.726667
-1.42667 -0.744444
-1.33333 -0.635556
-1.33778 -0.613333
-1.39556 -0.56
-1.39111 -0.611111
-1.46667 -0.675556
-1.28889 -0.586667
-1.34667 -0.564444
-1.39111 -0.684444
-1.49778 -0.784444
-1.53333 -0.813333
-1.38667 -0.684444
-1.4 -0.635556
-1.51556 -0.791111
-1.46667 -0.768889
-1.45333 -0.686667
-1.42667 -0.7
-1.52444 -0.806667
-1.56 -0.848889
-1.45333 -0.757778
-1.60444 -0.811111
-1.47111 -0.78
-1.44889 -0.757778
-1.42667 -0.675556
-1.43556 -0.708889
-1.48444 -0.777778
-1.61333 -0.868889
-1.48 -0.793333
-1.56444 -0.806667
-1.38222 -0.684444
-1.39556 -0.735556
-1.67111 -0.866667
-1.6 -0.846667
-1.47111 -0.777778
-1.4 -0.648889
-1.30667 -0.62
-1.39111 -0.622222
-1.48889 -0.682222
-1.43111 -0.766667
-1.54667 -0.782222
-1.39111 -0.651111
-1.43556 -0.675556
-1.38667 -0.591111
-1.4 -0.602222
-1.48444 -0.684444
-1.39556 -0.666667
-1.44889 -0.657778
-1.43556 -0.628889
-1.45333 -0.6
-1.28 -0.482222
-1.28889 -0.586667
-1.36 -0.537778
-1.33333 -0.597778
-1.36889 -0.608889
-1.30222 -0.546667
-1.34667 -0.633333
-1.31556 -0.551111
-1.44 -0.493333
-1.31556 -0.606667
-1.30667 -0.642222
-1.36889 -0.593333
-1.34222 -0.615556
-1.37778 -0.668889
-1.37778 -0.74
-1.46667 -0.766667
-1.50222 -0.766667
-1.47556 -0.737778
-1.46222 -0.773333
-1.33778 -0.733333
-1.45333 -0.777778
-1.47111 -0.806667
-1.46222 -0.773333
-1.32444 -0.604444
-1.43111 -0.668889
-1.50667 -0.811111
-1.49333 -0.795556
-1.41333 -0.686667
-1.35111 -0.608889
-1.40889 -0.622222
-1.30222 -0.56
-1.32 -0.551111
-1.41778 -0.54
-1.42222 -0.586667
-1.30667 -0.32
-1.25778 -0.284444
-1.27556 -0.135556
-1.24889 -0.297778
-1.49778 -0.428889
-1.36444 -0.493333
-1.26667 -0.446667
-1.30667 -0.58
-1.22222 -0.468889
-1.38667 -0.557778
-1.48 -0.724444
-1.51556 -0.751111
-1.46222 -0.748889
-1.43111 -0.793333
-1.51111 -0.764444
-1.30222 -0.664444
-1.44889 -0.706667
-1.50667 -0.726667
-1.49333 -0.802222
-1.55111 -0.846667
-1.42667 -0.711111
-1.49778 -0.811111
-1.48 -0.724444
-1.54667 -0.817778
-1.54667 -0.813333
-1.48889 -0.78
-1.48889 -0.728889
-1.45333 -0.731111
-1.47111 -0.777778
-1.49333 -0.771111
-1.45778 -0.773333
-1.42667 -0.762222
-1.43556 -0.704444
-1.45778 -0.788889
-1.51111 -0.811111
-1.45778 -0.784444
-1.51556 -0.788889
-1.52889 -0.791111
-1.50667 -0.782222
-1.38222 -0.7
-1.41333 -0.688889
-1.48 -0.797778
-1.32 -0.613333
-1.39556 -0.746667
-1.45778 -0.808889
-1.49778 -0.762222
-1.57333 -0.826667
-1.44444 -0.775556
-1.56 -0.833333
-1.65778 -0.866667
-1.48444 -0.808889
-1.54222 -0.826667
-1.39111 -0.68
-1.53333 -0.791111
-1.49778 -0.791111
-1.52444 -0.784444
-1.47111 -0.762222
-1.59111 -0.862222
-1.44 -0.762222
-1.47111 -0.777778
-1.44444 -0.791111
-1.48444 -0.806667
-1.44444 -0.746667
-1.50667 -0.797778
-1.41778 -0.753333
-1.52444 -0.813333
-1.42667 -0.775556
-1.50222 -0.795556
-1.47556 -0.746667
-1.32 -0.582222
-1.58222 -0.817778
-1.59556 -0.851111
-1.37333 -0.664444
-1.40889 -0.657778
-1.32 -0.495556
-1.41333 -0.6
-1.37333 -0.46
-1.50222 -0.662222
-1.45333 -0.655556
-1.38667 -0.651111
-1.38222 -0.633333
-1.28889 -0.568889
-1.36 -0.688889
-1.40444 -0.713333
-1.21778 -0.591111
-1.43111 -0.646667
-1.44444 -0.593333
-1.4 -0.608889
-1.44 -0.744444
-1.49778 -0.791111
-1.48 -0.815556
-1.51556 -0.788889
-1.42667 -0.755556
-1.39556 -0.697778
-1.50222 -0.76
-1.50222 -0.731111
-1.45778 -0.773333
-1.47111 -0.746667
-1.4 -0.684444
-1.58667 -0.768889
-1.51111 -0.724444
-1.49333 -0.773333
-1.50222 -0.755556
-1.52 -0.811111
-1.62667 -0.84
-1.56 -0.826667
-1.38222 -0.6
-1.39111 -0.468889
-1.34222 -0.375556
-1.36 -0.477778
-1.41333 -0.497778
-1.37333 -0.573333
-1.39556 -0.62
-1.35556 -0.648889
-1.4 -0.613333
-1.30667 -0.551111
-1.2 -0.486667
-1.34667 -0.551111
-1.44 -0.635556
-1.37333 -0.653333
-1.24444 -0.557778
-1.27556 -0.608889
-1.30222 -0.602222
-1.49333 -0.693333
-1.49333 -0.737778
-1.44444 -0.724444
-1.46222 -0.755556
-1.56 -0.84
-1.47111 -0.806667
-1.36 -0.726667
-1.41333 -0.744444
-1.53333 -0.762222
-1.56444 -0.76
-1.47556 -0.724444
-1.52 -0.788889
-1.43556 -0.737778
-1.44444 -0.706667
-1.43556 -0.751111
-1.36889 -0.684444
-1.37778 -0.666667
-1.46667 -0.602222
-1.35556 -0.54
-1.32889 -0.537778
-1.41333 -0.653333
-1.35556 -0.588889
-1.27111 -0.571111
-1.36444 -0.657778
-1.41333 -0.637778
-1.44889 -0.608889
-1.4 -0.602222
-1.47111 -0.684444
-1.44444 -0.744444
-1.35111 -0.575556
-1.41333 -0.737778
-1.47111 -0.766667
-1.33778 -0.662222
-1.31111 -0.624444
-1.27556 -0.511111
-1.36 -0.586667
-1.49333 -0.495556
-1.44 -0.611111
-1.35556 -0.584444
-1.33333 -0.497778
-1.28889 -0.437778
-1.43556 -0.64
-1.40444 -0.648889
-1.45333 -0.726667
-1.32 -0.637778
-1.44889 -0.706667
-1.45333 -0.713333
-1.52444 -0.831111
-1.42667 -0.766667
-1.50222 -0.815556
-1.47556 -0.762222
-1.32444 -0.662222
-1.41778 -0.573333
-1.36 -0.544444
-1.32889 -0.311111
-1.34667 -0.38
-1.31556 -0.422222
-1.25333 -0.417778
-1.23111 -0.38
-1.22222 -0.422222
-1.40444 -0.531111
-1.37333 -0.495556
-1.38222 -0.586667
-1.2 -0.546667
-1.23111 -0.435556
-1.15556 -0.357778
-1.38222 -0.522222
-1.33778 -0.464444
-1.4 -0.44
-1.34667 -0.546667
-1.50222 -0.64
-1.29778 -0.54
-1.27111 -0.575556
-1.38667 -0.651111
-1.34222 -0.62
-1.35556 -0.677778
-1.34667 -0.722222
-1.46222 -0.773333
-1.38667 -0.697778
-1.52889 -0.784444
-1.41333 -0.708889
-1.37333 -0.657778
-1.39111 -0.686667
-1.53778 -0.708889
-1.32444 -0.655556
-1.42222 -0.708889
-1.50667 -0.764444
-1.46222 -0.724444
-1.50222 -0.791111
-1.42667 -0.786667
-1.58667 -0.855556
-1.49778 -0.768889
-1.58667 -0.824444
-1.57333 -0.837778
-1.55111 -0.831111
-1.54222 -0.833333
-1.59556 -0.842222
-1.53778 -0.782222
-1.45333 -0.68
-1.47556 -0.764444
-1.48 -0.764444
-1.52 -0.751111
-1.57778 -0.822222
-1.38667 -0.724444
-1.49333 -0.795556
-1.37778 -0.691111
-1.31111 -0.617778
-1.33333 -0.562222
-1.52444 -0.673333
-1.40444 -0.64
-1.36889 -0.62
-1.34222 -0.666667
-1.47111 -0.648889
-1.29333 -0.577778
-1.19556 -0.404444
-1.44889 -0.522222
-1.34667 -0.408889
-1.26222 -0.315556
-1.32889 -0.415556
-1.32444 -0.344444
-1.31111 -0.426667
-1.27556 -0.455556
-1.29333 -0.455556
-1.41778 -0.608889
-1.39556 -0.493333
-1.34667 -0.442222
-1.35111 -0.6
-1.32444 -0.542222
-1.44889 -0.766667
-1.49778 -0.777778
-1.34222 -0.648889
-1.41778 -0.708889
-1.47556 -0.72
-1.53778 -0.771111
-1.60444 -0.84
-1.51111 -0.842222
-1.50222 -0.831111
-1.44889 -0.775556
-1.51556 -0.802222
-1.40889 -0.704444
-1.39556 -0.68
-1.24889 -0.502222
-1.42222 -0.522222
-1.37778 -0.497778
-1.42667 -0.542222
-1.36 -0.486667
-1.35111 -0.482222
-1.32889 -0.417778
-1.41778 -0.482222
-1.39111 -0.5
-1.52444 -0.642222
-1.39111 -0.626667
-1.25778 -0.564444
-1.22222 -0.504444
-1.28444 -0.462222
-1.36889 -0.495556
-1.25778 -0.446667
-1.37333 -0.64
-1.38667 -0.651111
-1.47111 -0.728889
-1.4 -0.731111
-1.47556 -0.726667
-1.51556 -0.748889
-1.49333 -0.815556
-1.59556 -0.842222
-1.49778 -0.773333
-1.44 -0.733333
-1.4 -0.722222
-1.40444 -0.664444
-1.38667 -0.744444
-1.50667 -0.755556
-1.49778 -0.786667
-1.48444 -0.78
-1.50222 -0.822222
-1.52444 -0.804444
-1.52889 -0.826667
-1.55111 -0.802222
-1.48889 -0.755556
-1.49333 -0.782222
-1.49778 -0.795556
-1.48444 -0.793333
-1.48889 -0.773333
-1.55556 -0.808889
-1.56 -0.842222
-1.46667 -0.791111
-1.48889 -0.78
-1.48 -0.724444
-1.43556 -0.777778
-1.44889 -0.78
-1.55111 -0.78
-1.41778 -0.726667
-1.61778 -0.871111
-1.56889 -0.84
-1.52889 -0.808889
-1.42667 -0.7
-1.45333 -0.644444
-1.34667 -0.562222
-1.31556 -0.524444
-1.39556 -0.693333
-1.39111 -0.704444
-1.31111 -0.724444
-1.52444 -0.777778
-1.49778 -0.791111
-1.47111 -0.728889
-1.41778 -0.655556
-1.52889 -0.797778
-1.44 -0.766667
-1.56444 -0.795556
-1.55111 -0.8
-1.51556 -0.76
-1.47111 -0.748889
-1.43556 -0.691111
-1.32889 -0.653333
-1.22222 -0.52
-1.31111 -0.588889
-1.20889 -0.466667
-1.30222 -0.566667
-1.42667 -0.642222
-1.27556 -0.615556
-1.56 -0.746667
-1.53778 -0.76
-1.36444 -0.62
-1.35111 -0.537778
-1.43111 -0.662222
-1.33778 -0.573333
-1.42667 -0.595556
-1.36889 -0.613333
-1.40444 -0.668889
-1.41778 -0.646667
-1.39556 -0.566667
-1.32889 -0.493333
-1.38222 -0.544444
-1.28 -0.508889
-1.26222 -0.508889
-1.18667 -0.397778
-1.31111 -0.486667
-1.39556 -0.586667
-1.46667 -0.484444
-1.33778 -0.337778
-1.37778 -0.32
-1.16444 -0.246667
-1.27556 -0.326667
-1.23556 -0.322222
-1.20444 -0.377778
-1.43111 -0.615556
-1.51111 -0.728889
-1.37333 -0.688889
-1.34667 -0.711111
-1.46222 -0.717778
-1.48889 -0.748889
-1.39111 -0.651111
-1.30667 -0.577778
-1.36889 -0.582222
-1.30222 -0.624444
-1.44444 -0.753333
-1.38667 -0.653333
-1.40889 -0.695556
-1.41778 -0.568889
-1.38222 -0.584444
-1.28444 -0.477778
-1.43556 -0.557778
-1.40889 -0.557778
-1.46222 -0.624444
-1.36889 -0.448889
-1.35111 -0.566667
-1.54667 -0.617778
-1.37778 -0.664444
-1.52444 -0.784444
-1.46222 -0.728889
-1.42667 -0.666667
-1.36889 -0.708889
-1.51111 -0.804444
-1.47111 -0.744444
-1.35111 -0.711111
-1.41778 -0.76
-1.34222 -0.633333
-1.55556 -0.753333
-1.47556 -0.733333
-1.45333 -0.755556
-1.31556 -0.651111
-1.29333 -0.713333
-1.48889 -0.691111
-1.47111 -0.748889
-1.40889 -0.755556
-1.42222 -0.688889
-1.48889 -0.724444
-1.45778 -0.617778
-1.52889 -0.713333
-1.44889 -0.708889
-1.51556 -0.753333
-1.28 -0.604444
-1.56444 -0.815556
-1.55556 -0.777778
-1.47556 -0.708889
-1.42667 -0.753333
-1.36 -0.728889
-1.48 -0.744444
-1.57333 -0.826667
-1.58667 -0.804444
-1.55111 -0.682222
-1.37778 -0.628889
-1.50222 -0.791111
-1.54667 -0.824444
-1.49778 -0.762222
-1.46667 -0.706667
-1.56889 -0.846667
-1.44 -0.8
-1.48 -0.784444
-1.42667 -0.7
-1.44889 -0.733333
-1.36889 -0.715556
-1.39111 -0.637778
-1.36 -0.671111
-1.40444 -0.664444
-1.48 -0.791111
-1.40889 -0.764444
-1.46667 -0.797778
-1.45778 -0.766667
-1.54667 -0.808889
-1.55556 -0.84
-1.45778 -0.793333
-1.44889 -0.795556
-1.50222 -0.842222
-1.54222 -0.802222
-1.43111 -0.675556
-1.46222 -0.708889
-1.53778 -0.793333
-1.45333 -0.791111
-1.62667 -0.871111
-1.54222 -0.76
-1.40889 -0.708889
-1.51556 -0.835556
-1.43111 -0.771111
-1.59111 -0.835556
-1.44444 -0.78
-1.53778 -0.802222
-1.43556 -0.746667
-1.4 -0.771111
-1.48889 -0.795556
-1.46222 -0.753333
-1.61333 -0.835556
-1.57778 -0.835556
-1.62222 -0.84
-1.52444 -0.808889
-1.40889 -0.742222
-1.45778 -0.72
-1.40444 -0.751111
-1.44889 -0.751111
-1.43111 -0.748889
-1.44889 -0.777778
-1.47111 -0.748889
-1.40444 -0.766667
-1.52 -0.782222
-1.58222 -0.791111
-1.52 -0.766667
-1.46222 -0.682222
-1.32 -0.586667
-1.28444 -0.637778
-1.42667 -0.7
-1.45333 -0.662222
-1.33778 -0.637778
-1.35556 -0.633333
-1.40444 -0.744444
-1.44889 -0.771111
-1.49333 -0.802222
-1.36444 -0.72
-1.32444 -0.635556
-1.31111 -0.544444
-1.31111 -0.342222
-1.28444 -0.493333
-1.24889 -0.46
-1.33778 -0.495556
-1.39556 -0.62
-1.30222 -0.604444
-1.45333 -0.713333
-1.45333 -0.757778
-1.47556 -0.755556
-1.40889 -0.728889
-1.59111 -0.857778
-1.38667 -0.735556
-1.50667 -0.784444
-1.45333 -0.822222
-1.60889 -0.811111
-1.50667 -0.715556
-1.47556 -0.74
-1.28 -0.642222
-1.59556 -0.844444
-1.55111 -0.835556
-1.48444 -0.733333
-1.44444 -0.724444
-1.44444 -0.766667
-1.39111 -0.675556
-1.56444 -0.826667
-1.42222 -0.733333
-1.50667 -0.74
-1.43111 -0.757778
-1.46667 -0.788889
-1.54222 -0.78
-1.42667 -0.72
-1.54667 -0.817778
-1.55111 -0.842222
-1.46222 -0.755556
-1.54222 -0.788889
-1.46667 -0.8
-1.43111 -0.742222
-1.44444 -0.722222
-1.29333 -0.651111
-1.44 -0.715556
-1.44 -0.708889
-1.44889 -0.702222
-1.28 -0.64
-1.52 -0.768889
-1.4 -0.571111
-1.21333 -0.317778
-1.16889 -0.131111
-1.26667 -0.277778
-1.19556 -0.317778
-1.32889 -0.497778
-1.27556 -0.575556
-1.46222 -0.664444
-1.40889 -0.713333
-1.51556 -0.76
-1.57333 -0.755556
-1.6 -0.811111
-1.48 -0.751111
-1.61333 -0.795556
-1.46667 -0.655556
-1.4 -0.613333
-1.33333 -0.575556
-1.32444 -0.608889
-1.32 -0.657778
-1.52444 -0.822222
-1.47556 -0.804444
-1.49333 -0.755556
-1.47556 -0.791111
-1.44 -0.78
-1.53333 -0.793333
-1.45778 -0.751111
-1.49778 -0.775556
-1.37778 -0.551111
-1.32889 -0.433333
-1.44 -0.457778
-1.26667 -0.417778
-1.30222 -0.382222
-1.30222 -0.408889
-1.34667 -0.568889
-1.34222 -0.635556
-1.42667 -0.722222
-1.34222 -0.724444
-1.39556 -0.715556
-1.61778 -0.866667
-1.64889 -0.877778
-1.52444 -0.837778
-1.48444 -0.788889
-1.44889 -0.726667
-1.47111 -0.722222
-1.48 -0.731111
-1.36889 -0.702222
-1.4 -0.608889
-1.57333 -0.702222
-1.40444 -0.597778
-1.53333 -0.802222
-1.53778 -0.797778
-1.54667 -0.788889
-1.55556 -0.806667
-1.49778 -0.802222
-1.52444 -0.782222
-1.46667 -0.768889
-1.55556 -0.84
-1.49778 -0.766667
-1.48889 -0.766667
-1.55111 -0.804444
-1.37333 -0.666667
-1.40889 -0.708889
-1.40889 -0.64
-1.45333 -0.642222
-1.48 -0.648889
-1.39111 -0.624444
-1.37333 -0.573333
-1.35111 -0.415556
-1.23111 -0.233333
-1.39111 -0.193333
-1.20444 -0.14
-1.22667 -0.137778
-1.37333 -0.153333
-1.27111 -0.0755556
-1.28444 -0.104444
-1.33333 -0.231111
-1.34222 -0.313333
-1.33778 -0.224444
-1.30667 -0.111111
-1.31111 -0.0155556
-1.24444 0.00222222
-1.36889 0.0111111
-1.29778 0.0622222
-1.23111 -0.0622222
-1.28 -0.06
-1.25333 -0.0844444
-1.37778 -0.157778
-1.25333 -0.202222
-1.39111 -0.268889
-1.4 -0.406667
-1.34667 -0.237778
-1.36889 -0.211111
-1.30667 -0.208889
-1.41333 -0.244444
-1.38667 -0.333333
-1.51111 -0.42
-1.30667 -0.324444
-1.28444 -0.397778
-1.29333 -0.408889
-1.38222 -0.573333
-1.24889 -0.453333
-1.30222 -0.588889
-1.48444 -0.613333
-1.38222 -0.611111
-1.43111 -0.715556
-1.25778 -0.586667
-1.26667 -0.524444
-1.31111 -0.54
-1.41333 -0.637778
-1.45333 -0.706667
-1.52889 -0.76
-1.48444 -0.728889
-1.37778 -0.682222
-1.38222 -0.662222
-1.37333 -0.626667
-1.57333 -0.675556
-1.46222 -0.515556
-1.32889 -0.437778
-1.24 -0.391111
-1.28444 -0.344444
-1.30667 -0.426667
-1.26667 -0.455556
-1.34667 -0.528889
-1.35111 -0.355556
-1.31111 -0.315556
-1.26667 -0.211111
-1.23556 -0.288889
-1.24444 -0.06
-1.30222 -0.0466667
-1.28889 0.2
-1.30222 0.151111
-1.30222 0.164444
-1.23556 -0.0844444
-1.22222 0.0222222
-1.28 0.133333
-1.28889 0.297778
-1.2 0.317778
-1.29333 0.544444
-1.32444 0.606667
-1.44444 0.695556
-1.40444 0.664444
-1.47556 0.762222
-1.52 0.828889
-1.44889 0.793333
-1.38222 0.728889
-1.39111 0.613333
-1.29778 0.471111
-1.25778 0.317778
-1.17333 0.337778
-1.39111 0.211111
-1.34667 0.237778
-1.33333 0.246667
-1.31111 0.164444
-1.20889 0.242222
-1.32889 0.448889
-1.16444 0.264444
-1.37778 0.377778
-1.31556 0.251111
-1.32444 0.188889
-1.36889 0.257778
-1.43556 0.288889
-1.33778 0.28
-1.32444 0.351111
-1.23556 0.331111
-1.24889 0.324444
-1.39111 0.415556
-1.21333 0.497778
-1.34222 0.468889
-1.22222 0.473333
-1.40889 0.477778
-1.33333 0.322222
-1.27556 0.406667
-1.45333 0.526667
-1.58667 0.682222
-1.44444 0.688889
-1.41778 0.677778
-1.48889 0.664444
-1.4 0.555556
-1.43556 0.7
-1.44889 0.655556
-1.56444 0.631111
-1.41778 0.564444
-1.28889 0.54
-1.45333 0.646667
-1.44 0.786667
-1.46667 0.753333
-1.58667 0.828889
-1.48889 0.784444
-1.39556 0.72
-1.49333 0.704444
-1.59556 0.817778
-1.35111 0.615556
-1.41778 0.668889
-1.35111 0.677778
-1.48 0.704444
-1.31111 0.657778
-1.39556 0.666667
-1.41333 0.675556
-1.45778 0.688889
-1.43556 0.682222
-1.48444 0.682222
-1.50667 0.731111
-1.39556 0.553333
-1.39111 0.613333
-1.41778 0.551111
-1.46667 0.571111
-1.24444 0.5
-1.41778 0.511111
-1.45778 0.662222
-1.35111 0.533333
-1.19556 0.351111
-1.33778 0.451111
-1.16 0.277778
-1.29333 0.366667
-1.32 0.488889
-1.32889 0.426667
-1.31111 0.277778
-1.32 0.18
-1.18222 0.191111
-1.15111 0.0688889
-1.27556 0.151111
-1.24 0.153333
-1.28 0.0533333
-1.32 -0.00222222
-1.33333 0.206667
-1.24889 0.157778
-1.32444 0.155556
-1.34222 0.295556
-1.28 0.262222
-1.33333 0.126667
-1.33333 0.0488889
-1.28889 0.115556
-1.39556 0.131111
-1.36889 -0.104444
-1.28 -0.0777778
-1.16889 -0.0822222
-1.34222 -0.126667
-1.34222 -0.224444
-1.36 -0.266667
-1.35111 -0.226667
-1.28889 -0.166667
-1.34667 0.0777778
-1.26222 0.0688889
-1.29778 0.111111
-1.37778 0.0422222
-1.35111 0.0688889
-1.35556 -0.0577778
-1.38222 -0.0266667
-1.36889 0.166667
-1.29778 0.0844444
-1.24889 -0.08
-1.27556 -0.22
-1.24889 -0.148889
-1.35111 -0.284444
-1.22667 -0.0311111
-1.35111 -0.0311111
-1.32444 -0.0888889
-1.38222 -0.14
-1.26667 -0.222222
-1.28 -0.406667
-1.39111 -0.384444
-1.32444 -0.4
-1.32889 -0.362222
-1.32 -0.433333
-1.40889 -0.508889
-1.36889 -0.64
-1.53333 -0.746667
-1.45778 -0.704444
-1.39556 -0.724444
-1.48889 -0.764444
-1.54667 -0.775556
-1.52889 -0.811111
-1.37778 -0.726667
-1.51556 -0.804444
-1.60444 -0.828889
-1.48 -0.766667
-1.52444 -0.802222
-1.48444 -0.684444
-1.42667 -0.633333
-1.41778 -0.715556
-1.53778 -0.8
-1.47111 -0.797778
-1.56444 -0.853333
-1.53778 -0.793333
-1.56444 -0.804444
-1.38222 -0.72
-1.36 -0.606667
-1.52 -0.735556
-1.35111 -0.593333
-1.31111 -0.555556
-1.25333 -0.482222
-1.41778 -0.524444
-1.27556 -0.508889
-1.28889 -0.566667
-1.45778 -0.64
-1.41778 -0.637778
-1.39111 -0.657778
-1.45333 -0.644444
-1.29333 -0.595556
-1.48 -0.671111
-1.37778 -0.575556
-1.4 -0.653333
-1.49333 -0.806667
-1.31111 -0.648889
-1.56889 -0.831111
-1.37333 -0.708889
-1.30667 -0.631111
-1.38667 -0.664444
-1.44889 -0.642222
-1.38667 -0.44
-1.38667 -0.42
-1.33778 -0.457778
-1.33333 -0.468889
-1.43556 -0.515556
-1.30222 -0.451111
-1.27111 -0.262222
-1.31556 -0.322222
-1.34222 -0.28
-1.28889 -0.275556
-1.33333 -0.233333
-1.20889 -0.197778
-1.33778 -0.406667
-1.29778 -0.257778
-1.31111 -0.257778
-1.28889 -0.364444
-1.32444 -0.395556
-1.37333 -0.4
-1.29333 -0.366667
-1.25333 -0.191111
-1.35556 -0.184444
-1.28444 -0.173333
-1.35111 -0.204444
-1.41333 -0.157778
-1.22667 -0.215556
-1.26222 -0.442222
-1.19111 -0.455556
-1.42667 -0.688889
-1.50667 -0.726667
-1.50222 -0.815556
-1.53333 -0.833333
-1.57333 -0.846667
-1.56889 -0.844444
-1.48444 -0.762222
-1.60444 -0.853333
-1.49778 -0.82
-1.54667 -0.828889
-1.44 -0.733333
-1.39556 -0.711111
-1.37333 -0.624444
-1.31111 -0.608889
-1.24444 -0.595556
-1.34222 -0.633333
-1.48444 -0.735556
-1.42667 -0.737778
-1.55556 -0.808889
-1.53333 -0.786667
-1.45778 -0.742222
-1.51556 -0.762222
-1.48 -0.735556
-1.44444 -0.755556
-1.45333 -0.737778
-1.68 -0.873333
-1.71556 -0.913333
-1.56444 -0.853333
-1.56 -0.855556
-1.41333 -0.751111
-1.42667 -0.72
-1.47111 -0.731111
-1.39556 -0.668889
-1.38667 -0.724444
-1.51111 -0.768889
-1.48889 -0.797778
-1.50667 -0.771111
-1.48444 -0.784444
-1.61333 -0.84
-1.53333 -0.8
-1.41333 -0.748889
-1.51111 -0.822222
-1.64889 -0.855556
-1.48889 -0.751111
-1.42222 -0.624444
-1.24444 -0.562222
-1.35556 -0.544444
-1.34222 -0.624444
-1.45778 -0.751111
-1.43556 -0.742222
-1.51556 -0.691111
-1.26667 -0.531111
-1.30222 -0.524444
-1.32444 -0.6
-1.31111 -0.657778
-1.34667 -0.453333
-1.39111 -0.477778
-1.34667 -0.457778
-1.32 -0.404444
-1.17333 -0.293333
-1.17333 -0.282222
-1.4 -0.473333
-1.45333 -0.52
-1.47556 -0.635556
-1.4 -0.602222
-1.30222 -0.595556
-1.43111 -0.648889
-1.35556 -0.648889
-1.43111 -0.671111
-1.48444 -0.588889
-1.51556 -0.593333
-1.44444 -0.604444
-1.33333 -0.577778
-1.29333 -0.511111
-1.36 -0.58
-1.22667 -0.551111
-1.32444 -0.531111
-1.29333 -0.648889
-1.40889 -0.646667
-1.48 -0.693333
-1.48 -0.684444
-1.48889 -0.728889
-1.32444 -0.595556
-1.46222 -0.653333
-1.40444 -0.677778
-1.57778 -0.802222
-1.53333 -0.808889
-1.32444 -0.697778
-1.39556 -0.688889
-1.57333 -0.826667
-1.56889 -0.842222
-1.56444 -0.822222
-1.66222 -0.884444
-1.42222 -0.78
-1.41778 -0.757778
-1.49333 -0.802222
-1.40444 -0.706667
-1.47556 -0.72
-1.29333 -0.673333
-1.36444 -0.671111
-1.31556 -0.615556
-1.38667 -0.642222
-1.22667 -0.56
-1.18667 -0.491111
-1.28889 -0.488889
-1.45778 -0.66
-1.41333 -0.653333
-1.37778 -0.642222
-1.37778 -0.642222
-1.48444 -0.633333
-1.34667 -0.477778
-1.34222 -0.524444
-1.35111 -0.6
-1.42667 -0.702222
-1.49333 -0.742222
-1.59556 -0.848889
-1.52444 -0.762222
-1.67556 -0.875556
-1.52 -0.813333
-1.48 -0.786667
-1.56 -0.842222
-1.40889 -0.693333
-1.27111 -0.626667
-1.44 -0.755556
-1.32 -0.693333
-1.53778 -0.753333
-1.51556 -0.751111
-1.47111 -0.666667
-1.41333 -0.646667
-1.38222 -0.557778
-1.28889 -0.488889
-1.29333 -0.631111
-1.56889 -0.784444
-1.54667 -0.822222
-1.48 -0.784444
-1.50667 -0.775556
-1.4 -0.753333
-1.48444 -0.806667
-1.56889 -0.782222
-1.49333 -0.757778
-1.44889 -0.671111
-1.52444 -0.782222
-1.42667 -0.731111
-1.41333 -0.733333
-1.48444 -0.764444
-1.45778 -0.72
-1.50222 -0.691111
-1.48 -0.7
-1.41778 -0.722222
-1.52444 -0.768889
-1.41778 -0.704444
-1.44444 -0.697778
-1.36444 -0.737778
-1.59556 -0.844444
-1.45778 -0.76
-1.60889 -0.848889
-1.27556 -0.593333
-1.36444 -0.626667
-1.41778 -0.693333
-1.40444 -0.706667
-1.43111 -0.648889
-1.4 -0.715556
-1.4 -0.728889
-1.46667 -0.753333
-1.62222 -0.851111
-1.55556 -0.842222
-1.45778 -0.78
-1.59111 -0.771111
-1.36444 -0.68
-1.50667 -0.788889
-1.52 -0.822222
-1.53333 -0.813333
-1.45333 -0.782222
-1.52889 -0.777778
-1.46222 -0.695556
-1.47556 -0.753333
-1.43111 -0.677778
-1.32444 -0.666667
-1.30667 -0.557778
-1.37333 -0.66
-1.44889 -0.666667
-1.37778 -0.653333
-1.44889 -0.708889
-1.35111 -0.664444
-1.32 -0.693333
-1.48 -0.786667
-1.35556 -0.62
-1.28889 -0.64
-1.45333 -0.722222
-1.36444 -0.677778
-1.42222 -0.695556
-1.47556 -0.773333
-1.51556 -0.762222
-1.29778 -0.684444
-1.41333 -0.702222
-1.42222 -0.722222
-1.54667 -0.8
-1.52444 -0.793333
-1.51556 -0.797778
-1.62667 -0.862222
-1.58222 -0.846667
-1.69778 -0.877778
-1.51556 -0.824444
-1.6 -0.866667
-1.51556 -0.804444
-1.36444 -0.695556
-1.46667 -0.748889
-1.51556 -0.768889
-1.52444 -0.76
-1.51111 -0.782222
-1.39556 -0.726667
-1.50222 -0.786667
-1.41333 -0.704444
-1.59111 -0.806667
-1.26667 -0.597778
-1.37778 -0.74
-1.35111 -0.731111
-1.41333 -0.728889
-1.50222 -0.813333
-1.57778 -0.848889
-1.72889 -0.897778
-1.53333 -0.768889
-1.59556 -0.828889
-1.51556 -0.835556
-1.67556 -0.868889
-1.62222 -0.855556
-1.51111 -0.764444
-1.42222 -0.722222
-1.32 -0.613333
-1.32444 -0.584444
-1.44889 -0.593333
-1.43111 -0.602222
-1.41778 -0.491111
-1.36 -0.408889
-1.23111 -0.426667
-1.40444 -0.593333
-1.40889 -0.608889
-1.36444 -0.575556
-1.38222 -0.615556
-1.48889 -0.695556
-1.40444 -0.644444
-1.34222 -0.662222
-1.51111 -0.775556
-1.59111 -0.806667
-1.54222 -0.831111
-1.59556 -0.82
-1.28889 -0.711111
-1.32444 -0.657778
-1.38222 -0.711111
-1.45778 -0.733333
-1.33778 -0.691111
-1.56444 -0.811111
-1.61333 -0.848889
-1.38222 -0.762222
-1.52889 -0.788889
-1.49778 -0.724444
-1.38222 -0.686667
-1.30667 -0.595556
-1.32 -0.497778
-1.28889 -0.44
-1.31111 -0.511111
-1.30667 -0.613333
-1.39111 -0.62
-1.54667 -0.782222
-1.58667 -0.846667
-1.63111 -0.873333
-1.59556 -0.857778
-1.48889 -0.8
-1.56889 -0.828889
-1.38222 -0.746667
-1.58222 -0.851111
-1.57333 -0.857778
-1.36 -0.737778
-1.45333 -0.791111
-1.47556 -0.775556
-1.44 -0.757778
-1.29333 -0.593333
-1.37333 -0.697778
-1.42667 -0.762222
-1.41778 -0.733333
-1.62222 -0.822222
-1.48 -0.795556
-1.55556 -0.804444
-1.54667 -0.786667
-1.46222 -0.782222
-1.41778 -0.7
-1.49778 -0.762222
-1.47556 -0.757778
-1.52 -0.748889
-1.46222 -0.784444
-1.53778 -0.833333
-1.64889 -0.862222
-1.59556 -0.866667
-1.49778 -0.826667
-1.61778 -0.815556
-1.40444 -0.677778
-1.46667 -0.74
-1.39111 -0.731111
-1.50222 -0.773333
-1.54222 -0.831111
-1.57333 -0.811111
-1.41778 -0.704444
-1.50667 -0.691111
-1.45778 -0.782222
-1.41778 -0.748889
-1.44 -0.755556
-1.53778 -0.828889
-1.53778 -0.813333
-1.28444 -0.591111
-1.33333 -0.466667
-1.39556 -0.56
-1.43556 -0.628889
-1.44 -0.566667
-1.39111 -0.611111
-1.43111 -0.577778
-1.39111 -0.582222
-1.48889 -0.611111
-1.49333 -0.713333
-1.44889 -0.671111
-1.42222 -0.72
-1.36444 -0.615556
-1.42222 -0.575556
-1.42222 -0.642222
-1.47556 -0.724444
-1.56889 -0.804444
-1.47556 -0.744444
-1.44 -0.768889
-1.54667 -0.804444
-1.47111 -0.664444
-1.48889 -0.755556
-1.39111 -0.684444
-1.48444 -0.646667
-1.33778 -0.497778
-1.36444 -0.515556
-1.40444 -0.568889
-1.35111 -0.528889
-1.32889 -0.575556
-1.32444 -0.586667
-1.43111 -0.606667
-1.45333 -0.695556
-1.48444 -0.722222
-1.57778 -0.822222
-1.58667 -0.84
-1.52444 -0.737778
-1.48 -0.744444
-1.48889 -0.731111
-1.42222 -0.715556
-1.46667 -0.733333
-1.41778 -0.735556
-1.52889 -0.764444
-1.41333 -0.677778
-1.32889 -0.644444
-1.45778 -0.762222
-1.51111 -0.753333
-1.39111 -0.611111
-1.41778 -0.642222
-1.39111 -0.562222
-1.37333 -0.446667
-1.31556 -0.466667
-1.44889 -0.555556
-1.36889 -0.566667
-1.41333 -0.562222
-1.29333 -0.497778
-1.29333 -0.48
-1.37333 -0.617778
-1.31556 -0.506667
-1.33333 -0.637778
-1.43556 -0.595556
-1.28444 -0.517778
-1.36889 -0.631111
-1.32889 -0.606667
-1.34222 -0.571111
