-1.04556 0.0394444
-1.07667 -0.0322222
-0.99 -0.0327778
-1.04444 -0.0677778
-1.04667 -0.0788889
-1.00444 -0.0372222
-1.03 -0.0127778
-1.02222 0.00611111
-1.05556 0.0505556
-1.03667 0.0411111
-1.04444 0.0516667
-1.01778 0.000555556
-1.01333 -0.00166667
-0.968889 -0.0738889
-1.01889 -0.0255556
-1.1 -0.0255556
-1.06778 0.00222222
-1.06556 0.00388889
-1.02778 -0.0505556
-1.00556 -0.0833333
-1.07 -0.0361111
-1.03333 -0.0422222
-1.02333 -0.0511111
-0.985556 -0.0594444
-1.04 -0.0805556
-1.04778 -0.0855556
-1.04222 -0.0705556
-1.01444 -0.0388889
-1.07111 0.0266667
-1.03 0.0116667
-1.00444 -0.04
-1.05444 -0.0416667
-1.06667 -0.0372222
-0.968889 -0.0338889
-1.00222 -0.085
-1.04667 -0.00444444
-1.01111 -0.0733333
-1.04111 -0.0238889
-1.09 -0.0416667
-1.12 0.00444444
-1.09444 0.005
-1.02 -0.0422222
-1.05222 -0.0766667
-0.998889 -0.0344444
-0.987778 -0.0238889
-0.982222 -0.101111
-0.984444 -0.00222222
-1.01222 -0.0466667
-0.981111 -0.0283333
-1.03 -0.0405556
-1.05667 0.01
-1.09 0.0411111
-1.08111 0.000555556
-1.01889 0.0116667
-1.04333 -0.0355556
-1.01111 -0.0611111
-1.04333 -0.0538889
-1.02444 -0.035
-1.03667 -0.0733333
-1.08444 -0.116667
-1.03889 -0.0683333
-1.05778 -0.0327778
-0.994444 -0.0616667
-1.05778 -0.0372222
-1.02222 -0.0427778
-0.99 -0.0477778
-1.02222 -0.0305556
-1.01444 -0.065
-1.05778 -0.0516667
-1.05778 -0.0622222
-1.05778 -0.0955556
-1.02111 -0.0544444
-1.06778 -0.0105556
-1.02778 -0.0838889
-0.994444 -0.0683333
-1.02333 -0.0644444
-1.03778 -0.0688889
-1.00667 -0.0177778
-1.03111 -0.0577778
-1.02333 -0.0244444
-1.05111 -0.0344444
-1.04222 0.00666667
-1.01556 -0.00777778
-1.01667 -0.00833333
-1.01444 0.0216667
-0.95 -0.0133333
-1.02222 -0.0672222
-1.04556 -0.0416667
-1.08 -0.0733333
-1.06667 -0.0833333
-1.04778 -0.136667
-1.04222 -0.0827778
-1.04111 -0.107778
-1.01222 -0.128333
-1.01889 -0.147778
-0.997778 -0.0788889
-1.07 -0.0966667
-0.993333 0.00277778
-1.03 0.025
-1.09 0.0266667
-1.05222 0.0188889
-1.03222 0.0255556
-0.978889 0.0455556
-1.03 0.0977778
-1.02667 0.139444
-1.05333 0.131667
-1.02889 0.167778
-1.00889 0.172222
-1.10333 0.295
-1.08444 0.25
-1.09111 0.151667
-1.07111 0.0922222
-1.04 0.0866667
-1.10222 0.128889
-1.05556 0.0694444
-1.04111 0.0583333
-1.07333 0.005
-1.07 -0.00666667
-1.04667 0.0283333
-1.02667 0.0916667
-1.08111 0.0483333
-1.03889 0.0605556
-1.07778 0.0255556
-1.08333 -0.0266667
-1.05889 -0.0366667
-1.06556 -0.0188889
-1.05667 -0.0272222
-1.02111 -0.035
-1.02778 -0.0711111
-1.03889 -0.0466667
-0.996667 -0.0422222
-0.996667 -0.0172222
-1.02667 0.0661111
-1.00556 -0.00777778
-1.00222 0.0572222
-0.964444 0.0177778
-0.966667 0.00833333
-1.05556 0.152222
-1.08556 0.155556
-1.09556 0.202778
-1.09222 0.185
-1.07889 0.163333
-1.01889 0.145556
-1.04889 0.172222
-1.04889 0.114444
-1.03111 0.123889
-1.04444 0.159444
-1.01778 0.182222
-1.01556 0.17
-0.964444 0.133889
-1.03 0.128333
-0.991111 0.138333
-0.94 0.136111
-1.01667 0.0433333
-1.03222 0.0738889
-1.03444 0.142222
-1.05667 0.155
-0.991111 0.117222
-0.988889 0.111111
-1.06667 0.100556
-1.05667 0.143333
-1.04222 0.143889
-1.04222 0.0988889
-1.05 0.0383333
-1.03667 0.0772222
-1.00556 0.102778
-1.05111 0.14
-1.05667 0.129444
-1.01889 0.101667
-1.05333 0.112778
-1.03556 0.0777778
-1.04556 0.0811111
-0.97 0.0877778
-1.00667 0.118889
-1.03667 0.0877778
-1.00222 0.106667
-1.07111 0.105
-1.12 0.0872222
-1.04667 0.07
-1.07778 0.0838889
-1.08556 0.0561111
-1.04667 0.0705556
-1.02889 0.0838889
-1.01444 0.120556
-1 0.0983333
-0.944444 0.0533333
-1.02 0.0122222
-0.993333 0.0622222
-1.08111 0.0272222
-1.06444 -0.02
-1.12333 -0.0738889
-1.06 -0.0766667
-1.04889 -0.0394444
-1.02333 -0.136667
-1.03778 -0.158889
-0.995556 -0.0994444
-1.04667 -0.116667
-1.04333 -0.181667
-1.05667 -0.17
-1.01333 -0.111111
-0.975556 -0.118889
-1.03222 -0.0711111
-1.09889 -0.0222222
-1.01778 -0.0366667
-1.05333 -0.0911111
-1.00444 -0.01
-1.01556 -0.0355556
-1.05 -0.055
-0.985556 -0.102778
-1.02667 -0.133889
-1.07667 -0.143889
-1.04556 -0.116667
-1.05667 -0.167222
-1.05556 -0.181111
-1.02333 -0.185
-0.981111 -0.126111
-1.04111 -0.128889
-1.02222 -0.115556
-1.02444 -0.165
-0.998889 -0.157222
-1.01111 -0.133889
-1.00333 -0.127222
-0.984444 -0.0283333
-1.00444 -0.055
-1.01444 -0.0894444
-1.02333 -0.0288889
-1.02667 -0.0827778
-0.996667 -0.0655556
-1.00778 -0.0627778
-1.01444 -0.0933333
-1.01667 -0.0827778
-0.972222 -0.0344444
-0.988889 -0.0411111
-0.958889 -0.0911111
-1.01889 -0.015
-1.01222 -0.0233333
-1.02444 0
-0.996667 0.0294444
-1.03444 0.119444
-1.04 0.113333
-1.04 0.132222
-1.08444 0.103889
-1.07667 0.0366667
-1.06333 -0.00888889
-1.05111 0.0194444
-0.966667 0.0372222
-1.04222 -0.0216667
-1.01 -0.0361111
-1.04222 -0.0644444
-0.968889 -0.0727778
-1.00222 -0.106111
-1.04222 -0.151111
-1.02222 -0.157778
-1.04 -0.191111
-1.06444 -0.136667
-1.07444 -0.0794444
-1.04556 -0.0422222
-1.09222 0.00333333
-1.03667 0.0694444
-1.05 0.0711111
-0.968889 0.0255556
-1.05444 0.0311111
-0.993333 0.0377778
-1.05556 0.0694444
-1.03 -0.0344444
-1.05667 0.00333333
-1.06556 -0.0233333
-0.986667 0.05
-1.03444 -0.00833333
-0.984444 -0.0744444
-1.01222 -0.0244444
-1.06444 -0.00944444
-1.04222 -0.0466667
-1.00444 -0.0994444
-1.07 -0.0922222
-1.02444 -0.0688889
-1.02444 -0.0133333
-1.06889 -0.000555556
-0.976667 -0.0122222
-1.00667 -0.06
-1.01 -0.0944444
-0.98 -0.0927778
-0.982222 -0.106111
-1.04222 -0.0794444
-0.984444 -0.0788889
-1.03889 -0.0277778
-1.03222 0.0177778
-0.987778 0.0505556
-1.00556 0.0544444
-1.01222 0.0594444
-1.06333 0.055
-1.03333 0.09
-1.08444 0.0711111
-0.993333 0.0483333
-0.998889 0.0627778
-1.05889 0.095
-1.05667 0.000555556
-1.09556 -0.0183333
-1.05222 0.0911111
-1.05222 0.100556
-1.03889 0.0427778
-0.98 0.0761111
-1.06667 0.113333
-1.04667 0.09
-1.02222 0.0888889
-0.992222 0.0955556
-1.00444 0.0727778
-1.04111 0.0294444
-1.07222 0.0511111
-1.07333 0.0216667
-1.02222 -0.0138889
-0.958889 0.05
-0.993333 0.0922222
-1.04333 0.0572222
-0.997778 -0.0155556
-1.06778 0.0744444
-1.04889 0.0477778
-1.06444 0.08
-0.992222 0.111667
-0.971111 0.0911111
-0.991111 0.0522222
-1.04778 -0.00111111
-1.03333 -0.0305556
-1.02333 -0.00666667
-1.06667 -0.0155556
-1.00778 -0.0377778
-1.03444 -0.0516667
-1.05667 0.0111111
-1.04778 0.00722222
-1.07222 0.000555556
-1.09889 0.04
-1.07889 0.121667
-0.998889 0.00277778
-1.02222 -0.045
-1.03111 -0.0705556
-1.08889 -0.201667
-1.07778 -0.178333
-1.08333 -0.21
-1.03222 -0.135556
-1.03889 -0.108333
-0.984444 -0.0833333
-1.06889 -0.105
-1.02889 -0.0838889
-1.03333 -0.102222
-1.03222 -0.104444
-1.00444 -0.0588889
-1.00556 -0.0733333
-1.06667 -0.13
-1.02778 -0.0838889
-1.08 -0.0883333
-1.09778 -0.0422222
-1.03222 -0.0444444
-0.993333 -0.0594444
-1.01111 -0.0594444
-1.00111 -0.152778
-1.00111 -0.184444
-1.04333 -0.253889
-1.06111 -0.242778
-0.996667 -0.193333
-1.01556 -0.1
-1.02889 -0.166111
-1 -0.148889
-1.02444 -0.128333
-1.10222 -0.0888889
-1.04889 -0.0655556
-1.07222 -0.112778
-0.992222 -0.0927778
-1.04444 -0.123333
-1.04667 -0.126667
-1.03556 -0.138333
-1.06444 -0.173333
-1.04 -0.127222
-1.09333 -0.2
-1.07 -0.181667
-1.05333 -0.216667
-1.03889 -0.220556
-1.04333 -0.314444
-1.08 -0.302222
-1.04556 -0.301667
-1.09556 -0.310556
-1.11222 -0.293889
-1.01667 -0.243333
-1.07111 -0.213333
-1.03 -0.163333
-1.02556 -0.174444
-1.04333 -0.239444
-1.05889 -0.105556
-1.02889 -0.102778
-1.01778 -0.0594444
-1.05444 -0.0127778
-1.02222 0.0255556
-1.03444 0.0311111
-1.00778 0.0294444
-0.987778 0.00222222
-1.05111 -0.0166667
-1.04444 0.0383333
-1.01444 -0.00333333
-1.02667 -0.0116667
-0.986667 0.0427778
-1.04667 -0.0188889
-1.00222 -0.0488889
-0.957778 -0.0322222
-1.07333 -0.0788889
-0.994444 -0.0722222
-1.02333 -0.06
-0.941111 0.00388889
-1.01778 0.0144444
-1.04778 -0.0227778
-0.987778 0.0322222
-1.05556 0.000555556
-1.08667 0.0227778
-0.992222 0.0572222
-1.04333 0.0555556
-1.04 0.0611111
-1.00222 0.0811111
-1.02556 0.03
-1.06889 0.0122222
-1.02222 0.00944444
-1.02444 0.0805556
-1.05222 0.095
-1.02889 0.116667
-1.00444 0.103889
-1.01556 0.0777778
-1.03111 0.0711111
-0.986667 -0.00277778
-1.04111 0.0588889
-0.996667 0.182222
-1.00556 0.195
-0.967778 0.167778
-1.05444 0.192778
-1.03556 0.261667
-1.03 0.218889
-1.04222 0.2
-1.06333 0.265556
-0.982222 0.178333
-1.01889 0.165
-1.03 0.162222
-1.04556 0.150556
-1.02 0.17
-1.03778 0.171667
-1.09778 0.213889
-1.02556 0.215556
-1.04 0.2
-1.02778 0.163889
-1.04556 0.148889
-1.03444 0.112778
-1.00444 0.0833333
-1.04778 0.141111
-0.956667 0.132778
-1.08667 0.0266667
-1.02889 0.0272222
-1.07889 0.0822222
-1.04778 0.035
-1.02111 -0.045
-1.03556 0.0311111
-0.985556 0.045
-0.992222 0.00777778
-1.02889 0.07
-1.04111 0.0472222
-1.04889 0.0166667
-1.00333 0.0294444
-1.05222 -0.00833333
-1.03667 0.0544444
-0.988889 0.0955556
-0.985556 0.0366667
-0.987778 -0.01
-1.03333 -0.005
-0.995556 -0.0461111
-0.993333 -0.0272222
-1.00889 -0.0577778
-1.00667 -0.0672222
-1.06889 -0.145556
-0.985556 -0.144444
-1.01 -0.106667
-0.995556 -0.0988889
-1.04778 -0.0794444
-1.02778 -0.01
-1.04556 -0.0527778
-0.991111 -0.102222
-1.05 -0.07
-1.00889 -0.137222
-0.991111 -0.163333
-1.02333 -0.177222
-1.03222 -0.153889
-1.03667 -0.131111
-1.00222 -0.111667
-1.05 -0.106667
-1.05889 -0.0738889
-1.12111 -0.0555556
-0.99 -0.0905556
-1.02667 -0.0766667
-1.02556 -0.0483333
-1.11111 -0.0144444
-1.00111 -0.000555556
-1.01222 -0.0616667
-0.985556 -0.00777778
-1.00667 0.005
-1.03444 -0.00944444
-1.00222 -0.00555556
-1.04778 0.06
-1.07778 0.117222
-1.06 0.0416667
-1.04889 0.00222222
-0.986667 0.0127778
-1.02778 0.0138889
-1.07333 0.07
-1.08 0.101667
-1.01667 0.103889
-1.03111 0.128889
-1.00778 0.153889
-1.07 0.144444
-1.08778 0.163333
-0.994444 0.151111
-1.05889 0.181667
-1.05556 0.143889
-1.03556 0.197778
-1.07889 0.188333
-1.04556 0.173889
-1.09556 0.168333
-1.06889 0.148889
-1.00222 0.137222
-1.01667 0.100556
-1.09222 0.116667
-1.12222 0.104444
-1.08333 0.08
-1.03444 0.0894444
-1.05 0.0533333
-1.02556 -0.00555556
-1.03667 0.0255556
-0.988889 0.01
-1.03 0.0216667
-1.04222 -0.0277778
-1.06444 0.0372222
-1.09 0.0238889
-1.06222 0.03
-1.03 0.0577778
-0.971111 -0.0311111
-1.01 -0.0711111
-1.02556 -0.0872222
-1.04222 -0.137778
-1.03778 -0.103889
-1.02556 -0.0727778
-1.01889 -0.06
-1.01778 -0.0238889
-1.00778 -0.0327778
-1.02111 -0.0133333
-1.04556 -0.00888889
-1.08111 0.0222222
-1.07889 0.0338889
-0.991111 0.0622222
-1.04444 0.0672222
-1.00667 0.0505556
-1.03778 0.07
-1.01778 0.00944444
-1.03 -0.0327778
-1.02111 -0.0605556
-1.02 -0.0538889
-1.07111 0.00333333
-1.04 -0.0338889
-1.04667 -0.0405556
-0.983333 -0.0761111
-0.965556 -0.0633333
-1.04333 -0.0744444
-1.01667 -0.0383333
-1.02444 -0.00888889
-0.997778 -0.0333333
-1.07333 -0.127222
-1.00111 -0.0861111
-1.04333 -0.121111
-1.1 -0.195
-1.05444 -0.167778
-1.11 -0.247222
-0.987778 -0.262778
-1.04667 -0.286111
-1.05333 -0.245
-1.12111 -0.285556
-1.06556 -0.283333
-1.06556 -0.262778
-1.05111 -0.232778
-1.02333 -0.238333
-1.02444 -0.156111
-0.995556 -0.117778
-1.04667 -0.122222
-0.996667 -0.0922222
-0.983333 -0.115556
-1.03444 -0.111111
-1.03667 -0.118333
-1.02222 -0.115556
-1.12333 -0.141667
-1.09778 -0.135556
-1.02556 -0.117222
-1.00444 -0.168889
-0.962222 -0.102222
-0.967778 -0.0211111
-0.972222 -0.0794444
-0.987778 -0.0433333
-1.07778 0.0205556
-0.981111 -0.0461111
-0.975556 -0.0283333
-0.985556 -0.0516667
-0.966667 -0.0183333
-1.02222 0.0205556
-1.05111 -0.0122222
-1.08222 -0.0477778
-1.04 -0.0933333
-1.07889 -0.0955556
-1.02778 -0.0983333
-1.05 -0.00666667
-0.99 0.0333333
-1.01778 0.015
-1.03333 0.0616667
-0.966667 0.0483333
-1.06556 0.0961111
-0.976667 0.104444
-1.06667 -0.000555556
-1.06333 0.0777778
-0.985556 0.0538889
-0.993333 0.0627778
-1.02 0.124444
-1.10778 0.0988889
-1.05333 0.0311111
-0.997778 0.0283333
-1.03889 0.0166667
-1.04111 -0.00555556
-1.11333 -0.00944444
-1.04667 -0.0338889
-1.02333 -0.0222222
-1.02111 -0.0305556
-1.03111 -0.0561111
-1.04667 0.0194444
-1.03889 0.02
-0.988889 -0.00277778
-0.942222 0.0383333
-0.991111 -0.0483333
-1.04 0.0338889
-1.02 0.0838889
-0.965556 0.0466667
-1.00111 0.0461111
-1.05889 0.0344444
-0.968889 0.0438889
-0.99 0.0272222
-0.96 0.0844444
-0.992222 0.0372222
-0.971111 0.0361111
-0.984444 0.0422222
-1.05667 0.07
-1.02444 0.146667
-0.987778 0.177222
-0.992222 0.258889
-1.07333 0.228889
-1.01778 0.223333
-1.05222 0.246111
-1.04889 0.250556
-1.05222 0.225
-0.968889 0.194444
-1.00778 0.188333
-1.07222 0.185556
-1.02889 0.14
-1.03111 0.0783333
-0.997778 0.0716667
-0.992222 0.105556
-0.955556 0.141667
-1.05111 0.151667
-1.04 0.153889
-1.05 0.0905556
-1.09333 0.109444
-1.03889 0.0755556
-1.07889 0.134444
-1.07333 0.0966667
-1.12778 0.0661111
-1.03111 0.0161111
-1.06556 0.0572222
-1.04444 0.0438889
-1.05111 0.0738889
-1.04222 0.171667
-1.04778 0.134444
-1.05444 0.161667
-1.00889 0.183333
-1.01889 0.112778
-1.10111 0.0683333
-1.05 0.0861111
-1.00667 0.129444
-1.01444 0.0955556
-0.993333 0.0283333
-1.00556 0.0566667
-1.07222 0.0638889
-1.03778 0.0555556
-1.08111 0.00277778
-1.01444 0.0533333
-1.02667 0.0416667
-0.99 0.0738889
-1.05333 0.0561111
-0.991111 -0.0166667
-0.986667 -0.0116667
-1.01222 -0.0566667
-0.961111 -0.0588889
-1.01444 -0.0794444
-1.02556 -0.0766667
-1.06778 -0.0833333
-1.12222 -0.0605556
-1.02222 -0.0422222
-1 -0.0238889
-1.06889 -0.0127778
-1.01667 -0.0222222
-1.03778 -0.0588889
-0.992222 0.0127778
-1.00222 0.00388889
-1.04667 -0.0366667
-1.05778 -0.07
-1.06 -0.00777778
-0.998889 -0.0205556
-1.01556 -0.00333333
-1.00333 -0.00944444
-0.954444 -0.03
-1.01444 -0.0138889
-0.997778 -0.0566667
-0.935556 -0.120556
-0.952222 -0.173333
-1.01333 -0.202222
-1.09333 -0.174444
-1.07778 -0.164444
-1.1 -0.170556
-1.01556 -0.117778
-1.07222 -0.152778
-1.00556 -0.127778
-1.02778 -0.0977778
-0.976667 -0.150556
-1.01222 -0.156667
-1.05333 -0.126667
-0.995556 -0.095
-1.01444 -0.17
-1.01333 -0.106667
-1.08556 -0.0966667
-1.03889 -0.128333
-1.00667 -0.0961111
-1.02556 -0.145
-1.05667 -0.09
-1.03111 -0.0477778
-1.05778 -0.0816667
-0.985556 -0.132222
-0.956667 -0.133889
-1.03667 -0.111667
-1.05889 -0.0944444
-0.983333 -0.154444
-1.05444 -0.151667
-1.07333 -0.212778
-1.06444 -0.207778
-1.05333 -0.196667
-1.08222 -0.227778
-1.04333 -0.202778
-1.03222 -0.24
-1.05778 -0.272222
-1.05444 -0.224444
-1.00111 -0.265556
-1.03 -0.269444
-0.98 -0.195556
-1.06 -0.207778
-1.07889 -0.215
-1.04667 -0.208889
-1.08778 -0.158889
-1.05889 -0.158889
-1.01 -0.136111
-1.04222 -0.208889
-1.06333 -0.275
-1.00778 -0.200556
-1.02333 -0.172222
-1.01889 -0.158333
-1.05333 -0.210556
-1.09778 -0.197222
-1.07333 -0.211667
-1.08222 -0.21
-1.09111 -0.241111
-1.06111 -0.252778
-1.02667 -0.208889
-0.987778 -0.181667
-1.01889 -0.125
-1.03556 -0.184444
-1.03889 -0.153889
-1.03556 -0.115
-1.02667 -0.108333
-1.02667 -0.0827778
-1.00111 -0.0472222
-1.06556 -0.0494444
-1.00556 -0.0672222
-1.03444 -0.0472222
-1.10333 -0.0705556
-1.01444 -0.0716667
-1.00333 -0.0766667
-1.04333 -0.0494444
-0.93 -0.095
-1.08556 -0.0216667
-1.02667 -0.0655556
-0.984444 -0.04
-0.977778 -0.06
-1.08111 -0.09
-1.06111 -0.0416667
-1.01889 -0.00777778
-1.01222 -0.0472222
-1.06889 -0.0872222
-1.00667 -0.0633333
-1.05111 -0.0483333
-1.05222 -0.0433333
-1.04222 0.0133333
-1.03333 0.0483333
-1.00444 0.116111
-1.02 0.0761111
-1.00556 0.0933333
-1.06556 0.122222
-1.02111 0.0661111
-1.04333 0.177222
-1.04222 0.190556
-1.05889 0.196111
-1.04556 0.216667
-0.987778 0.123333
-1.04444 0.125
-1.03111 0.141667
-1.09 0.191667
-0.998889 0.176667
-1.05667 0.13
-1.01222 0.128333
-1.03333 0.252778
-1.04 0.257778
-1.02111 0.238889
-1.08889 0.245
-1.06556 0.208889
-1.05 0.212778
-1.08 0.240556
-1.04 0.197778
-0.998889 0.153889
-1.01444 0.106111
-1.00556 0.0816667
-1.03111 0.00777778
-1.04556 0.0383333
-1.03222 0.0455556
-1.01222 0.127778
-1.02667 0.153333
-0.997778 0.149444
-1.01333 0.150556
-1.00778 0.0683333
-0.996667 0.0472222
-1.02556 -0.00333333
-1.05889 0.00888889
-1.07111 0.115
-1.02111 0.0527778
-1.02667 -0.0477778
-1.05444 -0.0977778
-1.03556 -0.0766667
-1.03222 -0.0822222
-1.07444 -0.1
-1.04889 -0.0933333
-1.09111 -0.116667
-1.11222 -0.0677778
-1.05222 -0.120556
-1.10556 -0.124444
-1.08222 -0.141667
-1.11778 -0.205556
-1.01667 -0.109444
-0.981111 -0.0733333
-1.01667 -0.111111
-1 -0.045
-1.02667 -0.0388889
-1.03667 -0.0222222
-0.975556 -0.0716667
-1.04889 -0.0383333
-1.03 -0.0211111
-1.07778 0.0727778
-1.05778 0.0694444
-1.05889 0.0216667
-1.03222 0.025
-1.05667 0.005
-0.992222 -0.0261111
-1.02889 0.0594444
-1.07667 -0.00888889
-1.04111 0.0411111
-1.02333 0.04
-1.03111 -0.00222222
-1.05444 0.0116667
-1.08667 -0.00833333
-1.04778 -0.0416667
-1.04222 -0.0766667
-1.01 -0.0922222
-1.00333 -0.0788889
-1.03667 -0.0861111
-1 -0.0566667
-1.00111 -0.00555556
-1.03444 0.035
-1.03333 0.00777778
-1.06889 0.00444444
-1.00111 0.0277778
-0.986667 0.0827778
-1.01333 0.0772222
-1.02333 0.0633333
-1.08778 0.0377778
-1.05111 0.0188889
-1.04222 -0.0222222
-1.01889 -0.0183333
-0.978889 -0.02
-1.01667 0.0116667
-1.02556 -0.0222222
-1.05556 -0.0655556
-1.03556 -0.0227778
-1.04556 -0.0688889
-1.06 0.0605556
-1.03444 0.116667
-1.07 0.125556
-1.09333 0.0961111
-1.03889 0.0888889
-1.00333 0.0677778
-1.00111 0.0794444
-1.02222 0.133889
-1.04889 0.128333
-1.02889 0.146667
-1.03889 0.111667
-1.05778 0.03
-1.04667 0.0327778
-1.00778 0.0644444
-1.03 0.0366667
-1.03 0.0138889
-1.03778 -0.005
-0.973333 -0.0416667
-1.01 -0.06
-1.03222 -0.102222
-1.03333 -0.0555556
-1.02222 -0.0488889
-1.02222 -0.0133333
-1.06889 -0.0261111
-1.03778 -0.0855556
-1.04 -0.0994444
-1.02778 -0.0838889
-0.986667 -0.0838889
-1.02222 -0.085
-1.03889 -0.0916667
-1.00778 -0.142778
-1.05556 -0.123333
-1.00778 -0.0572222
-1.01 -0.0522222
-1.02222 -0.0844444
-0.97 -0.0844444
-1.04 -0.0594444
-1.03444 0.0466667
-1.03778 0.085
-1.03556 0.0938889
-1.02889 0.117222
-1.01111 0.126667
-1.02556 0.132222
-1.08222 0.162778
-1.05556 0.185
-0.96 0.206667
-1.05222 0.176111
-1.01444 0.178333
-1.04889 0.201667
-0.984444 0.163889
-1.01222 0.19
-1.01556 0.189444
-1.03667 0.163333
-0.992222 0.152222
-1.09556 0.146667
-1.06333 0.132778
-0.994444 0.142778
-0.964444 0.147222
-1.03 0.0333333
-1.04 -0.00222222
-1.03556 0.0427778
-0.988889 -0.00833333
-1.02667 -0.0144444
-1.07889 0.0161111
-1.02 0.00333333
-1.03556 0.0261111
-1.07222 -0.0388889
-0.967778 0.0516667
-0.995556 0.0622222
-1.01889 0.0272222
-1.04444 0.101111
-0.97 0.0738889
-0.986667 0.111111
-1.01444 0.0194444
-0.99 -0.0127778
-1.10778 0.00222222
-1.05778 -0.04
-0.994444 -0.0105556
-1.03444 0.0733333
-1.09 -0.00944444
-1.04333 0.0422222
-1.07333 0.00166667
-1.07889 -0.00388889
-1.04 -0.0661111
-1 -0.0672222
-1.00444 -0.0822222
-1.03333 -0.128333
-0.971111 -0.104444
-0.99 -0.103889
-1.04222 -0.0611111
-1.00889 -0.0594444
-1.03444 -0.0605556
-1.03778 -0.0266667
-1.03222 0.00388889
-1.06667 0.00111111
-1.03222 0.00222222
-1.04333 -0.05
-1.04 -0.0577778
