-1.27778 0.0755556
-1.24667 0.0833333
-1.25 0.0616667
-1.27667 0.100556
-1.28 0.117778
-1.23889 0.190556
-1.20333 0.16
-1.23556 0.151667
-1.19667 0.16
-1.24444 0.175
-1.22556 0.186111
-1.17889 0.161667
-1.28778 0.2
-1.28222 0.196111
-1.29889 0.216667
-1.27333 0.232778
-1.28778 0.210556
-1.30222 0.195
-1.25556 0.166111
-1.29556 0.199444
-1.26556 0.191111
-1.22222 0.196111
-1.30889 0.158889
-1.29556 0.123333
-1.30333 0.117778
-1.35444 0.14
-1.26444 0.178333
-1.33222 0.125556
-1.27778 0.0716667
-1.32 0.0594444
-1.30333 -0.0244444
-1.29444 -0.0238889
-1.25111 -0.00388889
-1.25111 0
-1.22778 -0.025
-1.19222 0.0311111
-1.17556 -0.00611111
-1.19667 -0.0122222
-1.12444 -0.0877778
-1.20556 -0.119444
-1.24778 -0.117222
-1.28778 -0.200556
-1.26556 -0.171111
-1.25667 -0.161667
-1.24111 -0.160556
-1.25111 -0.191667
-1.24556 -0.171111
-1.23222 -0.201111
-1.27778 -0.14
-1.32222 -0.126667
-1.27667 -0.195
-1.29556 -0.211667
-1.31444 -0.208889
-1.27667 -0.232778
-1.26222 -0.248889
-1.29667 -0.232222
-1.27222 -0.222778
-1.29889 -0.245556
-1.32 -0.25
-1.25889 -0.227778
-1.22222 -0.22
-1.26 -0.183889
-1.30778 -0.187222
-1.24444 -0.192222
-1.29444 -0.186667
-1.22889 -0.136111
-1.27444 -0.189444
-1.28 -0.223333
-1.31778 -0.195
-1.24556 -0.183889
-1.23556 -0.145556
-1.27333 -0.125
-1.30222 -0.0922222
-1.32556 -0.07
-1.32667 -0.100556
-1.25222 -0.153333
-1.23444 -0.0983333
-1.22667 -0.186111
-1.27 -0.200556
-1.24667 -0.176111
-1.21667 -0.188889
-1.27778 -0.213333
-1.27111 -0.136667
-1.23444 -0.125556
-1.21778 -0.168333
-1.28333 -0.198889
-1.25 -0.284444
-1.17667 -0.299444
-1.28667 -0.239444
-1.27889 -0.256111
-1.27556 -0.187222
-1.22667 -0.106667
-1.23889 -0.0916667
-1.23778 -0.0688889
-1.20556 -0.129444
-1.28444 -0.141111
-1.25778 -0.132778
-1.23333 -0.146111
-1.31222 -0.167222
-1.29 -0.192778
-1.29111 -0.218333
-1.33111 -0.220556
-1.24889 -0.199444
-1.28111 -0.161111
-1.32444 -0.147222
-1.33444 -0.227778
-1.25667 -0.147222
-1.31444 -0.14
-1.29889 -0.134444
-1.29667 -0.14
-1.29778 -0.136111
-1.27333 -0.117222
-1.23556 -0.06
-1.26222 -0.00388889
-1.26667 -0.00111111
-1.27111 -0.00555556
-1.24111 -0.035
-1.26667 -0.0294444
-1.26556 -0.00444444
-1.36333 -0.0272222
-1.35333 -0.0294444
-1.29889 -0.0433333
-1.25111 -0.01
-1.28444 0
-1.25 -0.0361111
-1.25778 -0.00388889
-1.31333 -0.0233333
-1.32222 -0.00611111
-1.24667 -0.0194444
-1.24444 -0.0166667
-1.29333 0.0116667
-1.28444 0.05
-1.24111 0.00444444
-1.21667 -0.0361111
-1.29889 -0.0461111
-1.26556 -0.0583333
-1.26556 -0.00833333
-1.37111 -0.095
-1.29222 -0.0533333
-1.25667 -0.0727778
-1.22111 -0.0761111
-1.21 -0.0688889
-1.24667 -0.134444
-1.17778 -0.0955556
-1.26778 -0.165556
-1.21556 -0.119444
-1.20778 -0.0372222
-1.25333 -0.0605556
-1.30444 -0.138889
-1.22778 -0.152778
-1.22333 -0.109444
-1.25667 -0.0983333
-1.25 -0.0888889
-1.20778 -0.106667
-1.28778 -0.114444
-1.30333 -0.104444
-1.22889 -0.0833333
-1.24556 -0.138889
-1.24 -0.0788889
-1.28111 -0.103889
-1.29 -0.0916667
-1.26333 -0.0655556
-1.32556 -0.0455556
-1.32556 -0.09
-1.28 -0.0894444
-1.29889 -0.123889
-1.27556 -0.179444
-1.30667 -0.155556
-1.32556 -0.140556
-1.30444 -0.114444
-1.24444 -0.159444
-1.25 -0.152222
-1.27778 -0.128889
-1.3 -0.151667
-1.29111 -0.194444
-1.28 -0.204444
-1.32 -0.222222
-1.24778 -0.206667
-1.33444 -0.195
-1.32556 -0.161111
-1.37333 -0.169444
-1.38444 -0.205
-1.34556 -0.197778
-1.33111 -0.259444
-1.35 -0.21
-1.39222 -0.208889
-1.34667 -0.131667
-1.32889 -0.144444
-1.37889 -0.178889
-1.35889 -0.161667
-1.30667 -0.0888889
-1.24111 -0.0533333
-1.32333 -0.0588889
-1.32889 -0.075
-1.33556 -0.106111
-1.28667 -0.143889
-1.35222 -0.207778
-1.30222 -0.140556
-1.29 -0.0877778
-1.24222 -0.1
-1.25889 -0.109444
-1.22444 -0.120556
-1.25444 -0.121667
-1.33111 -0.173333
-1.36222 -0.2
-1.28889 -0.209444
-1.36 -0.226111
-1.28444 -0.187222
-1.24222 -0.2
-1.31778 -0.224444
-1.34556 -0.261111
-1.37333 -0.285
-1.31667 -0.295
-1.29 -0.337222
-1.28333 -0.283333
-1.21444 -0.301111
-1.27444 -0.348889
-1.28333 -0.382778
-1.32667 -0.370556
-1.31333 -0.378333
-1.25889 -0.248889
-1.29333 -0.203333
-1.21444 -0.165
-1.25111 -0.11
-1.22889 0.0122222
-1.24333 -0.00888889
-1.25222 0.0644444
-1.28222 0.03
-1.32 0.00888889
-1.29 0.0411111
-1.25778 0.0822222
-1.24444 0.104444
-1.27444 0.0994444
-1.29556 0.0911111
-1.33222 0.07
-1.29444 0.0488889
-1.33444 0.0661111
-1.34667 0.0494444
-1.31333 0.0733333
-1.36 0.0966667
-1.36889 0.133889
-1.29333 0.138889
-1.22667 0.148333
-1.27333 0.11
-1.28556 0.07
-1.27778 0.0461111
-1.27778 0.0894444
-1.22222 0.0783333
-1.27222 0.0644444
-1.23 0.0888889
-1.22222 0.0244444
-1.24222 0.0838889
-1.29889 0.0633333
-1.27778 0.0472222
-1.25333 -0.0533333
-1.29667 -0.0922222
-1.28556 -0.0505556
-1.27 -0.005
-1.25 0.0272222
-1.29444 0.0344444
-1.29 0.05
-1.33667 0.0555556
-1.31444 0.0555556
-1.32111 0.0422222
-1.28667 0.0183333
-1.24444 -0.01
-1.22667 0.0638889
-1.28444 0.0327778
-1.30556 0.0438889
-1.26889 0.0988889
-1.31333 0.163889
-1.32 0.135
-1.26778 0.175556
-1.26333 0.217222
-1.31667 0.242778
-1.30444 0.25
-1.31222 0.280556
-1.33222 0.293333
-1.24778 0.305556
-1.35 0.34
-1.27 0.325556
-1.30333 0.277222
-1.32333 0.277222
-1.34222 0.281667
-1.38889 0.245556
-1.31222 0.266111
-1.34556 0.241111
-1.28556 0.228889
-1.32667 0.220556
-1.32222 0.205
-1.28889 0.183889
-1.32556 0.229444
-1.26111 0.196667
-1.30333 0.224444
-1.30778 0.197222
-1.26333 0.182222
-1.30222 0.192778
-1.27 0.214444
-1.35556 0.228889
-1.31556 0.183889
-1.27778 0.163889
-1.25111 0.182222
-1.25778 0.203333
-1.26222 0.255
-1.33556 0.292778
-1.33667 0.337778
-1.29444 0.368889
-1.33 0.493333
-1.33111 0.470556
-1.31 0.465
-1.38222 0.5
-1.31556 0.479444
-1.31889 0.529444
-1.3 0.540556
-1.35556 0.537222
-1.31 0.510556
-1.26556 0.503333
-1.29 0.507778
-1.35111 0.507778
-1.35 0.519444
-1.33556 0.482222
-1.31556 0.438889
-1.32111 0.466111
-1.28111 0.44
-1.33667 0.436111
-1.26444 0.421667
-1.27333 0.432222
-1.29 0.411667
-1.30778 0.362778
-1.21333 0.348333
-1.26 0.317222
-1.24889 0.325
-1.27444 0.278333
-1.37444 0.266667
-1.27667 0.263889
-1.27 0.257222
-1.22333 0.246667
-1.28556 0.245
-1.26444 0.255
-1.30889 0.275556
-1.31222 0.253889
-1.34556 0.255556
-1.30444 0.285
-1.35333 0.298333
-1.37778 0.311111
-1.31 0.263889
-1.28111 0.222222
-1.27 0.175
-1.27333 0.215556
-1.32444 0.256667
-1.29222 0.243333
-1.27 0.249444
-1.22667 0.173333
-1.23556 0.146111
-1.27889 0.152222
-1.31222 0.12
-1.33889 0.115
-1.26556 0.0844444
-1.30889 0.0933333
-1.28778 0.0772222
-1.26222 0.0988889
-1.23778 0.125
-1.29 0.102222
-1.28111 0.0838889
-1.25778 0.0316667
-1.22222 0.0377778
-1.29111 0.0544444
-1.28111 0.00611111
-1.25 -0.0294444
-1.26667 -0.0166667
-1.24111 -0.0155556
-1.25444 -0.0544444
-1.20556 -0.0683333
-1.28667 -0.055
-1.34556 -0.0238889
-1.26 -0.0772222
-1.24556 -0.101667
-1.21667 -0.0927778
-1.26333 -0.173333
-1.25778 -0.149444
-1.31333 -0.198333
-1.24556 -0.196111
-1.26778 -0.232778
-1.28222 -0.271111
-1.24889 -0.26
-1.32222 -0.300556
-1.27 -0.318333
-1.28778 -0.355556
-1.24333 -0.366111
-1.22889 -0.294444
-1.19556 -0.336111
-1.24222 -0.362222
-1.26667 -0.355
-1.21 -0.337778
-1.31556 -0.36
-1.32556 -0.359444
-1.3 -0.368333
-1.22222 -0.377778
-1.26556 -0.359444
-1.28556 -0.396111
-1.25333 -0.416111
-1.31778 -0.378889
-1.37222 -0.423333
-1.38556 -0.452222
-1.31889 -0.44
-1.36 -0.442778
-1.30444 -0.476111
-1.38333 -0.525
-1.38778 -0.506111
-1.39 -0.526111
-1.41556 -0.550556
-1.36889 -0.548333
-1.34778 -0.506667
-1.33222 -0.5
-1.26667 -0.458889
-1.32444 -0.438889
-1.28778 -0.42
-1.26333 -0.396111
-1.31 -0.435556
-1.26444 -0.417222
-1.31667 -0.415556
-1.28444 -0.448333
-1.34556 -0.502222
-1.31222 -0.492222
-1.36778 -0.528889
-1.32667 -0.5
-1.30111 -0.497778
-1.26333 -0.460556
-1.26667 -0.405556
-1.29 -0.372778
-1.28111 -0.369444
-1.29778 -0.359444
-1.25667 -0.386667
-1.20667 -0.38
-1.22778 -0.379444
-1.25667 -0.366111
-1.29333 -0.347222
-1.32778 -0.289444
-1.19444 -0.218333
-1.22 -0.235556
-1.23667 -0.232778
-1.31111 -0.228889
-1.26 -0.221667
-1.23778 -0.195556
-1.28667 -0.218889
-1.31111 -0.268889
-1.29667 -0.260556
-1.27444 -0.284444
-1.26444 -0.246111
-1.21333 -0.233889
-1.25222 -0.3
-1.27 -0.314444
-1.24111 -0.253333
-1.20444 -0.229444
-1.21444 -0.168889
-1.26333 -0.161667
-1.30889 -0.227778
-1.26889 -0.248889
-1.24111 -0.245
-1.26 -0.205
-1.33 -0.221111
-1.22222 -0.17
-1.21111 -0.140556
-1.21889 -0.101111
-1.26333 -0.0866667
-1.25889 -0.128889
-1.27889 -0.242222
-1.29556 -0.205
-1.33556 -0.194444
-1.36111 -0.19
-1.25333 -0.163889
-1.25667 -0.133889
-1.26333 -0.095
-1.26333 -0.132778
-1.24333 -0.085
-1.26111 -0.085
-1.31444 -0.0494444
-1.28222 -0.0816667
-1.23444 0.0138889
-1.24111 0.00277778
-1.27889 0.0122222
-1.32556 -0.00166667
-1.31778 -0.00611111
-1.29333 -0.00277778
-1.33111 -0.00611111
-1.24778 -0.0288889
-1.25556 -0.0533333
-1.19111 -0.0316667
-1.25444 0.00388889
-1.25111 -0.005
-1.30556 -0.0511111
-1.25 0.00555556
-1.21333 0.0266667
-1.30778 0.07
-1.24222 0.0961111
-1.28222 0.0944444
-1.24889 0.101667
-1.26 0.123889
-1.22556 0.183333
-1.22556 0.15
-1.27111 0.137778
-1.34556 0.181667
-1.27444 0.156111
-1.3 0.155556
-1.28889 0.169444
-1.27111 0.13
-1.21778 0.0944444
-1.27667 0.0761111
-1.17444 0.135
-1.20667 0.205
-1.28444 0.208333
-1.27222 0.228889
-1.28556 0.197778
-1.29444 0.183889
-1.25444 0.186667
-1.23889 0.0966667
-1.28444 0.0705556
-1.24667 0.14
-1.34222 0.0894444
-1.27111 0.0616667
-1.34111 0.0583333
-1.24889 0.148889
-1.23444 0.143889
-1.31444 0.0666667
-1.25222 0.0922222
-1.28222 0.100556
-1.29333 0.113333
-1.24333 0.147222
-1.30222 0.116667
-1.32111 0.0344444
-1.26333 0.103333
-1.20667 0.0911111
-1.21 0.0683333
-1.23222 0.0822222
-1.24778 0.115
-1.25 0.0983333
-1.24222 0.119444
-1.32556 0.163333
-1.32889 0.147222
-1.21222 0.142778
-1.29222 0.138889
-1.33333 0.185556
-1.28889 0.177222
-1.22889 0.190556
-1.21889 0.137222
-1.27778 0.181111
-1.25 0.142778
-1.25333 0.172778
-1.25111 0.185
-1.23111 0.143889
-1.24444 0.152222
-1.24222 0.125
-1.23222 0.153333
-1.27889 0.135
-1.28333 0.177778
-1.20444 0.130556
-1.26333 0.142778
-1.30556 0.160556
-1.29111 0.219444
-1.29889 0.211667
-1.29111 0.203333
-1.32556 0.161111
-1.29889 0.2
-1.27111 0.221667
-1.22 0.244444
-1.23889 0.231667
-1.18778 0.264444
-1.28222 0.340556
-1.30333 0.358889
-1.25667 0.366667
-1.26778 0.39
-1.28333 0.395
-1.21556 0.377778
-1.28667 0.377778
-1.25889 0.312778
-1.22 0.252778
-1.27667 0.294444
-1.30111 0.321667
-1.32444 0.295
-1.19444 0.301667
-1.24778 0.39
-1.22778 0.413889
-1.27889 0.381667
-1.28889 0.337778
-1.27111 0.36
-1.27333 0.307778
-1.31667 0.340556
-1.36667 0.39
-1.34667 0.404444
-1.29111 0.403889
-1.30667 0.320556
-1.30556 0.350556
-1.26667 0.308333
-1.23222 0.377222
-1.3 0.427778
-1.32667 0.507778
-1.28667 0.480556
-1.21778 0.442222
-1.25222 0.412778
-1.29889 0.366667
-1.29 0.360556
-1.29667 0.361111
-1.24 0.321111
-1.26444 0.330556
-1.26222 0.348333
-1.30889 0.383333
-1.33444 0.389444
-1.3 0.448333
-1.32111 0.428333
-1.31778 0.416667
-1.29556 0.354444
-1.28 0.273889
-1.22889 0.234444
-1.28444 0.210556
-1.27889 0.173333
-1.27333 0.156111
-1.30556 0.152778
-1.27444 0.164444
-1.26444 0.202222
-1.20778 0.181111
-1.27889 0.235556
-1.31556 0.243889
-1.26222 0.257222
-1.32444 0.215556
-1.40778 0.237222
-1.39444 0.206111
-1.33222 0.182222
-1.27 0.215556
-1.24222 0.150556
-1.22667 0.145
-1.22111 0.0833333
-1.24556 0.0505556
-1.23222 0.0405556
-1.23222 -0.0311111
-1.27444 -0.055
-1.23889 -0.0855556
-1.24333 -0.116667
-1.2 -0.0938889
-1.23 -0.124444
-1.24 -0.158889
-1.18667 -0.150556
-1.24222 -0.219444
-1.27556 -0.22
-1.24667 -0.250556
-1.27778 -0.241667
-1.26222 -0.232778
-1.24667 -0.301667
-1.22 -0.292222
-1.21778 -0.303889
-1.25444 -0.268333
-1.28333 -0.258333
-1.21778 -0.237778
-1.23889 -0.165556
-1.25889 -0.175556
-1.24667 -0.164444
-1.26111 -0.224444
-1.25222 -0.175
-1.21667 -0.156667
-1.20889 -0.105556
-1.22889 -0.135556
-1.21667 -0.07
-1.23778 -0.0488889
-1.25667 -0.0494444
-1.26 0.00388889
-1.28111 -0.00944444
-1.31444 -0.0294444
-1.22 0.0505556
-1.16222 0.0277778
-1.25333 0.0822222
-1.23222 0.0522222
-1.27444 0.0705556
-1.23333 0.0938889
-1.21222 0.0727778
-1.21111 0.0972222
-1.19889 0.102778
-1.25333 0.0794444
-1.26222 0.0216667
-1.24 0.015
-1.27111 0.0427778
-1.20333 0.0938889
-1.18222 0.0577778
-1.21111 0.0766667
-1.24889 0.0327778
-1.19889 0.03
-1.2 0.0594444
-1.22 0.0366667
-1.23444 -0.000555556
-1.28667 0.0666667
-1.27667 0.0544444
-1.33444 0.0627778
-1.26 0.0122222
-1.29778 0.0688889
-1.23333 0.0516667
-1.22889 0.0733333
-1.24333 0.0866667
-1.27778 0.0233333
-1.24778 -0.0277778
-1.30333 0.0861111
-1.34333 0.133333
-1.23444 0.0683333
-1.25778 0.0155556
-1.21444 -0.00222222
-1.23889 0.00611111
-1.28778 0.0238889
-1.27889 0.0816667
-1.31333 0.0494444
-1.22778 0.0288889
-1.27333 0.005
-1.25111 0.0383333
-1.25222 -0.0127778
-1.25 -0.0361111
-1.22444 -0.0433333
-1.20556 -0.09
-1.20111 -0.111667
-1.20778 -0.154444
-1.24444 -0.155
-1.22667 -0.111667
-1.25556 -0.0144444
-1.25667 0.0211111
-1.27667 -0.0205556
-1.27556 -0.025
-1.27333 -0.0616667
-1.23889 -0.0655556
-1.28222 -0.0594444
-1.25667 -0.0183333
-1.28667 -0.0266667
-1.28111 0.025
-1.25556 -0.00388889
-1.31667 -0.0894444
-1.32444 -0.0761111
-1.29778 -0.09
-1.24333 -0.0922222
-1.23444 -0.0683333
-1.3 -0.0561111
-1.27222 -0.0822222
-1.30778 -0.116111
-1.31889 -0.146111
-1.25111 -0.146667
-1.25556 -0.173889
-1.27111 -0.174444
-1.29444 -0.208889
-1.32333 -0.232778
-1.27111 -0.178333
-1.28 -0.208889
-1.37556 -0.199444
-1.30333 -0.208889
-1.31889 -0.198333
-1.27 -0.194444
-1.34333 -0.186111
-1.25778 -0.197778
-1.31222 -0.159444
-1.25 -0.167778
-1.32333 -0.19
-1.33667 -0.215556
-1.28556 -0.236111
-1.31667 -0.252222
-1.33222 -0.232222
-1.32889 -0.178333
-1.28778 -0.165
-1.23111 -0.176667
-1.30444 -0.159444
-1.25333 -0.197778
-1.29556 -0.228333
-1.29889 -0.271667
-1.29889 -0.207222
-1.27333 -0.124444
-1.20667 -0.116667
-1.23667 -0.085
-1.27333 -0.0938889
-1.26889 -0.0622222
-1.24556 -0.0977778
-1.25778 -0.0794444
-1.27778 -0.0922222
-1.25333 -0.0422222
-1.24667 -0.075
-1.29111 -0.0566667
-1.30778 -0.0722222
-1.30222 -0.0411111
-1.28667 -0.0972222
-1.33111 -0.134444
-1.33 -0.130556
-1.37889 -0.143333
-1.32778 -0.113889
-1.28 -0.122222
-1.34444 -0.183889
-1.38222 -0.219444
-1.30556 -0.204444
-1.24556 -0.139444
-1.26444 -0.149444
-1.31111 -0.187778
-1.30667 -0.226667
-1.27556 -0.199444
-1.27111 -0.205556
-1.25333 -0.177222
-1.24 -0.166111
-1.28222 -0.146111
-1.29889 -0.1
-1.33333 -0.0522222
-1.27556 -0.0794444
-1.32222 -0.0938889
-1.31556 -0.110556
-1.32 -0.163333
-1.29556 -0.182222
-1.33667 -0.226111
-1.31556 -0.216111
-1.26333 -0.203889
-1.33222 -0.167222
-1.34222 -0.183889
-1.30222 -0.153889
-1.29333 -0.107222
-1.28 -0.0494444
-1.24111 -0.0838889
-1.29444 -0.134444
-1.19667 -0.101667
-1.23556 -0.0933333
-1.22556 -0.116111
-1.29444 -0.157778
-1.27444 -0.152778
-1.28778 -0.168333
-1.35222 -0.143889
-1.27444 -0.133333
-1.23444 -0.126667
-1.19333 -0.0788889
-1.26444 -0.12
-1.26889 -0.106667
-1.32667 -0.0838889
-1.33778 -0.0961111
-1.31333 -0.129444
-1.28889 -0.133889
-1.23444 -0.164444
-1.31333 -0.180556
-1.29444 -0.176111
-1.25222 -0.141667
-1.27778 -0.130556
-1.31444 -0.0255556
-1.26111 0.0316667
-1.27667 -0.00277778
-1.29111 -0.0405556
-1.22 -0.075
-1.25667 -0.114444
-1.29222 -0.0911111
-1.34667 -0.141667
-1.31333 -0.110556
-1.3 -0.160556
-1.27444 -0.217222
-1.32889 -0.196111
-1.37556 -0.173889
-1.27222 -0.225
-1.31556 -0.239444
-1.24778 -0.229444
-1.28889 -0.219444
-1.32778 -0.276667
-1.33 -0.247222
-1.30667 -0.230556
-1.29 -0.231667
-1.33111 -0.241111
-1.34222 -0.276667
-1.35667 -0.256667
-1.35667 -0.306667
-1.34333 -0.298333
-1.33333 -0.246667
-1.24 -0.241667
-1.25778 -0.252778
-1.28889 -0.188889
-1.3 -0.198333
-1.26556 -0.152778
-1.21889 -0.165
-1.22778 -0.193889
-1.24667 -0.201667
-1.26556 -0.208333
-1.27111 -0.208889
-1.28778 -0.245
-1.29333 -0.211667
-1.29111 -0.221111
-1.26556 -0.24
-1.24111 -0.233333
-1.28 -0.225
-1.27 -0.207778
-1.22333 -0.23
-1.20333 -0.142778
-1.32333 -0.155
-1.25222 -0.12
-1.28111 -0.153889
-1.20333 -0.193333
-1.24778 -0.173889
-1.30222 -0.196111
-1.25778 -0.225556
-1.26222 -0.271111
-1.27444 -0.247778
-1.25889 -0.287778
-1.33556 -0.276667
-1.32222 -0.281667
-1.29222 -0.286111
-1.28778 -0.257222
-1.24778 -0.205556
-1.27667 -0.206667
-1.27889 -0.228889
-1.27556 -0.180556
-1.23 -0.199444
-1.26 -0.243333
-1.30444 -0.251667
-1.34667 -0.270556
-1.31889 -0.282222
-1.24111 -0.258333
-1.25111 -0.284444
-1.28667 -0.273889
-1.27111 -0.273333
-1.26333 -0.265556
-1.27444 -0.307778
-1.29 -0.312222
-1.30778 -0.326667
-1.25111 -0.333333
-1.30333 -0.391667
-1.36889 -0.397778
-1.36556 -0.400556
-1.29778 -0.356111
-1.27222 -0.38
-1.35667 -0.433889
-1.32111 -0.441111
-1.34111 -0.466667
-1.30444 -0.448889
-1.30556 -0.408889
-1.26444 -0.404444
-1.30111 -0.395
-1.26 -0.407778
-1.26889 -0.438333
-1.31556 -0.382222
-1.32111 -0.357778
-1.25111 -0.361667
-1.30444 -0.386111
-1.33222 -0.375
-1.28111 -0.325556
-1.31 -0.257778
-1.23556 -0.194444
-1.26667 -0.108333
-1.29111 -0.150556
-1.34667 -0.134444
-1.31444 -0.128333
-1.38889 -0.167222
-1.32444 -0.233333
-1.37111 -0.185556
-1.31111 -0.200556
-1.37333 -0.216667
-1.29111 -0.286667
-1.28111 -0.228889
-1.34111 -0.253333
-1.35667 -0.293333
-1.34556 -0.257778
-1.34444 -0.275
-1.34889 -0.28
-1.33 -0.313333
-1.27778 -0.317222
-1.34333 -0.351111
-1.35556 -0.320556
-1.37778 -0.326111
-1.32 -0.273889
-1.33444 -0.317222
-1.28222 -0.305
-1.25333 -0.321667
-1.31444 -0.352778
-1.29556 -0.380556
-1.29222 -0.401667
-1.31444 -0.409444
-1.28333 -0.419444
-1.26333 -0.403889
-1.27667 -0.41
-1.32778 -0.437778
-1.32444 -0.476111
-1.28556 -0.482222
-1.32889 -0.476111
-1.26 -0.421667
-1.24778 -0.405556
-1.28333 -0.405
-1.26444 -0.347778
-1.30556 -0.401667
-1.29556 -0.356667
-1.30667 -0.314444
-1.27111 -0.317778
-1.26778 -0.3
-1.29 -0.321667
-1.24333 -0.263889
-1.22889 -0.264444
-1.22 -0.274444
-1.24444 -0.276667
-1.25778 -0.263889
-1.24556 -0.212778
-1.22222 -0.196667
-1.26222 -0.205
-1.26333 -0.196667
-1.20222 -0.176667
-1.23 -0.206111
-1.20444 -0.153333
-1.16 -0.205556
-1.2 -0.203889
-1.24222 -0.314444
-1.25778 -0.332222
-1.31556 -0.332778
-1.29 -0.333889
-1.35111 -0.366667
-1.27889 -0.381111
