-1.32444 -0.368889
-1.30222 -0.345556
-1.33667 -0.365556
-1.31667 -0.381111
-1.31778 -0.357222
-1.25444 -0.319444
-1.23778 -0.282778
-1.26778 -0.208333
-1.21111 -0.209444
-1.22222 -0.262778
-1.28778 -0.222778
-1.26556 -0.229444
-1.28333 -0.281667
-1.20333 -0.288333
-1.27889 -0.267222
-1.29222 -0.255556
-1.36333 -0.243889
-1.29556 -0.193889
-1.24889 -0.231667
-1.30444 -0.262222
-1.33222 -0.251667
-1.36556 -0.296667
-1.27556 -0.309444
-1.32556 -0.291111
-1.28111 -0.262222
-1.24889 -0.306667
-1.27444 -0.282222
-1.28778 -0.259444
-1.28778 -0.288333
-1.26889 -0.276111
-1.26889 -0.263333
-1.33222 -0.282778
-1.34778 -0.313333
-1.32 -0.329444
-1.28333 -0.411667
-1.29444 -0.368889
-1.27778 -0.332778
-1.32556 -0.452778
-1.35333 -0.518333
-1.29 -0.475
-1.26556 -0.431111
-1.34 -0.450556
-1.31556 -0.477222
-1.29889 -0.401667
-1.29 -0.407778
-1.27222 -0.429444
-1.24333 -0.407222
-1.32889 -0.413889
-1.22333 -0.383333
-1.34333 -0.441667
-1.30444 -0.443889
-1.31333 -0.453889
-1.27889 -0.424444
-1.25111 -0.398333
-1.26 -0.422778
-1.24556 -0.432778
-1.27111 -0.412222
-1.35444 -0.475
-1.28444 -0.469444
-1.34333 -0.507222
-1.30333 -0.452778
-1.34 -0.449444
-1.29 -0.451667
-1.37556 -0.49
-1.31444 -0.441667
-1.31889 -0.383333
-1.28778 -0.382778
-1.28111 -0.355
-1.36222 -0.348889
-1.28556 -0.258333
-1.27 -0.282222
-1.29889 -0.333333
-1.32667 -0.350556
-1.29111 -0.342778
-1.24333 -0.292778
-1.28333 -0.358889
-1.3 -0.383889
-1.35667 -0.418889
-1.34333 -0.375
-1.34333 -0.401111
-1.31111 -0.346111
-1.27333 -0.306667
-1.25222 -0.328333
-1.31444 -0.380556
-1.29333 -0.363889
-1.30444 -0.374444
-1.28 -0.391667
-1.25778 -0.384444
-1.34889 -0.421667
-1.26556 -0.347222
-1.27667 -0.357222
-1.31556 -0.416667
-1.33111 -0.431667
-1.3 -0.428333
-1.28 -0.388333
-1.27667 -0.373333
-1.22889 -0.365
-1.35111 -0.365556
-1.32556 -0.345
-1.3 -0.329444
-1.30333 -0.355
-1.29889 -0.372778
-1.31111 -0.366111
-1.32889 -0.388333
-1.37 -0.43
-1.27889 -0.351667
-1.26889 -0.330556
-1.24111 -0.317778
-1.27556 -0.328889
-1.29222 -0.366667
-1.31444 -0.342778
-1.37111 -0.317778
-1.30778 -0.347778
-1.32222 -0.37
-1.27 -0.348889
-1.26111 -0.306111
-1.28667 -0.345556
-1.30444 -0.315
-1.32111 -0.285556
-1.25778 -0.231111
-1.32 -0.189444
-1.26111 -0.215556
-1.27556 -0.26
-1.29778 -0.280556
-1.28333 -0.305
-1.21667 -0.282222
-1.24778 -0.292222
-1.27111 -0.335
-1.27 -0.338889
-1.28 -0.330556
-1.29111 -0.311667
-1.21556 -0.296667
-1.26556 -0.282222
-1.26667 -0.271111
-1.23778 -0.305
-1.23778 -0.389444
-1.27 -0.397222
-1.33333 -0.439444
-1.28667 -0.403889
-1.27444 -0.350556
-1.26111 -0.362778
-1.28222 -0.358333
-1.28667 -0.377778
-1.30667 -0.389444
-1.30111 -0.332778
-1.26556 -0.313889
-1.27222 -0.262222
-1.25889 -0.251667
-1.28778 -0.202778
-1.33111 -0.255
-1.30556 -0.243333
-1.30444 -0.240556
-1.36111 -0.242778
-1.33333 -0.239444
-1.31889 -0.233889
-1.32667 -0.235556
-1.31444 -0.211111
-1.29222 -0.209444
-1.27556 -0.223889
-1.28 -0.206667
-1.22333 -0.246667
-1.28556 -0.238333
-1.28667 -0.281667
-1.27778 -0.260556
-1.31889 -0.29
-1.29222 -0.293333
-1.33778 -0.294444
-1.34444 -0.271667
-1.32778 -0.247222
-1.33556 -0.285
-1.28 -0.227222
-1.35333 -0.225556
-1.32444 -0.221667
-1.31889 -0.267778
-1.35111 -0.278333
-1.31 -0.246111
-1.27222 -0.215556
-1.30111 -0.229444
-1.30556 -0.236667
-1.29111 -0.282778
-1.28889 -0.197778
-1.22778 -0.238889
-1.29444 -0.279444
-1.30333 -0.335
-1.26667 -0.348889
-1.32111 -0.394444
-1.29667 -0.416667
-1.32222 -0.448333
-1.37 -0.492222
-1.35 -0.437778
-1.36556 -0.451111
-1.35556 -0.422222
-1.33778 -0.413889
-1.31778 -0.41
-1.36 -0.404444
-1.37667 -0.401667
-1.23111 -0.373333
-1.29889 -0.336111
-1.29444 -0.350556
-1.31 -0.361667
-1.32 -0.373333
-1.27222 -0.358333
-1.22778 -0.382778
-1.27111 -0.381111
-1.30222 -0.348889
-1.28222 -0.349444
-1.31667 -0.352778
-1.31111 -0.353333
-1.30444 -0.406111
-1.31 -0.389444
-1.28667 -0.337778
-1.29 -0.322778
-1.32222 -0.359444
-1.36333 -0.391667
-1.31778 -0.368333
-1.29667 -0.340556
-1.30889 -0.356667
-1.29556 -0.341111
-1.25333 -0.381667
-1.26667 -0.449444
-1.32889 -0.493333
-1.31222 -0.447222
-1.34667 -0.425556
-1.36 -0.402778
-1.32 -0.378333
-1.27556 -0.355556
-1.33222 -0.397222
-1.28333 -0.396111
-1.25 -0.401667
-1.29667 -0.47
-1.34889 -0.480556
-1.32 -0.506667
-1.23889 -0.444444
-1.38 -0.573889
-1.41556 -0.562222
-1.33111 -0.519444
-1.34556 -0.531667
-1.33 -0.516667
-1.33889 -0.487222
-1.35111 -0.509444
-1.30889 -0.490556
-1.32667 -0.503889
-1.29111 -0.469444
-1.32111 -0.466667
-1.32222 -0.48
-1.32333 -0.467222
-1.33889 -0.447778
-1.30556 -0.377778
-1.34 -0.404444
-1.24667 -0.337778
-1.29556 -0.38
-1.28778 -0.366667
-1.32333 -0.39
-1.31222 -0.449444
-1.27889 -0.375
-1.26111 -0.349444
-1.31222 -0.303333
-1.19222 -0.253889
-1.23111 -0.323333
-1.31444 -0.382778
-1.30667 -0.34
-1.30111 -0.336667
-1.35556 -0.347778
-1.29778 -0.338889
-1.27667 -0.311667
-1.29889 -0.301667
-1.29889 -0.290556
-1.31778 -0.32
-1.26667 -0.278889
-1.30444 -0.285556
-1.28556 -0.307778
-1.28778 -0.315556
-1.29333 -0.298889
-1.25778 -0.291667
-1.26667 -0.311667
-1.22889 -0.294444
-1.31444 -0.322222
-1.24222 -0.310556
-1.34556 -0.33
-1.34111 -0.323889
-1.31111 -0.261667
-1.26667 -0.262222
-1.25889 -0.244444
-1.27778 -0.245
-1.27333 -0.243333
-1.28 -0.247222
-1.37556 -0.269444
-1.34 -0.251667
-1.24222 -0.217778
-1.29111 -0.246667
-1.28667 -0.237778
-1.27556 -0.282222
-1.25444 -0.288889
-1.30222 -0.278889
-1.27333 -0.282222
-1.29333 -0.304444
-1.28444 -0.300556
-1.29333 -0.343889
-1.31778 -0.347778
-1.26 -0.312222
-1.22667 -0.303889
-1.26667 -0.286667
-1.22222 -0.283889
-1.23444 -0.276667
-1.23333 -0.328333
-1.31667 -0.418889
-1.31556 -0.438333
-1.25556 -0.427778
-1.31889 -0.483333
-1.35 -0.512222
-1.38556 -0.466667
-1.33222 -0.45
-1.29667 -0.478333
-1.29444 -0.504444
-1.26556 -0.501667
-1.26778 -0.499444
-1.29889 -0.484444
-1.35889 -0.546111
-1.32222 -0.532222
-1.31333 -0.523889
-1.30444 -0.532778
-1.39 -0.576111
-1.37556 -0.578889
-1.35333 -0.557222
-1.36444 -0.618333
-1.38444 -0.620556
-1.43333 -0.638889
-1.40222 -0.639444
-1.36222 -0.621111
-1.40667 -0.670556
-1.42222 -0.685
-1.43556 -0.673889
-1.43111 -0.681667
-1.44444 -0.705556
-1.36444 -0.68
-1.38778 -0.684444
-1.39333 -0.702778
-1.34111 -0.654444
-1.40778 -0.692778
-1.38111 -0.702222
-1.42667 -0.721111
-1.41667 -0.729444
-1.45333 -0.747778
-1.42556 -0.692778
-1.44667 -0.695556
-1.41889 -0.652222
-1.31889 -0.582778
-1.38 -0.576111
-1.39889 -0.581111
-1.30444 -0.508889
-1.3 -0.531111
-1.35 -0.523333
-1.35333 -0.558889
-1.29111 -0.543889
-1.34778 -0.533889
-1.33667 -0.52
-1.36111 -0.530556
-1.31667 -0.495556
-1.39222 -0.526111
-1.35889 -0.507778
-1.36222 -0.514444
-1.35444 -0.488889
-1.26889 -0.447778
-1.31778 -0.476111
-1.33 -0.494444
-1.28333 -0.54
-1.32778 -0.552778
-1.37222 -0.564444
-1.30111 -0.571111
-1.36889 -0.569444
-1.32444 -0.532222
-1.35889 -0.552778
-1.37889 -0.558889
-1.32667 -0.505
-1.36222 -0.537222
-1.34556 -0.516111
-1.36889 -0.502222
-1.33778 -0.521111
-1.39444 -0.507778
-1.31 -0.473333
-1.29667 -0.444444
-1.23 -0.454444
-1.25222 -0.434444
-1.34222 -0.467222
-1.26333 -0.39
-1.29889 -0.280556
-1.25333 -0.286667
-1.26333 -0.272222
-1.32556 -0.363889
-1.33222 -0.413889
-1.27667 -0.379444
-1.28 -0.371667
-1.26778 -0.358333
-1.27 -0.306667
-1.25333 -0.282222
-1.27222 -0.284444
-1.28222 -0.243889
-1.26222 -0.268889
-1.28556 -0.255
-1.27 -0.281111
-1.27111 -0.255556
-1.30667 -0.228889
-1.30222 -0.172778
-1.28889 -0.154444
-1.25 -0.112778
-1.27556 -0.192222
-1.31333 -0.191111
-1.30333 -0.231667
-1.24889 -0.208333
-1.29889 -0.254444
-1.32667 -0.236111
-1.29 -0.236667
-1.28444 -0.242222
-1.28778 -0.288889
-1.22111 -0.253333
-1.29333 -0.241111
-1.22889 -0.183333
-1.22333 -0.167778
-1.22889 -0.159444
-1.24889 -0.166667
-1.24667 -0.210556
-1.24556 -0.183889
-1.21333 -0.170556
-1.25889 -0.175556
-1.26556 -0.131667
-1.23889 -0.159444
-1.29444 -0.25
-1.27667 -0.271111
-1.20333 -0.213333
-1.25 -0.270556
-1.28333 -0.298889
-1.28111 -0.346111
-1.34 -0.328333
-1.39333 -0.343333
-1.29556 -0.325
-1.35111 -0.286111
-1.30556 -0.302778
-1.33111 -0.259444
-1.26556 -0.264444
-1.24222 -0.223333
-1.27556 -0.201667
-1.28889 -0.253889
-1.26111 -0.238333
-1.34 -0.247778
-1.27667 -0.239444
-1.27889 -0.238889
-1.33222 -0.276667
-1.31556 -0.252222
-1.39667 -0.273333
-1.33333 -0.3
-1.31556 -0.305
-1.44889 -0.332778
-1.40556 -0.343889
-1.31222 -0.303889
-1.37667 -0.33
-1.30778 -0.306667
-1.33111 -0.301111
-1.27778 -0.267222
-1.31556 -0.313889
-1.27556 -0.332778
-1.34 -0.326667
-1.28778 -0.341667
-1.34222 -0.316111
-1.28667 -0.32
-1.31111 -0.307778
-1.28667 -0.338333
-1.26222 -0.327222
-1.28667 -0.323889
-1.30667 -0.293333
-1.28778 -0.307778
-1.35222 -0.311111
-1.25667 -0.285556
-1.25222 -0.302778
-1.25556 -0.283889
-1.26444 -0.256111
-1.27222 -0.218889
-1.24 -0.223333
-1.21222 -0.162778
-1.25444 -0.179444
-1.26222 -0.136667
-1.31444 -0.186111
-1.36 -0.143333
-1.28556 -0.101111
-1.33556 -0.0911111
-1.27444 -0.148333
-1.29222 -0.172222
-1.28444 -0.175
-1.31778 -0.169444
-1.31 -0.126111
-1.34556 -0.0961111
-1.24889 -0.0833333
-1.31889 -0.0427778
-1.32333 -0.0438889
-1.34667 0.0116667
-1.31778 -0.0283333
-1.33667 -0.0544444
-1.32667 -0.0361111
-1.31444 -0.00333333
-1.36889 -0.0322222
-1.35 -0.0266667
-1.30667 -0.0244444
-1.33667 -0.0855556
-1.31667 -0.0988889
-1.33 -0.14
-1.29444 -0.122778
-1.27667 -0.120556
-1.23222 -0.132222
-1.33778 -0.141111
-1.28333 -0.178333
-1.31667 -0.185
-1.31 -0.137778
-1.30889 -0.134444
-1.28333 -0.137778
-1.24444 -0.125556
-1.30222 -0.085
-1.28778 -0.02
-1.30556 -0.0433333
-1.29667 -0.0622222
-1.30667 -0.0633333
-1.30556 0.0166667
-1.32111 0.0155556
-1.30222 -0.0477778
-1.30111 -0.0322222
-1.29 -0.0444444
-1.29556 -0.0572222
-1.30333 -0.0461111
-1.32444 -0.0405556
-1.22444 0.0127778
-1.30111 -0.0555556
-1.29889 -0.122222
-1.28778 -0.0783333
-1.31444 -0.123333
-1.25778 -0.139444
-1.26444 -0.147222
-1.24111 -0.137778
-1.25556 -0.160556
-1.28222 -0.102222
-1.34222 -0.0944444
-1.29 -0.146667
-1.32222 -0.148889
-1.31222 -0.136111
-1.30111 -0.145556
-1.27444 -0.120556
-1.30889 -0.131111
-1.32778 -0.138889
-1.33778 -0.143889
-1.28222 -0.160556
-1.24222 -0.0783333
-1.27667 -0.0483333
-1.28333 -0.0416667
-1.33111 -0.0177778
-1.26778 -0.0105556
-1.29111 -0.0416667
-1.27556 -0.0272222
-1.34 -0.015
-1.31889 -0.0111111
-1.33556 -0.0211111
-1.33444 -0.0811111
-1.28 -0.0238889
-1.26222 0.00666667
-1.24 0.0372222
-1.22667 0.0422222
-1.29556 0.035
-1.31333 0.05
-1.31778 0.0427778
-1.31111 0.0455556
-1.31778 0.0661111
-1.35333 0.0416667
-1.33333 0.0611111
-1.29778 0.0605556
-1.33333 0.118889
-1.31333 0.0188889
-1.35222 0.00555556
-1.33778 0.00611111
-1.34778 0.0583333
-1.30667 0.0327778
-1.33778 0.00277778
-1.33889 0.00166667
-1.35333 0.0194444
-1.35333 -0.000555556
-1.35444 0.005
-1.37222 -0.0116667
-1.32889 -0.0838889
-1.37222 -0.0816667
-1.29222 -0.0177778
-1.29 -0.0144444
-1.32556 0.025
-1.33556 0.0594444
-1.33444 0.0211111
-1.35333 0.0161111
-1.31556 0.0116667
-1.27778 0.025
-1.25 0.0327778
-1.29333 0.0383333
-1.34 0.0233333
-1.29889 0.0411111
-1.25667 0.106111
-1.29333 0.122222
-1.27111 0.11
-1.32333 0.129444
-1.34 0.120556
-1.32444 0.0944444
-1.36333 0.0316667
-1.32778 0.0483333
-1.33778 0.0155556
-1.31 0.0594444
-1.31 0.0333333
-1.30667 0.0294444
-1.25222 0.0566667
-1.31333 0.107222
-1.32889 0.112222
-1.30889 0.126111
-1.25889 0.125556
-1.31111 0.118889
-1.21333 0.0566667
-1.20889 0.00555556
-1.33667 0.0366667
-1.32778 0.0411111
-1.30222 0.0483333
-1.29333 0.0505556
-1.29667 0.0811111
-1.35778 0.108333
-1.34556 0.107778
-1.30111 0.0672222
-1.31111 0.0305556
-1.22889 0.0627778
-1.22556 0.0655556
-1.30667 0.122778
-1.25556 0.159444
-1.32667 0.185
-1.35667 0.187778
-1.29444 0.147778
-1.25778 0.177778
-1.29 0.152222
-1.24889 0.184444
-1.27111 0.200556
-1.22111 0.210556
-1.24222 0.236111
-1.31111 0.26
-1.32222 0.28
-1.29 0.245556
-1.27222 0.255
-1.32889 0.296111
-1.28111 0.27
-1.25 0.292222
-1.33778 0.276111
-1.34556 0.279444
-1.33333 0.215556
-1.35333 0.254444
-1.34 0.268333
-1.27889 0.233889
-1.28111 0.235556
-1.26556 0.198333
-1.31889 0.168889
-1.26889 0.223333
-1.26 0.207778
-1.24444 0.264444
-1.32444 0.25
-1.32667 0.209444
-1.33222 0.167222
-1.35444 0.161111
-1.29778 0.146667
-1.29111 0.185556
-1.32444 0.143889
-1.32556 0.131111
-1.32333 0.0733333
-1.30667 0.0772222
-1.33 0.119444
-1.36 0.127222
-1.34111 0.111111
-1.25 0.180556
-1.32444 0.178333
-1.32333 0.152222
-1.26444 0.152778
-1.26222 0.163889
-1.30778 0.164444
-1.33556 0.186111
-1.27889 0.157778
-1.27 0.165
-1.36556 0.216667
-1.33333 0.177222
-1.31444 0.255556
-1.30556 0.198889
-1.25778 0.158889
-1.28 0.141111
-1.31667 0.0733333
-1.34444 0.0822222
-1.31222 0.121111
-1.35111 0.0994444
-1.27444 0.0872222
-1.26556 0.0594444
-1.19778 0.137778
-1.27889 0.127222
-1.23778 0.0711111
-1.22222 0.00666667
-1.22889 0.0583333
-1.19778 -0.00555556
-1.26444 -0.0522222
-1.24889 -0.0188889
-1.27667 -0.0133333
-1.24889 -0.0361111
-1.29667 -0.0133333
-1.25778 0.0522222
-1.22778 0.0583333
-1.21333 0.0683333
-1.30333 0.0883333
-1.29111 0.0727778
-1.28111 0.0955556
-1.27222 0.0455556
-1.26222 0.0388889
-1.30111 0.0455556
-1.30222 0.0411111
-1.30667 0.0216667
-1.27111 0.0716667
-1.27 0.0527778
-1.29889 0.103333
-1.21333 0.108333
-1.23444 0.0877778
-1.27111 0.0855556
-1.29 0.156667
-1.3 0.153889
-1.32333 0.206111
-1.38222 0.216111
-1.33333 0.174444
-1.35889 0.161667
-1.30556 0.226111
-1.28 0.196111
-1.23 0.158333
-1.21444 0.193333
-1.31111 0.163889
-1.25222 0.12
-1.22 0.126111
-1.24 0.113333
-1.26889 0.126667
-1.33889 0.113889
-1.31222 0.09
-1.28333 0.0894444
-1.24667 0.0233333
-1.20222 0.00611111
-1.23222 0.0822222
-1.19111 0.102222
-1.22444 0.0627778
-1.26667 0.128889
-1.26 0.0594444
-1.27778 0.0438889
-1.24556 0.0688889
-1.25 0.0272222
-1.24556 0.00333333
-1.27889 -0.0122222
-1.28222 -0.0527778
-1.24333 -0.0538889
-1.28222 0.00833333
-1.26222 0.0172222
-1.25222 0.0172222
-1.29 0.0433333
-1.25111 0.0188889
-1.26556 0.0466667
-1.30222 0.106667
-1.19222 0.0711111
-1.21778 0.00222222
-1.23778 -0.055
-1.27 -0.015
-1.31111 0.0327778
-1.30444 0.0277778
-1.26111 0.0644444
-1.30111 0.0516667
-1.28778 0.01
-1.26778 0
-1.28889 0.0466667
-1.32889 0.0522222
-1.29778 0.0383333
-1.25556 -0.005
-1.29 0.0105556
-1.27333 0.0244444
-1.27333 -0.0233333
-1.24889 -0.045
-1.24444 -0.0344444
-1.26444 -0.055
-1.25444 -0.0983333
-1.27 -0.0594444
-1.33667 -0.02
-1.21667 -0.00666667
-1.29556 -0.00444444
-1.27889 0.0355556
-1.24333 0.0427778
-1.33222 0.05
-1.31111 0.0372222
-1.28556 -0.0327778
-1.32667 -0.0511111
-1.39111 -0.0444444
-1.31444 -0.0422222
-1.26111 -0.065
-1.36444 -0.0861111
-1.31889 -0.0233333
-1.27222 -0.0572222
-1.28556 -0.0866667
-1.35222 -0.0666667
-1.30778 -0.0966667
-1.32222 -0.107778
-1.28444 -0.0133333
-1.30222 0.00944444
-1.30778 0.0272222
-1.17667 -0.0305556
-1.28222 -0.0505556
-1.25778 -0.0572222
-1.26444 -0.0705556
-1.27111 -0.103333
-1.28889 -0.172778
-1.29667 -0.134444
-1.29444 -0.0738889
-1.25556 -0.0227778
-1.28667 -0.0155556
-1.26778 -0.01
-1.19 -0.0144444
-1.26778 -0.0283333
-1.26 0.00222222
-1.25333 0.08
-1.24 0.0777778
-1.24889 0.0861111
-1.31667 0.211667
-1.26444 0.155556
-1.26667 0.175
-1.24222 0.164444
-1.26889 0.161111
-1.32 0.206667
-1.34222 0.166111
-1.37 0.160556
-1.33778 0.205556
-1.30556 0.211111
-1.29 0.228333
-1.31333 0.204444
-1.34 0.192778
-1.31444 0.246111
-1.34556 0.272222
-1.31222 0.290556
-1.36111 0.315556
-1.34667 0.285
-1.31667 0.232222
-1.36111 0.296111
-1.35333 0.223333
-1.39 0.255556
-1.34333 0.253889
-1.38889 0.215
-1.30889 0.191667
-1.29333 0.214444
-1.28778 0.243333
-1.33667 0.335556
-1.32444 0.319444
-1.33333 0.371111
-1.39111 0.391111
-1.32889 0.35
-1.31889 0.338333
-1.26333 0.327222
-1.31778 0.31
-1.24667 0.224444
-1.23556 0.304444
-1.27889 0.364444
-1.23444 0.359444
-1.31667 0.336111
-1.32667 0.271111
-1.31444 0.321667
-1.33667 0.281667
-1.32333 0.251667
-1.29667 0.236667
-1.28111 0.248333
-1.30333 0.26
-1.29222 0.207222
-1.31222 0.204444
-1.34222 0.202222
-1.34111 0.197778
-1.33444 0.175
-1.29111 0.124444
-1.31222 0.139444
-1.33444 0.160556
-1.27667 0.0972222
-1.30444 0.131111
-1.27111 0.125
-1.31667 0.105556
-1.32111 0.131667
-1.21444 0.129444
-1.21556 0.179444
-1.27 0.224444
-1.28222 0.261667
-1.20333 0.222222
-1.26667 0.231111
-1.22333 0.178333
-1.26556 0.221111
-1.21 0.226667
-1.26 0.312778
-1.26222 0.335
-1.29 0.358333
-1.26667 0.353333
-1.22889 0.33
-1.29667 0.315556
-1.25556 0.294444
-1.28111 0.331111
-1.33444 0.325556
-1.25778 0.355556
-1.24556 0.298889
-1.24444 0.323889
-1.24333 0.297222
-1.26333 0.356667
-1.28778 0.371111
-1.27556 0.295
-1.28444 0.295
-1.28889 0.233889
-1.28444 0.250556
-1.21667 0.246667
-1.25222 0.190556
-1.22556 0.113889
-1.25222 0.142778
-1.24889 0.193333
-1.26889 0.189444
-1.31889 0.209444
-1.24778 0.15
-1.20889 0.156111
-1.18222 0.172222
-1.21556 0.101667
-1.28556 0.131111
-1.25889 0.135556
-1.30889 0.167222
-1.29556 0.130556
-1.29778 0.125556
-1.23111 0.152222
-1.23556 0.112222
-1.3 0.113889
-1.25444 0.109444
-1.24 0.109444
-1.23667 0.0366667
-1.26444 0.0511111
-1.21444 0.0111111
-1.29222 0.0244444
-1.24667 0.0505556
-1.33667 0.0638889
-1.31667 0.0211111
-1.26667 0.00388889
-1.23667 -0.0244444
-1.27889 -0.0155556
-1.27778 -0.0188889
-1.27556 -0.0755556
-1.27667 -0.0872222
-1.25333 -0.0788889
-1.26889 -0.159444
-1.25222 -0.15
-1.23667 -0.177778
-1.22444 -0.223333
-1.17889 -0.291111
-1.26778 -0.326667
-1.34556 -0.377778
-1.27667 -0.376111
-1.25889 -0.390556
-1.26222 -0.377778
-1.26111 -0.369444
-1.22111 -0.291111
-1.26889 -0.325556
-1.31778 -0.374444
-1.35333 -0.348333
-1.30111 -0.356667
-1.26333 -0.391111
-1.35778 -0.469444
-1.25111 -0.458333
-1.31889 -0.443889
-1.27333 -0.398333
-1.29778 -0.406111
-1.26111 -0.347778
-1.33556 -0.333333
-1.25889 -0.341111
-1.27667 -0.391667
-1.31222 -0.464444
-1.27778 -0.428889
-1.36 -0.451111
-1.33889 -0.446667
-1.24333 -0.357222
-1.37889 -0.365556
-1.27222 -0.307778
-1.28556 -0.292778
-1.34667 -0.265
-1.33667 -0.253333
-1.34444 -0.223333
-1.33556 -0.254444
-1.30333 -0.219444
-1.28 -0.227778
-1.32778 -0.21
-1.31667 -0.210556
-1.30333 -0.213333
-1.27778 -0.167778
-1.31556 -0.208889
-1.34556 -0.183889
-1.32333 -0.134444
-1.33556 -0.226111
-1.35556 -0.209444
-1.34 -0.185
-1.36111 -0.197222
-1.32444 -0.196111
-1.29333 -0.193333
-1.29444 -0.217778
-1.27444 -0.217222
-1.26333 -0.176111
-1.25667 -0.14
-1.31444 -0.106667
