-1.35333 -0.128889
-1.33778 -0.133889
-1.36889 -0.102778
-1.30222 -0.108333
-1.27889 -0.108333
-1.32556 -0.127222
-1.40667 -0.156667
-1.40111 -0.197778
-1.35667 -0.226667
-1.31333 -0.203889
-1.34556 -0.195
-1.37778 -0.185556
-1.39 -0.22
-1.35667 -0.227778
-1.31111 -0.208889
-1.34222 -0.211111
-1.33778 -0.225
-1.26333 -0.235
-1.27444 -0.206667
-1.26889 -0.182222
-1.30889 -0.161111
-1.28667 -0.153889
-1.32444 -0.110556
-1.34111 -0.0705556
-1.32889 -0.0716667
-1.31778 -0.08
-1.32889 -0.115
-1.31667 -0.151111
-1.26889 -0.15
-1.27556 -0.170556
-1.30556 -0.217222
-1.30556 -0.269444
-1.30333 -0.232778
-1.26333 -0.237778
-1.36 -0.227778
-1.35778 -0.241667
-1.29778 -0.161667
-1.36667 -0.176667
-1.34222 -0.101667
-1.27778 -0.126111
-1.23667 -0.105556
-1.31 -0.136111
-1.3 -0.159444
-1.23111 -0.148333
-1.34333 -0.154444
-1.38667 -0.2
-1.33 -0.195556
-1.33556 -0.166111
-1.27778 -0.167778
-1.30111 -0.202778
-1.31889 -0.228333
-1.29444 -0.206111
-1.31222 -0.203889
-1.34889 -0.193889
-1.32444 -0.17
-1.32333 -0.201667
-1.30111 -0.187778
-1.26889 -0.167222
-1.28222 -0.19
-1.26778 -0.186111
-1.32667 -0.182222
-1.38667 -0.201111
-1.27889 -0.228333
-1.27222 -0.16
-1.27111 -0.151111
-1.30222 -0.128333
-1.37111 -0.0927778
-1.36778 -0.0633333
-1.36333 -0.0422222
-1.30444 -0.0472222
-1.38667 -0.0122222
-1.34 -0.0355556
-1.35444 -0.0205556
-1.30444 -0.0422222
-1.30222 -0.0455556
-1.32444 -0.00277778
-1.28444 -0.03
-1.30222 -0.0455556
-1.31222 -0.0577778
-1.24667 -0.0705556
-1.21 -0.0861111
-1.29111 -0.0372222
-1.32 -0.0577778
-1.27556 -0.0177778
-1.28222 -0.0555556
-1.32222 -0.0483333
-1.30444 -0.0327778
-1.24 -0.03
-1.28 -0.0522222
-1.30667 -0.0622222
-1.24556 -0.139444
-1.26333 -0.108889
-1.27111 -0.108889
-1.30556 -0.0944444
-1.24889 -0.151111
-1.23444 -0.125
-1.27333 -0.09
-1.32 -0.0972222
-1.30556 -0.121111
-1.26556 -0.18
-1.34222 -0.163889
-1.32111 -0.117222
-1.27889 -0.133333
-1.29111 -0.107778
-1.31111 -0.0555556
-1.28333 -0.0816667
-1.30222 -0.075
-1.29778 -0.113889
-1.29889 -0.155
-1.23556 -0.169444
-1.35111 -0.174444
-1.28333 -0.267222
-1.29556 -0.265556
-1.28333 -0.29
-1.35444 -0.365
-1.28 -0.32
-1.35222 -0.352222
-1.33778 -0.275
-1.23556 -0.293889
-1.32444 -0.325
-1.31444 -0.368889
-1.35444 -0.373333
-1.33889 -0.378333
-1.31778 -0.332222
-1.3 -0.363889
-1.30778 -0.415556
-1.36556 -0.403889
-1.33 -0.355
-1.35 -0.328333
-1.32556 -0.286667
-1.3 -0.323333
-1.33 -0.296667
-1.33444 -0.333333
-1.30556 -0.302222
-1.34 -0.295556
-1.33889 -0.365556
-1.34333 -0.362778
-1.33111 -0.386111
-1.33667 -0.362222
-1.33667 -0.352222
-1.39222 -0.353333
-1.37889 -0.348333
-1.34889 -0.357778
-1.39889 -0.336667
-1.36222 -0.308889
-1.31778 -0.293889
-1.31667 -0.300556
-1.33333 -0.271111
-1.37 -0.307222
-1.35111 -0.304444
-1.33111 -0.269444
-1.34111 -0.276667
-1.25889 -0.283889
-1.33111 -0.322778
-1.31333 -0.297222
-1.33111 -0.292222
-1.28556 -0.257778
-1.28 -0.282778
-1.27444 -0.253889
-1.30111 -0.261111
-1.3 -0.255
-1.27333 -0.273889
-1.25444 -0.226667
-1.30111 -0.218333
-1.27 -0.173333
-1.21222 -0.163889
-1.25444 -0.176111
-1.21778 -0.125556
-1.29333 -0.125
-1.26 -0.103889
-1.25778 -0.122222
-1.28556 -0.0805556
-1.32111 -0.103333
-1.30444 -0.114444
-1.24444 -0.121111
-1.24778 -0.0694444
-1.20556 -0.0777778
-1.23889 -0.0422222
-1.30222 -0.0577778
-1.24556 -0.00777778
-1.27222 0.0705556
-1.26222 0.0527778
-1.26222 0.0533333
-1.26 0.0855556
-1.26111 0.0394444
-1.31667 0.0472222
-1.33111 -0.0527778
-1.25222 -0.0472222
-1.30667 -0.0861111
-1.27111 -0.0927778
-1.23222 -0.0955556
-1.24556 -0.0755556
-1.31556 -0.0416667
-1.25444 -0.005
-1.31444 0.0705556
-1.23889 0.0688889
-1.29889 0.106111
-1.39556 0.103889
-1.28222 0.0811111
-1.29667 0.0816667
-1.21778 0.0588889
-1.24667 0.0672222
-1.22222 0.104444
-1.27 0.06
-1.26222 0.0477778
-1.24 0.0194444
-1.19444 0.0438889
-1.26667 0.0466667
-1.24333 0.0994444
-1.22444 0.0566667
-1.28889 0.0527778
-1.20556 0.00333333
-1.21333 0.0233333
-1.27778 0.0427778
-1.27 0.0477778
-1.32667 0.0338889
-1.32778 0.02
-1.24 0.0966667
-1.30444 0.0555556
-1.33222 -0.0361111
-1.31222 0.00611111
-1.30778 -0.0177778
-1.26889 -0.0416667
-1.29889 -0.0733333
-1.31889 -0.0944444
-1.28111 -0.0711111
-1.24444 -0.0877778
-1.26 -0.116111
-1.28667 -0.152778
-1.31333 -0.124444
-1.28889 -0.131667
-1.31667 -0.147778
-1.31444 -0.155
-1.27556 -0.0827778
-1.29778 -0.113889
-1.36667 -0.19
-1.35333 -0.146111
-1.35778 -0.152222
-1.32222 -0.13
-1.36111 -0.0977778
-1.30444 -0.116667
-1.29667 -0.132778
-1.35 -0.112222
-1.31778 -0.135
-1.33778 -0.0944444
-1.26667 -0.0722222
-1.28556 -0.0488889
-1.37 -0.0805556
-1.35667 -0.121111
-1.25778 -0.0738889
-1.25111 -0.0655556
-1.27 -0.0433333
-1.31556 -0.0583333
-1.33667 -0.0533333
-1.32778 -0.045
-1.34556 0.025
-1.35222 0.0116667
-1.33556 -0.0544444
-1.31444 -0.0377778
-1.30556 -0.0922222
-1.33333 -0.126667
-1.3 -0.155556
-1.23556 -0.14
-1.32889 -0.130556
-1.29 -0.201667
-1.31333 -0.272778
-1.31778 -0.225556
-1.26778 -0.227778
-1.28222 -0.179444
-1.31556 -0.186667
-1.35 -0.213889
-1.26889 -0.194444
-1.29222 -0.182222
-1.29889 -0.202778
-1.31 -0.142222
-1.25667 -0.161111
-1.27889 -0.213333
-1.35222 -0.23
-1.30667 -0.291111
-1.26889 -0.230556
-1.28111 -0.191667
-1.28667 -0.181111
-1.31778 -0.237222
-1.28778 -0.202778
-1.28222 -0.268889
-1.34778 -0.293889
-1.37556 -0.336667
-1.40333 -0.33
-1.34556 -0.321111
-1.41222 -0.307222
-1.36444 -0.269444
-1.31667 -0.288889
-1.34667 -0.292778
-1.35333 -0.278889
-1.34889 -0.276111
-1.35667 -0.263333
-1.37 -0.192222
-1.31556 -0.216111
-1.33667 -0.196667
-1.36556 -0.236667
-1.31889 -0.21
-1.30667 -0.223889
-1.27333 -0.221667
-1.31667 -0.186111
-1.32667 -0.182222
-1.32333 -0.167222
-1.31111 -0.132778
-1.34556 -0.139444
-1.30444 -0.162778
-1.29667 -0.182222
-1.28667 -0.134444
-1.33333 -0.0916667
-1.27778 -0.0638889
-1.37111 -0.0416667
-1.35222 -0.00611111
-1.28333 -0.0266667
-1.28778 -0.06
-1.31444 -0.0744444
-1.33778 -0.0416667
-1.32889 -0.0322222
-1.30778 -0.0283333
-1.35111 -0.0316667
-1.31333 0.0761111
-1.33 0.0761111
-1.34667 0.0627778
-1.35889 0.0972222
-1.28778 0.0255556
-1.32111 0.0694444
-1.32111 0.0916667
-1.29333 0.121667
-1.33667 0.101111
-1.27111 0.0672222
-1.25889 0.0622222
-1.28444 0.0577778
-1.3 0.0455556
-1.30222 0.0227778
-1.35 0.0211111
-1.33556 0.0622222
-1.27 0.0722222
-1.33333 0.101667
-1.30222 0.133889
-1.35444 0.182778
-1.38 0.241667
-1.29 0.260556
-1.31667 0.306667
-1.31556 0.260556
-1.29889 0.255
-1.32778 0.265
-1.28556 0.236111
-1.29667 0.296111
-1.32222 0.283889
-1.35 0.302222
-1.33222 0.284444
-1.36778 0.317222
-1.32 0.339444
-1.32556 0.396111
-1.30778 0.389444
-1.36556 0.372778
-1.28333 0.376111
-1.34 0.407778
-1.28 0.346667
-1.26889 0.306111
-1.29333 0.298889
-1.35667 0.311667
-1.23444 0.3
-1.27111 0.363333
-1.30222 0.386111
-1.34667 0.415
-1.39111 0.43
-1.39444 0.507778
-1.33556 0.447778
-1.38444 0.49
-1.35444 0.431667
-1.38444 0.423889
-1.44333 0.427222
-1.35 0.383333
-1.34444 0.320556
-1.28222 0.345556
-1.34556 0.392222
-1.30889 0.384444
-1.44556 0.42
-1.40111 0.452778
-1.32667 0.406667
-1.34556 0.441667
-1.39667 0.488889
-1.33667 0.431667
-1.33667 0.435556
-1.32778 0.445556
-1.38556 0.467222
-1.35222 0.450556
-1.33 0.441111
-1.28333 0.422222
-1.26889 0.381111
-1.28556 0.354444
-1.31222 0.303889
-1.31889 0.294444
-1.31 0.272222
-1.33778 0.291111
-1.35778 0.282222
-1.35222 0.29
-1.36667 0.249444
-1.36222 0.260556
-1.32111 0.217222
-1.33333 0.213333
-1.33111 0.245
-1.35556 0.276667
-1.29 0.238889
-1.26444 0.178889
-1.30444 0.144444
-1.29 0.187778
-1.34444 0.195
-1.35222 0.155
-1.34333 0.118889
-1.39222 0.167778
-1.34111 0.175
-1.29222 0.123333
-1.30222 0.0661111
-1.37556 0.0533333
-1.34667 0.102778
-1.33667 0.0338889
-1.35111 0.00611111
-1.35667 0.0216667
-1.34222 0.0811111
-1.34222 0.0816667
-1.35778 0.115556
-1.37556 0.106667
-1.38778 0.0994444
-1.29667 0.0988889
-1.38778 0.0655556
-1.31 0.0555556
-1.27556 0.0444444
-1.30889 0.0572222
-1.29667 0.0722222
-1.28444 0.0322222
-1.28222 -0.005
-1.39333 0.0405556
-1.33111 0.0216667
-1.32889 0.0716667
-1.29667 0.0722222
-1.21556 0.0361111
-1.26222 0.0177778
-1.32778 -0.0683333
-1.32222 -0.110556
-1.29111 -0.0877778
-1.30111 -0.113333
-1.33111 -0.116667
-1.36222 -0.0727778
-1.26778 -0.125
-1.27778 -0.158889
-1.26667 -0.143333
-1.27333 -0.187222
-1.25111 -0.185
-1.29556 -0.196111
-1.29111 -0.225
-1.28444 -0.291667
-1.22556 -0.205556
-1.21333 -0.237778
-1.32333 -0.202778
-1.28667 -0.235556
-1.25111 -0.255556
-1.28333 -0.279444
-1.32 -0.254444
-1.26778 -0.270556
-1.25667 -0.259444
-1.32667 -0.262778
-1.29556 -0.278333
-1.28556 -0.277222
-1.26333 -0.314444
-1.28556 -0.356111
-1.33222 -0.295556
-1.27889 -0.291667
-1.25778 -0.332778
-1.22222 -0.287778
-1.26333 -0.313889
-1.26222 -0.289444
-1.27111 -0.325556
-1.29111 -0.325556
-1.24222 -0.292222
-1.27444 -0.268333
-1.22778 -0.247222
-1.26222 -0.27
-1.31 -0.258333
-1.31778 -0.287778
-1.34222 -0.267778
-1.29889 -0.286111
-1.29778 -0.347222
-1.31444 -0.297778
-1.26889 -0.284444
-1.33222 -0.268333
-1.33667 -0.226667
-1.34111 -0.231667
-1.30111 -0.233889
-1.24222 -0.177778
-1.32889 -0.254444
-1.31778 -0.292778
-1.28111 -0.286667
-1.31222 -0.305
-1.35 -0.277778
-1.31556 -0.213333
-1.30222 -0.260556
-1.28889 -0.313889
-1.28667 -0.298889
-1.35444 -0.305556
-1.34778 -0.298889
-1.33778 -0.266667
-1.32556 -0.263889
-1.25889 -0.283333
-1.27778 -0.349444
-1.32778 -0.276667
-1.28333 -0.201111
-1.33 -0.2
-1.33556 -0.136111
-1.34556 -0.141111
-1.27778 -0.132778
-1.26111 -0.128889
-1.28778 -0.14
-1.29222 -0.142222
-1.34444 -0.224444
-1.32778 -0.281111
-1.32889 -0.270556
-1.29 -0.255
-1.34444 -0.288889
-1.22333 -0.305556
-1.28222 -0.310556
-1.29222 -0.294444
-1.35556 -0.303333
-1.35111 -0.306667
-1.35778 -0.33
-1.30333 -0.308889
-1.31889 -0.267778
-1.27556 -0.24
-1.28111 -0.223889
-1.32889 -0.186111
-1.29667 -0.185
-1.31222 -0.137778
-1.30556 -0.123333
-1.26 -0.115
-1.26222 -0.177222
-1.31778 -0.180556
-1.35667 -0.178333
-1.32556 -0.201667
-1.34333 -0.135
-1.32333 -0.191667
-1.28667 -0.162778
-1.38778 -0.140556
-1.32667 -0.151111
-1.33111 -0.108333
-1.33333 -0.101111
-1.31778 -0.065
-1.32111 -0.0666667
-1.29556 -0.0444444
-1.32222 -0.0522222
-1.33667 -0.0655556
-1.29333 -0.0927778
-1.30667 -0.0733333
-1.3 -0.118333
-1.38778 -0.163333
-1.29556 -0.134444
-1.35444 -0.117778
-1.32111 -0.103333
-1.32444 -0.14
-1.32667 -0.158889
-1.33333 -0.173333
-1.34333 -0.15
-1.21444 -0.101667
-1.24111 -0.103333
-1.26 -0.0966667
-1.28667 -0.0466667
-1.28556 -0.08
-1.22111 -0.0677778
-1.27111 -0.0794444
-1.22667 -0.065
-1.25778 -0.0772222
-1.21556 -0.0472222
-1.26444 -0.0733333
-1.29333 -0.0833333
-1.28889 -0.0916667
-1.33111 -0.0955556
-1.37333 -0.0655556
-1.34556 -0.0366667
-1.33333 -0.06
-1.35333 -0.0955556
-1.32556 -0.0872222
-1.32333 -0.140556
-1.31444 -0.107778
-1.27222 -0.0444444
-1.22 0.035
-1.28778 0.0105556
-1.26667 0.00666667
-1.27 -0.0477778
-1.21556 -0.0416667
-1.22667 -0.128333
-1.27667 -0.152222
-1.27444 -0.0638889
-1.31222 -0.174444
-1.26889 -0.162778
-1.29556 -0.166667
-1.27 -0.151667
-1.21778 -0.177222
-1.27222 -0.213333
-1.28889 -0.258889
-1.26667 -0.247778
-1.23444 -0.252222
-1.25222 -0.208889
-1.23667 -0.198889
-1.26667 -0.165556
-1.25667 -0.172222
-1.29111 -0.19
-1.27667 -0.206111
-1.26333 -0.172778
-1.29 -0.156111
-1.23889 -0.184444
-1.25222 -0.258333
-1.32778 -0.257222
-1.27667 -0.257778
-1.36 -0.246667
-1.38889 -0.3
-1.32222 -0.262778
-1.31333 -0.18
-1.34 -0.168889
-1.35444 -0.154444
-1.32556 -0.134444
-1.36667 -0.161111
-1.30667 -0.146667
-1.31111 -0.104444
-1.29 -0.0883333
-1.28111 -0.145556
-1.25889 -0.124444
-1.24556 -0.108889
-1.19667 -0.0466667
-1.20222 -0.0177778
-1.17 0.00722222
-1.25222 0.0372222
-1.24778 0.0466667
-1.29444 -0.0283333
-1.30667 -0.00444444
-1.28556 0.0138889
-1.24889 0.00888889
-1.28222 -0.0422222
-1.32333 -0.0927778
-1.32667 -0.105556
-1.27667 -0.108889
-1.26111 -0.114444
-1.26333 -0.116111
-1.25556 -0.111111
-1.28333 -0.075
-1.29556 -0.112778
-1.30556 -0.106111
-1.30222 -0.105
-1.3 -0.131111
-1.34111 -0.14
-1.31889 -0.146667
-1.29778 -0.128333
-1.29222 -0.15
-1.28556 -0.108333
-1.29333 -0.142778
-1.27 -0.0755556
-1.28111 -0.0444444
-1.29111 -0.0455556
-1.37667 -0.0344444
-1.29111 -0.0533333
-1.32667 -0.0488889
-1.33889 -0.0872222
-1.27444 -0.123333
-1.28111 -0.143333
-1.23 -0.23
-1.29333 -0.239444
-1.24 -0.211111
-1.30667 -0.243333
-1.29444 -0.265556
-1.32222 -0.320556
-1.24667 -0.252778
-1.20333 -0.203333
-1.19556 -0.238889
-1.20556 -0.126111
-1.27 -0.0455556
-1.24333 -0.126667
-1.22 -0.118333
-1.23778 -0.147222
-1.27222 -0.158333
-1.22889 -0.175
-1.25778 -0.204444
-1.24444 -0.172778
-1.23667 -0.177778
-1.27778 -0.14
-1.26778 -0.166667
-1.31444 -0.184444
-1.29556 -0.125
-1.25889 -0.0788889
-1.32 -0.100556
-1.31 -0.0866667
-1.27667 -0.109444
-1.31444 -0.106111
-1.33 -0.108889
-1.31444 -0.115556
-1.26333 -0.16
-1.29444 -0.185556
-1.30333 -0.240556
-1.29667 -0.278333
-1.25778 -0.321667
-1.32 -0.322222
-1.3 -0.354444
-1.28222 -0.331667
-1.23889 -0.33
-1.27556 -0.351111
-1.36556 -0.367222
-1.37222 -0.397222
-1.30778 -0.356111
-1.34111 -0.356111
-1.30222 -0.299444
-1.35333 -0.309444
-1.36 -0.288333
-1.28778 -0.258889
-1.32889 -0.337778
-1.35667 -0.301667
-1.29556 -0.272222
-1.27667 -0.221667
-1.29667 -0.308333
-1.32111 -0.302778
-1.24889 -0.251667
-1.23333 -0.157222
-1.33 -0.171111
-1.29778 -0.241667
-1.26444 -0.26
-1.29 -0.242778
-1.31111 -0.286111
-1.32333 -0.241667
-1.25222 -0.202222
-1.36889 -0.275556
-1.36556 -0.363889
-1.33333 -0.362778
-1.33222 -0.333333
-1.33111 -0.229444
-1.35333 -0.273889
-1.31111 -0.245
-1.26 -0.186667
-1.29778 -0.258889
-1.24 -0.218889
-1.25667 -0.225
-1.27889 -0.212778
-1.28222 -0.198333
-1.30444 -0.215556
-1.26222 -0.243333
-1.30222 -0.200556
-1.28 -0.201111
-1.26222 -0.192222
-1.22667 -0.169444
-1.25889 -0.147222
-1.22778 -0.127222
-1.19333 -0.0944444
-1.22111 -0.107222
-1.20556 -0.0633333
-1.28 -0.0827778
-1.30556 -0.0722222
-1.29444 -0.0683333
-1.29556 -0.0488889
-1.32778 -0.0427778
-1.28333 -0.06
-1.30556 -0.0311111
-1.34111 0.005
-1.30444 0.00833333
-1.32667 0.01
-1.34333 -0.00111111
-1.42222 -0.0316667
-1.35333 -0.0544444
-1.30556 -0.0383333
-1.36111 -0.125
-1.39111 -0.0877778
-1.34444 -0.103333
-1.33444 -0.102222
-1.35556 -0.0905556
-1.32889 -0.110556
-1.38556 -0.113333
-1.33444 -0.130556
-1.32222 -0.0944444
-1.31889 -0.122778
-1.34778 -0.122778
-1.3 -0.0905556
-1.27556 -0.0905556
-1.34778 -0.0422222
-1.27444 -0.015
-1.29222 0.0111111
-1.23 -0.0511111
-1.25222 -0.0816667
-1.25778 -0.0755556
-1.22 -0.0338889
-1.25111 -0.0583333
-1.33222 -0.0572222
-1.29333 -0.137222
-1.29889 -0.140556
-1.26778 -0.161111
-1.32111 -0.171667
-1.34889 -0.208333
-1.35222 -0.141111
-1.32667 -0.117778
-1.24 -0.0972222
-1.27444 -0.0544444
-1.27889 -0.115
-1.28333 -0.127222
-1.27556 -0.122778
-1.28778 -0.152222
-1.26333 -0.134444
-1.28444 -0.106667
-1.30333 -0.0733333
-1.32778 -0.147778
-1.33333 -0.117778
-1.29 -0.116111
-1.28889 -0.144444
-1.31778 -0.117778
-1.33556 -0.111111
-1.38889 -0.0711111
-1.29333 -0.0422222
-1.31 0.0144444
-1.30444 0.0266667
-1.34111 0.015
-1.39667 0.0361111
-1.34667 0.0266667
-1.33556 0.045
-1.33222 0.06
-1.33556 0.0677778
-1.30444 0.112222
-1.29778 0.0394444
-1.31111 0.0577778
-1.32667 0.0855556
-1.39556 0.106111
-1.36 0.0438889
-1.35333 0.0388889
-1.39333 0.103889
-1.36111 0.144444
-1.32 0.136667
-1.33111 0.190556
-1.35889 0.200556
-1.33 0.179444
-1.37667 0.202222
-1.36889 0.206111
-1.34889 0.218333
-1.36333 0.236667
-1.35778 0.303889
-1.33333 0.258333
-1.29222 0.227222
-1.29333 0.219444
-1.29222 0.233889
-1.33 0.194444
-1.31556 0.146111
-1.33667 0.101667
-1.24222 0.102778
-1.35556 0.105556
-1.38111 0.171667
-1.27 0.191667
-1.31444 0.214444
-1.31889 0.191667
-1.26667 0.132778
-1.22889 0.123889
-1.26 0.13
-1.31667 0.143889
-1.28667 0.170556
-1.33667 0.161111
-1.29556 0.175
-1.29222 0.175
-1.28667 0.223333
-1.27333 0.212222
-1.28333 0.185
-1.21444 0.133333
-1.26111 0.114444
-1.24889 0.102222
-1.28778 0.0266667
-1.21889 0.0144444
-1.25 -0.0372222
-1.29222 0.045
-1.24667 0.0216667
-1.25556 0.025
-1.28556 0.0383333
-1.27889 0.0733333
-1.25444 0.0683333
-1.27556 0.0594444
-1.30111 0.0333333
-1.32889 -0.0127778
-1.34778 0.0622222
-1.36556 0.0166667
-1.32111 0.00555556
-1.32 0.00277778
-1.29111 -0.0122222
-1.29444 -0.035
-1.29 -0.0861111
-1.31222 -0.0977778
-1.29778 -0.111111
-1.31333 -0.0411111
-1.39 -0.045
-1.33222 -0.0411111
-1.32222 -0.0438889
-1.31 -0.0744444
-1.29444 -0.0388889
-1.27333 -0.0261111
-1.24667 -0.0622222
-1.22667 0.0455556
-1.27111 0.00277778
-1.31222 -0.0194444
-1.23556 0.0377778
-1.32 -0.0483333
-1.28222 -0.0427778
-1.28111 -0.0105556
-1.25889 -0.0305556
-1.26444 -0.0477778
-1.28889 -0.0927778
-1.29778 -0.0694444
-1.25667 -0.0611111
-1.27667 -0.107778
-1.30333 -0.106667
-1.34556 -0.0911111
-1.36444 -0.131667
-1.32111 -0.100556
-1.33333 -0.15
-1.35333 -0.124444
-1.30444 -0.0894444
-1.27222 -0.105556
-1.25 -0.0766667
-1.28 -0.0772222
-1.26556 -0.113333
-1.30444 -0.144444
-1.22333 -0.153889
-1.29667 -0.224444
-1.29333 -0.205
-1.29889 -0.217778
-1.28889 -0.195
-1.29556 -0.182222
-1.29 -0.179444
-1.34 -0.161111
-1.3 -0.156111
-1.37222 -0.249444
-1.32111 -0.189444
-1.31667 -0.2
-1.27444 -0.173889
-1.28778 -0.205556
-1.28333 -0.186111
-1.32889 -0.189444
-1.33111 -0.213889
-1.28444 -0.191111
-1.30222 -0.162778
-1.29111 -0.148333
-1.28667 -0.102222
-1.35111 -0.129444
-1.25778 -0.0677778
-1.27 -0.0811111
-1.26333 -0.075
-1.26222 -0.0905556
-1.33556 -0.0761111
-1.38778 -0.09
-1.34444 -0.01
-1.32556 -0.0577778
-1.33444 -0.00833333
-1.28333 -0.005
-1.35111 -0.00166667
-1.30222 -0.0177778
-1.33444 -0.0544444
-1.29222 -0.0588889
-1.33333 -0.102778
-1.28889 -0.0633333
-1.27111 -0.0761111
-1.32778 -0.0594444
-1.29444 -0.0416667
-1.35667 -0.0255556
-1.3 0.00222222
-1.29444 -0.117778
-1.25444 -0.133889
-1.31333 -0.163333
-1.27667 -0.192778
-1.33889 -0.183889
-1.38 -0.23
-1.36889 -0.191667
-1.26111 -0.191111
-1.30778 -0.218889
-1.34556 -0.271667
-1.33444 -0.243889
-1.35556 -0.231111
-1.34667 -0.245
-1.34444 -0.238889
-1.32667 -0.223333
-1.34222 -0.257778
-1.35889 -0.275556
-1.31889 -0.292222
-1.31111 -0.303333
-1.30444 -0.323889
-1.36556 -0.33
-1.36222 -0.368333
-1.35333 -0.275
-1.32222 -0.278333
-1.32889 -0.272778
-1.29556 -0.252778
-1.23778 -0.217222
-1.22556 -0.143333
-1.28778 -0.131667
-1.26778 -0.218333
-1.28111 -0.177222
-1.30333 -0.131111
-1.37889 -0.149444
-1.40889 -0.109444
-1.33111 -0.123333
-1.35111 -0.085
-1.35889 -0.155
-1.37111 -0.137222
