-1.25778 -0.103333
-1.27556 -0.00444444
-1.22778 -0.005
-1.20222 0.035
-1.21111 0.0666667
-1.24667 0.0611111
-1.17889 0.005
-1.12667 0.00888889
-1.14333 0.00166667
-1.15889 -0.00833333
-1.22333 -0.0433333
-1.20667 -0.0283333
-1.16667 0.0183333
-1.19 -0.0461111
-1.21111 -0.00666667
-1.20889 0.0233333
-1.14667 0.0461111
-1.16556 0.00111111
-1.19556 0.0116667
-1.15667 0.0283333
-1.21111 -0.0511111
-1.21778 -0.00277778
-1.29556 -0.0244444
-1.25111 -0.005
-1.20556 -0.0194444
-1.22889 0.00388889
-1.18556 0.045
-1.17 0.0666667
-1.25556 0.07
-1.28333 0.09
-1.24222 0.0738889
-1.22667 0.0438889
-1.15667 0.0894444
-1.18444 0.0505556
-1.18 0.0455556
-1.28778 0.0272222
-1.34778 0.0311111
-1.27444 -0.0422222
-1.24111 -0.0255556
-1.14111 -0.0272222
-1.15333 -0.0411111
-1.17333 0.0266667
-1.23222 0.0122222
-1.25111 0.00444444
-1.24667 -0.0255556
-1.22556 0.0277778
-1.24667 -0.0183333
-1.24556 -0.00277778
-1.23 -0.0438889
-1.25667 -0.0483333
-1.21222 -0.0405556
-1.16111 -0.0472222
-1.24444 -0.0455556
-1.19111 -0.0227778
-1.19444 -0.00888889
-1.26444 -0.0316667
-1.20556 -0.0111111
-1.21333 0.0188889
-1.23556 -0.000555556
-1.21111 -0.005
-1.21889 0.0277778
-1.20111 0.05
-1.23 -0.00222222
-1.20222 -0.00388889
-1.16111 -0.0205556
-1.21111 0.00777778
-1.22 -0.0133333
-1.11 -0.0155556
-1.15 -0.120556
-1.17556 -0.217222
-1.19 -0.277222
-1.24333 -0.330556
-1.18667 -0.312778
-1.27333 -0.351667
-1.23333 -0.381111
-1.25889 -0.366111
-1.21556 -0.315556
-1.21889 -0.325
-1.22889 -0.336111
-1.25111 -0.376667
-1.30222 -0.423889
-1.22667 -0.421667
-1.21778 -0.375556
-1.27111 -0.412778
-1.22222 -0.393889
-1.31111 -0.425556
-1.22556 -0.379444
-1.21222 -0.373889
-1.21667 -0.306111
-1.26556 -0.278333
-1.23889 -0.246111
-1.20444 -0.240556
-1.15444 -0.261111
-1.22444 -0.318333
-1.20111 -0.257222
-1.22222 -0.281667
-1.17222 -0.261667
-1.25778 -0.267778
-1.20444 -0.299444
-1.21556 -0.377778
-1.20333 -0.344444
-1.21222 -0.333889
-1.20222 -0.359444
-1.18556 -0.298889
-1.21556 -0.370556
-1.20333 -0.351111
-1.23222 -0.302222
-1.22111 -0.303889
-1.23111 -0.310556
-1.27444 -0.247778
-1.25444 -0.276111
-1.22 -0.281111
-1.28778 -0.306111
-1.21889 -0.322778
-1.27556 -0.342778
-1.19556 -0.332222
-1.18778 -0.241111
-1.16333 -0.232222
-1.21 -0.289444
-1.25111 -0.303333
-1.23889 -0.295556
-1.21444 -0.296667
-1.13333 -0.277222
-1.19222 -0.267222
-1.2 -0.256111
-1.23444 -0.298333
-1.18778 -0.270556
-1.26667 -0.338333
-1.27333 -0.337222
-1.25 -0.343333
-1.30556 -0.415556
-1.30889 -0.396111
-1.24333 -0.351667
-1.18444 -0.332778
-1.30222 -0.425
-1.26889 -0.429444
-1.29333 -0.414444
-1.26111 -0.418333
-1.25 -0.382222
-1.18222 -0.355556
-1.22667 -0.351667
-1.19778 -0.364444
-1.22778 -0.340556
-1.18333 -0.377778
-1.22556 -0.391667
-1.26889 -0.448333
-1.26444 -0.496667
-1.27778 -0.477778
-1.25778 -0.497778
-1.26222 -0.494444
-1.26778 -0.512778
-1.17556 -0.493333
-1.20222 -0.465
-1.23778 -0.477778
-1.21111 -0.457778
-1.18333 -0.468333
-1.22333 -0.478889
-1.32667 -0.497778
-1.28111 -0.548889
-1.28444 -0.572778
-1.27444 -0.561111
-1.25111 -0.531111
-1.20333 -0.507778
-1.28222 -0.536667
-1.30667 -0.532778
-1.20444 -0.482222
-1.20222 -0.486111
-1.25444 -0.545556
-1.21222 -0.415
-1.21444 -0.436111
-1.25889 -0.468889
-1.25222 -0.421111
-1.30778 -0.487778
-1.20444 -0.44
-1.22556 -0.394444
-1.26556 -0.420556
-1.29111 -0.412778
-1.26 -0.332778
-1.27 -0.350556
-1.24889 -0.376111
-1.22222 -0.338333
-1.19444 -0.267778
-1.26222 -0.253333
-1.19556 -0.257222
-1.19556 -0.225
-1.18 -0.206667
-1.22222 -0.211111
-1.23222 -0.226667
-1.19222 -0.255
-1.21889 -0.249444
-1.23556 -0.23
-1.21778 -0.238333
-1.24444 -0.197222
-1.3 -0.220556
-1.30111 -0.213333
-1.29111 -0.183333
-1.21222 -0.178889
-1.16444 -0.120556
-1.19111 -0.145
-1.20333 -0.08
-1.20111 -0.0233333
-1.17333 -0.0705556
-1.17556 -0.113333
-1.21222 -0.055
-1.32222 -0.0766667
-1.24556 -0.108333
-1.23111 -0.116667
-1.21889 -0.085
-1.19444 -0.07
-1.18444 0.0461111
-1.17111 0.0488889
-1.15778 0.0322222
-1.22556 0.0155556
-1.27667 0.0311111
-1.25667 0.0394444
-1.27889 0.0427778
-1.25667 -0.0116667
-1.26 -0.00444444
-1.22778 -0.0572222
-1.23444 -0.00944444
-1.24444 -0.02
-1.25778 0.00777778
-1.25 0.00222222
-1.25333 0.00888889
-1.25111 -0.0455556
-1.25111 -0.118333
-1.24222 -0.117778
-1.25333 -0.165556
-1.19778 -0.180556
-1.20778 -0.201111
-1.22333 -0.167222
-1.16778 -0.156667
-1.20778 -0.145
-1.22667 -0.129444
-1.24444 -0.147222
-1.23111 -0.122778
-1.26222 -0.0927778
-1.24333 -0.055
-1.29111 -0.100556
-1.27222 -0.155556
-1.30889 -0.131667
-1.29444 -0.0616667
-1.22889 -0.0872222
-1.19333 -0.0822222
-1.23111 0.0172222
-1.24556 0.0222222
-1.24 0.0183333
-1.19667 -0.00888889
-1.21667 -0.0227778
-1.22444 -0.0111111
-1.26667 0.0266667
-1.22556 0.0472222
-1.20222 0.0533333
-1.21889 0.0338889
-1.18222 0.0155556
-1.20667 -0.0144444
-1.16556 -0.0455556
-1.15778 -0.0377778
-1.18667 -0.0194444
-1.16778 -0.0144444
-1.25667 0.0572222
-1.27444 0.0472222
-1.16556 0.055
-1.25667 0.0616667
-1.19111 0.0588889
-1.21333 0.110556
-1.16778 0.187778
-1.25889 0.127778
-1.18 0.136667
-1.23 0.203333
-1.17889 0.133889
-1.21333 0.0661111
-1.19889 0.122222
-1.20222 0.201111
-1.23778 0.174444
-1.23222 0.158889
-1.24111 0.153333
-1.21333 0.172778
-1.22889 0.187222
-1.19667 0.128333
-1.25444 0.151667
-1.24444 0.121111
-1.08778 0.0788889
-1.16556 0.0716667
-1.16667 0.0911111
-1.13333 0.0855556
-1.18444 0.0722222
-1.20111 0.125
-1.17222 0.122778
-1.16444 0.156667
-1.22556 0.144444
-1.20222 0.182778
-1.18444 0.166667
-1.27556 0.205
-1.21556 0.205556
-1.26333 0.146111
-1.28 0.0883333
-1.25111 0.0583333
-1.25889 0.0288889
-1.22889 0
-1.25444 0.00333333
-1.22889 0.0566667
-1.24444 0.0561111
-1.23 0.00277778
-1.29222 0.0961111
-1.29 0.132222
-1.29889 0.162778
-1.31444 0.206667
-1.29111 0.220556
-1.29222 0.270556
-1.31778 0.272222
-1.25889 0.218333
-1.27667 0.238889
-1.26556 0.263333
-1.30444 0.280556
-1.20111 0.222222
-1.29111 0.297778
-1.27222 0.308889
-1.26778 0.314444
-1.21111 0.276667
-1.22222 0.331111
-1.25 0.368333
-1.23667 0.401111
-1.22222 0.335556
-1.23333 0.372222
-1.22778 0.35
-1.19111 0.339444
-1.27889 0.366667
-1.26111 0.338333
-1.20889 0.296111
-1.24111 0.251667
-1.22333 0.217222
-1.17222 0.187778
-1.14333 0.156667
-1.14778 0.189444
-1.14889 0.195556
-1.18889 0.153889
-1.21 0.122222
-1.14778 0.0955556
-1.20778 0.0944444
-1.19889 0.0661111
-1.22778 0.0577778
-1.24333 0.103889
-1.20222 0.0838889
-1.25889 0.147222
-1.20444 0.185
-1.16889 0.198889
-1.21889 0.227222
-1.24667 0.25
-1.25444 0.263889
-1.27333 0.305
-1.24889 0.345
-1.28333 0.32
-1.24889 0.280556
-1.27111 0.272222
-1.27111 0.257222
-1.30667 0.228889
-1.24 0.161111
-1.22111 0.155556
-1.26444 0.187222
-1.31444 0.212778
-1.32667 0.163333
-1.29778 0.161111
-1.25889 0.103889
-1.27667 0.105
-1.24778 0.0944444
-1.23667 0.0855556
-1.26556 0.0172222
-1.27222 0.0538889
-1.23111 0.0916667
-1.27889 0.0916667
-1.25889 0.0555556
-1.20333 0.0411111
-1.23778 0.0522222
-1.22 0.0838889
-1.24 0.0494444
-1.25 0.0972222
-1.22778 0.111111
-1.22667 0.0766667
-1.26222 0.0511111
-1.24889 0.104444
-1.26556 0.115556
-1.20111 0.145556
-1.19111 0.08
-1.23 0.0766667
-1.15556 0.0172222
-1.24111 -0.0355556
-1.23667 -0.0122222
-1.24667 0.00166667
-1.23333 0.0283333
-1.21444 0.0538889
-1.23556 0.0805556
-1.24667 0.152778
-1.23778 0.166667
-1.26667 0.131667
-1.24556 0.0811111
-1.26 0.0944444
-1.21222 0.128333
-1.18667 0.117778
-1.24333 0.0955556
-1.20333 0.0583333
-1.22222 0.0627778
-1.17 0.0855556
-1.21111 0.0627778
-1.27111 0.0633333
-1.22222 0.0133333
-1.20778 0.035
-1.17111 0.0444444
-1.20111 0.0483333
-1.22778 0.121667
-1.20667 0.0827778
-1.21111 0.0838889
-1.21556 0.0577778
-1.22 0.0588889
-1.23778 0.0627778
-1.27778 0.138333
-1.29778 0.106111
-1.21444 0.0755556
-1.23556 0.0866667
-1.17333 0.0988889
-1.19778 0.055
-1.27 0.0422222
-1.15667 0.0283333
-1.15889 -0.0438889
-1.18889 -0.0794444
-1.15778 -0.0605556
-1.16778 -0.0677778
-1.20444 -0.0561111
-1.17111 0.00166667
-1.16333 -0.0472222
-1.16 -0.045
-1.15111 -0.0194444
-1.23444 0.0433333
-1.23222 0.0344444
-1.19444 0.0405556
-1.17889 -0.0105556
-1.20556 -0.0194444
-1.19889 0.0455556
-1.18556 -0.0238889
-1.18222 -0.0505556
-1.19 -0.0283333
-1.24333 -0.0305556
-1.29778 -0.0255556
-1.31444 0
-1.21333 0.0633333
-1.19556 0.000555556
-1.22 0.0305556
-1.24778 0.102222
-1.28889 0.164444
-1.25111 0.193333
-1.24556 0.262222
-1.22444 0.227778
-1.22889 0.205556
-1.21444 0.181667
-1.23111 0.126111
-1.24444 0.117778
-1.21889 0.0311111
-1.22444 0.0211111
-1.21333 0.0288889
-1.17556 0.0111111
-1.17333 -0.0194444
-1.17444 0.00722222
-1.18444 0.00166667
-1.19889 -0.00111111
-1.20111 0.0133333
-1.19778 0.0172222
-1.19556 -0.0261111
-1.17889 -0.0622222
-1.19222 -0.00611111
-1.13778 0.0388889
-1.15889 0.0822222
-1.18333 0.0455556
-1.23 0.0822222
-1.21667 0.0483333
-1.24 0.0472222
-1.14556 0.0533333
-1.19 0.0544444
-1.20111 0.0683333
-1.19556 0.105
-1.22778 0.125
-1.22889 0.131111
-1.23889 0.0761111
-1.21333 0.0972222
-1.27222 0.0933333
-1.20556 0.152778
-1.21778 0.153333
-1.24 0.152222
-1.20778 0.164444
-1.21444 0.177222
-1.25556 0.149444
-1.20333 0.251111
-1.27 0.278889
-1.24222 0.349444
-1.24333 0.335
-1.29333 0.372222
-1.25333 0.345556
-1.30111 0.333889
-1.22889 0.347778
-1.22333 0.337222
-1.17778 0.297778
-1.2 0.327778
-1.20444 0.37
-1.17 0.349444
-1.20444 0.347778
-1.26444 0.413333
-1.19667 0.355556
-1.26333 0.404444
-1.21889 0.377778
-1.27333 0.407222
-1.24556 0.392222
-1.22778 0.416667
-1.22333 0.351667
-1.24 0.376111
-1.26889 0.412778
-1.25667 0.422222
-1.24222 0.5
-1.28556 0.586667
-1.29111 0.562778
-1.31111 0.589444
-1.29889 0.544444
-1.30778 0.503889
-1.33333 0.482222
-1.28333 0.462222
-1.30444 0.425556
-1.27556 0.42
-1.26111 0.417222
-1.23 0.355556
-1.23556 0.325556
-1.25 0.307778
-1.25778 0.290556
-1.24333 0.295
-1.19111 0.225
-1.23111 0.255556
-1.19333 0.192222
-1.18222 0.095
-1.22111 0.101111
-1.23889 0.129444
-1.22778 0.0755556
-1.23333 -0.0172222
-1.29556 -0.0488889
-1.29556 -0.0722222
-1.22889 -0.0727778
-1.25111 0
-1.22778 -0.00555556
-1.23889 0.0683333
-1.19222 0.01
-1.26111 0.0338889
-1.18333 0.0855556
-1.14667 0.0333333
-1.18444 0.0133333
-1.20444 0.0627778
-1.20444 0.00166667
-1.27333 0.000555556
-1.24667 -0.0105556
-1.24889 0.00277778
-1.22444 0.00111111
-1.19667 -0.0311111
-1.26333 -0.0705556
-1.23444 0.0122222
-1.26111 0.00722222
-1.17333 0.0238889
-1.16556 -0.0105556
-1.19889 0.0238889
-1.24333 -0.005
-1.26222 0.02
-1.23333 0.0527778
-1.33333 0.0338889
-1.26889 -0.0283333
-1.15111 -0.0138889
-1.2 0.00222222
-1.23222 -0.0127778
-1.22667 -0.0416667
-1.22 -0.0333333
-1.21444 -0.0616667
-1.16889 -0.0461111
-1.14556 -0.0288889
-1.18444 -0.0477778
-1.15667 -0.0633333
-1.23222 -0.0861111
-1.20778 -0.0977778
-1.19556 -0.0622222
-1.21667 -0.105
-1.26667 -0.0888889
-1.22778 -0.0988889
-1.26 -0.0755556
-1.21222 -0.0972222
-1.23667 -0.0716667
-1.18556 -0.0738889
-1.19444 -0.02
-1.19333 -0.1
-1.19778 -0.132778
-1.21889 -0.117778
-1.20444 -0.0972222
-1.19222 -0.111667
-1.23 -0.1
-1.23333 -0.065
-1.20444 -0.075
-1.18778 -0.0966667
-1.22111 -0.149444
-1.19667 -0.108889
-1.19556 -0.0416667
-1.21667 -0.0688889
-1.23111 0.00666667
-1.24556 0.0422222
-1.24556 0.0466667
-1.24556 0.0383333
-1.19667 0.107222
-1.18444 0.122222
-1.20111 0.135
-1.20556 0.133333
-1.18556 0.100556
-1.16111 0.103889
-1.18222 0.173889
-1.15 0.118889
-1.19111 0.0805556
-1.23222 0.0361111
-1.18889 0.0411111
-1.28222 0.0255556
-1.19556 0.00777778
-1.21889 0.0416667
-1.20889 0.025
-1.26111 0.0711111
-1.25333 0.0766667
-1.24667 0.0638889
-1.27333 0.152778
-1.23222 0.143333
-1.23667 0.122222
-1.29889 0.102222
-1.28333 0.0205556
-1.28444 0.03
-1.25556 0.0538889
-1.31556 0.0533333
-1.27667 0.0811111
-1.25778 0.0933333
-1.24333 0.0894444
-1.31333 0.109444
-1.26 0.0361111
-1.21667 0.0205556
-1.25444 0.0127778
-1.25111 0.005
-1.23444 0.0294444
-1.24556 0.055
-1.26556 0.111667
-1.25333 0.0466667
-1.27222 0.0555556
-1.33 0.0927778
-1.27556 0.0988889
-1.27889 0.035
-1.28889 -0.00222222
-1.25444 0.0461111
-1.30778 0.103889
-1.27222 0.181667
-1.21333 0.21
-1.23778 0.18
-1.20222 0.206667
-1.22444 0.108889
-1.22111 0.0722222
-1.21556 0.0211111
-1.17222 -0.0311111
-1.22889 -0.0705556
-1.24444 -0.0177778
-1.19556 0.0538889
-1.22667 0.0116667
-1.24222 -0.0338889
-1.19 -0.0588889
-1.23556 0.00222222
-1.27556 0.00277778
-1.17889 -0.0294444
-1.17333 -0.0522222
-1.23222 -0.085
-1.24556 0.00222222
-1.22667 0.05
-1.16111 0.146111
-1.20333 0.0627778
-1.22111 0.03
-1.26889 0.0772222
-1.17 0.0855556
-1.23 0.172778
-1.28444 0.172778
-1.29556 0.163889
-1.24444 0.165
-1.23778 0.0661111
-1.25111 0.0572222
-1.23556 0.0588889
-1.24778 0.00944444
-1.13778 0.0238889
-1.22889 0.0633333
-1.16667 0.0605556
-1.11333 0.0638889
-1.11111 0.0505556
-1.12222 0.0466667
-1.14222 0.0444444
-1.16778 0.0433333
-1.18222 0.0533333
-1.19556 0.0494444
-1.23444 0.0733333
-1.19333 0.131111
-1.23333 0.121111
-1.19444 0.0922222
-1.17222 0.0783333
-1.23889 0.102778
-1.20111 0.09
-1.25222 0.140556
-1.25889 0.157778
-1.21222 0.116667
-1.13778 0.116111
-1.17889 0.138889
-1.23667 0.148333
-1.22444 0.182778
-1.19 0.171667
-1.19444 0.0816667
-1.20444 0.0361111
-1.18889 0.0455556
-1.19556 0.0411111
-1.20444 0.0333333
-1.24667 0.0866667
-1.23667 0.0944444
-1.19778 0.110556
-1.24222 0.151111
-1.25556 0.170556
-1.27111 0.0994444
-1.20556 0.108333
-1.18444 0.0783333
-1.18 0.106667
-1.16222 0.149444
-1.21889 0.180556
-1.20222 0.213333
-1.25 0.215556
-1.23333 0.179444
-1.2 0.131667
-1.23333 0.147222
-1.21889 0.181111
-1.27889 0.216667
-1.26444 0.215556
-1.23444 0.213333
-1.23222 0.189444
-1.27556 0.186111
-1.22444 0.186111
-1.16444 0.16
-1.16556 0.130556
-1.11 0.145556
-1.20333 0.116111
-1.20556 0.105
-1.21333 0.075
-1.17333 0.095
-1.19111 0.0616667
-1.26556 0.0777778
-1.17333 0.0716667
-1.26889 0.0811111
-1.23222 0.0922222
-1.28778 0.095
-1.34 0.149444
-1.23444 0.0972222
-1.29889 0.107778
-1.29444 0.100556
-1.23667 0.119444
-1.30333 0.176667
-1.28556 0.143333
-1.24667 0.133333
-1.22556 0.147222
-1.30111 0.118889
-1.29778 0.137778
-1.23667 0.196111
-1.22333 0.186667
-1.25 0.245
-1.22667 0.195
-1.19778 0.187222
-1.17222 0.253889
-1.23333 0.298889
-1.22778 0.288889
-1.27333 0.321667
-1.24667 0.287222
-1.27 0.272222
-1.24889 0.232222
-1.24556 0.211667
-1.24889 0.168889
-1.16333 0.178333
-1.18778 0.0833333
-1.15778 0.0494444
-1.16889 0.0305556
-1.28111 0.0955556
-1.20444 0.0961111
-1.22111 0.0794444
-1.21333 0.112222
-1.20222 0.11
-1.25222 0.107778
-1.25444 0.0611111
-1.17444 0.102222
-1.22 0.100556
-1.21 0.0677778
-1.25111 0.0983333
-1.21778 0.0772222
-1.21556 0.0244444
-1.17111 0.045
-1.20111 0.08
-1.25778 0.12
-1.24333 0.201667
-1.18222 0.146667
-1.24 0.148333
-1.21333 0.171667
-1.25889 0.185
-1.27556 0.175
-1.28444 0.163889
-1.27444 0.149444
-1.23889 0.177222
-1.21889 0.175556
-1.30333 0.237222
-1.26 0.243889
-1.22889 0.227222
-1.25333 0.193889
-1.23889 0.171667
-1.22556 0.143333
-1.21111 0.149444
-1.16889 0.175556
-1.18333 0.17
-1.27778 0.132778
-1.20556 0.03
-1.2 0.0583333
-1.24444 -0.00111111
-1.23778 -0.0233333
-1.18222 -0.035
-1.24556 0.0111111
-1.23889 0.0244444
-1.24667 -0.0188889
-1.23444 -0.0155556
-1.27556 -0.0377778
-1.27111 -0.100556
-1.23222 -0.152222
-1.23556 -0.144444
-1.24222 -0.0755556
-1.26556 -0.0661111
-1.31 -0.0733333
-1.26333 -0.0744444
-1.27556 -0.115
-1.20889 -0.0611111
-1.22111 -0.114444
-1.16667 -0.126111
-1.16667 -0.132778
-1.19778 -0.187222
-1.25222 -0.227778
-1.23556 -0.22
-1.27111 -0.26
-1.27222 -0.293333
-1.25667 -0.285556
-1.26667 -0.210556
-1.18333 -0.15
-1.17444 -0.178889
-1.26333 -0.128333
-1.14222 -0.125
-1.21778 -0.07
-1.18444 -0.0727778
-1.15667 -0.0688889
-1.2 -0.0233333
-1.22889 -0.0172222
-1.19667 -0.0827778
-1.21111 -0.0666667
-1.22222 -0.0622222
-1.20556 -0.0638889
-1.24444 -0.0872222
-1.24333 -0.111111
-1.26111 -0.102222
-1.28333 -0.15
-1.22556 -0.115556
-1.26667 -0.164444
-1.20889 -0.157778
-1.18778 -0.153333
-1.23 -0.138333
-1.20556 -0.153889
-1.18111 -0.185
-1.17556 -0.13
-1.18778 -0.107778
-1.19333 -0.138889
-1.17778 -0.173889
-1.13333 -0.159444
-1.20889 -0.181111
-1.20444 -0.189444
-1.19111 -0.130556
-1.17889 -0.181667
-1.14556 -0.12
-1.13333 -0.107222
-1.19667 -0.113333
-1.20778 -0.112222
-1.17111 -0.0822222
-1.18556 -0.0288889
-1.15667 -0.0211111
-1.18111 -0.0555556
-1.15556 -0.05
-1.15 -0.0727778
-1.17889 -0.0522222
-1.27556 -0.0116667
-1.23111 0.0166667
-1.21556 0.0505556
-1.22222 0.104444
-1.19222 0.0283333
-1.20444 0.045
-1.27556 0.0211111
-1.21 0.0272222
-1.3 0.0116667
-1.20333 -0.02
-1.26333 -0.0394444
-1.20222 -0.0627778
-1.18111 -0.118889
-1.24889 -0.161667
-1.25556 -0.211111
-1.24667 -0.244444
-1.18556 -0.199444
-1.27 -0.220556
-1.21889 -0.163333
-1.20778 -0.184444
-1.22444 -0.196111
-1.21333 -0.236111
-1.17111 -0.2
-1.16444 -0.158889
-1.16556 -0.151111
-1.17556 -0.200556
-1.13667 -0.217778
-1.19889 -0.288889
-1.20778 -0.347778
-1.26889 -0.314444
-1.20556 -0.205556
-1.17889 -0.157778
-1.25889 -0.104444
-1.19556 -0.0772222
-1.21778 -0.0416667
-1.19778 -0.0766667
-1.24111 -0.075
-1.22111 -0.0783333
-1.20889 -0.0638889
-1.18222 -0.0644444
-1.20222 -0.0188889
-1.23222 -0.0211111
-1.21444 -0.0955556
-1.23444 -0.0938889
-1.19889 -0.0861111
-1.20889 -0.0666667
-1.23556 -0.0911111
-1.23556 -0.095
-1.23667 -0.0622222
-1.27 -0.0372222
-1.22222 -0.0633333
-1.25222 -0.0961111
-1.21778 -0.115556
-1.25889 -0.114444
-1.20556 -0.0844444
-1.20444 -0.0305556
-1.20778 -0.0622222
-1.18556 -0.0833333
-1.20333 -0.107222
-1.18778 -0.120556
-1.18111 -0.121667
-1.15667 -0.108889
-1.16667 -0.065
-1.24 -0.0711111
-1.17222 -0.0566667
-1.17222 -0.0316667
-1.18778 -0.00611111
-1.20111 0.0116667
-1.2 0.0266667
-1.17444 -0.0366667
-1.2 -0.0505556
-1.27778 -0.0538889
-1.27111 -0.0355556
-1.22778 -0.005
-1.19222 0.00666667
-1.21222 -0.0172222
-1.17111 0.0294444
-1.20333 0.065
-1.19111 0.0633333
-1.15778 0.0466667
-1.14111 0.126667
-1.20778 0.13
-1.23222 0.166111
-1.19778 0.127778
-1.22778 0.13
-1.20667 0.171667
-1.15 0.219444
-1.21444 0.211667
-1.20111 0.217778
-1.22333 0.260556
-1.16444 0.292222
-1.22 0.335556
-1.24556 0.301111
-1.31778 0.352222
-1.28111 0.322222
-1.28333 0.31
-1.25778 0.335
-1.21222 0.327222
-1.27444 0.322222
-1.19889 0.283889
-1.23556 0.191667
-1.22 0.222778
-1.17444 0.195
-1.17111 0.269444
-1.25222 0.318889
-1.12556 0.35
-1.21333 0.307222
-1.24889 0.297778
-1.16444 0.253333
-1.18333 0.214444
-1.18111 0.187778
