1.02819
2.05476
3.07972
4.10306
5.1248
6.14493
7.16345
8.18036
9.19567
10.2094
11.2215
12.232
13.2409
14.2483
15.254
16.2582
17.2608
18.2618
19.2613
20.2591
21.2554
22.2501
23.2433
24.2349
25.2249
26.2133
27.2002
28.1856
29.1694
30.1517
31.1324
32.1116
33.0893
34.0654
35.04
36.0131
36.9846
37.9546
38.9231
39.8901
40.8555
41.8194
42.7818
43.7427
44.7022
45.66
46.6164
47.5713
48.5247
49.4766
50.427
51.3758
52.3232
53.2691
54.2135
55.1564
56.0978
57.0377
57.9761
58.9131
59.8485
60.7825
61.7151
62.6461
63.5757
64.5038
65.4305
66.3557
67.2794
68.2017
69.1225
70.0419
70.9598
71.8763
72.7914
73.705
74.6171
75.5279
76.4372
77.3451
78.2516
79.1567
80.0603
80.9626
81.8635
82.7629
83.661
84.5576
85.4529
86.3467
87.2392
88.1303
89.0199
89.9082
90.7951
91.6806
92.5647
93.4474
94.3288
95.2087
96.0873
96.9646
97.8404
98.7149
99.588
100.46
101.33
102.199
103.067
103.933
104.798
105.662
106.524
107.385
108.244
109.102
109.959
110.815
111.669
112.522
113.373
114.223
115.072
115.92
116.766
117.611
118.454
119.296
120.137
120.977
121.815
122.652
123.487
124.322
125.155
125.986
126.817
127.646
128.473
129.3
130.125
130.949
131.771
132.592
133.412
134.23
135.048
135.863
136.678
137.491
138.303
139.114
139.923
140.731
141.538
142.343
143.147
143.95
144.752
145.552
146.351
147.148
147.945
148.74
149.533
150.326
151.117
151.907
152.696
153.483
154.269
155.054
155.838
156.62
157.401
158.181
158.96
159.737
160.513
161.288
162.062
162.834
163.605
164.375
165.144
165.912
166.678
167.443
168.207
168.97
169.731
170.492
171.251
172.009
172.765
173.521
174.275
175.029
175.781
176.532
177.281
178.03
178.777
179.523
180.268
181.012
181.755
182.496
183.237
183.976
184.714
185.451
186.187
186.921
187.655
188.387
189.118
189.848
190.577
191.305
192.031
192.757
193.481
194.204
194.926
195.647
196.367
197.085
197.803
198.519
199.234
199.948
200.661
201.373
202.084
202.793
203.502
204.209
204.916
205.621
206.325
207.028
207.729
208.43
209.13
209.828
210.525
211.222
211.917
212.611
213.304
213.995
214.686
215.376
216.064
216.752
217.438
218.123
218.807
219.49
220.172
220.853
221.533
222.211
222.889
223.565
224.241
224.915
225.588
226.261
226.932
227.602
228.271
228.939
229.606
230.271
230.936
231.6
232.262
232.924
233.584
234.244
234.902
235.559
236.216
236.871
237.525
238.178
238.83
239.481
240.13
240.779
241.427
242.074
242.719
243.364
244.007
244.65
245.291
245.932
246.571
247.21
247.847
248.483
249.119
249.753
250.386
251.018
251.649
252.28
252.909
253.537
254.164
254.79
255.415
256.039
256.662
257.284
257.905
258.525
259.144
259.762
260.379
260.995
261.61
262.224
262.837
263.45
264.061
264.671
265.28
265.888
266.495
267.101
267.706
268.311
268.914
269.516
270.117
270.717
271.317
271.915
272.512
273.109
273.704
274.299
274.892
275.485
276.076
276.667
277.256
277.845
278.433
279.019
279.605
280.19
280.774
281.357
281.939
282.52
283.1
283.679
284.257
284.834
285.41
285.986
286.56
287.133
287.706
288.277
288.848
289.418
289.986
290.554
291.121
291.687
292.252
292.816
293.379
293.942
294.503
295.063
295.623
296.181
296.739
297.296
297.851
298.406
298.96
299.513
300.065
300.617
301.167
301.716
302.265
302.812
303.359
303.905
304.45
304.994
305.537
306.08
306.621
307.162
307.701
308.24
308.778
309.315
309.852
310.387
310.922
311.455
311.988
312.52
313.051
313.581
314.111
314.639
315.167
315.694
316.219
316.744
317.269
317.792
318.314
318.836
319.356
319.876
320.395
320.913
321.43
321.947
322.462
322.977
323.491
324.004
324.516
325.027
325.537
326.046
326.555
327.063
327.569
328.075
328.58
329.085
329.588
330.09
330.592
331.093
331.593
332.092
332.59
333.088
333.584
334.08
334.575
335.069
335.563
336.055
336.547
337.038
337.527
338.017
338.505
338.992
339.479
339.965
340.45
340.934
341.417
341.9
342.382
342.863
343.343
343.822
344.3
344.778
345.255
345.731
346.206
346.681
347.154
347.627
348.099
348.571
349.041
349.511
349.979
350.447
350.915
351.381
351.847
352.312
352.776
353.239
353.702
354.163
354.624
355.084
355.544
356.002
356.46
356.917
357.373
357.829
358.283
358.737
359.19
359.643
360.094
360.545
360.995
361.444
361.893
362.341
362.788
363.234
363.679
364.124
364.568
365.011
365.453
365.895
366.336
366.776
367.215
367.654
368.092
368.529
368.965
369.401
369.835
370.27
370.703
371.136
371.567
371.999
372.429
372.859
373.288
373.716
374.143
374.57
374.996
375.422
375.846
376.27
376.694
377.116
377.538
377.959
378.38
378.799
379.218
379.637
380.054
380.471
380.887
381.303
381.718
382.132
382.545
382.958
383.37
383.781
384.192
384.602
385.011
385.419
385.827
386.234
386.641
387.047
387.452
387.856
388.26
388.663
389.065
389.467
389.868
390.268
390.668
391.067
391.465
391.863
392.26
392.656
393.052
393.447
393.841
394.235
394.628
395.02
395.411
395.802
396.193
396.582
396.971
397.359
397.747
398.134
398.52
398.906
399.29
399.675
400.058
400.441
400.824
401.205
401.586
401.966
402.346
402.725
403.103
403.481
403.858
404.234
404.61
404.985
405.359
405.732
406.105
406.478
406.849
407.22
407.591
407.96
408.329
408.698
409.065
409.432
409.799
410.164
410.53
410.894
411.258
411.621
411.984
412.346
412.707
413.067
413.427
413.787
414.145
414.504
414.861
415.218
415.574
415.93
416.285
416.639
416.993
417.346
417.699
418.051
418.402
418.753
419.103
419.452
419.801
420.149
420.497
420.844
421.19
421.536
421.881
422.226
422.569
422.913
423.255
423.598
423.939
424.28
424.62
424.96
425.299
425.638
425.976
426.313
426.65
426.986
427.321
427.656
427.991
428.325
428.658
428.99
429.322
429.654
429.985
430.315
430.644
430.973
431.302
431.63
431.957
432.284
432.61
432.935
433.26
433.585
433.909
434.232
434.554
434.877
435.198
435.519
435.839
436.159
436.478
436.797
437.115
437.433
437.75
438.066
438.382
438.697
439.012
439.326
439.64
439.953
440.266
440.578
440.889
441.2
441.51
441.82
442.129
442.438
442.746
443.054
443.361
443.667
443.973
444.278
444.583
444.888
445.191
445.495
445.797
446.1
446.401
446.703
447.003
447.303
447.603
447.902
448.201
448.499
448.796
449.093
449.389
449.685
449.981
450.275
450.57
450.863
451.157
451.449
451.741
452.033
452.324
452.614
452.904
453.194
453.483
453.771
454.059
454.346
454.633
454.92
455.205
455.491
455.775
456.06
456.343
456.627
456.909
457.192
457.473
457.754
458.035
458.315
458.595
458.874
459.152
459.43
459.708
459.985
460.261
460.537
460.813
461.088
461.362
461.636
461.91
462.183
462.455
462.727
462.998
463.269
463.54
463.81
464.08
464.349
464.617
464.885
465.153
465.42
465.687
465.953
466.219
466.484
466.749
467.014
467.277
467.541
467.804
468.066
468.329
468.59
468.851
469.112
469.372
469.632
469.891
470.15
470.409
470.667
470.924
471.181
471.438
471.694
471.95
472.205
472.46
472.714
472.968
473.222
473.475
473.727
473.979
474.231
474.482
474.733
474.983
475.233
475.483
475.732
475.98
476.228
476.476
476.723
476.97
477.216
477.462
477.708
477.953
478.198
478.442
478.686
478.929
479.172
479.414
479.657
479.898
480.14
480.38
480.621
480.861
481.1
481.34
481.578
481.817
482.055
482.292
482.53
482.766
483.003
483.239
483.474
483.71
483.944
484.179
484.413
484.646
484.88
485.113
485.345
485.577
485.809
486.04
486.271
486.502
486.732
486.962
487.191
487.42
487.649
487.877
488.105
488.333
488.56
488.787
489.013
489.239
489.464
489.69
489.915
490.139
490.363
490.587
490.81
491.033
491.256
491.478
491.7
491.921
492.142
492.363
492.584
492.804
493.023
493.243
493.462
493.68
493.899
494.116
494.334
494.551
494.768
494.985
495.201
495.416
495.632
495.847
496.062
496.276
496.49
496.704
496.917
497.13
497.343
497.556
497.768
497.979
498.191
498.402
498.613
498.823
499.033
499.243
499.453
499.662
499.871
500.079
500.287
500.495
500.703
500.91
501.117
501.324
501.53
501.736
501.942
502.147
502.353
502.557
502.762
502.966
503.17
503.373
503.577
503.78
503.982
504.185
504.387
504.589
504.79
504.991
505.192
505.393
505.593
505.793
505.993
506.192
506.391
506.59
506.788
506.986
507.184
507.382
507.579
507.776
507.973
508.169
508.365
508.561
508.757
508.952
509.147
509.342
509.536
509.73
509.924
510.118
510.311
510.504
510.697
510.889
511.081
511.273
511.465
511.656
511.847
512.038
512.228
512.418
512.608
512.798
512.987
513.176
513.365
513.553
513.741
513.929
514.117
514.304
514.491
514.678
514.864
515.05
515.236
515.421
515.606
515.791
515.975
516.16
516.344
516.527
516.711
516.894
517.076
517.259
517.441
517.623
517.804
517.985
518.166
518.347
518.527
518.707
518.887
519.067
519.246
519.425
519.603
519.782
519.96
520.137
520.315
520.492
520.669
520.845
521.022
521.198
521.373
521.549
521.724
521.899
522.073
522.248
522.422
522.596
522.769
522.942
523.115
523.288
523.46
523.632
523.804
523.976
524.147
524.318
524.489
524.659
524.83
524.999
525.169
525.338
525.508
525.676
525.845
526.013
526.181
526.349
526.517
526.684
526.851
527.018
527.184
527.35
527.516
527.682
527.847
528.013
528.177
528.342
528.506
528.67
528.834
528.998
529.161
529.324
529.487
529.649
529.811
529.973
530.135
530.296
530.457
530.618
530.778
530.938
531.098
531.258
531.417
531.576
531.735
531.893
532.051
532.209
532.367
532.524
532.681
532.838
532.994
533.151
533.306
533.462
533.617
533.772
533.927
534.082
534.236
534.39
534.543
534.697
534.85
535.002
535.155
535.307
535.459
535.611
535.762
535.913
536.064
536.214
536.365
536.515
536.664
536.814
536.963
537.112
537.261
537.409
537.558
537.706
537.854
538.001
538.148
538.296
538.442
538.589
538.735
538.882
539.027
539.173
539.319
539.464
539.609
539.753
539.898
540.042
540.186
540.33
540.473
540.617
540.76
540.902
541.045
541.187
541.329
541.471
541.612
541.754
541.895
542.035
542.176
542.316
542.456
542.596
542.736
542.875
543.014
543.153
543.291
543.43
543.568
543.705
543.843
543.98
544.118
544.255
544.391
544.528
544.664
544.8
544.936
545.071
545.206
545.341
545.476
545.61
545.745
545.879
546.013
546.146
546.28
546.413
546.546
546.678
546.811
546.943
547.075
547.207
547.338
547.47
547.601
547.732
547.863
547.993
548.123
548.253
548.383
548.513
548.642
548.771
548.9
549.029
549.157
549.285
549.413
549.541
549.669
549.796
549.923
550.05
550.177
550.304
550.43
550.556
550.682
550.808
550.934
551.059
551.184
551.309
551.434
551.559
551.683
551.807
551.931
552.055
552.179
552.302
552.425
552.549
552.672
552.794
552.917
553.04
553.162
553.284
553.406
553.528
553.649
553.771
553.892
554.014
554.135
554.255
554.376
554.497
554.617
554.737
554.858
554.978
555.097
555.217
555.337
555.456
555.575
555.694
555.813
555.932
556.051
556.169
556.288
556.406
556.524
556.642
556.76
556.877
556.995
557.112
557.229
557.346
557.463
557.58
557.697
557.813
557.93
558.046
558.162
558.278
558.393
558.509
558.625
558.74
558.855
558.97
559.085
559.2
559.314
559.429
559.543
559.657
559.771
559.885
559.999
560.112
560.226
560.339
560.453
560.566
560.679
560.791
560.904
561.017
561.129
561.241
561.354
561.466
561.578
561.69
561.801
561.913
562.024
562.136
562.247
562.358
562.469
562.58
562.691
562.802
562.913
563.023
563.134
563.244
563.354
563.465
563.575
563.685
563.795
563.904
564.014
564.124
564.233
564.343
564.452
564.561
564.67
564.779
564.888
564.997
565.106
565.214
565.323
565.431
565.54
565.648
565.756
565.864
565.972
566.08
566.187
566.295
566.403
566.51
566.618
566.725
566.832
566.939
567.046
567.153
567.26
567.367
567.474
567.581
567.687
567.794
567.9
568.007
568.113
568.219
568.326
568.432
568.538
568.644
568.75
568.856
568.962
569.068
569.174
569.279
569.385
569.491
569.596
569.702
569.807
569.913
570.018
570.124
570.229
570.334
570.439
570.545
570.65
570.755
570.86
570.965
571.069
571.174
571.279
571.384
571.489
571.593
571.698
571.802
571.907
572.011
572.115
572.22
572.324
572.428
572.532
572.636
572.74
572.844
572.948
573.052
573.156
573.259
573.363
573.467
573.571
573.674
573.778
573.882
573.985
574.089
574.192
574.295
574.399
574.502
574.605
574.709
574.812
574.915
575.018
575.121
575.224
575.327
575.43
575.533
575.636
575.738
575.841
575.944
576.046
576.149
576.251
576.354
576.456
576.559
576.661
576.764
576.866
576.968
577.07
577.173
577.275
577.377
577.479
577.581
577.683
577.785
577.887
577.989
578.091
578.193
578.295
578.397
578.499
578.601
578.703
578.805
578.907
579.008
579.11
579.212
579.314
579.416
579.517
579.619
579.721
579.822
579.924
580.026
580.127
580.229
580.331
580.433
580.534
580.636
580.737
580.839
580.941
581.042
581.144
581.246
581.347
581.449
581.55
581.652
581.754
581.855
581.957
582.058
582.16
582.261
582.363
582.464
582.566
582.667
582.769
582.87
582.972
583.073
583.175
583.276
583.378
583.479
583.581
583.682
583.784
583.885
583.986
584.088
584.189
584.291
584.392
584.494
584.595
584.696
584.798
584.899
585.001
585.102
585.203
585.305
585.406
585.508
585.609
585.71
585.812
585.913
586.014
586.116
586.217
586.318
586.42
586.521
586.622
586.723
586.824
586.926
587.027
587.128
587.229
587.33
587.431
587.532
587.633
587.734
587.835
587.936
588.037
588.138
588.239
588.34
588.441
588.542
588.643
588.744
588.845
588.946
589.047
589.148
589.248
589.349
589.45
589.551
589.652
589.752
589.853
589.954
590.055
590.156
590.256
590.357
590.458
590.559
590.659
590.76
590.86
590.961
591.061
591.162
591.262
591.363
591.463
591.564
591.664
591.765
591.865
591.965
592.065
592.166
592.266
592.366
592.466
592.566
592.666
592.766
592.866
592.966
593.065
593.165
593.265
593.365
593.464
593.564
593.664
593.763
593.863
593.962
594.062
594.161
594.26
594.36
594.459
594.558
594.657
594.757
594.856
594.955
595.054
595.153
595.252
595.351
595.45
595.549
595.648
595.747
595.846
595.945
596.043
596.142
596.241
596.34
596.438
596.537
596.636
596.734
596.833
596.931
597.03
597.128
597.227
597.325
597.423
597.521
597.62
597.718
597.816
597.914
598.012
598.11
598.208
598.306
598.404
598.502
598.6
598.697
598.795
598.893
598.99
599.088
599.185
599.283
599.38
599.478
599.575
599.672
599.769
599.867
599.964
600.061
600.158
600.254
600.351
600.448
600.545
600.641
600.738
600.835
600.931
601.027
601.124
601.22
601.316
601.412
601.508
601.604
601.7
601.796
601.892
601.988
602.083
602.179
602.274
602.37
602.465
602.561
602.656
602.751
602.847
602.942
603.037
603.132
603.227
603.321
603.416
603.511
603.605
603.7
603.794
603.889
603.983
604.077
604.172
604.266
604.36
604.454
604.548
604.641
604.735
604.829
604.922
605.016
605.109
605.202
605.296
605.389
605.482
605.575
605.668
605.761
605.853
605.946
606.039
606.131
606.223
606.316
606.408
606.5
606.592
606.684
606.776
606.868
606.959
607.051
607.143
607.234
607.325
607.417
607.508
607.599
607.69
607.781
607.872
607.963
608.053
608.144
608.235
608.325
608.416
608.506
608.596
608.687
608.777
608.867
608.957
609.047
609.137
609.226
609.316
609.406
609.495
609.585
609.674
609.763
609.852
609.942
610.031
610.119
610.208
610.297
610.386
610.474
610.563
610.651
610.74
610.828
610.916
611.004
611.092
611.18
611.268
611.356
611.443
611.531
611.619
611.706
611.793
611.881
611.968
612.055
612.142
612.229
612.315
612.402
612.489
612.575
612.662
612.748
612.834
612.92
613.006
613.092
613.178
613.263
613.349
613.434
613.519
613.605
613.69
613.775
613.86
613.945
614.029
614.114
614.198
614.283
614.367
614.451
614.535
614.619
614.703
614.787
614.871
614.954
615.038
615.121
615.204
615.288
615.371
615.453
615.536
615.619
615.701
615.784
615.866
615.948
616.03
616.112
616.194
616.276
616.357
616.439
616.52
616.602
616.683
616.764
616.845
616.925
617.006
617.087
617.167
617.248
617.328
617.408
617.488
617.568
617.648
617.728
617.808
617.888
617.967
618.047
618.126
618.206
618.285
618.364
618.443
618.522
618.601
618.68
618.759
618.837
618.916
618.995
619.073
619.151
619.23
619.308
619.386
619.464
619.542
619.62
619.697
619.775
619.853
619.93
620.007
620.085
620.162
620.239
620.316
620.393
620.47
620.547
620.624
620.7
620.777
620.853
620.93
621.006
621.082
621.159
621.235
621.311
621.386
621.462
621.538
621.614
621.689
621.764
621.84
621.915
621.99
622.065
622.14
622.215
622.289
622.364
622.438
622.513
622.587
622.661
622.735
622.809
622.883
622.957
623.031
623.104
623.178
623.251
623.325
623.398
623.471
623.544
623.617
623.689
623.762
623.835
623.907
623.979
624.052
624.124
624.196
624.268
624.34
624.411
624.483
624.554
624.626
624.697
624.768
624.84
624.911
624.982
625.052
625.123
625.194
625.265
625.335
625.405
625.476
625.546
625.616
625.686
625.756
625.826
625.896
625.966
626.036
626.105
626.175
626.244
626.314
626.383
626.452
626.521
626.59
626.659
626.728
626.797
626.866
626.935
627.003
627.072
627.14
627.209
627.277
627.345
627.413
627.482
627.55
627.618
627.686
627.753
627.821
627.889
627.956
628.024
628.091
628.159
628.226
628.293
628.36
628.427
628.494
628.561
628.628
628.695
628.761
628.828
628.894
628.961
629.027
629.093
629.16
629.226
629.292
629.358
629.423
629.489
629.555
629.62
629.686
629.751
629.816
629.881
629.946
630.011
630.076
630.14
630.205
630.269
630.334
630.398
630.462
630.526
630.59
630.654
630.718
630.781
630.845
630.908
630.971
631.034
631.097
631.16
631.223
631.286
631.349
631.411
631.473
631.536
631.598
631.66
631.722
631.784
631.846
631.908
631.969
632.031
632.092
632.154
632.215
632.276
632.337
632.398
632.459
632.519
632.58
632.64
632.701
632.761
632.821
632.881
632.941
633.001
633.061
633.12
633.18
633.239
633.298
633.357
633.417
633.475
633.534
633.593
633.652
633.71
633.769
633.827
633.885
633.943
634.001
634.059
634.117
634.175
634.232
634.29
634.347
634.405
634.462
634.519
634.576
634.633
634.689
634.746
634.803
634.859
634.915
634.972
635.028
635.084
635.14
635.195
635.251
635.307
635.362
635.417
635.473
635.528
635.583
635.638
635.693
635.748
635.802
635.857
635.911
635.966
636.02
636.074
636.128
636.182
636.236
636.29
636.343
636.397
636.45
636.504
636.557
636.61
636.663
636.716
636.769
636.822
636.875
636.927
636.98
637.032
637.084
637.136
637.188
637.24
637.292
637.344
637.396
637.447
637.499
637.55
637.601
637.652
637.703
637.754
637.805
637.856
637.907
637.957
638.008
638.058
638.108
638.159
638.209
638.259
638.309
638.358
638.408
638.458
638.507
638.557
638.606
638.655
638.704
638.753
638.802
638.851
638.9
638.948
638.997
639.045
639.093
639.141
639.189
639.237
639.285
639.333
639.381
639.428
639.475
639.523
639.57
639.617
639.664
639.71
639.757
639.804
639.85
639.896
639.943
639.989
640.035
640.081
640.127
640.172
640.218
640.264
640.309
640.354
640.399
640.445
640.49
640.534
640.579
640.624
640.668
640.713
640.757
640.802
640.846
640.89
640.934
640.978
641.021
641.065
641.108
641.152
641.195
641.238
641.281
641.324
641.367
641.41
641.452
641.495
641.537
641.58
641.622
641.664
641.706
641.748
641.79
641.831
641.873
641.914
641.956
641.997
642.038
642.079
642.12
642.16
642.201
642.242
642.282
642.322
642.363
642.403
642.443
642.483
642.523
642.563
642.603
642.642
642.682
642.721
642.761
642.8
642.839
642.878
642.917
642.956
642.995
643.033
643.072
643.11
643.149
643.187
643.225
643.263
643.301
643.339
643.377
643.414
643.452
643.489
643.527
643.564
643.601
643.638
643.675
643.712
643.749
643.785
643.822
643.858
643.895
643.931
643.967
644.003
644.039
644.075
644.111
644.146
644.182
644.217
644.253
644.288
644.323
644.358
644.393
644.428
644.463
644.497
644.532
644.566
644.6
644.635
644.669
644.703
644.736
644.77
644.804
644.838
644.871
644.904
644.938
644.971
645.004
645.037
645.069
645.102
645.135
645.167
645.199
645.232
645.264
645.296
645.328
645.36
645.391
645.423
645.454
645.486
645.517
645.548
645.579
645.61
645.641
645.672
645.703
645.733
645.764
645.794
645.825
645.855
645.885
645.915
645.945
645.975
646.004
646.034
646.063
646.093
646.122
646.151
646.18
646.209
646.238
646.267
646.296
646.324
646.353
646.381
646.409
646.438
646.466
646.494
646.522
646.549
646.577
646.605
646.632
646.66
646.687
646.714
646.742
646.769
646.796
646.823
646.849
646.876
646.903
646.929
646.956
646.982
647.009
647.035
647.061
647.087
647.113
647.139
647.165
647.19
647.216
647.241
647.267
647.292
647.317
647.342
647.367
647.392
647.416
647.441
647.466
647.49
647.514
647.539
647.563
647.587
647.61
647.634
647.658
647.681
647.705
647.728
647.751
647.774
647.797
647.819
647.842
647.865
647.887
647.909
647.931
647.954
647.975
647.997
648.019
648.041
648.062
648.083
648.105
648.126
648.147
648.168
648.188
648.209
648.23
648.25
648.27
648.291
648.311
648.331
648.351
648.37
648.39
648.41
648.429
648.448
648.467
648.487
648.505
648.524
648.543
648.561
648.58
648.598
648.616
648.635
648.653
648.67
648.688
648.706
648.723
648.741
648.758
648.775
648.793
648.81
648.827
648.844
648.861
648.877
648.894
648.91
648.927
648.943
648.96
648.976
648.992
649.008
649.024
649.04
649.056
649.072
649.088
649.103
649.119
649.134
649.15
649.165
649.18
649.195
649.21
649.225
649.24
649.255
649.269
649.284
649.299
649.313
649.327
649.342
649.356
649.37
649.384
649.398
649.412
649.426
649.44
649.453
649.467
649.48
649.494
649.507
649.52
649.533
649.546
649.559
649.572
649.585
649.598
649.611
649.623
649.636
649.648
649.66
649.673
649.685
649.697
649.709
649.721
649.733
649.745
649.757
649.768
649.78
649.791
649.803
649.814
649.826
649.837
649.848
649.859
649.87
649.881
649.892
649.903
649.913
649.924
649.934
649.945
649.955
649.965
649.975
649.986
649.996
650.005
650.015
650.025
650.035
650.044
650.054
650.063
650.073
650.082
650.091
650.101
650.11
650.119
650.128
650.136
650.145
650.154
650.162
650.171
650.179
650.187
650.196
650.204
650.212
650.22
650.228
650.236
650.243
650.251
650.258
650.266
650.273
650.281
650.288
650.295
650.302
650.309
650.316
650.322
650.329
650.336
650.342
650.348
650.355
650.361
650.367
650.373
650.379
650.384
650.39
650.396
650.401
650.406
650.412
650.417
650.422
650.427
650.432
650.436
650.441
650.445
650.45
650.454
650.458
650.462
650.466
650.47
650.474
650.477
650.481
650.484
650.488
650.491
650.494
650.497
650.5
650.502
650.505
650.508
650.51
650.512
650.515
650.517
650.519
650.521
650.523
650.524
650.526
650.528
650.529
650.53
650.531
650.532
650.533
650.534
650.535
650.536
650.536
650.536
650.537
650.537
650.537
650.537
