1 0.987918 0.987918
2 0.986302 1.97422
3 0.984686 2.95891
4 0.983075 3.94198
5 0.981467 4.92345
6 0.979859 5.90331
7 0.978252 6.88156
8 0.976648 7.85821
9 0.975047 8.83326
10 0.97345 9.80671
11 0.971854 10.7786
12 0.970263 11.7488
13 0.968674 12.7175
14 0.967089 13.6846
15 0.965506 14.6501
16 0.963926 15.614
17 0.96235 16.5764
18 0.960773 17.5371
19 0.959199 18.4963
20 0.957627 19.454
21 0.956059 20.41
22 0.954494 21.3645
23 0.952932 22.3175
24 0.95137 23.2688
25 0.94981 24.2186
26 0.948254 25.1669
27 0.946699 26.1136
28 0.94515 27.0587
29 0.943605 28.0023
30 0.942064 28.9444
31 0.940523 29.8849
32 0.938986 30.8239
33 0.937451 31.7614
34 0.935918 32.6973
35 0.934387 33.6317
36 0.932859 34.5645
37 0.931335 35.4959
38 0.929812 36.4257
39 0.92829 37.354
40 0.926772 38.2807
41 0.925256 39.206
42 0.923744 40.1297
43 0.922237 41.052
44 0.920732 41.9727
45 0.91923 42.8919
46 0.917734 43.8097
47 0.916238 44.7259
48 0.914743 45.6407
49 0.913249 46.5539
50 0.911759 47.4657
51 0.910269 48.3759
52 0.908784 49.2847
53 0.907297 50.192
54 0.905813 51.0978
55 0.904335 52.0022
56 0.902858 52.905
57 0.901384 53.8064
58 0.899913 54.7063
59 0.898446 55.6048
60 0.896983 56.5017
61 0.895524 57.3973
62 0.894069 58.2913
63 0.892616 59.184
64 0.891165 60.0751
65 0.889716 60.9648
66 0.88827 61.8531
67 0.886827 62.7399
68 0.885388 63.6253
69 0.883951 64.5093
70 0.882516 65.3918
71 0.881086 66.2729
72 0.879657 67.1525
73 0.878229 68.0308
74 0.876806 68.9076
75 0.875386 69.7829
76 0.873968 70.6569
77 0.872554 71.5295
78 0.871144 72.4006
79 0.869737 73.2704
80 0.868331 74.1387
81 0.866927 75.0056
82 0.865523 75.8711
83 0.864123 76.7353
84 0.862726 77.598
85 0.861331 78.4593
86 0.859937 79.3192
87 0.858548 80.1778
88 0.857162 81.035
89 0.855778 81.8907
90 0.854398 82.7451
91 0.853022 83.5982
92 0.851648 84.4498
93 0.850275 85.3001
94 0.848904 86.149
95 0.847538 86.9965
96 0.846176 87.8427
97 0.844817 88.6875
98 0.843465 89.531
99 0.842115 90.3731
100 0.840767 91.2139
101 0.839422 92.0533
102 0.83808 92.8914
103 0.836741 93.7281
104 0.835403 94.5635
105 0.83407 95.3976
106 0.832737 96.2303
107 0.831407 97.0617
108 0.830079 97.8918
109 0.828752 98.7206
110 0.827427 99.548
111 0.826107 100.374
112 0.824787 101.199
113 0.823468 102.022
114 0.822153 102.844
115 0.820839 103.665
116 0.819527 104.485
117 0.81822 105.303
118 0.816916 106.12
119 0.815612 106.936
120 0.814311 107.75
121 0.813012 108.563
122 0.811714 109.375
123 0.810418 110.185
124 0.809123 110.994
125 0.80783 111.802
126 0.806538 112.609
127 0.80525 113.414
128 0.803965 114.218
129 0.802685 115.02
130 0.801407 115.822
131 0.800128 116.622
132 0.798847 117.421
133 0.797567 118.218
134 0.796289 119.015
135 0.795012 119.81
136 0.793739 120.603
137 0.792469 121.396
138 0.7912 122.187
139 0.789931 122.977
140 0.788664 123.766
141 0.7874 124.553
142 0.786134 125.339
143 0.784871 126.124
144 0.783612 126.908
145 0.782354 127.69
146 0.781097 128.471
147 0.77984 129.251
148 0.778584 130.03
149 0.777333 130.807
150 0.776085 131.583
151 0.774835 132.358
152 0.77359 133.131
153 0.772344 133.904
154 0.7711 134.675
155 0.769858 135.445
156 0.768618 136.213
157 0.767381 136.981
158 0.766148 137.747
159 0.764919 138.512
160 0.763694 139.276
161 0.76247 140.038
162 0.761246 140.799
163 0.760024 141.559
164 0.758805 142.318
165 0.757591 143.076
166 0.756378 143.832
167 0.755168 144.587
168 0.753958 145.341
169 0.752752 146.094
170 0.751546 146.845
171 0.75034 147.596
172 0.749137 148.345
173 0.747936 149.093
174 0.746736 149.84
175 0.745536 150.585
176 0.744339 151.329
177 0.743145 152.073
178 0.741956 152.815
179 0.740771 153.555
180 0.739589 154.295
181 0.738409 155.033
182 0.737231 155.771
183 0.736058 156.507
184 0.734886 157.242
185 0.733718 157.975
186 0.732553 158.708
187 0.731389 159.439
188 0.730226 160.169
189 0.729064 160.898
190 0.727903 161.626
191 0.726744 162.353
192 0.725589 163.079
193 0.724438 163.803
194 0.723289 164.526
195 0.722147 165.249
196 0.721007 165.97
197 0.719868 166.689
198 0.718733 167.408
199 0.7176 168.126
200 0.716468 168.842
201 0.715338 169.558
202 0.71421 170.272
203 0.713085 170.985
204 0.71196 171.697
205 0.710838 172.408
206 0.709714 173.117
207 0.708592 173.826
208 0.70747 174.533
209 0.706351 175.24
210 0.705236 175.945
211 0.704124 176.649
212 0.703013 177.352
213 0.701902 178.054
214 0.700794 178.755
215 0.699691 179.455
216 0.698591 180.153
217 0.697489 180.851
218 0.696389 181.547
219 0.695287 182.242
220 0.694189 182.937
221 0.693092 183.63
222 0.691998 184.322
223 0.690905 185.013
224 0.689812 185.702
225 0.688719 186.391
226 0.687625 187.079
227 0.686534 187.765
228 0.685447 188.451
229 0.684361 189.135
230 0.683278 189.818
231 0.682197 190.5
232 0.681119 191.182
233 0.680044 191.862
234 0.678968 192.541
235 0.67789 193.219
236 0.676814 193.895
237 0.675738 194.571
238 0.674663 195.246
239 0.67359 195.919
240 0.672519 196.592
241 0.671449 197.263
242 0.670378 197.934
243 0.669308 198.603
244 0.668237 199.271
245 0.667168 199.938
246 0.666099 200.604
247 0.665031 201.269
248 0.663965 201.933
249 0.662898 202.596
250 0.661834 203.258
251 0.660771 203.919
252 0.659711 204.579
253 0.658653 205.237
254 0.657595 205.895
255 0.65654 206.551
256 0.655488 207.207
257 0.654437 207.861
258 0.653389 208.515
259 0.652344 209.167
260 0.651298 209.818
261 0.650253 210.469
262 0.64921 211.118
263 0.64817 211.766
264 0.647132 212.413
265 0.646094 213.059
266 0.645057 213.704
267 0.644025 214.348
268 0.642993 214.991
269 0.641963 215.633
270 0.640935 216.274
271 0.639909 216.914
272 0.638883 217.553
273 0.637859 218.191
274 0.636838 218.828
275 0.635816 219.464
276 0.634797 220.098
277 0.633779 220.732
278 0.632762 221.365
279 0.631745 221.997
280 0.630731 222.627
281 0.629719 223.257
282 0.628709 223.886
283 0.627702 224.513
284 0.626697 225.14
285 0.625696 225.766
286 0.624696 226.391
287 0.623695 227.014
288 0.622696 227.637
289 0.6217 228.259
290 0.620704 228.879
291 0.619712 229.499
292 0.618724 230.118
293 0.617738 230.736
294 0.616757 231.352
295 0.615779 231.968
296 0.614801 232.583
297 0.613823 233.197
298 0.612846 233.81
299 0.611872 234.421
300 0.6109 235.032
301 0.609931 235.642
302 0.608958 236.251
303 0.607988 236.859
304 0.607018 237.466
305 0.60605 238.072
306 0.605087 238.677
307 0.604126 239.281
308 0.603165 239.885
309 0.602206 240.487
310 0.601248 241.088
311 0.600293 241.688
312 0.599339 242.288
313 0.598385 242.886
314 0.59743 243.484
315 0.596478 244.08
316 0.595526 244.676
317 0.594576 245.27
318 0.593628 245.864
319 0.59268 246.456
320 0.591733 247.048
321 0.590787 247.639
322 0.58984 248.229
323 0.588896 248.818
324 0.587953 249.406
325 0.587011 249.993
326 0.58607 250.579
327 0.585127 251.164
328 0.584183 251.748
329 0.583239 252.331
330 0.5823 252.914
331 0.581364 253.495
332 0.580429 254.075
333 0.579495 254.655
334 0.578564 255.233
335 0.577631 255.811
336 0.576698 256.388
337 0.575769 256.964
338 0.574838 257.538
339 0.573909 258.112
340 0.572982 258.685
341 0.572058 259.257
342 0.571135 259.828
343 0.570215 260.399
344 0.569299 260.968
345 0.568382 261.536
346 0.567468 262.104
347 0.566556 262.67
348 0.565646 263.236
349 0.564734 263.801
350 0.563823 264.365
351 0.562914 264.927
352 0.562007 265.49
353 0.561105 266.051
354 0.560206 266.611
355 0.559312 267.17
356 0.558417 267.729
357 0.557525 268.286
358 0.556634 268.843
359 0.555745 269.398
360 0.554853 269.953
361 0.553963 270.507
362 0.553075 271.06
363 0.552191 271.613
364 0.551311 272.164
365 0.550434 272.714
366 0.549559 273.264
367 0.548685 273.813
368 0.547814 274.36
369 0.546944 274.907
370 0.546077 275.453
371 0.545211 275.999
372 0.544342 276.543
373 0.543477 277.086
374 0.542612 277.629
375 0.541749 278.171
376 0.540888 278.712
377 0.540032 279.252
378 0.539179 279.791
379 0.538329 280.329
380 0.537478 280.867
381 0.53663 281.403
382 0.535785 281.939
383 0.534941 282.474
384 0.534097 283.008
385 0.533254 283.541
386 0.532412 284.074
387 0.531569 284.605
388 0.530729 285.136
389 0.52989 285.666
390 0.529051 286.195
391 0.528213 286.723
392 0.527377 287.251
393 0.526544 287.777
394 0.525715 288.303
395 0.524888 288.828
396 0.524062 289.352
397 0.523237 289.875
398 0.522413 290.397
399 0.521592 290.919
400 0.520772 291.44
401 0.519953 291.96
402 0.519138 292.479
403 0.518324 292.997
404 0.517507 293.515
405 0.516694 294.031
406 0.51588 294.547
407 0.515064 295.062
408 0.514248 295.577
409 0.513433 296.09
410 0.51262 296.603
411 0.511809 297.114
412 0.510998 297.625
413 0.510187 298.136
414 0.509377 298.645
415 0.508567 299.154
416 0.507758 299.661
417 0.506949 300.168
418 0.506143 300.674
419 0.50534 301.18
420 0.50454 301.684
421 0.50374 302.188
422 0.502942 302.691
423 0.502148 303.193
424 0.501351 303.695
425 0.500555 304.195
426 0.499761 304.695
427 0.498968 305.194
428 0.498175 305.692
429 0.497385 306.189
430 0.496596 306.686
431 0.495808 307.182
432 0.495018 307.677
433 0.494227 308.171
434 0.493438 308.664
435 0.492648 309.157
436 0.491859 309.649
437 0.49107 310.14
438 0.490284 310.63
439 0.489495 311.12
440 0.488708 311.609
441 0.487921 312.096
442 0.487136 312.584
443 0.486354 313.07
444 0.485573 313.556
445 0.484791 314.04
446 0.484011 314.524
447 0.48323 315.008
448 0.482452 315.49
449 0.481676 315.972
450 0.480898 316.453
451 0.480119 316.933
452 0.47934 317.412
453 0.478564 317.891
454 0.477789 318.368
455 0.477015 318.845
456 0.476242 319.322
457 0.475471 319.797
458 0.474699 320.272
459 0.473931 320.746
460 0.473163 321.219
461 0.472397 321.691
462 0.47163 322.163
463 0.470865 322.634
464 0.4701 323.104
465 0.469339 323.573
466 0.468579 324.042
467 0.467821 324.51
468 0.467064 324.977
469 0.466309 325.443
470 0.465557 325.909
471 0.464804 326.373
472 0.464052 326.837
473 0.463299 327.301
474 0.462543 327.763
475 0.46179 328.225
476 0.46104 328.686
477 0.460293 329.146
478 0.459548 329.606
479 0.458806 330.065
480 0.458063 330.523
481 0.457324 330.98
482 0.456588 331.437
483 0.455855 331.893
484 0.455122 332.348
485 0.454392 332.802
486 0.453664 333.256
487 0.452936 333.709
488 0.452209 334.161
489 0.451483 334.612
490 0.45076 335.063
491 0.45004 335.513
492 0.44932 335.962
493 0.448602 336.411
494 0.447884 336.859
495 0.447167 337.306
496 0.446452 337.753
497 0.44574 338.198
498 0.445031 338.643
499 0.444324 339.088
500 0.443614 339.531
501 0.442906 339.974
502 0.442199 340.416
503 0.441493 340.858
504 0.440785 341.299
505 0.440081 341.739
506 0.439376 342.178
507 0.438673 342.617
508 0.437974 343.055
509 0.437277 343.492
510 0.436583 343.929
511 0.435891 344.365
512 0.435203 344.8
513 0.434516 345.234
514 0.43383 345.668
515 0.433145 346.101
516 0.432463 346.534
517 0.431782 346.965
518 0.431099 347.397
519 0.430417 347.827
520 0.429736 348.257
521 0.429056 348.686
522 0.428377 349.114
523 0.427698 349.542
524 0.427021 349.969
525 0.426347 350.395
526 0.425672 350.821
527 0.425 351.246
528 0.424329 351.67
529 0.423659 352.094
530 0.422986 352.517
531 0.422314 352.939
532 0.421645 353.361
533 0.420975 353.782
534 0.420306 354.202
535 0.419638 354.622
536 0.41897 355.041
537 0.418305 355.459
538 0.41764 355.877
539 0.416978 356.294
540 0.416318 356.71
541 0.415659 357.126
542 0.415003 357.541
543 0.41435 357.955
544 0.413701 358.369
545 0.413053 358.782
546 0.412402 359.194
547 0.411751 359.606
548 0.411104 360.017
549 0.41046 360.427
550 0.40982 360.837
551 0.40918 361.246
552 0.408539 361.655
553 0.407901 362.063
554 0.407264 362.47
555 0.406627 362.877
556 0.40599 363.283
557 0.405351 363.688
558 0.404711 364.093
559 0.404069 364.497
560 0.40343 364.9
561 0.402789 365.303
562 0.40215 365.705
563 0.401511 366.107
564 0.400872 366.508
565 0.400235 366.908
566 0.399599 367.307
567 0.398964 367.706
568 0.398331 368.105
569 0.397699 368.502
570 0.397069 368.9
571 0.396438 369.296
572 0.395803 369.692
573 0.395169 370.087
574 0.394534 370.481
575 0.393902 370.875
576 0.393271 371.269
577 0.392641 371.661
578 0.392009 372.053
579 0.391378 372.445
580 0.390749 372.835
581 0.390119 373.226
582 0.389489 373.615
583 0.388864 374.004
584 0.388239 374.392
585 0.387615 374.78
586 0.38699 375.167
587 0.386366 375.553
588 0.385743 375.939
589 0.385121 376.324
590 0.384499 376.708
591 0.383879 377.092
592 0.38326 377.476
593 0.382642 377.858
594 0.382025 378.24
595 0.381408 378.622
596 0.380794 379.002
597 0.38018 379.383
598 0.379566 379.762
599 0.378955 380.141
600 0.378346 380.52
601 0.377739 380.897
602 0.377133 381.274
603 0.376528 381.651
604 0.375925 382.027
605 0.375322 382.402
606 0.374718 382.777
607 0.374117 383.151
608 0.37352 383.525
609 0.372923 383.897
610 0.372329 384.27
611 0.371737 384.642
612 0.371144 385.013
613 0.370551 385.383
614 0.369957 385.753
615 0.369364 386.123
616 0.368774 386.491
617 0.368184 386.86
618 0.367592 387.227
619 0.367 387.594
620 0.36641 387.961
621 0.36582 388.326
622 0.365233 388.692
623 0.364645 389.056
624 0.364059 389.42
625 0.363474 389.784
626 0.36289 390.147
627 0.362305 390.509
628 0.361724 390.871
629 0.361144 391.232
630 0.360565 391.592
631 0.359984 391.952
632 0.359402 392.312
633 0.358823 392.671
634 0.358246 393.029
635 0.35767 393.386
636 0.357095 393.744
637 0.356521 394.1
638 0.355947 394.456
639 0.355371 394.811
640 0.354796 395.166
641 0.354224 395.52
642 0.353652 395.874
643 0.353082 396.227
644 0.35251 396.58
645 0.351941 396.932
646 0.351375 397.283
647 0.350808 397.634
648 0.350243 397.984
649 0.349677 398.334
650 0.34911 398.683
651 0.348545 399.031
652 0.347983 399.379
653 0.347422 399.727
654 0.34686 400.074
655 0.346299 400.42
656 0.345739 400.766
657 0.345175 401.111
658 0.344611 401.455
659 0.344048 401.8
660 0.343483 402.143
661 0.34292 402.486
662 0.342358 402.828
663 0.341795 403.17
664 0.341233 403.511
665 0.340669 403.852
666 0.340105 404.192
667 0.339541 404.532
668 0.338977 404.871
669 0.338413 405.209
670 0.337847 405.547
671 0.337283 405.884
672 0.336722 406.221
673 0.336164 406.557
674 0.335606 406.893
675 0.335049 407.228
676 0.334493 407.562
677 0.333936 407.896
678 0.333383 408.23
679 0.332829 408.562
680 0.332279 408.895
681 0.331727 409.226
682 0.331179 409.558
683 0.330634 409.888
684 0.33009 410.218
685 0.329546 410.548
686 0.329004 410.877
687 0.328461 411.205
688 0.327922 411.533
689 0.327385 411.861
690 0.326847 412.187
691 0.326306 412.514
692 0.325767 412.839
693 0.325229 413.165
694 0.324691 413.489
695 0.324154 413.814
696 0.323616 414.137
697 0.323081 414.46
698 0.322551 414.783
699 0.322021 415.105
700 0.321491 415.426
701 0.320961 415.747
702 0.320431 416.068
703 0.319903 416.388
704 0.319374 416.707
705 0.318843 417.026
706 0.318314 417.344
707 0.317787 417.662
708 0.317263 417.979
709 0.316741 418.296
710 0.316221 418.612
711 0.315706 418.928
712 0.315189 419.243
713 0.314674 419.558
714 0.31416 419.872
715 0.313647 420.186
716 0.313134 420.499
717 0.312624 420.811
718 0.312112 421.123
719 0.3116 421.435
720 0.31109 421.746
721 0.310578 422.057
722 0.310069 422.367
723 0.30956 422.676
724 0.309052 422.985
725 0.308545 423.294
726 0.308042 423.602
727 0.307538 423.909
728 0.307035 424.217
729 0.306532 424.523
730 0.306027 424.829
731 0.305523 425.135
732 0.305019 425.44
733 0.304516 425.744
734 0.30401 426.048
735 0.303505 426.352
736 0.303002 426.655
737 0.302499 426.957
738 0.301999 427.259
739 0.301501 427.561
740 0.301005 427.862
741 0.300509 428.162
742 0.300016 428.462
743 0.299523 428.762
744 0.299031 429.061
745 0.29854 429.359
746 0.298044 429.657
747 0.297551 429.955
748 0.297062 430.252
749 0.296573 430.549
750 0.296083 430.845
751 0.295594 431.14
752 0.295106 431.435
753 0.294619 431.73
754 0.294133 432.024
755 0.293649 432.318
756 0.293168 432.611
757 0.292687 432.904
758 0.292204 433.196
759 0.291721 433.487
760 0.291239 433.779
761 0.290759 434.069
762 0.290281 434.36
763 0.289805 434.65
764 0.289331 434.939
765 0.288857 435.228
766 0.288382 435.516
767 0.287906 435.804
768 0.287432 436.091
769 0.28696 436.378
770 0.286486 436.665
771 0.286013 436.951
772 0.285541 437.236
773 0.285071 437.522
774 0.2846 437.806
775 0.284126 438.09
776 0.283655 438.374
777 0.283183 438.657
778 0.282712 438.94
779 0.282242 439.222
780 0.281771 439.504
781 0.2813 439.785
782 0.280833 440.066
783 0.280364 440.346
784 0.279896 440.626
785 0.279429 440.906
786 0.278963 441.185
787 0.278498 441.463
788 0.278034 441.741
789 0.277569 442.019
790 0.277104 442.296
791 0.276638 442.572
792 0.276174 442.849
793 0.275712 443.124
794 0.275251 443.4
795 0.274795 443.674
796 0.274341 443.949
797 0.273888 444.223
798 0.273437 444.496
799 0.272987 444.769
800 0.272537 445.042
801 0.272086 445.314
802 0.271635 445.585
803 0.271185 445.856
804 0.270735 446.127
805 0.270285 446.397
806 0.269838 446.667
807 0.269392 446.937
808 0.268948 447.206
809 0.268506 447.474
810 0.268066 447.742
811 0.267627 448.01
812 0.26719 448.277
813 0.266755 448.544
814 0.26632 448.81
815 0.265885 449.076
816 0.265452 449.341
817 0.265021 449.606
818 0.264591 449.871
819 0.264163 450.135
820 0.263737 450.399
821 0.263311 450.662
822 0.262886 450.925
823 0.262462 451.188
824 0.26204 451.45
825 0.26162 451.711
826 0.261202 451.973
827 0.260785 452.233
828 0.260367 452.494
829 0.259952 452.754
830 0.259537 453.013
831 0.259121 453.272
832 0.258707 453.531
833 0.258295 453.789
834 0.257883 454.047
835 0.257472 454.305
836 0.257062 454.562
837 0.256653 454.818
838 0.256243 455.075
839 0.255831 455.33
840 0.255422 455.586
841 0.255013 455.841
842 0.254607 456.095
843 0.254201 456.35
844 0.253793 456.603
845 0.253384 456.857
846 0.252974 457.11
847 0.252565 457.362
848 0.252157 457.615
849 0.25175 457.866
850 0.251346 458.118
851 0.250942 458.369
852 0.250538 458.619
853 0.250135 458.869
854 0.249731 459.119
855 0.249327 459.368
856 0.248924 459.617
857 0.248521 459.866
858 0.248119 460.114
859 0.247717 460.362
860 0.247317 460.609
861 0.24692 460.856
862 0.246523 461.102
863 0.246128 461.348
864 0.245733 461.594
865 0.245336 461.84
866 0.24494 462.084
867 0.244543 462.329
868 0.244147 462.573
869 0.243754 462.817
870 0.243362 463.06
871 0.242969 463.303
872 0.242576 463.546
873 0.242186 463.788
874 0.241797 464.03
875 0.241413 464.271
876 0.241032 464.512
877 0.240649 464.753
878 0.240266 464.993
879 0.239886 465.233
880 0.239506 465.473
881 0.239129 465.712
882 0.238752 465.95
883 0.238377 466.189
884 0.238002 466.427
885 0.237628 466.664
886 0.237254 466.902
887 0.236882 467.139
888 0.236513 467.375
889 0.236145 467.611
890 0.23578 467.847
891 0.235415 468.082
892 0.23505 468.317
893 0.234686 468.552
894 0.234319 468.787
895 0.233949 469.02
896 0.233578 469.254
897 0.233209 469.487
898 0.23284 469.72
899 0.232471 469.953
900 0.232103 470.185
901 0.231737 470.416
902 0.231373 470.648
903 0.231009 470.879
904 0.230649 471.109
905 0.230292 471.34
906 0.229936 471.57
907 0.229582 471.799
908 0.22923 472.028
909 0.228876 472.257
910 0.228521 472.486
911 0.228165 472.714
912 0.22781 472.942
913 0.227454 473.169
914 0.227102 473.396
915 0.226751 473.623
916 0.226402 473.85
917 0.226054 474.076
918 0.22571 474.301
919 0.225366 474.527
920 0.225024 474.752
921 0.224682 474.976
922 0.224338 475.201
923 0.223995 475.425
924 0.223649 475.648
925 0.223301 475.872
926 0.222957 476.095
927 0.222611 476.317
928 0.222267 476.539
929 0.221923 476.761
930 0.221579 476.983
931 0.221235 477.204
932 0.220893 477.425
933 0.220554 477.646
934 0.220214 477.866
935 0.219876 478.086
936 0.219542 478.305
937 0.219206 478.525
938 0.218871 478.743
939 0.218535 478.962
940 0.218197 479.18
941 0.217859 479.398
942 0.217523 479.616
943 0.217189 479.833
944 0.216854 480.05
945 0.21652 480.266
946 0.216185 480.482
947 0.215851 480.698
948 0.215519 480.914
949 0.215186 481.129
950 0.214854 481.344
951 0.214523 481.558
952 0.214193 481.772
953 0.213864 481.986
954 0.213536 482.2
955 0.21321 482.413
956 0.212884 482.626
957 0.21256 482.838
958 0.212235 483.051
959 0.211912 483.263
960 0.211589 483.474
961 0.211266 483.685
962 0.210944 483.896
963 0.210623 484.107
964 0.210305 484.317
965 0.209986 484.527
966 0.209669 484.737
967 0.209354 484.946
968 0.209039 485.155
969 0.208725 485.364
970 0.208409 485.572
971 0.208093 485.781
972 0.207778 485.988
973 0.207464 486.196
974 0.207152 486.403
975 0.206841 486.61
976 0.206531 486.816
977 0.206222 487.023
978 0.205915 487.228
979 0.205609 487.434
980 0.205302 487.639
981 0.204997 487.844
982 0.204691 488.049
983 0.204385 488.253
984 0.204078 488.458
985 0.203772 488.661
986 0.203463 488.865
987 0.203155 489.068
988 0.202845 489.271
989 0.202536 489.473
990 0.202228 489.676
991 0.201921 489.877
992 0.201614 490.079
993 0.201307 490.28
994 0.201002 490.481
995 0.200699 490.682
996 0.2004 490.882
997 0.200101 491.083
998 0.199803 491.282
999 0.199506 491.482
1000 0.19921 491.681
1001 0.198914 491.88
1002 0.198618 492.079
1003 0.198322 492.277
1004 0.198027 492.475
1005 0.197732 492.673
1006 0.19744 492.87
1007 0.197152 493.067
1008 0.196864 493.264
1009 0.196578 493.461
1010 0.196292 493.657
1011 0.196006 493.853
1012 0.195719 494.049
1013 0.19543 494.244
1014 0.195144 494.439
1015 0.194859 494.634
1016 0.194574 494.829
1017 0.194289 495.023
1018 0.194005 495.217
1019 0.193724 495.411
1020 0.193446 495.604
1021 0.193172 495.797
1022 0.192897 495.99
1023 0.192625 496.183
1024 0.192351 496.375
1025 0.192076 496.567
1026 0.191802 496.759
1027 0.191529 496.951
1028 0.191256 497.142
1029 0.190984 497.333
1030 0.190714 497.524
1031 0.190444 497.714
1032 0.190176 497.904
1033 0.18991 498.094
1034 0.189645 498.284
1035 0.189379 498.473
1036 0.189115 498.662
1037 0.18885 498.851
1038 0.188587 499.04
1039 0.188324 499.228
1040 0.188061 499.416
1041 0.187801 499.604
1042 0.187542 499.791
1043 0.187283 499.979
1044 0.187022 500.166
1045 0.186762 500.353
1046 0.186501 500.539
1047 0.186242 500.725
1048 0.185983 500.911
1049 0.185726 501.097
1050 0.185469 501.282
1051 0.185215 501.468
1052 0.18496 501.653
1053 0.184708 501.837
1054 0.184455 502.022
1055 0.184201 502.206
1056 0.183948 502.39
1057 0.183695 502.574
1058 0.183442 502.757
1059 0.183191 502.94
1060 0.182938 503.123
1061 0.182686 503.306
1062 0.182435 503.488
1063 0.182185 503.671
1064 0.181935 503.852
1065 0.181683 504.034
1066 0.181431 504.216
1067 0.181175 504.397
1068 0.180922 504.578
1069 0.180668 504.758
1070 0.180414 504.939
1071 0.180161 505.119
1072 0.179908 505.299
1073 0.179654 505.478
1074 0.179401 505.658
1075 0.17915 505.837
1076 0.178898 506.016
1077 0.178649 506.195
1078 0.178395 506.373
1079 0.178141 506.551
1080 0.177892 506.729
1081 0.177643 506.907
1082 0.177395 507.084
1083 0.177146 507.261
1084 0.176894 507.438
1085 0.176642 507.615
1086 0.176392 507.791
1087 0.176142 507.967
1088 0.175892 508.143
1089 0.175639 508.319
1090 0.17539 508.494
1091 0.175143 508.669
1092 0.174893 508.844
1093 0.174641 509.019
1094 0.17439 509.193
1095 0.174138 509.367
1096 0.173887 509.541
1097 0.173636 509.715
1098 0.173384 509.888
1099 0.173134 510.061
1100 0.172885 510.234
1101 0.172637 510.407
1102 0.172387 510.579
1103 0.172136 510.751
1104 0.171887 510.923
1105 0.171639 511.095
1106 0.171393 511.266
1107 0.171144 511.438
1108 0.170896 511.608
1109 0.170647 511.779
1110 0.170397 511.949
1111 0.170149 512.12
1112 0.1699 512.29
1113 0.169652 512.459
1114 0.169406 512.629
1115 0.16916 512.798
1116 0.168913 512.967
1117 0.168664 513.135
1118 0.168412 513.304
1119 0.168159 513.472
1120 0.167909 513.64
1121 0.167659 513.807
1122 0.167407 513.975
1123 0.167155 514.142
1124 0.166902 514.309
1125 0.166651 514.476
1126 0.166402 514.642
1127 0.166152 514.808
1128 0.165904 514.974
1129 0.165657 515.14
1130 0.165411 515.305
1131 0.165164 515.47
1132 0.16492 515.635
1133 0.164676 515.8
1134 0.164435 515.964
1135 0.164197 516.128
1136 0.163961 516.292
1137 0.163727 516.456
1138 0.163493 516.62
1139 0.163258 516.783
1140 0.163025 516.946
1141 0.162793 517.109
1142 0.162565 517.271
1143 0.162335 517.434
1144 0.162106 517.596
1145 0.161877 517.758
1146 0.161649 517.919
1147 0.16142 518.081
1148 0.161191 518.242
1149 0.160962 518.403
1150 0.160732 518.564
1151 0.160503 518.724
1152 0.160275 518.884
1153 0.160044 519.044
1154 0.159816 519.204
1155 0.159588 519.364
1156 0.159366 519.523
1157 0.159144 519.682
1158 0.158926 519.841
1159 0.158706 520
1160 0.158488 520.158
1161 0.158269 520.317
1162 0.158052 520.475
1163 0.157837 520.633
1164 0.157622 520.79
1165 0.15741 520.948
1166 0.157196 521.105
1167 0.156984 521.262
1168 0.15677 521.419
1169 0.156556 521.575
1170 0.156343 521.731
1171 0.15613 521.888
1172 0.155915 522.044
1173 0.155698 522.199
1174 0.155481 522.355
1175 0.155261 522.51
1176 0.15504 522.665
1177 0.15482 522.82
1178 0.1546 522.974
1179 0.154381 523.129
1180 0.154163 523.283
1181 0.153945 523.437
1182 0.153726 523.591
1183 0.153508 523.744
1184 0.153288 523.897
1185 0.153068 524.051
1186 0.152848 524.203
1187 0.15263 524.356
1188 0.152413 524.508
1189 0.152196 524.661
1190 0.151979 524.813
1191 0.15176 524.964
1192 0.151541 525.116
1193 0.151322 525.267
1194 0.151104 525.418
1195 0.150887 525.569
1196 0.150671 525.72
1197 0.150454 525.87
1198 0.150235 526.021
1199 0.150015 526.171
1200 0.149795 526.32
1201 0.149574 526.47
1202 0.149355 526.619
1203 0.149136 526.768
1204 0.148918 526.917
1205 0.148702 527.066
1206 0.148487 527.215
1207 0.148274 527.363
1208 0.148063 527.511
1209 0.147852 527.659
1210 0.147639 527.806
1211 0.147426 527.954
1212 0.147213 528.101
1213 0.146998 528.248
1214 0.146785 528.395
1215 0.14657 528.541
1216 0.146352 528.688
1217 0.146133 528.834
1218 0.145913 528.98
1219 0.145689 529.125
1220 0.145468 529.271
1221 0.145248 529.416
1222 0.145028 529.561
1223 0.14481 529.706
1224 0.144593 529.851
1225 0.144379 529.995
1226 0.144162 530.139
1227 0.143946 530.283
1228 0.143729 530.427
1229 0.143513 530.57
1230 0.1433 530.714
1231 0.143088 530.857
1232 0.142874 531
1233 0.142659 531.142
1234 0.142445 531.285
1235 0.142226 531.427
1236 0.142007 531.569
1237 0.141786 531.711
1238 0.141564 531.852
1239 0.141341 531.994
1240 0.141118 532.135
1241 0.140894 532.276
1242 0.14067 532.416
1243 0.140447 532.557
1244 0.140226 532.697
1245 0.140006 532.837
1246 0.139784 532.977
1247 0.139564 533.116
1248 0.139344 533.256
1249 0.139125 533.395
1250 0.138908 533.534
1251 0.138691 533.672
1252 0.138474 533.811
1253 0.138252 533.949
1254 0.138029 534.087
1255 0.137808 534.225
1256 0.137585 534.363
1257 0.137363 534.5
1258 0.137142 534.637
1259 0.136921 534.774
1260 0.1367 534.911
1261 0.136481 535.047
1262 0.136262 535.183
1263 0.136043 535.319
1264 0.135826 535.455
1265 0.135608 535.591
1266 0.135389 535.726
1267 0.135169 535.861
1268 0.134949 535.996
1269 0.13473 536.131
1270 0.13451 536.266
1271 0.134289 536.4
1272 0.134071 536.534
1273 0.133856 536.668
1274 0.133642 536.801
1275 0.133428 536.935
1276 0.133215 537.068
1277 0.133002 537.201
1278 0.13279 537.334
1279 0.13258 537.466
1280 0.132371 537.599
1281 0.132164 537.731
1282 0.131959 537.863
1283 0.131753 537.995
1284 0.131546 538.126
1285 0.131338 538.258
1286 0.131128 538.389
1287 0.130921 538.52
1288 0.130714 538.65
1289 0.130507 538.781
1290 0.130302 538.911
1291 0.1301 539.041
1292 0.129896 539.171
1293 0.129693 539.301
1294 0.129491 539.43
1295 0.129289 539.56
1296 0.129088 539.689
1297 0.128885 539.818
1298 0.128683 539.946
1299 0.128477 540.075
1300 0.128273 540.203
1301 0.128071 540.331
1302 0.12787 540.459
1303 0.127668 540.587
1304 0.127467 540.714
1305 0.127264 540.841
1306 0.12706 540.968
1307 0.126856 541.095
1308 0.126651 541.222
1309 0.126446 541.348
1310 0.12624 541.475
1311 0.126037 541.601
1312 0.125839 541.727
1313 0.12564 541.852
1314 0.125441 541.978
1315 0.125242 542.103
1316 0.125043 542.228
1317 0.124845 542.353
1318 0.124649 542.477
1319 0.124451 542.602
1320 0.124253 542.726
1321 0.124052 542.85
1322 0.123852 542.974
1323 0.12365 543.098
1324 0.12345 543.221
1325 0.123251 543.344
1326 0.123053 543.467
1327 0.122854 543.59
1328 0.122657 543.713
1329 0.122463 543.835
1330 0.122271 543.958
1331 0.122079 544.08
1332 0.121889 544.202
1333 0.121697 544.323
1334 0.121507 544.445
1335 0.121318 544.566
1336 0.121125 544.687
1337 0.120933 544.808
1338 0.120744 544.929
1339 0.120554 545.05
1340 0.120365 545.17
1341 0.120174 545.29
1342 0.119983 545.41
1343 0.119793 545.53
1344 0.119602 545.649
1345 0.119413 545.769
1346 0.119225 545.888
1347 0.119038 546.007
1348 0.118851 546.126
1349 0.118663 546.245
1350 0.118475 546.363
1351 0.118287 546.481
1352 0.118099 546.599
1353 0.117911 546.717
1354 0.117722 546.835
1355 0.117534 546.953
1356 0.117347 547.07
1357 0.11716 547.187
1358 0.116977 547.304
1359 0.116797 547.421
1360 0.116618 547.538
1361 0.116442 547.654
1362 0.116269 547.77
1363 0.116097 547.886
1364 0.115923 548.002
1365 0.115752 548.118
1366 0.115582 548.234
1367 0.115415 548.349
1368 0.11525 548.464
1369 0.115085 548.579
1370 0.114915 548.694
1371 0.114744 548.809
1372 0.114572 548.924
1373 0.114401 549.038
1374 0.114234 549.152
1375 0.114066 549.266
1376 0.113897 549.38
1377 0.113725 549.494
1378 0.113551 549.607
1379 0.113376 549.721
1380 0.113202 549.834
1381 0.113029 549.947
1382 0.112859 550.06
1383 0.112688 550.173
1384 0.112516 550.285
1385 0.112344 550.397
1386 0.112173 550.51
1387 0.112003 550.622
1388 0.111833 550.733
1389 0.111662 550.845
1390 0.111492 550.957
1391 0.111324 551.068
1392 0.111152 551.179
1393 0.110979 551.29
1394 0.110807 551.401
1395 0.110635 551.512
1396 0.110463 551.622
1397 0.110291 551.732
1398 0.110118 551.842
1399 0.109947 551.952
1400 0.109775 552.062
1401 0.109606 552.172
1402 0.109437 552.281
1403 0.109268 552.39
1404 0.109099 552.5
1405 0.108932 552.608
1406 0.108765 552.717
1407 0.108599 552.826
1408 0.108433 552.934
1409 0.108268 553.043
1410 0.108104 553.151
1411 0.107942 553.259
1412 0.107779 553.366
1413 0.107617 553.474
1414 0.107458 553.581
1415 0.107299 553.689
1416 0.107141 553.796
1417 0.106983 553.903
1418 0.106826 554.01
1419 0.106672 554.116
1420 0.106517 554.223
1421 0.106364 554.329
1422 0.106209 554.435
1423 0.106054 554.542
1424 0.1059 554.647
1425 0.105748 554.753
1426 0.105596 554.859
1427 0.105442 554.964
1428 0.105286 555.069
1429 0.105132 555.175
1430 0.104976 555.28
1431 0.10482 555.384
1432 0.104664 555.489
1433 0.104508 555.594
1434 0.104353 555.698
1435 0.104198 555.802
1436 0.104043 555.906
1437 0.10389 556.01
1438 0.103735 556.114
1439 0.103581 556.217
1440 0.103428 556.321
1441 0.103272 556.424
1442 0.103118 556.527
1443 0.102964 556.63
1444 0.10281 556.733
1445 0.102657 556.836
1446 0.102502 556.938
1447 0.102342 557.04
1448 0.102183 557.143
1449 0.102021 557.245
1450 0.101858 557.347
1451 0.101695 557.448
1452 0.101534 557.55
1453 0.101372 557.651
1454 0.10121 557.752
1455 0.101048 557.853
1456 0.100887 557.954
1457 0.100726 558.055
1458 0.100567 558.156
1459 0.100409 558.256
1460 0.100252 558.356
1461 0.100099 558.456
1462 0.0999473 558.556
1463 0.0997958 558.656
1464 0.0996449 558.756
1465 0.0994974 558.855
1466 0.0993496 558.955
1467 0.0992026 559.054
1468 0.0990542 559.153
1469 0.0989058 559.252
1470 0.0987581 559.35
1471 0.0986095 559.449
1472 0.0984584 559.548
1473 0.0983084 559.646
1474 0.0981587 559.744
1475 0.0980107 559.842
1476 0.0978592 559.94
1477 0.0977089 560.038
1478 0.0975586 560.135
1479 0.0974079 560.233
1480 0.0972556 560.33
1481 0.097101 560.427
1482 0.0969479 560.524
1483 0.0967947 560.621
1484 0.0966433 560.717
1485 0.096495 560.814
1486 0.096346 560.91
1487 0.0961951 561.006
1488 0.0960471 561.102
1489 0.0958977 561.198
1490 0.095747 561.294
1491 0.0955953 561.39
1492 0.0954446 561.485
1493 0.0952932 561.58
1494 0.0951406 561.676
1495 0.0949886 561.77
1496 0.0948373 561.865
1497 0.0946872 561.96
1498 0.0945381 562.055
1499 0.094388 562.149
1500 0.0942364 562.243
1501 0.0940862 562.337
1502 0.0939378 562.431
1503 0.0937896 562.525
1504 0.0936415 562.619
1505 0.0934925 562.712
1506 0.0933449 562.805
1507 0.093198 562.899
1508 0.0930493 562.992
1509 0.0929013 563.085
1510 0.0927571 563.177
1511 0.0926154 563.27
1512 0.0924744 563.362
1513 0.092333 563.455
1514 0.0921929 563.547
1515 0.0920529 563.639
1516 0.0919135 563.731
1517 0.091775 563.823
1518 0.0916383 563.914
1519 0.0915022 564.006
1520 0.0913659 564.097
1521 0.0912284 564.188
1522 0.0910912 564.28
1523 0.0909546 564.371
1524 0.0908193 564.461
1525 0.0906837 564.552
1526 0.0905485 564.643
1527 0.0904131 564.733
1528 0.0902784 564.823
1529 0.0901429 564.913
1530 0.0900071 565.003
1531 0.0898727 565.093
1532 0.0897392 565.183
1533 0.0896046 565.273
1534 0.0894699 565.362
1535 0.0893345 565.451
1536 0.0891981 565.541
1537 0.0890599 565.63
1538 0.0889238 565.719
1539 0.0887884 565.807
1540 0.0886544 565.896
1541 0.0885226 565.985
1542 0.0883935 566.073
1543 0.0882637 566.161
1544 0.0881356 566.249
1545 0.0880092 566.337
1546 0.0878817 566.425
1547 0.087755 566.513
1548 0.0876276 566.601
1549 0.0875022 566.688
1550 0.0873778 566.776
1551 0.0872528 566.863
1552 0.0871288 566.95
1553 0.0870027 567.037
1554 0.0868773 567.124
1555 0.0867498 567.211
1556 0.0866187 567.297
1557 0.0864847 567.384
1558 0.0863546 567.47
1559 0.0862221 567.556
1560 0.0860885 567.642
1561 0.0859555 567.728
1562 0.0858215 567.814
1563 0.0856876 567.9
1564 0.0855543 567.985
1565 0.085421 568.071
1566 0.0852876 568.156
1567 0.0851527 568.241
1568 0.0850156 568.326
1569 0.0848789 568.411
1570 0.0847443 568.496
1571 0.0846091 568.58
1572 0.084473 568.665
1573 0.0843361 568.749
1574 0.084199 568.833
1575 0.0840608 568.918
1576 0.0839217 569.001
1577 0.0837843 569.085
1578 0.0836467 569.169
1579 0.0835076 569.252
1580 0.083367 569.336
1581 0.0832269 569.419
1582 0.0830869 569.502
1583 0.0829488 569.585
1584 0.0828119 569.668
1585 0.0826746 569.75
1586 0.0825344 569.833
1587 0.0823942 569.915
1588 0.0822556 569.998
1589 0.0821172 570.08
1590 0.0819776 570.162
1591 0.0818378 570.244
1592 0.0816968 570.325
1593 0.0815553 570.407
1594 0.0814175 570.488
1595 0.0812824 570.57
1596 0.0811473 570.651
1597 0.0810096 570.732
1598 0.0808709 570.813
1599 0.080732 570.893
1600 0.0805934 570.974
1601 0.0804574 571.054
1602 0.0803232 571.135
1603 0.0801876 571.215
1604 0.0800522 571.295
1605 0.0799162 571.375
1606 0.0797822 571.455
1607 0.0796504 571.534
1608 0.0795182 571.614
1609 0.0793854 571.693
1610 0.0792544 571.772
1611 0.0791243 571.852
1612 0.0789953 571.931
1613 0.0788683 572.009
1614 0.0787409 572.088
1615 0.0786152 572.167
1616 0.0784908 572.245
1617 0.078367 572.324
1618 0.0782421 572.402
1619 0.0781208 572.48
1620 0.0780011 572.558
1621 0.0778787 572.636
1622 0.0777583 572.714
1623 0.077639 572.791
1624 0.0775202 572.869
1625 0.0774025 572.946
1626 0.0772893 573.023
1627 0.0771756 573.101
1628 0.0770638 573.178
1629 0.0769521 573.255
1630 0.0768398 573.332
1631 0.0767266 573.408
1632 0.0766118 573.485
1633 0.0764943 573.561
1634 0.0763774 573.638
1635 0.0762579 573.714
1636 0.0761382 573.79
1637 0.0760193 573.866
1638 0.0759023 573.942
1639 0.0757876 574.018
1640 0.0756715 574.094
1641 0.0755538 574.169
1642 0.0754346 574.244
1643 0.0753132 574.32
1644 0.075196 574.395
1645 0.0750796 574.47
1646 0.0749636 574.545
1647 0.0748446 574.62
1648 0.0747248 574.695
1649 0.0746044 574.769
1650 0.0744846 574.844
1651 0.0743634 574.918
1652 0.0742416 574.992
1653 0.0741208 575.066
1654 0.0740046 575.14
1655 0.073887 575.214
1656 0.073772 575.288
1657 0.0736572 575.362
1658 0.0735427 575.435
1659 0.0734281 575.509
1660 0.0733138 575.582
1661 0.073201 575.655
1662 0.0730895 575.728
1663 0.0729808 575.801
1664 0.0728714 575.874
1665 0.0727611 575.947
1666 0.0726528 576.02
1667 0.072546 576.092
1668 0.0724389 576.165
1669 0.0723329 576.237
1670 0.0722293 576.309
1671 0.0721294 576.381
1672 0.0720309 576.453
1673 0.0719352 576.525
1674 0.0718397 576.597
1675 0.071747 576.669
1676 0.0716529 576.74
1677 0.0715606 576.812
1678 0.0714681 576.884
1679 0.0713757 576.955
1680 0.0712834 577.026
1681 0.0711933 577.097
1682 0.0711022 577.168
1683 0.0710106 577.239
1684 0.0709217 577.31
1685 0.0708335 577.381
1686 0.0707456 577.452
1687 0.070657 577.523
1688 0.070568 577.593
1689 0.07048 577.664
1690 0.0703923 577.734
1691 0.0703039 577.804
1692 0.0702175 577.875
1693 0.0701312 577.945
1694 0.0700439 578.015
1695 0.0699566 578.085
1696 0.06987 578.155
1697 0.0697822 578.224
1698 0.0696943 578.294
1699 0.0696042 578.364
1700 0.0695153 578.433
1701 0.0694264 578.503
1702 0.0693381 578.572
1703 0.0692498 578.641
1704 0.0691632 578.71
1705 0.0690762 578.779
1706 0.0689876 578.848
1707 0.0688986 578.917
1708 0.0688084 578.986
1709 0.0687183 579.055
1710 0.0686289 579.123
1711 0.0685375 579.192
1712 0.0684472 579.26
1713 0.0683555 579.329
1714 0.0682642 579.397
1715 0.0681736 579.465
1716 0.0680824 579.533
1717 0.0679927 579.601
1718 0.0679013 579.669
1719 0.0678096 579.737
1720 0.0677175 579.805
1721 0.0676254 579.872
1722 0.0675324 579.94
1723 0.067443 580.007
1724 0.0673532 580.075
1725 0.0672651 580.142
1726 0.0671785 580.209
1727 0.0670929 580.276
1728 0.0670065 580.343
1729 0.06692 580.41
1730 0.0668365 580.477
1731 0.0667524 580.544
1732 0.0666682 580.61
1733 0.066582 580.677
1734 0.0664958 580.744
1735 0.066408 580.81
1736 0.0663204 580.876
1737 0.0662315 580.942
1738 0.0661403 581.009
1739 0.0660495 581.075
1740 0.0659584 581.141
1741 0.0658669 581.206
1742 0.0657779 581.272
1743 0.0656894 581.338
1744 0.0656028 581.404
1745 0.0655168 581.469
1746 0.0654319 581.535
1747 0.0653459 581.6
1748 0.0652621 581.665
1749 0.0651792 581.73
1750 0.0650973 581.795
1751 0.065011 581.86
1752 0.064922 581.925
1753 0.0648312 581.99
1754 0.0647423 582.055
1755 0.0646553 582.12
1756 0.0645677 582.184
1757 0.064479 582.249
1758 0.0643882 582.313
1759 0.0642954 582.377
1760 0.0642044 582.441
1761 0.0641142 582.506
1762 0.0640251 582.57
1763 0.0639353 582.634
1764 0.063845 582.697
1765 0.0637536 582.761
1766 0.0636625 582.825
1767 0.063571 582.888
1768 0.0634788 582.952
1769 0.0633877 583.015
1770 0.0632963 583.079
1771 0.0632087 583.142
1772 0.0631186 583.205
1773 0.0630291 583.268
1774 0.0629374 583.331
1775 0.0628468 583.394
1776 0.0627564 583.456
1777 0.0626666 583.519
1778 0.0625748 583.582
1779 0.0624807 583.644
1780 0.0623868 583.707
1781 0.0622938 583.769
1782 0.0621992 583.831
1783 0.0621051 583.893
1784 0.0620138 583.955
1785 0.0619219 584.017
1786 0.061829 584.079
1787 0.061737 584.141
1788 0.0616448 584.202
1789 0.0615505 584.264
1790 0.061457 584.325
1791 0.061364 584.387
1792 0.0612739 584.448
1793 0.0611822 584.509
1794 0.0610904 584.57
1795 0.0609971 584.631
1796 0.0609031 584.692
1797 0.0608103 584.753
1798 0.0607181 584.814
1799 0.0606221 584.874
1800 0.0605263 584.935
1801 0.0604288 584.995
1802 0.0603322 585.056
1803 0.0602377 585.116
1804 0.0601413 585.176
1805 0.0600456 585.236
1806 0.0599525 585.296
1807 0.0598608 585.356
1808 0.0597683 585.416
1809 0.059675 585.475
1810 0.0595817 585.535
1811 0.0594885 585.594
1812 0.0593936 585.654
1813 0.0592975 585.713
1814 0.0592014 585.772
1815 0.0591018 585.831
1816 0.0590022 585.89
1817 0.0589034 585.949
1818 0.0588053 586.008
1819 0.0587063 586.067
1820 0.0586077 586.125
1821 0.0585133 586.184
1822 0.0584153 586.242
1823 0.0583178 586.301
1824 0.0582205 586.359
1825 0.0581223 586.417
1826 0.0580245 586.475
1827 0.0579253 586.533
1828 0.0578253 586.591
1829 0.0577254 586.648
1830 0.0576257 586.706
1831 0.0575252 586.764
1832 0.0574251 586.821
1833 0.0573239 586.878
1834 0.0572216 586.936
1835 0.0571184 586.993
1836 0.0570133 587.05
1837 0.0569095 587.107
1838 0.056805 587.163
1839 0.0567009 587.22
1840 0.0565968 587.277
1841 0.0564924 587.333
1842 0.0563885 587.39
1843 0.0562817 587.446
1844 0.0561767 587.502
1845 0.0560726 587.558
1846 0.0559693 587.614
1847 0.0558657 587.67
1848 0.0557631 587.726
1849 0.0556604 587.781
1850 0.0555566 587.837
1851 0.0554522 587.892
1852 0.0553482 587.948
1853 0.0552463 588.003
1854 0.0551434 588.058
1855 0.0550398 588.113
1856 0.0549404 588.168
1857 0.0548388 588.223
1858 0.0547372 588.278
1859 0.0546351 588.332
1860 0.0545339 588.387
1861 0.0544319 588.441
1862 0.05433 588.496
1863 0.0542295 588.55
1864 0.0541247 588.604
1865 0.0540186 588.658
1866 0.0539125 588.712
1867 0.0538051 588.766
1868 0.0536968 588.819
1869 0.0535878 588.873
1870 0.0534784 588.926
1871 0.0533707 588.98
1872 0.0532624 589.033
1873 0.053155 589.086
1874 0.0530507 589.139
1875 0.0529486 589.192
1876 0.0528505 589.245
1877 0.0527531 589.298
1878 0.0526572 589.35
1879 0.0525608 589.403
1880 0.0524651 589.456
1881 0.0523689 589.508
1882 0.0522752 589.56
1883 0.0521848 589.612
1884 0.0520967 589.664
1885 0.0520113 589.716
1886 0.0519275 589.768
1887 0.0518436 589.82
1888 0.051759 589.872
1889 0.0516729 589.924
1890 0.0515869 589.975
1891 0.0515029 590.027
1892 0.0514187 590.078
1893 0.0513319 590.13
1894 0.0512438 590.181
1895 0.0511553 590.232
1896 0.0510667 590.283
1897 0.05098 590.334
1898 0.0508937 590.385
1899 0.0508038 590.436
1900 0.0507139 590.486
1901 0.0506253 590.537
1902 0.0505348 590.588
1903 0.050444 590.638
1904 0.0503521 590.688
1905 0.050261 590.739
1906 0.0501723 590.789
1907 0.050083 590.839
1908 0.0499937 590.889
1909 0.049904 590.939
1910 0.0498132 590.989
1911 0.0497219 591.038
1912 0.0496326 591.088
1913 0.0495415 591.137
1914 0.0494498 591.187
1915 0.0493603 591.236
1916 0.0492684 591.286
1917 0.0491774 591.335
1918 0.0490873 591.384
1919 0.0489982 591.433
1920 0.0489111 591.482
1921 0.0488251 591.531
1922 0.0487399 591.579
1923 0.0486537 591.628
1924 0.0485664 591.676
1925 0.0484823 591.725
1926 0.0483991 591.773
1927 0.0483165 591.822
1928 0.0482353 591.87
1929 0.0481544 591.918
1930 0.048072 591.966
1931 0.0479922 592.014
1932 0.0479141 592.062
1933 0.0478339 592.11
1934 0.047752 592.158
1935 0.047672 592.205
1936 0.0475906 592.253
1937 0.0475086 592.3
1938 0.0474267 592.348
1939 0.0473425 592.395
1940 0.0472585 592.442
1941 0.0471735 592.49
1942 0.047089 592.537
1943 0.0470029 592.584
1944 0.0469161 592.631
1945 0.0468291 592.677
1946 0.0467432 592.724
1947 0.0466555 592.771
1948 0.0465704 592.817
1949 0.0464879 592.864
1950 0.0464071 592.91
1951 0.0463232 592.957
1952 0.0462397 593.003
1953 0.0461543 593.049
1954 0.046068 593.095
1955 0.0459816 593.141
1956 0.0458969 593.187
1957 0.0458164 593.233
1958 0.0457371 593.279
1959 0.0456591 593.324
1960 0.0455812 593.37
1961 0.0455021 593.415
1962 0.0454219 593.461
1963 0.0453421 593.506
1964 0.0452612 593.551
1965 0.0451836 593.596
1966 0.0451054 593.642
1967 0.0450255 593.687
1968 0.0449441 593.732
1969 0.0448632 593.776
1970 0.0447804 593.821
1971 0.0446971 593.866
1972 0.0446149 593.911
1973 0.0445331 593.955
1974 0.0444484 593.999
1975 0.0443641 594.044
1976 0.044279 594.088
1977 0.0441924 594.132
1978 0.0441047 594.176
1979 0.0440179 594.22
1980 0.0439307 594.264
1981 0.0438434 594.308
1982 0.0437584 594.352
1983 0.0436723 594.396
1984 0.043585 594.439
1985 0.0434986 594.483
1986 0.0434106 594.526
1987 0.0433221 594.569
1988 0.0432307 594.613
1989 0.0431399 594.656
1990 0.0430498 594.699
1991 0.0429609 594.742
1992 0.0428741 594.785
1993 0.0427904 594.828
1994 0.0427112 594.87
1995 0.0426331 594.913
1996 0.0425559 594.955
1997 0.0424773 594.998
1998 0.0423964 595.04
1999 0.0423153 595.083
2000 0.0422351 595.125
2001 0.0421541 595.167
2002 0.0420711 595.209
2003 0.0419867 595.251
2004 0.0419031 595.293
2005 0.0418166 595.335
2006 0.0417328 595.376
2007 0.0416495 595.418
2008 0.0415671 595.46
2009 0.0414834 595.501
2010 0.0414009 595.543
2011 0.0413177 595.584
2012 0.041235 595.625
2013 0.041153 595.666
2014 0.0410689 595.707
2015 0.0409842 595.748
2016 0.0408999 595.789
2017 0.0408115 595.83
2018 0.0407214 595.871
2019 0.0406315 595.911
2020 0.0405382 595.952
2021 0.0404471 595.992
2022 0.0403541 596.033
2023 0.0402632 596.073
2024 0.0401745 596.113
2025 0.0400849 596.153
2026 0.0399933 596.193
2027 0.0399022 596.233
2028 0.0398149 596.273
2029 0.0397263 596.313
2030 0.0396405 596.352
2031 0.0395554 596.392
2032 0.0394702 596.431
2033 0.0393824 596.471
2034 0.0392957 596.51
2035 0.0392097 596.549
2036 0.039125 596.588
2037 0.0390389 596.627
2038 0.038953 596.666
2039 0.038869 596.705
2040 0.0387869 596.744
2041 0.038707 596.783
2042 0.038629 596.821
2043 0.0385502 596.86
2044 0.0384721 596.898
2045 0.0383968 596.937
2046 0.0383175 596.975
2047 0.0382392 597.013
2048 0.0381616 597.052
2049 0.0380843 597.09
2050 0.0380072 597.128
2051 0.0379303 597.166
2052 0.0378492 597.203
2053 0.0377667 597.241
2054 0.0376867 597.279
2055 0.0376089 597.316
2056 0.0375327 597.354
2057 0.0374574 597.391
2058 0.0373833 597.429
2059 0.0373088 597.466
2060 0.0372352 597.503
2061 0.0371589 597.541
2062 0.0370832 597.578
2063 0.0370087 597.615
2064 0.0369335 597.652
2065 0.0368573 597.688
2066 0.0367837 597.725
2067 0.03671 597.762
2068 0.0366356 597.799
2069 0.0365598 597.835
2070 0.0364862 597.872
2071 0.0364116 597.908
2072 0.0363339 597.944
2073 0.0362586 597.981
2074 0.036187 598.017
2075 0.0361135 598.053
2076 0.036039 598.089
2077 0.0359663 598.125
2078 0.0358957 598.161
2079 0.0358266 598.197
2080 0.0357614 598.232
2081 0.0356947 598.268
2082 0.0356288 598.304
2083 0.035559 598.339
2084 0.0354891 598.375
2085 0.0354164 598.41
2086 0.0353432 598.446
2087 0.0352703 598.481
2088 0.0351949 598.516
2089 0.0351186 598.551
2090 0.0350453 598.586
2091 0.034971 598.621
2092 0.0348939 598.656
2093 0.0348155 598.691
2094 0.034738 598.726
2095 0.0346598 598.76
2096 0.0345821 598.795
2097 0.0345066 598.829
2098 0.0344317 598.864
2099 0.0343577 598.898
2100 0.034285 598.932
2101 0.0342125 598.967
2102 0.0341415 599.001
2103 0.0340691 599.035
2104 0.0339957 599.069
2105 0.0339217 599.103
2106 0.0338456 599.137
2107 0.033768 599.17
2108 0.0336923 599.204
2109 0.0336158 599.238
2110 0.0335389 599.271
2111 0.0334629 599.305
2112 0.0333862 599.338
2113 0.0333096 599.371
2114 0.0332344 599.405
2115 0.0331616 599.438
2116 0.0330893 599.471
2117 0.0330189 599.504
2118 0.0329483 599.537
2119 0.0328765 599.57
2120 0.0328059 599.602
2121 0.0327352 599.635
2122 0.0326663 599.668
2123 0.0325949 599.7
2124 0.0325256 599.733
2125 0.0324573 599.765
2126 0.0323881 599.798
2127 0.0323183 599.83
2128 0.0322469 599.862
2129 0.0321753 599.895
2130 0.0321011 599.927
2131 0.0320249 599.959
2132 0.0319516 599.991
2133 0.0318795 600.023
2134 0.0318075 600.054
2135 0.0317347 600.086
2136 0.031661 600.118
2137 0.0315874 600.149
2138 0.0315132 600.181
2139 0.0314342 600.212
2140 0.0313555 600.244
2141 0.0312775 600.275
2142 0.0311972 600.306
2143 0.031115 600.337
2144 0.0310327 600.368
2145 0.0309501 600.399
2146 0.0308646 600.43
2147 0.0307812 600.461
2148 0.0306984 600.492
2149 0.0306167 600.522
2150 0.0305348 600.553
2151 0.0304553 600.583
2152 0.0303758 600.614
2153 0.0302977 600.644
2154 0.0302194 600.674
2155 0.0301427 600.704
2156 0.030066 600.734
2157 0.0299903 600.764
2158 0.0299148 600.794
2159 0.0298377 600.824
2160 0.0297603 600.854
2161 0.0296822 600.883
2162 0.0296049 600.913
2163 0.0295315 600.943
2164 0.0294589 600.972
2165 0.029387 601.001
2166 0.0293156 601.031
2167 0.0292477 601.06
2168 0.0291797 601.089
2169 0.0291108 601.118
2170 0.0290387 601.147
2171 0.0289666 601.176
2172 0.0288949 601.205
2173 0.0288266 601.234
2174 0.0287565 601.263
2175 0.0286887 601.291
2176 0.0286229 601.32
2177 0.0285563 601.349
2178 0.0284891 601.377
2179 0.0284212 601.406
2180 0.0283547 601.434
2181 0.0282875 601.462
2182 0.0282227 601.49
2183 0.02816 601.519
2184 0.0280958 601.547
2185 0.028033 601.575
2186 0.0279712 601.603
2187 0.0279091 601.631
2188 0.0278453 601.658
2189 0.0277803 601.686
2190 0.027716 601.714
2191 0.0276514 601.742
2192 0.0275868 601.769
2193 0.0275257 601.797
2194 0.0274694 601.824
2195 0.0274137 601.852
2196 0.0273614 601.879
2197 0.0273082 601.906
2198 0.0272532 601.933
2199 0.027196 601.961
2200 0.0271376 601.988
2201 0.0270779 602.015
2202 0.0270181 602.042
2203 0.0269589 602.069
2204 0.0269 602.096
2205 0.0268403 602.123
2206 0.0267783 602.149
2207 0.0267189 602.176
2208 0.0266625 602.203
2209 0.0266071 602.229
2210 0.0265503 602.256
2211 0.0264934 602.282
2212 0.0264352 602.309
2213 0.0263755 602.335
2214 0.0263154 602.362
2215 0.0262557 602.388
2216 0.0261958 602.414
2217 0.0261363 602.44
2218 0.0260778 602.466
2219 0.0260186 602.492
2220 0.0259578 602.518
2221 0.0258999 602.544
2222 0.0258394 602.57
2223 0.0257782 602.596
2224 0.02572 602.621
2225 0.0256642 602.647
2226 0.0256096 602.673
2227 0.0255569 602.698
2228 0.0255062 602.724
2229 0.0254568 602.749
2230 0.0254097 602.775
2231 0.0253635 602.8
2232 0.0253186 602.825
2233 0.0252745 602.851
2234 0.0252302 602.876
2235 0.0251848 602.901
2236 0.02514 602.926
2237 0.0250963 602.951
2238 0.0250503 602.976
2239 0.0250037 603.001
2240 0.0249562 603.026
2241 0.0249098 603.051
2242 0.0248621 603.076
2243 0.0248137 603.101
2244 0.0247648 603.126
2245 0.024718 603.15
2246 0.0246709 603.175
2247 0.024623 603.2
2248 0.0245756 603.224
2249 0.0245293 603.249
2250 0.0244837 603.273
2251 0.0244374 603.298
2252 0.0243909 603.322
2253 0.0243435 603.346
2254 0.0242944 603.371
2255 0.0242447 603.395
2256 0.0241956 603.419
2257 0.024146 603.443
2258 0.0240972 603.467
2259 0.0240456 603.491
2260 0.0239947 603.515
2261 0.0239435 603.539
2262 0.023892 603.563
2263 0.0238426 603.587
2264 0.0237901 603.611
2265 0.0237367 603.635
2266 0.0236802 603.658
2267 0.023626 603.682
2268 0.0235717 603.705
2269 0.0235184 603.729
2270 0.0234638 603.752
2271 0.0234088 603.776
2272 0.0233563 603.799
2273 0.023303 603.823
2274 0.0232491 603.846
2275 0.0231943 603.869
2276 0.0231412 603.892
2277 0.0230874 603.915
2278 0.0230322 603.938
2279 0.0229763 603.961
2280 0.0229238 603.984
2281 0.0228732 604.007
2282 0.022821 604.03
2283 0.0227678 604.053
2284 0.0227144 604.075
2285 0.02266 604.098
2286 0.0226058 604.121
2287 0.0225491 604.143
2288 0.0224921 604.166
2289 0.0224353 604.188
2290 0.02238 604.21
2291 0.0223261 604.233
2292 0.0222731 604.255
2293 0.0222218 604.277
2294 0.0221695 604.299
2295 0.0221172 604.322
2296 0.0220615 604.344
2297 0.0220067 604.366
2298 0.0219498 604.388
2299 0.0218924 604.409
2300 0.0218345 604.431
2301 0.0217751 604.453
2302 0.0217149 604.475
2303 0.0216566 604.496
2304 0.0215989 604.518
2305 0.0215404 604.54
2306 0.0214821 604.561
2307 0.0214285 604.582
2308 0.0213762 604.604
2309 0.0213215 604.625
2310 0.0212678 604.646
2311 0.0212167 604.668
2312 0.021165 604.689
2313 0.0211139 604.71
2314 0.021063 604.731
2315 0.0210113 604.752
2316 0.0209614 604.773
2317 0.020914 604.794
2318 0.020864 604.815
2319 0.0208113 604.836
2320 0.0207591 604.856
2321 0.0207052 604.877
2322 0.0206507 604.898
2323 0.0205942 604.918
2324 0.0205372 604.939
2325 0.0204795 604.959
2326 0.0204226 604.98
2327 0.0203651 605
2328 0.020306 605.02
2329 0.0202449 605.041
2330 0.0201854 605.061
2331 0.0201262 605.081
2332 0.0200702 605.101
2333 0.0200141 605.121
2334 0.0199582 605.141
2335 0.0199014 605.161
2336 0.0198456 605.181
2337 0.0197919 605.201
2338 0.0197383 605.22
2339 0.0196838 605.24
2340 0.0196274 605.26
2341 0.0195715 605.279
2342 0.0195157 605.299
2343 0.0194601 605.318
2344 0.0194038 605.338
2345 0.019347 605.357
2346 0.0192908 605.376
2347 0.0192341 605.395
2348 0.0191795 605.415
2349 0.0191255 605.434
2350 0.0190706 605.453
2351 0.0190158 605.472
2352 0.0189593 605.491
2353 0.0189024 605.51
2354 0.0188421 605.528
2355 0.0187818 605.547
2356 0.0187215 605.566
2357 0.0186603 605.585
2358 0.0186019 605.603
2359 0.0185452 605.622
2360 0.0184881 605.64
2361 0.0184313 605.659
2362 0.0183758 605.677
2363 0.0183237 605.695
2364 0.0182705 605.714
2365 0.0182201 605.732
2366 0.0181752 605.75
2367 0.0181312 605.768
2368 0.0180856 605.786
2369 0.0180403 605.804
2370 0.0179922 605.822
2371 0.017946 605.84
2372 0.0178991 605.858
2373 0.0178542 605.876
2374 0.0178112 605.894
2375 0.0177681 605.912
2376 0.0177262 605.929
2377 0.0176832 605.947
2378 0.0176414 605.965
2379 0.0175979 605.982
2380 0.0175535 606
2381 0.0175094 606.017
2382 0.0174651 606.035
2383 0.0174205 606.052
2384 0.0173772 606.07
2385 0.0173364 606.087
2386 0.017295 606.104
2387 0.0172505 606.121
2388 0.017203 606.139
2389 0.0171535 606.156
2390 0.0171033 606.173
2391 0.0170555 606.19
2392 0.0170067 606.207
2393 0.0169546 606.224
2394 0.0169025 606.241
2395 0.0168523 606.258
2396 0.0167997 606.275
2397 0.0167466 606.291
2398 0.0166954 606.308
2399 0.0166451 606.325
2400 0.0165942 606.341
2401 0.0165424 606.358
2402 0.0164899 606.374
2403 0.0164371 606.391
2404 0.0163849 606.407
2405 0.0163317 606.423
2406 0.0162777 606.44
2407 0.0162217 606.456
2408 0.0161669 606.472
2409 0.0161129 606.488
2410 0.0160589 606.504
2411 0.0160055 606.52
2412 0.0159519 606.536
2413 0.0158984 606.552
2414 0.0158456 606.568
2415 0.0157915 606.584
2416 0.0157381 606.599
2417 0.0156854 606.615
2418 0.0156344 606.631
2419 0.0155843 606.646
2420 0.0155346 606.662
2421 0.0154851 606.677
2422 0.0154343 606.693
2423 0.0153825 606.708
2424 0.015333 606.724
2425 0.015282 606.739
2426 0.0152316 606.754
2427 0.0151817 606.769
2428 0.0151307 606.784
2429 0.0150805 606.799
2430 0.0150302 606.814
2431 0.014979 606.829
2432 0.0149285 606.844
2433 0.0148743 606.859
2434 0.014819 606.874
2435 0.0147664 606.889
2436 0.0147132 606.904
2437 0.0146585 606.918
2438 0.0146039 606.933
2439 0.0145468 606.947
2440 0.0144911 606.962
2441 0.0144382 606.976
2442 0.0143869 606.991
2443 0.0143343 607.005
2444 0.0142803 607.019
2445 0.0142272 607.033
2446 0.0141727 607.048
2447 0.0141171 607.062
2448 0.0140633 607.076
2449 0.0140109 607.09
2450 0.0139586 607.104
2451 0.0139057 607.118
2452 0.0138517 607.132
2453 0.0137987 607.145
2454 0.0137456 607.159
2455 0.0136932 607.173
2456 0.0136391 607.186
2457 0.0135842 607.2
2458 0.0135298 607.214
2459 0.013473 607.227
2460 0.0134197 607.24
2461 0.0133661 607.254
2462 0.0133144 607.267
2463 0.0132632 607.28
2464 0.013212 607.294
2465 0.0131606 607.307
2466 0.0131108 607.32
2467 0.0130607 607.333
2468 0.0130116 607.346
2469 0.0129595 607.359
2470 0.0129087 607.372
2471 0.0128571 607.385
2472 0.0128039 607.397
2473 0.0127509 607.41
2474 0.0126975 607.423
2475 0.0126442 607.436
2476 0.0125911 607.448
2477 0.012534 607.461
2478 0.0124763 607.473
2479 0.0124187 607.486
2480 0.0123599 607.498
2481 0.0123022 607.51
2482 0.0122434 607.523
2483 0.0121841 607.535
2484 0.0121252 607.547
2485 0.0120672 607.559
2486 0.0120087 607.571
2487 0.0119501 607.583
2488 0.0118931 607.595
2489 0.0118358 607.607
2490 0.0117777 607.618
2491 0.011716 607.63
2492 0.0116555 607.642
2493 0.0115939 607.653
2494 0.0115344 607.665
2495 0.0114745 607.676
2496 0.011414 607.688
2497 0.0113518 607.699
2498 0.0112903 607.71
2499 0.0112302 607.722
2500 0.0111707 607.733
2501 0.0111121 607.744
2502 0.0110549 607.755
2503 0.0109982 607.766
2504 0.0109399 607.777
2505 0.0108822 607.788
2506 0.0108288 607.799
2507 0.0107745 607.809
2508 0.01072 607.82
2509 0.0106661 607.831
2510 0.0106146 607.841
2511 0.0105614 607.852
2512 0.0105071 607.862
2513 0.0104536 607.873
2514 0.0104012 607.883
2515 0.010348 607.894
2516 0.010296 607.904
2517 0.010243 607.914
2518 0.0101895 607.924
2519 0.0101345 607.935
2520 0.0100789 607.945
2521 0.0100204 607.955
2522 0.00996299 607.965
2523 0.00990801 607.974
2524 0.00985529 607.984
2525 0.00980271 607.994
2526 0.00975003 608.004
2527 0.00969829 608.014
2528 0.00964524 608.023
2529 0.00959244 608.033
2530 0.00953987 608.042
2531 0.00948587 608.052
2532 0.00943107 608.061
2533 0.00937434 608.071
2534 0.00931741 608.08
2535 0.00926127 608.089
2536 0.00920684 608.098
2537 0.00915211 608.108
2538 0.00909513 608.117
2539 0.00903755 608.126
2540 0.00897937 608.135
2541 0.0089204 608.144
2542 0.00886152 608.152
2543 0.00880246 608.161
2544 0.00874212 608.17
2545 0.00868217 608.179
2546 0.0086239 608.187
2547 0.00856579 608.196
2548 0.00850813 608.204
2549 0.00845289 608.213
2550 0.00839289 608.221
2551 0.00833382 608.23
2552 0.00827497 608.238
2553 0.00821928 608.246
2554 0.00816411 608.254
2555 0.00810832 608.262
2556 0.00805286 608.27
2557 0.00799797 608.278
2558 0.00794178 608.286
2559 0.00788504 608.294
2560 0.0078292 608.302
2561 0.00777414 608.31
2562 0.00771885 608.318
2563 0.00766376 608.325
2564 0.00760874 608.333
2565 0.00755463 608.34
2566 0.00749998 608.348
2567 0.00744354 608.355
2568 0.00738757 608.363
2569 0.00733141 608.37
2570 0.00727711 608.377
2571 0.00722153 608.385
2572 0.007169 608.392
2573 0.00711615 608.399
2574 0.00706034 608.406
2575 0.00700466 608.413
2576 0.00694881 608.42
2577 0.00689073 608.427
2578 0.00683383 608.434
2579 0.00677898 608.44
2580 0.00672852 608.447
2581 0.0066793 608.454
2582 0.0066284 608.46
2583 0.00657633 608.467
2584 0.00652535 608.473
2585 0.00647543 608.48
2586 0.00642601 608.486
2587 0.00637673 608.493
2588 0.00632753 608.499
2589 0.0062797 608.505
2590 0.0062297 608.512
2591 0.00617647 608.518
2592 0.00612578 608.524
2593 0.00607507 608.53
2594 0.006024 608.536
2595 0.00597315 608.542
2596 0.00592072 608.548
2597 0.0058695 608.554
2598 0.00581725 608.56
2599 0.00576598 608.565
2600 0.00571435 608.571
2601 0.00566253 608.577
2602 0.00561144 608.582
2603 0.00555999 608.588
2604 0.00551128 608.593
2605 0.00546127 608.599
2606 0.00541148 608.604
2607 0.00535923 608.61
2608 0.00530876 608.615
2609 0.00525899 608.62
2610 0.00521151 608.625
2611 0.00516435 608.631
2612 0.00511613 608.636
2613 0.00506896 608.641
2614 0.00502299 608.646
2615 0.0049766 608.651
2616 0.00492995 608.656
2617 0.00487937 608.661
2618 0.00482777 608.665
2619 0.00477768 608.67
2620 0.00472565 608.675
2621 0.00467461 608.68
2622 0.0046224 608.684
2623 0.00457351 608.689
2624 0.00452346 608.693
2625 0.00447203 608.698
2626 0.00442101 608.702
2627 0.00437413 608.707
2628 0.00432438 608.711
2629 0.0042741 608.715
2630 0.00422341 608.719
2631 0.00417405 608.724
2632 0.00412553 608.728
2633 0.00407667 608.732
2634 0.00402908 608.736
2635 0.00398221 608.74
2636 0.00393568 608.744
2637 0.00389173 608.748
2638 0.00384896 608.751
2639 0.00380382 608.755
2640 0.00375644 608.759
2641 0.00370996 608.763
2642 0.00366442 608.766
2643 0.00361744 608.77
2644 0.0035709 608.774
2645 0.00352602 608.777
2646 0.00348338 608.781
2647 0.00344109 608.784
2648 0.00339996 608.787
2649 0.00335709 608.791
2650 0.00331448 608.794
2651 0.00327048 608.797
2652 0.00322656 608.801
2653 0.00318172 608.804
2654 0.00313847 608.807
2655 0.00309477 608.81
2656 0.0030545 608.813
2657 0.00301277 608.816
2658 0.00297136 608.819
2659 0.00292852 608.822
2660 0.00288732 608.825
2661 0.0028443 608.828
2662 0.00280105 608.831
2663 0.00275747 608.833
2664 0.00271309 608.836
2665 0.0026673 608.839
2666 0.00262183 608.841
2667 0.00257508 608.844
2668 0.00253016 608.846
2669 0.00248738 608.849
2670 0.00244366 608.851
2671 0.00239825 608.854
2672 0.00235493 608.856
2673 0.00231243 608.858
2674 0.0022692 608.861
2675 0.00222918 608.863
2676 0.00218697 608.865
2677 0.00214549 608.867
2678 0.00210158 608.869
2679 0.0020599 608.871
2680 0.00201799 608.873
2681 0.0019746 608.875
2682 0.00192932 608.877
2683 0.00188382 608.879
2684 0.0018369 608.881
2685 0.00179287 608.883
2686 0.00174934 608.885
2687 0.00170472 608.886
2688 0.00165961 608.888
2689 0.00161703 608.89
2690 0.00157521 608.891
2691 0.00153199 608.893
2692 0.00148869 608.894
2693 0.00144739 608.896
2694 0.00140641 608.897
2695 0.00136645 608.898
2696 0.00132568 608.9
2697 0.00128753 608.901
2698 0.00125213 608.902
2699 0.00121532 608.903
2700 0.0011801 608.905
2701 0.00114609 608.906
2702 0.00111122 608.907
2703 0.001078 608.908
2704 0.00104556 608.909
2705 0.00101422 608.91
2706 0.000985425 608.911
2707 0.000955948 608.912
2708 0.000925757 608.913
2709 0.000895303 608.914
2710 0.000864441 608.915
2711 0.000831046 608.915
2712 0.000798734 608.916
2713 0.00076763 608.917
2714 0.000738103 608.918
2715 0.000709048 608.918
2716 0.000682614 608.919
2717 0.000652796 608.92
2718 0.000623595 608.92
2719 0.000593827 608.921
2720 0.000562219 608.922
2721 0.000530948 608.922
2722 0.000501585 608.923
2723 0.000471738 608.923
2724 0.000444011 608.924
2725 0.000415716 608.924
2726 0.000388227 608.924
2727 0.00036001 608.925
2728 0.000332809 608.925
2729 0.000303432 608.925
2730 0.000272384 608.926
2731 0.000242919 608.926
2732 0.000210666 608.926
2733 0.000178968 608.926
2734 0.000145815 608.926
2735 0.000113608 608.927
2736 8.06133e-05 608.927
2737 4.91879e-05 608.927
2738 1.70862e-05 608.927
2739 -1.30919e-05 608.927
