-1.32816 -0.397143
-1.35755 -0.445714
-1.37388 -0.477551
-1.30449 -0.461633
-1.3102 -0.443265
-1.32408 -0.430612
-1.28653 -0.406939
-1.3649 -0.369388
-1.32653 -0.438776
-1.33796 -0.442041
-1.34857 -0.46
-1.29796 -0.414694
-1.27184 -0.34898
-1.29959 -0.433878
-1.34612 -0.50449
-1.35347 -0.512653
-1.39429 -0.567755
-1.32082 -0.542449
-1.40816 -0.631837
-1.41388 -0.627347
-1.37633 -0.608571
-1.36245 -0.642041
-1.41061 -0.64898
-1.39755 -0.633469
-1.41143 -0.632653
-1.38286 -0.634286
-1.31265 -0.580816
-1.29959 -0.514694
-1.32408 -0.519592
-1.30776 -0.488163
-1.30041 -0.499592
-1.28653 -0.527347
-1.37143 -0.558367
-1.29878 -0.53102
-1.30367 -0.565714
-1.33959 -0.604082
-1.34531 -0.583265
-1.33959 -0.567755
-1.35755 -0.600816
-1.38122 -0.588163
-1.33796 -0.6
-1.41224 -0.657959
-1.43592 -0.697551
-1.46776 -0.727755
-1.42122 -0.697551
-1.38857 -0.668571
-1.43429 -0.710612
-1.42694 -0.669796
-1.43184 -0.714286
-1.4098 -0.680816
-1.42204 -0.698367
-1.50041 -0.696735
-1.44082 -0.715918
-1.4351 -0.742449
-1.42367 -0.714694
-1.45061 -0.708571
-1.41714 -0.67551
-1.39184 -0.645306
-1.40816 -0.634286
-1.35592 -0.557959
-1.35755 -0.565714
-1.34857 -0.539184
-1.38776 -0.524082
-1.34204 -0.503265
-1.32735 -0.49102
-1.31755 -0.526939
-1.34531 -0.508163
-1.38939 -0.52
-1.37633 -0.594694
-1.37878 -0.613878
-1.35918 -0.624082
-1.40898 -0.630204
-1.36408 -0.601633
-1.27265 -0.548571
-1.35347 -0.564082
-1.3902 -0.584898
-1.30939 -0.516327
-1.34776 -0.54
-1.33061 -0.515918
-1.33633 -0.526122
-1.3151 -0.515918
-1.29551 -0.457959
-1.2898 -0.447347
-1.29796 -0.420816
-1.29306 -0.441633
-1.25469 -0.436735
-1.30449 -0.472653
-1.33959 -0.493061
-1.31673 -0.462041
-1.33306 -0.509796
-1.35184 -0.499592
-1.37469 -0.547755
-1.37143 -0.574694
-1.3551 -0.559184
-1.41959 -0.618776
-1.38449 -0.635918
-1.37878 -0.62449
-1.34286 -0.567755
-1.37633 -0.523265
-1.37878 -0.540816
-1.37224 -0.568571
-1.36 -0.565714
-1.3902 -0.6
-1.38857 -0.614694
-1.35673 -0.578367
-1.43102 -0.61551
-1.36898 -0.592653
-1.36163 -0.591837
-1.35592 -0.605306
-1.36653 -0.621224
-1.37633 -0.604082
-1.38531 -0.577143
-1.3649 -0.580408
-1.33714 -0.59102
-1.44 -0.635918
-1.40163 -0.609388
-1.42286 -0.623265
-1.33633 -0.551837
-1.29959 -0.50898
-1.3551 -0.535918
-1.3551 -0.491429
-1.3698 -0.554286
-1.39429 -0.588571
-1.40816 -0.556327
-1.35102 -0.563673
-1.33469 -0.577143
-1.37633 -0.578367
-1.36327 -0.557959
-1.34857 -0.54449
-1.37796 -0.579592
-1.36163 -0.59102
-1.37796 -0.593469
-1.38122 -0.601224
-1.35184 -0.606531
-1.34694 -0.58
-1.34204 -0.599592
-1.35918 -0.605714
-1.33143 -0.583265
-1.38694 -0.607755
-1.33061 -0.563673
-1.35918 -0.601633
-1.4098 -0.681633
-1.41551 -0.665306
-1.43429 -0.722041
-1.39347 -0.657143
-1.44898 -0.69102
-1.42204 -0.687347
-1.38531 -0.662449
-1.36571 -0.645714
-1.38857 -0.620408
-1.36898 -0.618367
-1.37551 -0.625714
-1.40327 -0.646939
-1.40735 -0.642857
-1.39918 -0.669388
-1.39673 -0.677959
-1.42612 -0.663673
-1.43429 -0.673878
-1.44571 -0.657143
-1.40571 -0.664082
-1.34367 -0.626531
-1.36082 -0.626122
-1.37143 -0.602449
-1.35592 -0.604898
-1.35184 -0.61102
-1.37959 -0.601633
-1.37306 -0.586939
-1.3698 -0.566531
-1.37714 -0.525306
-1.34857 -0.549388
-1.37388 -0.56449
-1.36653 -0.551429
-1.39347 -0.592653
-1.39184 -0.542857
-1.33633 -0.534286
-1.43429 -0.572653
-1.37796 -0.457143
-1.30939 -0.386531
-1.32327 -0.326122
-1.34204 -0.32
-1.33878 -0.282449
-1.34531 -0.290204
-1.32327 -0.32449
-1.41224 -0.374694
-1.38612 -0.378367
-1.31347 -0.365306
-1.34204 -0.357959
-1.31347 -0.32898
-1.38612 -0.439592
-1.38449 -0.410204
-1.37633 -0.460816
-1.40735 -0.47102
-1.37796 -0.478776
-1.33714 -0.422449
-1.34041 -0.402449
-1.34041 -0.376735
-1.22857 -0.302857
-1.29633 -0.366939
-1.29714 -0.356735
-1.35347 -0.398367
-1.30694 -0.37551
-1.26531 -0.354694
-1.2849 -0.317959
-1.26531 -0.306122
-1.30449 -0.380816
-1.34041 -0.441633
-1.32408 -0.40898
-1.33143 -0.448163
-1.37469 -0.519184
-1.34694 -0.509388
-1.38612 -0.540816
-1.40571 -0.557551
-1.41959 -0.573878
-1.34857 -0.498367
-1.29551 -0.482857
-1.33224 -0.449388
-1.26776 -0.393878
-1.35184 -0.426122
-1.33551 -0.440408
-1.33551 -0.437143
-1.32327 -0.366939
-1.27918 -0.398367
-1.32816 -0.438776
-1.28735 -0.434286
-1.33878 -0.428571
-1.31102 -0.439592
-1.34694 -0.422449
-1.30939 -0.421633
-1.34286 -0.40449
-1.23184 -0.33102
-1.30041 -0.390612
-1.30939 -0.398776
-1.33306 -0.443265
-1.28327 -0.455918
-1.29959 -0.485714
-1.34449 -0.489388
-1.34612 -0.489796
-1.33959 -0.476327
-1.34776 -0.493469
-1.36816 -0.495918
-1.38122 -0.44898
-1.40408 -0.510204
-1.27837 -0.421633
-1.28816 -0.439592
-1.33551 -0.453878
-1.30857 -0.461224
-1.33551 -0.474286
-1.31429 -0.511429
-1.34449 -0.544898
-1.32163 -0.453469
-1.29469 -0.445714
-1.33878 -0.470612
-1.3249 -0.486122
-1.33633 -0.504082
-1.28571 -0.440408
-1.34122 -0.512245
-1.3249 -0.516327
-1.35102 -0.476327
-1.3298 -0.472245
-1.31347 -0.426122
-1.30041 -0.376327
-1.30939 -0.353061
-1.33878 -0.325714
-1.34367 -0.36898
-1.37388 -0.422857
-1.32 -0.350612
-1.2849 -0.366122
-1.27592 -0.367755
-1.29388 -0.410204
-1.2449 -0.376735
-1.36408 -0.437551
-1.36898 -0.48449
-1.32082 -0.410612
-1.32653 -0.435918
-1.24 -0.404898
-1.3102 -0.38449
-1.24571 -0.371837
-1.33061 -0.422041
-1.28571 -0.450204
-1.32571 -0.458367
-1.3649 -0.422857
-1.35673 -0.385714
-1.29388 -0.365306
-1.2302 -0.333469
-1.34286 -0.373469
-1.32163 -0.306122
-1.26531 -0.318367
-1.26122 -0.301633
-1.32816 -0.365306
-1.34367 -0.382857
-1.31673 -0.310612
-1.31429 -0.299184
-1.33143 -0.279184
-1.34122 -0.267755
-1.33224 -0.255918
-1.32327 -0.157143
-1.35265 -0.118776
-1.30204 -0.084898
-1.30204 -0.0946939
-1.31429 -0.0546939
-1.30041 -0.0816327
-1.31837 -0.0836735
-1.34367 -0.0489796
-1.35592 -0.0546939
-1.31918 0.015102
-1.30694 0.0167347
-1.29796 -0.0077551
-1.29551 -0.0167347
-1.37224 -0.0493878
-1.36898 -0.0681633
-1.30204 -0.0897959
-1.32245 -0.08
-1.35918 -0.0804082
-1.32735 -0.077551
-1.29878 -0.103265
-1.33061 -0.0889796
-1.33469 -0.138776
-1.38204 -0.0934694
-1.37469 -0.0665306
-1.30367 0.0383673
-1.34939 0.08
-1.40408 0.0632653
-1.38531 0.0808163
-1.33878 0.113469
-1.38041 0.0902041
-1.32163 0.0926531
-1.33306 0.118776
-1.24816 0.169388
-1.23755 0.116327
-1.2351 0.0946939
-1.21959 0.0510204
-1.31184 0.0244898
-1.35755 0.00489796
-1.35673 -0.000408163
-1.32408 -0.00489796
-1.38531 -0.0257143
-1.25469 -0.0102041
-1.28245 -0.0567347
-1.26857 -0.0885714
-1.32735 -0.0636735
-1.26449 -0.0832653
-1.30204 -0.0493878
-1.31673 -0.0681633
-1.36163 -0.0869388
-1.34122 -0.1
-1.34204 -0.0759184
-1.34857 -0.00285714
-1.31592 -0.0408163
-1.28082 -0.0587755
-1.27102 -0.022449
-1.37388 -0.0828571
-1.37551 -0.0926531
-1.29551 -0.0832653
-1.33224 -0.121224
-1.32245 -0.121224
-1.3698 -0.117143
-1.30041 -0.122449
-1.25224 -0.0653061
-1.35265 -0.0628571
-1.2702 -0.0632653
-1.27592 -0.141633
-1.28898 -0.18449
-1.32245 -0.234694
-1.37714 -0.265306
-1.24816 -0.202449
-1.27102 -0.203673
-1.33551 -0.212653
-1.36898 -0.249796
-1.3551 -0.240816
-1.34531 -0.287755
-1.30367 -0.285306
-1.30204 -0.255918
-1.31673 -0.235102
-1.28816 -0.156735
-1.30612 -0.0902041
-1.33224 -0.0273469
-1.37633 0.0208163
-1.3502 0.0216327
-1.34449 -0.0310204
-1.29388 -0.0044898
-1.26041 -0.0391837
-1.24082 -0.042449
-1.26939 -0.0510204
-1.27837 0.015102
-1.32571 -0.0306122
-1.32163 -0.0493878
-1.30776 -0.0228571
-1.26612 0.0322449
-1.28653 0.0612245
-1.31184 0.11102
-1.33959 0.154286
-1.37633 0.170204
-1.37306 0.20898
-1.29878 0.183673
-1.30776 0.173061
-1.26857 0.0844898
-1.29959 0.0257143
-1.29143 0.06
-1.26204 0.0620408
-1.30367 0.0302041
-1.29878 0.0191837
-1.29224 0.0228571
-1.27592 -0.0195918
-1.28898 -0.0783673
-1.27837 -0.1
-1.26776 -0.0767347
-1.30204 -0.101224
-1.33796 -0.0530612
-1.32653 0.0253061
-1.32816 -0.0391837
-1.32571 -0.0534694
-1.30204 -0.0922449
-1.30694 -0.0485714
-1.28816 0.00122449
-1.31918 -0.0702041
-1.30531 -0.0408163
-1.28408 -0.0546939
-1.28816 -0.04
-1.34449 0.0465306
-1.2751 0.0640816
-1.31755 0.00612245
-1.30612 0.0644898
-1.26694 0.06
-1.25633 0.112653
-1.30449 0.112245
-1.25143 0.00408163
-1.26776 -0.0673469
-1.25143 0.00244898
-1.26776 -0.0155102
-1.25061 -0.0326531
-1.21143 -0.0669388
-1.24082 -0.062449
-1.26286 -0.0514286
-1.25306 -0.126122
-1.28163 -0.107347
-1.29224 -0.0861224
-1.26939 -0.104898
-1.26694 -0.141633
-1.23755 -0.0289796
-1.29143 -0.117551
-1.30776 -0.117143
-1.29469 -0.104082
-1.33388 -0.133469
-1.30204 -0.0530612
-1.21796 -0.0865306
-1.24816 -0.0914286
-1.29959 -0.122449
-1.32327 -0.0983673
-1.24327 -0.10898
-1.28735 -0.0628571
-1.35347 -0.105306
-1.29796 -0.0187755
-1.30122 -0.0293878
-1.29959 0.0853061
-1.28653 0.0946939
-1.30367 0.0636735
-1.28816 0.0534694
-1.34857 0.0163265
-1.32653 0.0163265
-1.26776 0.0187755
-1.33469 0.0473469
-1.33061 0.0236735
-1.30612 -0.0187755
-1.3102 0
-1.22612 -0.0771429
-1.28245 -0.0281633
-1.2751 -0.0216327
-1.32163 -0.0281633
-1.32653 -0.0681633
-1.26531 -0.129388
-1.25306 -0.169388
-1.28898 -0.183673
-1.31184 -0.178367
-1.35265 -0.203673
-1.30204 -0.201224
-1.2751 -0.198367
-1.33633 -0.241224
-1.31429 -0.24
-1.36245 -0.236327
-1.31347 -0.221224
-1.35265 -0.211837
-1.31918 -0.26
-1.33714 -0.253061
-1.35755 -0.320816
-1.36245 -0.333878
-1.35184 -0.323265
-1.28571 -0.309388
-1.34041 -0.296735
-1.34776 -0.312245
-1.33469 -0.301633
-1.30041 -0.277143
-1.3298 -0.260408
-1.29878 -0.247347
-1.30531 -0.222857
-1.26122 -0.275102
-1.27102 -0.263673
-1.30367 -0.242449
-1.31673 -0.304082
-1.27102 -0.265714
-1.26776 -0.302041
-1.38449 -0.366939
-1.30449 -0.42
-1.3698 -0.43551
-1.34041 -0.456327
-1.34204 -0.466122
-1.3649 -0.57102
-1.45469 -0.567347
-1.37551 -0.599592
-1.35918 -0.609388
-1.36 -0.619592
-1.36735 -0.617143
-1.41633 -0.63551
-1.35918 -0.588163
-1.31347 -0.593469
-1.41959 -0.658776
-1.41388 -0.616735
-1.34531 -0.556327
-1.3102 -0.529388
-1.31429 -0.456735
-1.29143 -0.47551
-1.33796 -0.542857
-1.33061 -0.449388
-1.31755 -0.472245
-1.3502 -0.506122
-1.32735 -0.458776
-1.37224 -0.507347
-1.3249 -0.521224
-1.38776 -0.538776
-1.3502 -0.588163
-1.44898 -0.619592
-1.40898 -0.576327
-1.40245 -0.610612
-1.37633 -0.606531
-1.45143 -0.651837
-1.39918 -0.637551
-1.3902 -0.616735
-1.37224 -0.660408
-1.39592 -0.671429
-1.31429 -0.604898
-1.31429 -0.578367
-1.41143 -0.6
-1.3298 -0.584898
-1.38694 -0.625306
-1.36653 -0.608571
-1.39755 -0.647755
-1.4449 -0.702041
-1.4498 -0.70898
-1.41143 -0.658776
-1.44082 -0.703265
-1.44816 -0.74898
-1.44408 -0.710612
-1.41388 -0.704082
-1.40082 -0.695102
-1.41714 -0.649796
-1.42857 -0.623265
-1.36163 -0.580408
-1.41878 -0.610612
-1.41633 -0.597143
-1.3902 -0.515918
-1.41143 -0.550204
-1.34694 -0.541224
-1.38694 -0.477959
-1.34449 -0.479184
-1.41469 -0.524898
-1.39102 -0.507347
-1.42776 -0.530612
-1.38204 -0.490612
-1.34612 -0.471429
-1.35918 -0.444082
-1.35429 -0.466531
-1.36408 -0.493469
-1.34041 -0.506122
-1.38857 -0.519184
-1.40245 -0.47102
-1.35184 -0.477959
-1.34612 -0.465714
-1.3551 -0.44
-1.30041 -0.427347
-1.32816 -0.426939
-1.36163 -0.502857
-1.32653 -0.491429
-1.3298 -0.461633
-1.40245 -0.530204
-1.38204 -0.44449
-1.39102 -0.46449
-1.38449 -0.489388
-1.3649 -0.52
-1.32245 -0.502857
-1.34204 -0.48898
-1.38286 -0.511837
-1.33143 -0.494286
-1.31592 -0.545306
-1.3698 -0.563673
-1.36653 -0.572245
-1.42041 -0.598776
-1.33143 -0.575918
-1.37061 -0.586122
-1.36245 -0.640816
-1.40163 -0.641633
-1.41143 -0.723265
-1.41551 -0.695918
-1.42857 -0.739592
-1.40408 -0.707347
-1.46776 -0.699592
-1.38286 -0.676327
-1.38041 -0.641224
-1.36898 -0.60898
-1.34939 -0.564898
-1.42286 -0.574286
-1.35184 -0.551429
-1.39184 -0.562041
-1.37959 -0.533878
-1.35673 -0.496735
-1.29224 -0.454286
-1.26286 -0.472653
-1.32816 -0.466531
-1.32327 -0.450204
-1.33469 -0.402857
-1.32163 -0.441224
-1.31673 -0.46449
-1.32163 -0.40898
-1.31673 -0.419184
-1.29878 -0.384898
-1.32245 -0.421633
-1.31347 -0.415102
-1.34286 -0.435102
-1.30694 -0.369796
-1.30122 -0.41551
-1.3502 -0.422041
-1.33306 -0.421633
-1.31918 -0.39102
-1.28327 -0.299592
-1.30122 -0.323673
-1.29878 -0.331837
-1.30449 -0.386122
-1.32 -0.342857
-1.29714 -0.332653
-1.28245 -0.302857
-1.32082 -0.388571
-1.28327 -0.422857
-1.34531 -0.456735
-1.3298 -0.462041
-1.32898 -0.424082
-1.2751 -0.431837
-1.33306 -0.480408
-1.31918 -0.468571
-1.28245 -0.393878
-1.32898 -0.431429
-1.35347 -0.369388
-1.29551 -0.374694
-1.36163 -0.288163
-1.32245 -0.240408
-1.33959 -0.202449
-1.34612 -0.214694
-1.34449 -0.314286
-1.33388 -0.277143
-1.34612 -0.230612
-1.32898 -0.210612
-1.32735 -0.199592
-1.31265 -0.185306
-1.35347 -0.153061
-1.32653 -0.152245
-1.34041 -0.192245
-1.34122 -0.228571
-1.36 -0.266122
-1.33959 -0.282449
-1.33959 -0.289388
-1.30367 -0.303673
-1.37633 -0.335918
-1.32571 -0.366939
-1.37306 -0.42898
-1.37469 -0.435102
-1.33224 -0.427755
-1.32245 -0.439184
-1.33796 -0.479592
-1.34939 -0.470204
-1.34286 -0.478367
-1.33061 -0.508163
-1.36653 -0.496327
-1.39837 -0.55551
-1.39429 -0.603265
-1.38612 -0.622857
-1.38612 -0.644898
-1.32653 -0.60449
-1.34204 -0.63551
-1.4449 -0.67551
-1.46449 -0.704082
-1.43673 -0.652245
-1.4 -0.593061
-1.40327 -0.603265
-1.35429 -0.582041
-1.28816 -0.588571
-1.34694 -0.611429
-1.35347 -0.606939
-1.31347 -0.535918
-1.28816 -0.55551
-1.40408 -0.662041
-1.35918 -0.617959
-1.38449 -0.626531
-1.39347 -0.611837
-1.32408 -0.56
-1.33224 -0.527347
-1.34694 -0.527755
-1.38612 -0.486531
-1.38857 -0.466939
-1.33306 -0.478367
-1.36816 -0.458367
-1.32571 -0.432245
-1.32571 -0.482449
-1.36163 -0.502857
-1.29061 -0.431429
-1.31592 -0.405714
-1.34286 -0.420408
-1.37714 -0.426122
-1.42041 -0.509388
-1.38286 -0.403673
-1.39347 -0.413469
-1.34776 -0.420816
-1.30612 -0.401633
-1.38857 -0.460408
-1.33878 -0.413061
-1.36571 -0.41102
-1.40735 -0.454694
-1.41551 -0.414286
-1.38041 -0.416327
-1.37306 -0.370204
-1.4049 -0.40449
-1.40571 -0.399592
-1.41878 -0.375918
-1.33469 -0.345714
-1.3502 -0.345714
-1.34939 -0.349796
-1.38531 -0.389796
-1.37551 -0.381224
-1.37633 -0.365714
-1.32163 -0.360408
-1.35429 -0.362449
-1.38286 -0.440408
-1.34286 -0.378776
-1.3102 -0.327755
-1.38041 -0.377551
-1.41796 -0.384898
-1.38776 -0.424898
-1.31592 -0.388571
-1.31837 -0.347347
-1.3551 -0.34898
-1.29714 -0.369388
-1.35347 -0.423673
-1.31347 -0.38898
-1.32735 -0.36898
-1.33061 -0.325714
-1.32327 -0.332653
-1.29959 -0.396735
-1.28653 -0.386939
-1.33388 -0.37551
-1.29469 -0.383673
-1.3298 -0.384898
-1.38939 -0.425714
-1.34204 -0.374286
-1.35429 -0.386939
-1.29796 -0.333061
-1.32 -0.325714
-1.32571 -0.326531
-1.31265 -0.387755
-1.30531 -0.429796
-1.35265 -0.460816
-1.31265 -0.440816
-1.35429 -0.418776
-1.37061 -0.454694
-1.40571 -0.467755
-1.30939 -0.42
-1.36082 -0.416735
-1.38204 -0.387755
-1.32408 -0.311837
-1.28408 -0.324898
-1.32735 -0.282041
-1.27755 -0.304898
-1.38041 -0.356327
-1.35347 -0.353878
-1.3551 -0.339592
-1.37143 -0.368571
-1.30449 -0.316735
-1.35429 -0.41102
-1.38204 -0.462041
-1.37143 -0.45551
-1.36245 -0.482449
-1.34939 -0.451837
-1.32571 -0.460408
-1.36082 -0.521224
-1.34939 -0.534286
-1.30857 -0.493061
-1.30612 -0.469796
-1.4 -0.525306
-1.32163 -0.495102
-1.35755 -0.486122
-1.34776 -0.425714
-1.29878 -0.406939
-1.30694 -0.472245
-1.3249 -0.476735
-1.33633 -0.470204
-1.32163 -0.464082
-1.34449 -0.471429
-1.32735 -0.521224
-1.30776 -0.486122
-1.27755 -0.430204
-1.32245 -0.434694
-1.32327 -0.473469
-1.34122 -0.503265
-1.28571 -0.404082
-1.30286 -0.501224
-1.32898 -0.563673
-1.35429 -0.55551
-1.33959 -0.523265
-1.31592 -0.48
-1.30776 -0.44898
-1.26449 -0.385714
-1.36 -0.417143
-1.34449 -0.372245
-1.33714 -0.457143
-1.32816 -0.466939
-1.41224 -0.553469
-1.38122 -0.532653
-1.38857 -0.543265
-1.40571 -0.481224
-1.33959 -0.479592
-1.36653 -0.514286
-1.33061 -0.498367
-1.33878 -0.532245
-1.33714 -0.5
-1.43837 -0.600408
-1.36163 -0.546531
-1.39755 -0.526531
-1.35673 -0.470204
-1.36571 -0.501633
-1.30041 -0.466531
-1.36816 -0.505714
-1.38204 -0.496327
-1.35429 -0.503673
-1.39102 -0.513469
-1.34204 -0.460408
-1.37306 -0.477143
-1.34612 -0.467755
-1.34367 -0.491429
-1.3551 -0.463673
-1.43592 -0.605306
-1.39347 -0.60449
-1.37224 -0.568571
-1.42367 -0.546122
-1.40082 -0.599592
-1.37878 -0.577959
-1.37714 -0.577551
-1.38367 -0.559184
-1.33714 -0.477143
-1.34531 -0.507347
-1.37796 -0.499184
-1.32327 -0.437143
-1.3249 -0.407755
-1.40327 -0.403265
-1.33224 -0.365306
-1.36163 -0.358367
-1.3502 -0.396327
-1.37143 -0.43551
-1.35102 -0.449388
-1.35102 -0.46898
-1.37143 -0.499184
-1.3502 -0.440408
-1.38694 -0.517959
-1.35347 -0.489796
-1.34857 -0.513878
-1.30449 -0.428571
-1.30122 -0.489388
-1.33878 -0.468571
-1.33796 -0.476327
-1.33061 -0.497551
-1.32571 -0.525306
-1.31918 -0.494694
-1.36571 -0.483673
-1.34041 -0.413878
-1.33224 -0.432245
-1.34122 -0.411429
-1.34531 -0.449796
-1.30286 -0.436735
-1.37469 -0.457551
-1.33551 -0.44
-1.35184 -0.496735
-1.32245 -0.496735
-1.35102 -0.464082
-1.30122 -0.477551
-1.37143 -0.493469
-1.29469 -0.477143
-1.34204 -0.433469
-1.27429 -0.466939
-1.31265 -0.410204
-1.37469 -0.457959
-1.35102 -0.425306
-1.34612 -0.462449
-1.32327 -0.450204
-1.36163 -0.437143
-1.37306 -0.403673
-1.33959 -0.418367
-1.34204 -0.371429
-1.31184 -0.398776
-1.3298 -0.420816
-1.28653 -0.394694
-1.32082 -0.376327
-1.32 -0.409388
-1.35592 -0.480408
-1.34041 -0.561633
-1.34857 -0.606531
-1.3298 -0.653878
-1.40163 -0.697959
-1.38204 -0.671837
-1.41388 -0.665714
-1.39918 -0.662857
-1.41796 -0.682857
-1.36816 -0.666939
-1.42122 -0.643265
-1.42367 -0.637551
-1.40082 -0.683265
-1.40082 -0.668571
-1.38367 -0.692653
-1.44327 -0.719592
-1.40327 -0.68898
-1.34776 -0.657143
-1.41306 -0.706122
-1.44327 -0.722857
-1.37306 -0.666531
-1.40735 -0.668571
-1.3551 -0.642857
-1.38204 -0.604082
-1.39102 -0.565306
-1.3298 -0.528163
-1.36898 -0.605306
-1.40327 -0.595918
-1.40082 -0.615102
-1.37469 -0.570612
-1.3698 -0.591837
-1.36898 -0.576735
-1.34939 -0.586531
-1.39347 -0.616327
-1.28898 -0.563673
-1.35918 -0.624898
-1.30531 -0.595102
-1.41959 -0.665306
-1.36571 -0.626939
-1.36816 -0.614286
-1.35347 -0.632653
-1.40245 -0.643673
-1.3298 -0.632653
-1.38204 -0.623673
-1.33714 -0.559592
-1.39755 -0.572653
-1.35918 -0.535918
-1.33224 -0.549388
-1.29714 -0.529388
-1.33878 -0.542857
-1.35347 -0.551429
-1.33633 -0.497959
-1.27918 -0.517551
-1.32816 -0.577143
-1.31755 -0.522449
-1.37306 -0.542449
-1.40653 -0.576735
-1.41469 -0.637551
-1.38776 -0.606122
-1.38122 -0.576735
-1.36816 -0.598776
-1.36 -0.586531
-1.35429 -0.618367
-1.37714 -0.587755
-1.42531 -0.652245
-1.37714 -0.578367
-1.34939 -0.58449
-1.36898 -0.560816
-1.40735 -0.532245
-1.41959 -0.596327
-1.37224 -0.54898
-1.35673 -0.504898
-1.42204 -0.575102
-1.3298 -0.541633
-1.32408 -0.516327
-1.30776 -0.497959
-1.26939 -0.477551
-1.28408 -0.429388
-1.29306 -0.425714
-1.31918 -0.422857
-1.32571 -0.388571
-1.36082 -0.378776
-1.28816 -0.422857
-1.31102 -0.403265
-1.30612 -0.437959
-1.32327 -0.387347
-1.3298 -0.375918
-1.26939 -0.369796
-1.33551 -0.342857
-1.28898 -0.307755
-1.33224 -0.335918
-1.32735 -0.325306
-1.30286 -0.274694
-1.34367 -0.221633
-1.39102 -0.208571
-1.31102 -0.111429
-1.31592 -0.112653
-1.3249 -0.122041
-1.32571 -0.145306
-1.26286 -0.0791837
-1.30449 -0.0281633
-1.3502 0.024898
-1.28571 0.0126531
-1.31918 0.0644898
-1.33633 0.0710204
-1.33143 0.0514286
-1.34041 0.00163265
-1.31265 -0.0236735
-1.25388 0.037551
-1.27837 0.0228571
-1.27837 0.017551
-1.27184 0.00897959
-1.28327 -0.0346939
-1.26776 0.0522449
-1.2849 0.101633
-1.29551 0.137959
-1.23837 0.0604082
-1.29469 0.0118367
-1.3151 0.0616327
-1.32898 0.116327
-1.30612 0.105714
-1.31673 0.0926531
-1.28082 0.105306
-1.28245 0.0644898
-1.23184 0.044898
-1.26122 0.0208163
-1.29796 0.0693878
-1.29878 0.0342857
-1.31265 0.0391837
-1.2751 0.0391837
-1.33959 0.111429
-1.32245 0.077551
-1.2898 0.117551
-1.35592 0.132653
-1.30367 0.142041
-1.37061 0.179592
-1.39673 0.165306
-1.3902 0.186531
-1.38776 0.2
-1.37796 0.259592
-1.37143 0.205306
-1.37551 0.198367
-1.33143 0.207755
-1.36816 0.211837
-1.32163 0.187755
-1.28898 0.232653
-1.28082 0.190204
-1.33306 0.227755
-1.27347 0.233061
-1.32163 0.279592
-1.33959 0.333061
-1.28 0.297959
-1.35265 0.24898
-1.34694 0.264898
-1.35347 0.286122
-1.40163 0.313469
-1.27347 0.288571
-1.30612 0.328571
-1.34531 0.30898
-1.32408 0.357551
-1.28816 0.369796
-1.40327 0.397959
-1.32245 0.438776
-1.32653 0.472245
-1.37306 0.502449
-1.40571 0.514694
-1.3502 0.493878
-1.33878 0.471837
-1.32082 0.389388
-1.33143 0.407755
-1.34367 0.463265
-1.40163 0.519592
-1.32571 0.514694
-1.3249 0.464898
-1.34041 0.537551
-1.37469 0.592245
-1.3551 0.618776
-1.4 0.598776
-1.38041 0.596327
-1.36163 0.562857
-1.39184 0.568163
-1.35265 0.561224
-1.35918 0.512653
-1.40408 0.539592
-1.37143 0.579592
-1.4302 0.621633
-1.44735 0.657551
-1.40408 0.68
-1.38531 0.657143
-1.39265 0.677551
-1.37551 0.676735
-1.38776 0.687347
-1.41469 0.689388
-1.41469 0.668163
-1.4098 0.63551
-1.41551 0.695102
-1.35673 0.672245
-1.40245 0.708571
-1.43102 0.704898
-1.48571 0.733878
-1.33551 0.62898
-1.43592 0.689796
-1.37388 0.63551
-1.4098 0.656327
-1.43265 0.644082
-1.37714 0.602449
-1.34122 0.588163
-1.37061 0.608163
-1.33878 0.613878
-1.32898 0.575102
-1.35265 0.564898
-1.40163 0.602041
-1.42939 0.675102
-1.38531 0.646531
-1.40735 0.666531
-1.41959 0.67551
-1.43102 0.67551
-1.3951 0.694694
-1.40408 0.691429
-1.40898 0.686122
-1.41388 0.689388
-1.4098 0.692245
-1.42694 0.661633
-1.39592 0.644898
-1.37388 0.629388
-1.38857 0.633469
-1.38939 0.656735
-1.46531 0.697143
-1.35837 0.64898
-1.39102 0.585306
-1.38449 0.580816
-1.38612 0.600408
-1.35837 0.590612
-1.36082 0.550612
-1.36735 0.513878
-1.33633 0.530204
-1.37224 0.547347
-1.41796 0.601224
-1.37796 0.546122
-1.37878 0.51102
-1.35265 0.492653
-1.36245 0.440408
-1.35347 0.457959
-1.34449 0.399184
-1.30531 0.408163
-1.34041 0.459184
-1.39184 0.472245
-1.34204 0.460408
-1.37306 0.423673
-1.34939 0.40898
-1.36816 0.383265
-1.29224 0.346531
-1.33388 0.316735
-1.28163 0.300816
-1.24898 0.270204
-1.26857 0.264898
-1.25878 0.220816
-1.30939 0.240816
-1.33714 0.192245
-1.31265 0.226531
-1.31429 0.252653
-1.30449 0.294694
-1.32735 0.295102
-1.33796 0.305306
-1.35837 0.362449
-1.41061 0.382041
-1.39837 0.320408
-1.35673 0.271429
-1.34041 0.255102
-1.32327 0.234694
-1.29959 0.225306
-1.34857 0.212653
-1.39673 0.224898
-1.38531 0.229796
-1.30694 0.171429
-1.27837 0.207347
-1.29143 0.206122
-1.32163 0.225306
-1.30204 0.182449
-1.30694 0.207347
-1.34694 0.156735
-1.34776 0.146939
-1.33959 0.131429
-1.35837 0.149796
-1.31347 0.173061
-1.30367 0.188571
-1.34286 0.162041
-1.29633 0.0934694
-1.3102 0.132245
-1.32898 0.0922449
-1.36163 0.110612
-1.32735 0.142857
-1.33306 0.15102
-1.37388 0.119184
-1.33714 0.0836735
-1.34531 0.109388
-1.38857 0.0746939
-1.33796 0.0334694
-1.34694 0.0795918
-1.34939 0.0722449
-1.29388 0.0865306
-1.36 0.0873469
-1.29714 0.0326531
-1.31265 0.0583673
-1.31673 0.0506122
-1.25143 0.0779592
-1.24816 0.0844898
-1.25959 0.0595918
-1.28735 0.0689796
-1.23184 0.0518367
-1.26449 0.097551
-1.27184 0.138367
-1.27755 0.226122
-1.32816 0.21102
-1.29959 0.213469
-1.3102 0.206939
-1.31673 0.13551
-1.31837 0.236327
-1.35184 0.242041
-1.36408 0.187347
-1.34122 0.129796
-1.23429 0.156735
-1.29224 0.205306
-1.28735 0.194286
-1.30939 0.216735
-1.26776 0.144082
-1.30122 0.230204
-1.31837 0.281633
-1.26286 0.273061
-1.29633 0.21551
-1.3151 0.186531
-1.27755 0.156327
-1.30531 0.102857
-1.2302 0.0857143
-1.27592 0.139592
-1.28163 0.107755
-1.30694 0.230204
-1.30122 0.285306
-1.27837 0.346939
-1.3249 0.393061
-1.30694 0.395102
-1.33388 0.42
-1.3102 0.427347
-1.32163 0.40449
-1.31102 0.398776
-1.39429 0.382449
-1.35102 0.362857
-1.37388 0.426939
-1.32163 0.421224
-1.34286 0.330204
-1.30776 0.316327
-1.32653 0.294694
-1.37388 0.305306
-1.32735 0.302449
-1.33388 0.3
-1.30776 0.323673
-1.33143 0.329388
-1.27918 0.332653
-1.28082 0.352653
-1.33796 0.352653
-1.3151 0.366122
-1.27837 0.38898
-1.30857 0.421633
-1.32327 0.418367
-1.31347 0.406531
-1.26939 0.364082
-1.25469 0.387755
-1.33633 0.436327
-1.30612 0.398367
-1.35673 0.464082
-1.29633 0.463265
-1.30204 0.474694
-1.34857 0.440816
-1.29469 0.428571
-1.32816 0.49551
-1.31347 0.466939
-1.42122 0.56898
-1.34367 0.505714
-1.32408 0.505306
-1.32 0.478367
-1.33551 0.469388
-1.3649 0.501224
-1.35918 0.528163
-1.33796 0.540408
-1.38694 0.601224
-1.39673 0.634286
-1.38694 0.595102
-1.37633 0.609796
-1.34286 0.596327
-1.34286 0.594694
-1.33061 0.527347
-1.36082 0.533061
-1.41796 0.562857
-1.36735 0.573878
-1.31592 0.506531
-1.37551 0.553061
-1.33878 0.490204
-1.37633 0.486939
-1.3502 0.506531
-1.34939 0.474286
-1.35347 0.393061
-1.35592 0.360408
-1.31673 0.414694
-1.35918 0.434694
-1.36653 0.455102
-1.3502 0.437959
-1.32735 0.457551
-1.32816 0.432653
-1.36408 0.441633
-1.32735 0.409388
-1.33061 0.363673
-1.35755 0.384898
-1.33469 0.370612
-1.34531 0.38898
-1.28163 0.345306
-1.33796 0.354694
-1.32 0.302857
-1.36163 0.348571
-1.3151 0.32
-1.31265 0.322449
-1.32735 0.335918
-1.35755 0.293469
-1.32408 0.256327
-1.27592 0.252653
-1.29714 0.197959
-1.34041 0.200816
-1.3249 0.155102
-1.30041 0.153061
-1.30857 0.168163
-1.42122 0.210612
-1.31102 0.168571
-1.29224 0.118367
-1.29714 0.141224
-1.29061 0.130204
-1.32245 0.175918
-1.26204 0.159184
-1.25061 0.170612
-1.33878 0.153061
-1.29061 0.2
-1.29306 0.208571
-1.31592 0.0971429
-1.32245 0.13102
-1.30041 0.145306
-1.32898 0.148163
-1.29469 0.188163
-1.31755 0.184898
-1.31673 0.222041
-1.32816 0.203673
-1.28816 0.173469
-1.33959 0.223265
-1.36735 0.259184
-1.34449 0.271429
-1.36571 0.257143
-1.33306 0.197143
-1.32653 0.260408
-1.28898 0.27551
-1.28245 0.285714
-1.32816 0.317143
-1.32653 0.361633
-1.34857 0.379184
-1.30776 0.380816
-1.38122 0.398776
-1.31347 0.390612
-1.37143 0.4
-1.34939 0.423673
-1.3649 0.440816
-1.38367 0.493061
-1.35673 0.506122
-1.37061 0.508163
-1.41061 0.491837
-1.30857 0.443265
-1.31918 0.438367
-1.34939 0.375918
-1.3249 0.401633
-1.3249 0.438367
-1.35429 0.442857
-1.36082 0.456327
-1.33714 0.447755
-1.33878 0.45551
-1.34449 0.424898
-1.32816 0.412245
-1.32898 0.402449
-1.2702 0.415102
-1.34776 0.393878
-1.29061 0.393061
-1.37061 0.418367
-1.36245 0.468571
-1.30286 0.421224
-1.33224 0.393469
-1.34694 0.379184
-1.33388 0.363673
-1.31102 0.325714
-1.33061 0.350612
-1.28571 0.336735
-1.2898 0.364898
-1.36898 0.34
-1.38776 0.319184
-1.30204 0.261633
-1.22531 0.238776
-1.25714 0.306122
-1.2849 0.246939
-1.27102 0.310204
-1.26449 0.242449
-1.32735 0.257551
-1.31592 0.229796
-1.23184 0.267755
-1.25796 0.237551
-1.26367 0.218776
-1.30041 0.184082
-1.29551 0.286122
-1.33469 0.312653
-1.34857 0.289388
-1.28816 0.240816
-1.2898 0.219184
-1.27755 0.216735
-1.27429 0.206939
-1.28082 0.242857
-1.28 0.221633
-1.37878 0.18449
-1.32408 0.15102
-1.31102 0.182041
-1.29878 0.151429
-1.30612 0.1
-1.30449 0.0795918
-1.33714 0.0395918
-1.34939 -0.0118367
-1.34857 0
-1.43592 0.0379592
-1.35673 0.0330612
-1.36898 0.0273469
-1.29796 -0.0110204
-1.31837 -0.0285714
-1.32082 0.00204082
-1.31918 0.0253061
-1.32816 0.0632653
-1.3951 0.106531
-1.38939 0.135918
-1.33551 0.124898
-1.31265 0.0979592
-1.30776 0.0844898
-1.3102 0.114694
-1.3102 0.106939
-1.3551 0.0922449
-1.26367 0.0232653
-1.30122 0.0457143
-1.35429 0.0914286
-1.29143 0.121224
-1.30694 0.147347
-1.3102 0.166531
-1.34776 0.219184
-1.34612 0.188571
-1.35429 0.208163
-1.37224 0.255102
-1.36408 0.279592
-1.2898 0.200816
-1.32163 0.182041
-1.33796 0.2
-1.31429 0.251429
-1.29469 0.20449
-1.2849 0.162041
-1.30939 0.195102
-1.30939 0.196327
-1.29878 0.193878
-1.3551 0.228571
-1.32653 0.259184
-1.29469 0.198776
-1.30122 0.234286
-1.30857 0.259592
-1.32245 0.245306
-1.29633 0.193878
-1.32 0.231837
-1.28 0.23551
-1.27755 0.248571
-1.32082 0.28
-1.22449 0.211429
-1.24327 0.257143
-1.23265 0.241224
-1.22857 0.282041
-1.25796 0.258776
-1.29061 0.305306
-1.22367 0.259184
-1.28735 0.237959
-1.3102 0.278776
-1.33633 0.311837
-1.29878 0.344898
-1.31918 0.370204
-1.33714 0.326531
-1.29469 0.319184
-1.33878 0.342857
-1.28653 0.326939
-1.30694 0.277959
-1.31592 0.272245
-1.32571 0.210612
-1.27429 0.175918
-1.35347 0.205306
-1.31837 0.255102
-1.34612 0.26898
-1.37143 0.313469
-1.31673 0.290612
-1.29388 0.290612
-1.35184 0.268571
-1.30122 0.302449
-1.26204 0.287755
-1.36898 0.275918
-1.35918 0.303265
-1.34204 0.257551
-1.27429 0.276327
-1.34286 0.270204
-1.31429 0.283673
-1.30367 0.367347
-1.33469 0.421633
-1.33878 0.447347
-1.32245 0.497143
-1.37143 0.493061
-1.36571 0.420816
-1.34531 0.489796
-1.33633 0.502857
-1.37143 0.560816
-1.32816 0.499592
-1.34531 0.481633
-1.3551 0.482041
-1.32816 0.425306
-1.31347 0.417959
-1.35592 0.40449
-1.40245 0.42449
-1.37388 0.441633
-1.33388 0.410612
-1.34857 0.387347
-1.32408 0.372653
-1.32 0.298367
-1.30694 0.321633
-1.4049 0.342041
-1.36327 0.291837
-1.34367 0.357551
-1.39673 0.370612
-1.38367 0.356735
-1.36163 0.366939
-1.34204 0.368571
-1.30204 0.343673
-1.29551 0.324082
-1.3151 0.347347
-1.30367 0.367347
-1.31429 0.330612
-1.29878 0.293878
-1.31184 0.282449
-1.33469 0.317143
-1.34122 0.337959
-1.34776 0.365306
-1.28 0.28
-1.35184 0.303265
-1.29224 0.315918
-1.30531 0.324082
-1.34449 0.314694
-1.31184 0.313878
-1.39918 0.24
-1.34041 0.288163
-1.31918 0.299184
-1.37469 0.279592
-1.31347 0.213469
-1.34041 0.188163
-1.3102 0.153469
-1.33633 0.246122
-1.34204 0.204082
-1.27102 0.217551
-1.25469 0.215918
-1.2702 0.243265
-1.26531 0.246122
-1.29878 0.293469
-1.26857 0.273061
-1.33143 0.301224
-1.3551 0.23551
-1.31592 0.150204
-1.32163 0.179184
-1.29388 0.201633
-1.32898 0.226939
-1.30776 0.224082
-1.34367 0.282449
-1.34531 0.263673
-1.31592 0.265306
-1.32408 0.26898
-1.27592 0.302449
-1.31347 0.278776
-1.3698 0.340816
-1.37306 0.37102
-1.31429 0.433878
-1.31837 0.406531
-1.32898 0.428571
-1.37714 0.367347
-1.3151 0.388571
-1.30449 0.324898
-1.33388 0.359592
-1.28571 0.337143
-1.33551 0.353469
-1.35347 0.334286
-1.30531 0.327755
-1.29306 0.336735
-1.24408 0.27102
-1.28327 0.311837
-1.29224 0.30449
-1.30694 0.256327
-1.28816 0.193061
-1.27755 0.122041
-1.28653 0.116327
-1.30531 0.115102
-1.32898 0.12898
-1.31755 0.0673469
-1.36408 0.100816
-1.33959 0.0922449
-1.30204 0.0477551
-1.38122 0.0493878
-1.3298 0.0428571
-1.28408 0.0110204
-1.34694 -0.0179592
-1.31102 0.0232653
-1.33633 0.0208163
-1.41878 0.0489796
-1.35918 0.121633
-1.36571 0.0702041
-1.35755 0.0763265
-1.31918 0.15102
-1.3551 0.165714
-1.33633 0.123265
-1.36735 0.178776
-1.31837 0.22898
-1.27673 0.178367
-1.29469 0.20898
-1.25633 0.255918
-1.25224 0.226122
-1.33143 0.305714
-1.28653 0.357551
-1.27673 0.312245
-1.31673 0.380816
-1.32327 0.425306
-1.34041 0.485714
-1.36 0.510612
-1.35102 0.51551
-1.3698 0.507755
-1.37224 0.50449
-1.33551 0.372653
-1.30694 0.357143
-1.33224 0.432653
-1.29633 0.434286
-1.32571 0.470204
-1.34939 0.487755
-1.32653 0.513061
-1.37551 0.53102
-1.34041 0.525306
-1.33878 0.574286
-1.41714 0.630204
-1.38204 0.615102
-1.4302 0.622041
-1.36082 0.582449
-1.43265 0.601633
-1.40653 0.583673
-1.38612 0.583265
-1.35184 0.52898
-1.40082 0.537551
-1.37306 0.572245
-1.43918 0.613061
-1.36735 0.632653
-1.42531 0.629388
-1.34776 0.559184
-1.34041 0.566939
-1.33878 0.533061
-1.36327 0.574286
-1.36653 0.596327
-1.43918 0.625306
-1.39837 0.603673
-1.37959 0.533469
-1.34122 0.548571
-1.38449 0.557143
-1.36327 0.565306
-1.38449 0.57551
-1.38531 0.588163
-1.34694 0.58898
-1.41306 0.613061
-1.39184 0.622449
-1.37633 0.626122
-1.37796 0.587755
-1.36571 0.596327
-1.37633 0.566531
-1.30531 0.57551
-1.34857 0.597143
-1.29796 0.571837
-1.33714 0.581633
-1.40816 0.605306
-1.36327 0.585306
-1.37633 0.62
-1.3951 0.634286
-1.46204 0.643673
-1.37633 0.655918
-1.36082 0.613061
-1.34612 0.633878
-1.38612 0.63551
-1.39184 0.683673
-1.43184 0.677143
-1.34286 0.619184
-1.40816 0.645714
-1.36245 0.603673
-1.38204 0.645714
-1.37551 0.613061
-1.37061 0.626122
-1.35184 0.587347
-1.44082 0.669796
-1.3102 0.601633
-1.35592 0.618367
-1.39265 0.589796
-1.36653 0.573061
-1.37714 0.565306
-1.36735 0.560408
-1.37878 0.606531
-1.3551 0.606531
-1.3902 0.566939
-1.38612 0.53551
-1.3298 0.473878
-1.34449 0.453469
-1.26122 0.442857
-1.3151 0.465306
-1.3298 0.560408
-1.3151 0.544898
-1.35673 0.571429
-1.39755 0.591837
-1.37633 0.609796
-1.2702 0.505714
-1.32 0.558367
-1.32653 0.563265
-1.33878 0.598776
-1.44245 0.682857
-1.40245 0.653061
-1.45878 0.669388
-1.31837 0.60449
-1.35592 0.612653
-1.31429 0.594286
-1.39837 0.637143
-1.36408 0.629796
-1.37388 0.577143
-1.40163 0.625714
-1.2849 0.523673
-1.36571 0.543265
-1.30367 0.502857
-1.34122 0.496327
-1.2849 0.467755
-1.29469 0.473469
-1.30694 0.478776
-1.30857 0.424898
-1.31592 0.386531
-1.3102 0.376327
-1.30531 0.391429
-1.33306 0.433469
-1.37306 0.44
-1.32898 0.43102
-1.34122 0.465714
-1.32816 0.459184
-1.29959 0.448163
-1.29143 0.438776
-1.30939 0.442041
-1.27184 0.391837
-1.30204 0.393469
-1.29959 0.402449
-1.28816 0.444898
-1.34041 0.437143
-1.36816 0.458776
-1.37878 0.519184
-1.33878 0.539592
-1.34122 0.506122
-1.39755 0.596327
-1.33306 0.568571
-1.39429 0.557143
-1.43102 0.577143
-1.39347 0.54449
-1.44327 0.585306
-1.32408 0.559592
-1.31347 0.505714
-1.34939 0.499184
-1.37306 0.511429
-1.31592 0.524082
-1.32163 0.508163
-1.33388 0.532245
-1.32571 0.502449
-1.38041 0.512653
-1.38612 0.540408
-1.42367 0.582449
-1.38367 0.566122
-1.38367 0.514694
-1.38694 0.540408
-1.42041 0.56449
-1.29796 0.483673
-1.33959 0.494694
-1.36245 0.485714
-1.31102 0.472245
-1.32653 0.45551
-1.29878 0.48
-1.30367 0.484082
-1.22857 0.432653
-1.31265 0.497959
-1.30286 0.537143
-1.34531 0.587347
-1.36327 0.613469
-1.33714 0.558367
-1.43347 0.612653
-1.37061 0.583265
-1.40327 0.625306
-1.38041 0.582449
-1.39592 0.593878
-1.35347 0.55551
-1.40735 0.59102
-1.37143 0.54449
-1.33388 0.555102
-1.34204 0.553878
-1.36245 0.591837
-1.31347 0.563265
-1.42776 0.602449
-1.44082 0.654694
-1.38204 0.667755
-1.47592 0.7
-1.38612 0.628163
-1.3502 0.62
-1.37061 0.599184
-1.38694 0.554286
-1.41796 0.589796
-1.35184 0.551429
-1.33959 0.513878
-1.34122 0.505714
-1.34694 0.502449
-1.33388 0.518367
-1.34694 0.546122
-1.36163 0.592245
-1.38939 0.619184
-1.33469 0.543673
-1.32082 0.597551
-1.34367 0.581633
-1.3698 0.568163
-1.4049 0.658367
-1.39184 0.67551
-1.38776 0.666939
-1.38286 0.634694
-1.39592 0.658776
-1.44327 0.648163
-1.3698 0.602449
-1.38857 0.601633
-1.47184 0.686531
-1.43755 0.654694
-1.46286 0.673469
-1.35347 0.640408
-1.4 0.673061
-1.38122 0.64
-1.41306 0.620816
-1.41306 0.616735
-1.37551 0.56898
-1.42694 0.657551
-1.38041 0.640816
-1.33959 0.603265
-1.3902 0.598367
-1.3298 0.591837
-1.33469 0.582449
-1.30857 0.547347
-1.30939 0.555918
-1.33878 0.523673
-1.32163 0.541633
-1.29061 0.563265
-1.37959 0.629388
-1.42204 0.677551
-1.4849 0.734286
-1.45878 0.717551
-1.45796 0.686939
-1.42449 0.647755
-1.46041 0.66898
-1.42204 0.647755
-1.43102 0.673878
-1.38041 0.593878
-1.43102 0.647347
-1.36163 0.599592
-1.41061 0.61551
-1.38122 0.641224
-1.46449 0.657551
-1.37796 0.582041
-1.40245 0.58
-1.33306 0.530204
-1.3151 0.514286
-1.37061 0.511837
-1.32653 0.48449
-1.32245 0.430612
-1.36408 0.46898
-1.36735 0.458367
-1.30939 0.432245
-1.31184 0.391837
-1.34122 0.402857
-1.32735 0.372653
-1.36571 0.401633
-1.33796 0.410612
-1.32082 0.368163
-1.3649 0.364082
-1.33388 0.334286
-1.33878 0.370204
-1.31673 0.341224
-1.30776 0.285714
-1.28898 0.298367
-1.32327 0.341633
-1.25796 0.337143
-1.34204 0.350612
-1.33714 0.406531
-1.30122 0.394694
-1.37469 0.387755
-1.38122 0.407347
-1.31184 0.395102
-1.36735 0.394694
-1.35265 0.387347
-1.35673 0.41551
-1.30204 0.361224
-1.39918 0.337551
-1.33224 0.356735
-1.33959 0.344898
-1.34776 0.387755
-1.38776 0.4
-1.38612 0.336735
-1.38286 0.392653
-1.40245 0.38898
-1.38367 0.365714
-1.2849 0.315102
-1.35347 0.336327
-1.38612 0.329388
-1.39918 0.326531
-1.32082 0.314694
-1.33388 0.336735
-1.35592 0.387755
-1.36816 0.444898
-1.36163 0.441633
-1.44816 0.461633
-1.38367 0.438367
-1.37306 0.441633
-1.40816 0.447347
-1.37714 0.463265
-1.35837 0.459592
-1.37878 0.455918
-1.35184 0.391837
-1.38531 0.406939
-1.37878 0.398367
-1.34776 0.387755
-1.34449 0.420408
-1.35184 0.459184
-1.38122 0.492245
-1.30204 0.476735
-1.36735 0.509796
-1.34204 0.52449
-1.34857 0.571429
-1.39429 0.52898
-1.40898 0.537143
-1.38041 0.559184
-1.37714 0.557959
-1.35918 0.516327
-1.33551 0.503673
-1.38367 0.540816
-1.31347 0.491429
-1.41714 0.551837
-1.39592 0.597143
-1.31265 0.55102
-1.37469 0.568163
-1.33796 0.602857
-1.33633 0.626531
-1.33551 0.641224
-1.35592 0.621224
-1.37796 0.609796
-1.38041 0.603265
-1.34204 0.562449
-1.3902 0.572245
-1.43673 0.601633
-1.39102 0.580408
-1.38776 0.604082
-1.3902 0.625714
-1.37469 0.620408
-1.37551 0.602857
-1.33143 0.580816
-1.38857 0.606531
-1.33633 0.605306
-1.33878 0.594694
-1.32408 0.590204
-1.38204 0.6
-1.39592 0.58449
-1.36245 0.567755
-1.34531 0.556735
-1.3902 0.60898
-1.34857 0.520816
-1.38449 0.54
-1.32082 0.515918
-1.33061 0.512653
-1.32571 0.537959
-1.3151 0.527755
-1.29143 0.495918
-1.30041 0.503673
-1.29388 0.467347
-1.32163 0.472653
-1.33878 0.429796
-1.29224 0.432245
-1.32898 0.512653
-1.37469 0.518367
-1.3551 0.484082
-1.32245 0.48898
-1.35265 0.489796
-1.37551 0.450612
-1.33959 0.403673
-1.30694 0.414286
-1.36571 0.491429
-1.37878 0.512245
-1.38449 0.513469
-1.39918 0.509796
-1.43102 0.476735
-1.34776 0.442041
-1.30612 0.386531
-1.34286 0.4
-1.37061 0.38898
-1.2849 0.406122
-1.38939 0.398776
-1.39429 0.374286
-1.36245 0.347755
-1.3551 0.294694
-1.37959 0.346122
-1.38041 0.377959
-1.36653 0.393878
-1.33796 0.278776
-1.35429 0.320408
-1.36327 0.353469
-1.35265 0.306122
-1.32327 0.245306
-1.28082 0.226122
-1.32653 0.228571
-1.38449 0.247347
-1.32082 0.187755
-1.27102 0.169796
-1.32245 0.104082
-1.33306 0.105306
-1.31429 0.0579592
-1.34612 0.0742857
-1.31347 0.14449
-1.2702 0.0857143
-1.30204 0.117959
-1.33061 0.128571
-1.25306 0.151837
-1.29551 0.160408
-1.35347 0.104082
-1.29959 0.0322449
-1.30204 0.00816327
-1.35347 0.00734694
-1.32653 -0.04
-1.33878 -0.0102041
-1.27755 0.00816327
-1.32245 0.00897959
-1.29224 0.0363265
-1.25388 0.0244898
-1.21061 -0.0306122
-1.25633 -0.0302041
-1.25878 -0.0187755
-1.21388 -0.0126531
-1.24245 0.000816327
-1.24082 -0.0469388
-1.29633 -0.0444898
-1.28898 -0.00979592
-1.30857 0.00938776
-1.29551 -0.0420408
-1.28816 -0.0106122
-1.33878 0.0044898
-1.37714 -0.0285714
-1.40408 -0.0314286
-1.33061 -0.0804082
-1.34122 -0.0934694
-1.24898 -0.101224
-1.26939 -0.102449
-1.3102 -0.10898
-1.30939 -0.136735
-1.27755 -0.151837
-1.34204 -0.173061
-1.29143 -0.196327
-1.28735 -0.280816
-1.31592 -0.268571
-1.34367 -0.32898
-1.33714 -0.397143
-1.2898 -0.404082
-1.3502 -0.416735
-1.32571 -0.460408
-1.34204 -0.483265
-1.36735 -0.487755
-1.32898 -0.433469
-1.39347 -0.497143
-1.35184 -0.457959
-1.28327 -0.437551
-1.35347 -0.462857
-1.28898 -0.408571
-1.36245 -0.415918
-1.31429 -0.447347
-1.33143 -0.435102
-1.33061 -0.416735
-1.35184 -0.383673
-1.33878 -0.353061
-1.37959 -0.364082
-1.31184 -0.354694
-1.34857 -0.346122
-1.32653 -0.337143
-1.31265 -0.322857
-1.2849 -0.341633
-1.29143 -0.358367
-1.27918 -0.407755
-1.30612 -0.400816
-1.33878 -0.433878
-1.31592 -0.462857
-1.31755 -0.452245
-1.29388 -0.433469
-1.30122 -0.45102
-1.30531 -0.418776
-1.33796 -0.357143
-1.31918 -0.386939
-1.29143 -0.362449
-1.26286 -0.317143
-1.31755 -0.353061
-1.30367 -0.376327
-1.38204 -0.385306
-1.28 -0.407347
-1.3298 -0.414694
-1.35347 -0.405714
-1.3102 -0.430204
-1.30122 -0.365306
-1.29633 -0.386531
-1.36082 -0.384082
-1.3551 -0.400816
-1.30857 -0.396735
-1.31102 -0.377551
-1.25796 -0.346122
-1.31347 -0.333469
-1.37714 -0.398367
-1.31184 -0.330204
-1.27102 -0.282449
-1.31429 -0.302857
-1.33224 -0.287755
-1.34204 -0.279592
-1.35102 -0.262041
-1.34204 -0.208571
-1.33796 -0.247347
-1.30041 -0.224898
-1.28327 -0.183265
-1.31837 -0.223265
-1.23755 -0.199592
-1.27592 -0.165714
-1.31673 -0.192653
-1.31755 -0.242857
-1.29306 -0.275102
-1.32082 -0.282449
-1.28653 -0.244898
-1.25796 -0.233469
-1.31265 -0.281633
-1.32163 -0.32
-1.29796 -0.329388
-1.32 -0.265306
-1.33714 -0.261633
-1.36408 -0.25551
-1.28082 -0.300816
-1.26776 -0.272245
-1.32816 -0.292653
-1.29143 -0.254694
-1.27673 -0.325306
-1.32408 -0.360408
-1.38531 -0.380816
-1.30694 -0.304082
-1.33224 -0.346531
-1.27102 -0.393878
-1.36816 -0.496327
-1.30612 -0.490204
-1.32 -0.471837
-1.31265 -0.401224
-1.30694 -0.38898
-1.39673 -0.493061
-1.35673 -0.424082
-1.3249 -0.404898
-1.34939 -0.403265
-1.37878 -0.47102
-1.37306 -0.494694
-1.33878 -0.426531
-1.27102 -0.408571
-1.33224 -0.395102
-1.31918 -0.418776
-1.41388 -0.47551
-1.33551 -0.440816
-1.3298 -0.412245
-1.39265 -0.421224
-1.38857 -0.396327
-1.38694 -0.38449
-1.30612 -0.341633
-1.37714 -0.355102
-1.29796 -0.310204
-1.37143 -0.306531
-1.34857 -0.301633
-1.32653 -0.273469
-1.35755 -0.230612
-1.32082 -0.235102
-1.30449 -0.200408
-1.37469 -0.284898
-1.34939 -0.340816
-1.31918 -0.326122
-1.37551 -0.366939
-1.35265 -0.368163
-1.34122 -0.342041
-1.36 -0.368571
-1.3698 -0.377959
-1.41388 -0.409388
-1.37143 -0.395918
-1.32571 -0.473469
-1.39837 -0.504082
-1.3698 -0.529388
-1.38122 -0.54449
-1.36245 -0.513878
-1.34041 -0.553878
-1.37959 -0.520408
-1.3298 -0.504898
-1.36735 -0.505714
-1.37306 -0.506122
-1.34776 -0.493061
-1.29633 -0.518776
-1.3902 -0.511837
-1.35102 -0.557143
-1.3698 -0.55551
-1.37061 -0.573469
-1.39592 -0.52898
-1.33878 -0.444082
-1.3298 -0.440816
-1.31592 -0.40898
-1.25633 -0.352245
-1.22939 -0.314694
-1.26612 -0.354694
-1.29061 -0.294286
-1.31347 -0.293878
-1.2351 -0.22449
-1.26857 -0.257143
-1.30122 -0.286939
-1.31265 -0.367347
-1.33796 -0.427347
-1.38939 -0.497551
-1.35347 -0.478776
-1.37388 -0.40898
-1.32082 -0.406531
-1.38939 -0.455918
-1.35184 -0.419184
-1.38694 -0.506939
-1.36816 -0.520816
-1.38939 -0.49102
-1.41633 -0.524898
-1.37714 -0.547755
-1.36735 -0.537143
-1.30939 -0.485714
-1.2898 -0.482041
-1.32408 -0.461224
-1.36898 -0.503265
-1.35918 -0.516735
-1.39837 -0.546122
-1.40816 -0.556735
-1.35592 -0.531837
-1.36571 -0.578367
-1.41224 -0.623265
-1.40898 -0.621633
-1.40245 -0.612653
-1.36898 -0.625306
-1.31265 -0.552245
-1.36408 -0.54898
-1.38694 -0.526531
-1.35184 -0.475102
-1.35592 -0.503673
-1.3951 -0.523673
-1.29878 -0.462449
-1.3249 -0.433878
-1.31347 -0.432653
-1.33469 -0.493469
-1.31673 -0.54449
-1.32816 -0.531429
-1.31184 -0.515918
-1.31184 -0.535918
-1.38531 -0.599184
-1.34449 -0.583673
-1.42776 -0.637959
-1.37796 -0.641633
-1.40245 -0.636327
-1.42939 -0.604898
-1.41388 -0.632245
-1.36816 -0.613061
-1.37878 -0.624898
-1.37469 -0.618367
-1.37714 -0.617959
-1.43102 -0.643673
-1.38612 -0.623673
-1.34612 -0.576327
-1.33061 -0.51102
-1.37959 -0.547755
-1.33143 -0.565306
-1.3102 -0.529796
-1.37878 -0.598776
-1.44327 -0.653878
-1.39592 -0.573469
-1.42367 -0.627755
-1.35837 -0.587755
-1.39755 -0.581633
-1.38122 -0.551429
-1.37061 -0.521224
-1.35265 -0.541633
-1.37388 -0.537959
-1.38041 -0.531837
-1.38694 -0.451429
-1.28245 -0.398367
-1.37633 -0.399184
-1.35673 -0.386939
-1.31918 -0.413061
-1.26041 -0.415102
-1.26531 -0.348163
-1.26286 -0.354286
-1.29633 -0.395102
-1.36408 -0.468571
-1.35592 -0.444082
-1.37469 -0.455102
-1.31755 -0.408571
-1.32 -0.352245
-1.35429 -0.373469
-1.29959 -0.373469
-1.30367 -0.388163
-1.29714 -0.347347
-1.28816 -0.291837
-1.34286 -0.367755
-1.32816 -0.355102
-1.36163 -0.333469
-1.27347 -0.246531
-1.3151 -0.266122
-1.29878 -0.239592
-1.30939 -0.238367
-1.2702 -0.210204
-1.29878 -0.148571
-1.30286 -0.138776
-1.2702 -0.174286
-1.32571 -0.192653
-1.35429 -0.175102
-1.34041 -0.138776
-1.29551 -0.0763265
-1.31102 -0.132653
-1.34449 -0.210204
-1.39837 -0.226531
-1.3151 -0.257143
-1.31918 -0.290204
-1.30857 -0.273061
-1.31265 -0.297143
-1.28898 -0.343673
-1.33878 -0.375918
-1.38122 -0.420408
-1.27673 -0.362857
-1.36082 -0.426531
-1.31429 -0.351429
-1.33388 -0.403673
-1.30939 -0.397143
-1.33143 -0.384082
-1.34694 -0.437551
-1.34449 -0.411429
-1.28898 -0.416327
-1.31429 -0.47551
-1.38531 -0.546531
-1.33306 -0.585714
-1.39673 -0.677551
-1.39347 -0.666122
-1.4302 -0.683673
-1.42612 -0.698367
-1.38041 -0.653878
-1.38531 -0.669796
-1.38531 -0.626531
-1.33224 -0.591837
-1.39918 -0.568163
-1.28653 -0.459184
-1.30857 -0.434694
-1.28571 -0.381633
-1.30041 -0.367347
-1.28816 -0.324082
-1.30286 -0.306122
-1.25306 -0.334286
-1.30776 -0.389388
-1.32571 -0.419592
-1.37633 -0.478776
-1.34857 -0.452245
-1.32327 -0.473061
-1.33796 -0.485714
-1.42531 -0.561633
-1.39673 -0.542041
-1.42286 -0.577143
-1.3249 -0.491429
-1.33551 -0.496735
-1.29796 -0.461633
-1.42531 -0.542041
-1.32735 -0.523673
-1.31837 -0.479184
-1.35592 -0.516327
-1.38857 -0.499184
-1.32571 -0.474286
-1.31102 -0.491429
-1.35429 -0.484082
-1.33551 -0.515102
-1.34531 -0.528163
-1.36327 -0.460816
-1.3902 -0.497959
-1.34857 -0.467755
-1.35102 -0.486939
-1.37633 -0.479592
-1.36898 -0.44898
-1.33388 -0.48
-1.4449 -0.512245
-1.3902 -0.496735
-1.41633 -0.448571
-1.37878 -0.412653
-1.4098 -0.376735
-1.35347 -0.320408
-1.30041 -0.282449
-1.34857 -0.289388
-1.32735 -0.249388
-1.34857 -0.276735
-1.32327 -0.285714
-1.29878 -0.292245
-1.28898 -0.30898
-1.34939 -0.297959
-1.35673 -0.309796
-1.35265 -0.306939
-1.35592 -0.283673
-1.33224 -0.298367
-1.29469 -0.340408
-1.28327 -0.32898
-1.34449 -0.4
-1.32408 -0.400816
-1.33714 -0.42898
-1.36898 -0.474286
-1.3551 -0.399184
-1.34531 -0.378776
-1.37796 -0.44898
-1.36816 -0.471429
-1.39918 -0.430204
-1.2849 -0.433878
-1.37469 -0.457551
-1.33878 -0.495102
-1.36 -0.50449
-1.35837 -0.48449
-1.39347 -0.511837
-1.34939 -0.477143
-1.36816 -0.467347
-1.30041 -0.458776
-1.37143 -0.489388
-1.27837 -0.424898
-1.34449 -0.407347
-1.29959 -0.36
-1.36735 -0.466939
-1.3502 -0.461224
-1.33633 -0.466122
-1.38367 -0.458367
-1.30776 -0.497959
-1.31837 -0.464898
-1.39102 -0.485714
-1.36571 -0.478776
-1.4 -0.552653
-1.34694 -0.519184
-1.34939 -0.444898
-1.37796 -0.487347
-1.3249 -0.493469
-1.3151 -0.532245
-1.35673 -0.52449
-1.37796 -0.55551
-1.39837 -0.59102
-1.41633 -0.542449
-1.39265 -0.519592
-1.3698 -0.487755
-1.35592 -0.453061
-1.3298 -0.391429
-1.34449 -0.433878
-1.31673 -0.409388
-1.3551 -0.373469
-1.35837 -0.370204
-1.29796 -0.316735
-1.32163 -0.348571
-1.31265 -0.367347
-1.4049 -0.416735
-1.35673 -0.440408
-1.32408 -0.395918
-1.38367 -0.38449
-1.41306 -0.426531
-1.37796 -0.406939
-1.34776 -0.408163
-1.30776 -0.317143
-1.34694 -0.40449
-1.30857 -0.429388
-1.33551 -0.426122
-1.30939 -0.418367
-1.27347 -0.36449
-1.34204 -0.416327
-1.31347 -0.40449
-1.33714 -0.434286
-1.3249 -0.38898
-1.37306 -0.410612
-1.33388 -0.398367
-1.40653 -0.401224
-1.30776 -0.391429
-1.34612 -0.437551
-1.3951 -0.517959
-1.41878 -0.539184
-1.4049 -0.510612
-1.36163 -0.48
-1.37306 -0.484898
-1.35673 -0.449796
-1.38122 -0.48898
-1.38122 -0.50449
-1.32245 -0.502449
-1.36 -0.57551
-1.36082 -0.557959
-1.3249 -0.535102
-1.35429 -0.553469
-1.42041 -0.607347
-1.34939 -0.580408
-1.36327 -0.567347
-1.31347 -0.515918
-1.3298 -0.500408
-1.37224 -0.531429
-1.33388 -0.530204
-1.39592 -0.513469
-1.33306 -0.53102
-1.38531 -0.518776
-1.38857 -0.517959
-1.27265 -0.423265
-1.3249 -0.406122
-1.40816 -0.436735
-1.34041 -0.43102
-1.33633 -0.393878
-1.35429 -0.389388
-1.35837 -0.317959
-1.32245 -0.291429
-1.25224 -0.294286
-1.29469 -0.332245
-1.25551 -0.298367
-1.30286 -0.295102
-1.26041 -0.302857
-1.29469 -0.380816
-1.31673 -0.422857
-1.34531 -0.42449
-1.37551 -0.369388
-1.34449 -0.351429
-1.3102 -0.305714
-1.30939 -0.276735
-1.29633 -0.262857
-1.28898 -0.233061
-1.27265 -0.260816
-1.26857 -0.266531
-1.30449 -0.28449
-1.29551 -0.239592
-1.31918 -0.248571
-1.32408 -0.267347
-1.30122 -0.279184
-1.31265 -0.258776
-1.36163 -0.383673
-1.45388 -0.426939
-1.37714 -0.471837
-1.4302 -0.468571
-1.42531 -0.462857
-1.3951 -0.417959
-1.34612 -0.400408
-1.3698 -0.387347
-1.3649 -0.425714
-1.33551 -0.397959
-1.37878 -0.323265
-1.29878 -0.29102
-1.32816 -0.245714
-1.2849 -0.207755
-1.33061 -0.174694
-1.34122 -0.144082
-1.30122 -0.137551
-1.32 -0.165306
-1.32082 -0.148571
-1.34612 -0.108571
-1.36327 -0.186122
-1.32571 -0.199184
-1.36 -0.173878
-1.35184 -0.22449
-1.27755 -0.231837
-1.36408 -0.273061
-1.35429 -0.191429
-1.32163 -0.122449
-1.31347 -0.139184
-1.33469 -0.14898
-1.34939 -0.157551
-1.32163 -0.144898
-1.35347 -0.160816
-1.2898 -0.110612
-1.3649 -0.104082
-1.34531 -0.0587755
-1.27429 -0.0869388
-1.2898 -0.119592
-1.27918 -0.146122
-1.28735 -0.0853061
-1.29551 -0.0587755
-1.28245 -0.0473469
-1.33714 -0.0702041
-1.31673 -0.0661224
-1.33551 -0.107755
-1.27673 -0.197551
-1.26939 -0.195918
-1.3551 -0.254286
-1.32163 -0.213469
-1.3698 -0.202041
-1.3698 -0.16
-1.32735 -0.142449
-1.3249 -0.0865306
-1.33388 -0.082449
-1.31102 -0.110612
-1.33306 -0.114286
-1.28898 -0.0722449
-1.29061 -0.119592
-1.30286 -0.0730612
-1.29714 -0.111837
-1.32163 -0.0946939
-1.36408 -0.12
-1.3551 -0.117143
-1.37714 -0.0685714
-1.35265 -0.04
-1.34939 0.00367347
-1.39592 -0.0126531
-1.34694 -0.0195918
-1.35918 0.0281633
-1.32816 0.0163265
-1.33143 0.0338776
-1.34122 0.0044898
-1.36408 -0.0134694
-1.30939 -0.0334694
-1.34694 -0.157959
-1.27592 -0.177143
-1.3249 -0.136327
-1.27184 -0.133061
-1.25143 -0.132245
-1.29388 -0.142041
-1.32082 -0.140816
-1.34122 -0.226122
-1.31102 -0.166531
-1.36408 -0.11551
-1.34286 -0.126531
-1.35918 -0.125714
-1.3698 -0.179592
-1.31755 -0.14898
-1.34776 -0.113878
-1.29633 -0.0689796
-1.27918 -0.111837
-1.34041 -0.157143
-1.34857 -0.171429
-1.31429 -0.141633
-1.36898 -0.14
-1.31918 -0.0869388
-1.26531 -0.108571
-1.26041 -0.0840816
-1.34694 -0.0906122
-1.26694 -0.06
-1.23184 -0.0387755
-1.29388 -0.11551
-1.32 -0.107755
-1.32653 -0.0787755
-1.29959 -0.148163
-1.29714 -0.105306
-1.28898 -0.123265
-1.28163 -0.164082
-1.32816 -0.175102
-1.30857 -0.194694
-1.29959 -0.173878
-1.28245 -0.134694
-1.3298 -0.157551
-1.34531 -0.145714
-1.33633 -0.130612
-1.35184 -0.158367
-1.30122 -0.134286
-1.29796 -0.152653
-1.31347 -0.183265
-1.30776 -0.177551
-1.29796 -0.145714
-1.32653 -0.188571
-1.34776 -0.164082
-1.26286 -0.182857
-1.29633 -0.126531
-1.30776 -0.136735
-1.32735 -0.112245
-1.30531 -0.0506122
-1.31918 -0.124898
-1.25878 -0.155102
-1.2751 -0.112653
-1.24735 -0.0644898
-1.30776 -0.00979592
-1.28653 0.0322449
-1.2849 0.0461224
-1.25714 0.0604082
-1.30367 0.144898
-1.29469 0.0738776
-1.29796 0.0391837
-1.28735 0.0485714
-1.2849 0.0804082
-1.23918 0.0734694
-1.2702 0.0563265
-1.27347 0.0440816
-1.26286 0.075102
-1.3151 0.0436735
-1.2898 0.0857143
-1.33143 0.064898
-1.29061 0.0232653
-1.29224 0.0461224
-1.33061 0.015102
-1.29224 -0.0130612
-1.33388 0.0285714
-1.29469 0.095102
-1.26612 0.0971429
-1.32735 0.119184
-1.35347 0.108163
-1.30286 0.0836735
-1.21633 0.0669388
-1.26939 0.107347
-1.31592 0.0889796
-1.30939 0.110204
-1.36898 0.205714
-1.35102 0.227755
-1.33959 0.213469
-1.28816 0.210204
-1.29796 0.23102
-1.27592 0.212245
-1.34694 0.252653
-1.32735 0.275102
-1.27592 0.297143
-1.33143 0.246939
-1.29796 0.248571
-1.30612 0.22
-1.30612 0.203673
-1.27918 0.194694
-1.27347 0.161633
-1.28163 0.165714
-1.28653 0.0620408
-1.27347 0.0820408
-1.25796 0.0742857
-1.2898 0.133061
-1.33551 0.0844898
-1.31918 0.100816
-1.28163 0.0489796
-1.32735 0.097551
-1.33061 0.097551
-1.30857 0.106939
-1.32898 0.0604082
-1.34939 0.126122
-1.32408 0.109796
-1.29469 0.107755
-1.26449 0.125714
-1.30776 0.0820408
-1.34857 0.153061
-1.32571 0.174694
-1.32653 0.161224
-1.3151 0.223673
-1.33959 0.217551
-1.31673 0.22
-1.37796 0.24898
-1.35755 0.24
-1.29796 0.236735
-1.27592 0.249388
-1.34694 0.306122
-1.35837 0.276735
-1.33224 0.341224
-1.27673 0.263265
-1.30122 0.322041
-1.3698 0.304898
-1.2849 0.253878
-1.33061 0.271837
-1.33469 0.29551
-1.34776 0.231837
-1.3698 0.266122
-1.22449 0.257959
-1.3151 0.317959
-1.31755 0.319592
-1.27837 0.300408
-1.26286 0.321633
-1.21714 0.269796
-1.30612 0.291429
-1.29878 0.357959
-1.32082 0.40898
-1.35673 0.415918
-1.32408 0.430204
-1.3151 0.476735
-1.32245 0.495102
-1.33143 0.437143
-1.36082 0.434694
-1.28735 0.426122
-1.2751 0.398367
-1.34286 0.367755
-1.34776 0.415102
-1.31837 0.457551
-1.33306 0.487347
-1.37796 0.527755
-1.39102 0.511429
-1.33633 0.453061
-1.34367 0.42449
-1.30612 0.436735
-1.31184 0.424898
-1.32245 0.482041
-1.33551 0.466939
-1.34204 0.437959
-1.27184 0.407347
-1.3551 0.420408
-1.33306 0.522857
-1.36245 0.529796
-1.37796 0.546939
-1.36653 0.563265
-1.38286 0.595102
-1.34694 0.566531
-1.37388 0.590204
-1.34367 0.557959
-1.35429 0.560816
-1.37796 0.538367
-1.31592 0.52898
-1.37714 0.550204
-1.44653 0.513878
-1.36245 0.5
-1.31755 0.54
-1.40327 0.583265
-1.39918 0.585306
-1.37224 0.557959
-1.37551 0.50449
-1.37143 0.506939
-1.33714 0.497959
-1.4 0.565714
-1.38612 0.575102
-1.35102 0.586531
-1.37388 0.602857
-1.34776 0.606939
-1.37633 0.634694
-1.37714 0.626531
-1.39918 0.613878
-1.34694 0.591429
-1.41714 0.631837
-1.36408 0.597551
-1.33878 0.601633
-1.38286 0.617551
-1.35265 0.605306
-1.33306 0.563265
-1.30694 0.589388
-1.29143 0.568571
-1.38612 0.559592
-1.32816 0.539592
-1.3649 0.642041
-1.38939 0.651429
-1.38776 0.626122
-1.36245 0.652245
-1.44327 0.686939
-1.42122 0.68449
-1.43265 0.68
-1.39592 0.633061
-1.42449 0.683265
-1.37224 0.671429
-1.42041 0.722857
-1.40653 0.686531
-1.39592 0.686531
-1.40245 0.722041
-1.35837 0.68449
-1.40898 0.677143
-1.37796 0.682449
-1.44408 0.724082
-1.36163 0.675918
-1.40653 0.669388
-1.38857 0.681224
-1.43184 0.709388
-1.45143 0.716735
-1.45959 0.75102
-1.39918 0.708571
-1.39592 0.695102
-1.42939 0.72
-1.4498 0.748571
-1.47102 0.755918
-1.42776 0.750204
-1.44653 0.740408
-1.39918 0.7
-1.36245 0.67551
-1.33061 0.626122
-1.4049 0.676327
-1.40735 0.69551
-1.38204 0.580408
-1.40163 0.61102
-1.42367 0.588571
-1.42367 0.620816
-1.4302 0.635102
-1.41551 0.636327
-1.41714 0.658367
-1.42367 0.68898
-1.38122 0.646122
-1.41469 0.663673
-1.39755 0.671429
-1.36 0.636327
-1.39592 0.661224
-1.39837 0.632653
-1.37551 0.614694
-1.35102 0.584082
-1.36082 0.576735
-1.40735 0.678367
-1.46122 0.720408
-1.4049 0.681224
-1.39755 0.656735
-1.41796 0.64449
-1.39429 0.616327
-1.41143 0.586531
-1.35592 0.576327
-1.38531 0.595918
-1.36245 0.595102
-1.42367 0.642041
-1.37633 0.550204
-1.35347 0.515918
-1.34531 0.495918
-1.31347 0.492245
-1.3551 0.501633
-1.37959 0.453061
-1.33224 0.429796
-1.32898 0.441224
-1.36408 0.458367
-1.37306 0.46
-1.37143 0.46898
-1.31755 0.418367
-1.3698 0.408163
-1.36082 0.366531
-1.31755 0.320408
-1.35265 0.332653
-1.26531 0.339592
-1.30612 0.378776
-1.34694 0.376735
-1.3502 0.363673
-1.31592 0.333061
-1.35755 0.331429
-1.31918 0.269796
-1.35347 0.26449
-1.28898 0.27551
-1.28163 0.263673
-1.35755 0.280816
-1.34204 0.337959
-1.33878 0.402041
-1.33714 0.355918
-1.29224 0.327755
-1.29551 0.344082
-1.28082 0.366122
-1.29469 0.406939
-1.29143 0.456327
-1.33959 0.458776
-1.30857 0.478367
-1.3249 0.538367
-1.36898 0.566122
-1.38531 0.563265
-1.37061 0.589388
-1.36 0.590204
-1.33551 0.538776
-1.33959 0.546939
-1.38776 0.559184
-1.42449 0.618367
-1.31918 0.553061
-1.28327 0.465714
-1.30531 0.542041
-1.29061 0.572245
-1.33143 0.544082
-1.37224 0.552653
-1.41551 0.599184
-1.38367 0.642857
-1.26041 0.533061
-1.32082 0.510204
-1.31918 0.514694
-1.37143 0.527347
-1.39918 0.559184
-1.38041 0.561633
-1.37878 0.606939
-1.41878 0.619592
-1.44571 0.662857
-1.34122 0.603673
-1.35102 0.637959
-1.40327 0.617143
-1.41878 0.650612
-1.39592 0.621224
-1.39592 0.672245
-1.46531 0.674286
-1.4098 0.698367
-1.44571 0.711837
-1.41388 0.694694
-1.42939 0.740408
-1.43592 0.718776
-1.45388 0.73551
-1.3951 0.670204
-1.38531 0.674286
-1.39429 0.682449
-1.47102 0.714694
-1.32245 0.608571
-1.34122 0.583265
-1.28816 0.519592
-1.39184 0.644082
-1.33959 0.625306
-1.33469 0.599592
-1.30939 0.594694
-1.38286 0.654694
-1.33633 0.617551
-1.39102 0.642449
-1.40245 0.686939
-1.45143 0.66898
-1.42204 0.643673
-1.40735 0.61551
-1.38041 0.610612
