-1.3102 0.304898
-1.3551 0.297143
-1.3102 0.30898
-1.25469 0.353469
-1.27837 0.346939
-1.23673 0.264082
-1.23184 0.197143
-1.27837 0.226939
-1.26776 0.233061
-1.29388 0.365306
-1.3298 0.36898
-1.26449 0.335102
-1.25143 0.372245
-1.30531 0.373469
-1.27837 0.381224
-1.28 0.351429
-1.26041 0.320408
-1.27837 0.377959
-1.2898 0.47551
-1.26857 0.393469
-1.2498 0.415918
-1.26776 0.367347
-1.31755 0.437959
-1.29061 0.364082
-1.32082 0.34
-1.29143 0.358776
-1.25388 0.321224
-1.24735 0.239592
-1.22531 0.245714
-1.22286 0.246939
-1.21551 0.253469
-1.2449 0.253061
-1.26367 0.206531
-1.24816 0.258776
-1.19673 0.240408
-1.22612 0.266531
-1.28816 0.289388
-1.27184 0.264898
-1.2449 0.24449
-1.30939 0.33102
-1.28816 0.383265
-1.31265 0.427755
-1.33224 0.456735
-1.34531 0.426939
-1.23347 0.36898
-1.26449 0.413878
-1.28245 0.391837
-1.26041 0.379592
-1.27102 0.404898
-1.28 0.47102
-1.33796 0.526122
-1.38122 0.513061
-1.32327 0.554694
-1.3249 0.521224
-1.30204 0.508571
-1.30776 0.501633
-1.28898 0.516735
-1.25061 0.500816
-1.27673 0.507755
-1.25796 0.446939
-1.24735 0.421633
-1.28653 0.440816
-1.2849 0.43551
-1.23429 0.406939
-1.23184 0.406939
-1.26694 0.396735
-1.33061 0.400408
-1.30776 0.443673
-1.28816 0.45551
-1.30449 0.457143
-1.29143 0.453469
-1.31673 0.46898
-1.23673 0.415918
-1.1951 0.381224
-1.26367 0.408571
-1.30204 0.389388
-1.22367 0.335102
-1.23347 0.32449
-1.21224 0.285306
-1.20816 0.352653
-1.23755 0.335918
-1.20082 0.344898
-1.27265 0.35551
-1.24653 0.317143
-1.2449 0.310612
-1.19918 0.319184
-1.27429 0.332653
-1.21306 0.33551
-1.22041 0.298367
-1.28163 0.368571
-1.27673 0.373878
-1.25306 0.356735
-1.32735 0.419184
-1.28327 0.423265
-1.25061 0.361224
-1.27755 0.401633
-1.25061 0.358776
-1.24 0.318367
-1.28163 0.266122
-1.33959 0.343265
-1.28408 0.371837
-1.31184 0.424898
-1.29796 0.384898
-1.25959 0.326939
-1.20898 0.298776
-1.27265 0.235918
-1.18939 0.186531
-1.23837 0.157959
-1.20245 0.125714
-1.21633 0.0534694
-1.15755 0.0261224
-1.20898 0.0542857
-1.25388 0.0383673
-1.20898 0.0306122
-1.2098 0.0114286
-1.19102 -0.0506122
-1.23347 -0.0522449
-1.14612 -0.0314286
-1.19592 -0.0404082
-1.21143 -0.00693878
-1.20571 -0.0191837
-1.16163 -0.0367347
-1.23592 -0.0555102
-1.23102 -0.0183673
-1.21633 -0.00408163
-1.26367 -0.0620408
-1.28327 -0.0808163
-1.28 -0.0167347
-1.22939 0.000816327
-1.19265 -0.062449
-1.21796 -0.0179592
-1.15265 -0.077551
-1.29143 -0.137143
-1.20898 -0.133061
-1.20898 -0.119184
-1.22204 -0.147347
-1.23755 -0.112245
-1.18449 -0.116327
-1.22857 -0.0922449
-1.22612 -0.204898
-1.20163 -0.119184
-1.22612 -0.199592
-1.2098 -0.0632653
-1.18776 -0.0714286
-1.17959 -0.126122
-1.24163 -0.0991837
-1.26612 -0.084898
-1.2098 -0.0616327
-1.2098 0.000408163
-1.1951 0.0318367
-1.2302 0.0706122
-1.19837 0.139184
-1.24327 0.171837
-1.2449 0.127347
-1.26041 0.082449
-1.25633 0.0432653
-1.2849 0.0881633
-1.29633 0.0477551
-1.27429 0.035102
-1.24082 0.0322449
-1.20816 -0.0273469
-1.24816 -0.0367347
-1.22367 -0.0395918
-1.27837 -0.108571
-1.23673 -0.0983673
-1.2849 -0.148163
-1.28735 -0.133061
-1.33469 -0.193469
-1.25714 -0.213469
-1.25061 -0.198776
-1.26286 -0.139592
-1.23184 -0.153469
-1.2898 -0.101224
-1.27592 -0.0697959
-1.23265 -0.0673469
-1.30694 -0.0546939
-1.27184 -0.0742857
-1.22449 -0.0587755
-1.28898 -0.0926531
-1.29878 -0.129388
-1.30041 -0.0853061
-1.28816 -0.135918
-1.2702 -0.157959
-1.28571 -0.217959
-1.2498 -0.167347
-1.22122 -0.184898
-1.23184 -0.148571
-1.24898 -0.164082
-1.28 -0.230204
-1.26694 -0.153061
-1.25796 -0.119184
-1.30122 -0.162041
-1.23184 -0.132653
-1.24245 -0.121633
-1.27265 -0.113061
-1.2702 -0.101224
-1.19265 -0.0853061
-1.21878 -0.0110204
-1.22122 -0.0167347
-1.2498 0.0363265
-1.19592 -0.000816327
-1.2449 0.02
-1.23918 0.0142857
-1.25633 0.0363265
-1.24327 -0.0220408
-1.26939 -0.0212245
-1.24 -0.0583673
-1.25143 -0.0302041
-1.26286 -0.113878
-1.23102 -0.114694
-1.2849 -0.0840816
-1.23918 -0.0767347
-1.2751 -0.0379592
-1.21796 -0.127347
-1.19918 -0.122449
-1.22694 -0.168571
-1.22286 -0.129796
-1.2498 -0.145714
-1.23837 -0.164898
-1.25714 -0.208163
-1.27429 -0.196327
-1.21959 -0.247347
-1.25714 -0.277959
-1.20245 -0.228571
-1.26122 -0.250612
-1.24082 -0.262041
-1.21796 -0.306531
-1.24898 -0.375102
-1.24898 -0.386939
-1.17224 -0.286939
-1.20245 -0.320408
-1.16082 -0.25551
-1.24816 -0.29102
-1.16327 -0.216327
-1.18449 -0.240816
-1.24816 -0.200816
-1.22041 -0.196735
-1.22204 -0.206939
-1.29143 -0.209796
-1.2898 -0.29551
-1.30776 -0.339592
-1.31429 -0.318367
-1.27592 -0.305306
-1.30531 -0.28449
-1.31184 -0.231429
-1.28 -0.202449
-1.29878 -0.18898
-1.2498 -0.165306
-1.25224 -0.181224
-1.25388 -0.180408
-1.2098 -0.223265
-1.2498 -0.186531
-1.24408 -0.155918
-1.2302 -0.149796
-1.26449 -0.181633
-1.25959 -0.173061
-1.24327 -0.249796
-1.2702 -0.311429
-1.26612 -0.345306
-1.24735 -0.351429
-1.28327 -0.346531
-1.31102 -0.358776
-1.29388 -0.310612
-1.29061 -0.330612
-1.30939 -0.413061
-1.32816 -0.399184
-1.30694 -0.443265
-1.29224 -0.411429
-1.32571 -0.404898
-1.23673 -0.406122
-1.30531 -0.444898
-1.31265 -0.446122
-1.33633 -0.446122
-1.3102 -0.455102
-1.26776 -0.514286
-1.3249 -0.496327
-1.2751 -0.473469
-1.33306 -0.514286
-1.26939 -0.469388
-1.27592 -0.452245
-1.29469 -0.442449
-1.29061 -0.446531
-1.27673 -0.426122
-1.24245 -0.438367
-1.34531 -0.447347
-1.32898 -0.379592
-1.27755 -0.370204
-1.25878 -0.333878
-1.24327 -0.273469
-1.24816 -0.273061
-1.24163 -0.257143
-1.21959 -0.248163
-1.2498 -0.360408
-1.26776 -0.358776
-1.28163 -0.308571
-1.22857 -0.253469
-1.2898 -0.284082
-1.25061 -0.312245
-1.27265 -0.336735
-1.23184 -0.311429
-1.24163 -0.326939
-1.31265 -0.258776
-1.23755 -0.217959
-1.26939 -0.226122
-1.27265 -0.233878
-1.21224 -0.220408
-1.19837 -0.218776
-1.23837 -0.182857
-1.24163 -0.135918
-1.25306 -0.15551
-1.26694 -0.127755
-1.26776 -0.0359184
-1.2849 -0.0853061
-1.26286 -0.0706122
-1.25469 -0.06
-1.21388 -0.0914286
-1.27265 -0.0706122
-1.28 -0.0857143
-1.24735 -0.107755
-1.22694 -0.0212245
-1.23837 0.0236735
-1.29714 0.137959
-1.29878 0.151429
-1.32735 0.184082
-1.31265 0.0587755
-1.29061 0.0322449
-1.27755 0.0391837
-1.22367 0.0583673
-1.21224 0.0714286
-1.22204 0.075102
-1.18694 0.104082
-1.18776 0.0555102
-1.23102 0.160408
-1.20408 0.193061
-1.22694 0.189388
-1.25878 0.237959
-1.26367 0.195918
-1.20571 0.160408
-1.21878 0.180408
-1.23592 0.237959
-1.21633 0.205306
-1.2049 0.209796
-1.1951 0.222449
-1.23102 0.269796
-1.23755 0.280408
-1.25878 0.291837
-1.27918 0.31551
-1.28245 0.359184
-1.26531 0.266122
-1.27347 0.229796
-1.27837 0.222041
-1.28408 0.259184
-1.22939 0.293469
-1.27429 0.246531
-1.31265 0.202857
-1.35265 0.167347
-1.2751 0.173061
-1.23592 0.179592
-1.31184 0.125714
-1.26612 0.082449
-1.26367 0.00571429
-1.25714 0.0383673
-1.25469 0.0285714
-1.27837 -0.00734694
-1.24 -0.0306122
-1.20816 -0.0244898
-1.25714 0.0183673
-1.23347 0.042449
-1.23755 0.133878
-1.29143 0.0897959
-1.24082 0.102449
-1.22122 0.117959
-1.22857 0.0832653
-1.26612 0.075102
-1.27918 0.0861224
-1.27429 0.0310204
-1.30776 0.0159184
-1.26939 0.0918367
-1.25633 0.114286
-1.28082 0.106531
-1.23592 0.0755102
-1.20082 0.0208163
-1.22204 0.00938776
-1.24735 -0.0191837
-1.27429 -0.022449
-1.23837 -0.0297959
-1.26857 -0.0506122
-1.26449 -0.0567347
-1.23347 -0.0195918
-1.22939 -0.00816327
-1.26939 0.0367347
-1.32653 0.0579592
-1.27347 0.0506122
-1.24408 0.0922449
-1.26122 0.122449
-1.28082 0.11102
-1.28735 0.0930612
-1.25714 0.0661224
-1.24 0.0820408
-1.18694 0.0930612
-1.19755 0.0828571
-1.22367 0.102449
-1.19265 0.121633
-1.24735 0.154286
-1.19102 0.162041
-1.17796 0.236327
-1.23429 0.200408
-1.28163 0.213878
-1.2751 0.157143
-1.24653 0.0967347
-1.2449 0.102857
-1.19592 0.0930612
-1.24735 0.17551
-1.25551 0.133878
-1.2449 0.127347
-1.25959 0.0497959
-1.2351 0.0232653
-1.2302 -0.0444898
-1.26776 0.00530612
-1.1649 0.0506122
-1.22857 -0.0665306
-1.23918 -0.0481633
-1.20653 -0.0355102
-1.24408 0.00326531
-1.22776 0.0318367
-1.21469 0.0326531
-1.25878 0.0359184
-1.24653 -0.0367347
-1.2751 -0.0885714
-1.25061 -0.0946939
-1.23347 -0.122041
-1.22367 -0.0808163
-1.23429 -0.121633
-1.22694 -0.155102
-1.27102 -0.152245
-1.32082 -0.150612
-1.24653 -0.20898
-1.25551 -0.174286
-1.19755 -0.108571
-1.23755 -0.147755
-1.29224 -0.131429
-1.24816 -0.12898
-1.23755 -0.0983673
-1.34041 -0.203265
-1.18776 -0.201633
-1.23102 -0.18898
-1.23184 -0.19102
-1.25551 -0.134694
-1.21878 -0.142041
-1.21796 -0.134694
-1.25714 -0.14898
-1.23102 -0.173878
-1.25143 -0.159592
-1.22204 -0.117551
-1.22367 -0.108163
-1.25061 -0.0506122
-1.26449 -0.0836735
-1.23265 -0.102857
-1.23755 -0.0685714
-1.19918 -0.119592
-1.17469 -0.117959
-1.26286 -0.159592
-1.20327 -0.103265
-1.24408 -0.042449
-1.19347 -0.122449
-1.21224 -0.20449
-1.19592 -0.204082
-1.26776 -0.25551
-1.25143 -0.282041
-1.2049 -0.19551
-1.20653 -0.16
-1.23918 -0.206122
-1.21061 -0.183673
-1.27592 -0.17102
-1.19592 -0.22
-1.25959 -0.279184
-1.30286 -0.318367
-1.28245 -0.389388
-1.31265 -0.402041
-1.28571 -0.381633
-1.30612 -0.444898
-1.21633 -0.352245
-1.28408 -0.405306
-1.29143 -0.417959
-1.2849 -0.360408
-1.3151 -0.32898
-1.28653 -0.399184
-1.34122 -0.398367
-1.36082 -0.397959
-1.32163 -0.411429
-1.25878 -0.343673
-1.25306 -0.298367
-1.21306 -0.332245
-1.24898 -0.29102
-1.24898 -0.315918
-1.25714 -0.3
-1.26449 -0.261224
-1.33796 -0.266939
-1.2498 -0.22449
-1.24245 -0.262449
-1.27837 -0.183265
-1.26612 -0.119184
-1.29061 -0.12898
-1.24245 -0.128163
-1.29143 -0.11551
-1.25878 -0.0877551
-1.27347 -0.114286
-1.29878 -0.112245
-1.24571 -0.115918
-1.22776 -0.116735
-1.28653 -0.0371429
-1.26122 -0.0567347
-1.25878 -0.0571429
-1.21959 -0.0844898
-1.29959 -0.153878
-1.30204 -0.165714
-1.24408 -0.14
-1.30612 -0.174694
-1.29061 -0.160816
-1.21714 -0.101224
-1.23755 -0.0930612
-1.23592 -0.0367347
-1.27429 -0.0767347
-1.25633 -0.08
-1.23755 -0.105306
-1.28 -0.0591837
-1.21959 -0.0367347
-1.29714 -0.0220408
-1.28245 -0.0122449
-1.30694 0.00857143
-1.24898 0.022449
-1.24653 0
-1.23102 0.0285714
-1.27755 -0.00326531
-1.30367 0.0453061
-1.22939 0.0212245
-1.22939 0.0628571
-1.21878 0.0604082
-1.17633 0.0212245
-1.23592 -0.00816327
-1.2702 -0.0302041
-1.17388 -0.0318367
-1.26612 -0.0755102
-1.23265 -0.04
-1.27837 -0.00693878
-1.30776 -0.0697959
-1.2898 -0.0804082
-1.28 -0.0836735
-1.32898 -0.0473469
-1.31837 0.0195918
-1.32653 0.000816327
-1.30367 0.00367347
-1.27102 0.0702041
-1.29878 0.0832653
-1.28327 0.0808163
-1.31592 0.0930612
-1.33469 0.133878
-1.34122 0.152245
-1.2751 0.128163
-1.27673 0.204898
-1.27592 0.221224
-1.33959 0.242857
-1.33633 0.255918
-1.29959 0.241633
-1.29061 0.21102
-1.2849 0.233878
-1.24653 0.212245
-1.31429 0.233061
-1.3102 0.170612
-1.26612 0.195102
-1.29469 0.204898
-1.28 0.173061
-1.26367 0.0865306
-1.2751 0.0767347
-1.25959 0.115102
-1.28245 0.14
-1.26776 0.186122
-1.24 0.200408
-1.22612 0.226939
-1.23184 0.199184
-1.23102 0.176327
-1.28408 0.234694
-1.29878 0.22898
-1.31837 0.241633
-1.28816 0.18449
-1.30122 0.149796
-1.28163 0.177959
-1.22286 0.187755
-1.27592 0.236327
-1.29306 0.165306
-1.20327 0.0840816
-1.28245 0.0853061
-1.29714 0.118367
-1.28082 0.147755
-1.30286 0.130204
-1.24653 0.138776
-1.26449 0.0812245
-1.23592 0.0465306
-1.28735 0.0804082
-1.24163 0.0902041
-1.29469 0.0865306
-1.25469 0.097551
-1.25061 0.0857143
-1.33551 0.100408
-1.25469 0.110612
-1.25878 0.1
-1.21959 0.0216327
-1.23673 0.0044898
-1.29796 0.00408163
-1.17796 0.0542857
-1.27429 0.0832653
-1.30286 0.0938776
-1.27265 0.179592
-1.23918 0.137551
-1.23184 0.116735
-1.24163 0.0657143
-1.27184 -0.0171429
-1.32816 -0.0204082
-1.23592 0.100408
-1.25388 0.120816
-1.20816 0.112245
-1.23102 0.112653
-1.24408 0.14898
-1.26204 0.115102
-1.25796 0.151429
-1.27102 0.195102
-1.25061 0.134694
-1.27102 0.151837
-1.28816 0.181224
-1.24898 0.190612
-1.23429 0.159184
-1.25714 0.110204
-1.27837 0.0914286
-1.23102 0.0212245
-1.22367 0.0191837
-1.23429 0.0412245
-1.21469 0.0420408
-1.19184 0.0293878
-1.20816 -0.0146939
-1.16653 0.0171429
-1.21878 0.00693878
-1.25469 -0.0416327
-1.30041 0.0289796
-1.22531 0.0910204
-1.25959 0.02
-1.24082 0.0330612
-1.22041 0.037551
-1.28735 0.104082
-1.29633 0.126939
-1.2098 0.142041
-1.21796 0.173061
-1.2302 0.122041
-1.27102 0.100816
-1.25714 0.191837
-1.2302 0.149388
-1.24653 0.143265
-1.34204 0.165714
-1.30857 0.142041
-1.29306 0.150612
-1.23918 0.0677551
-1.2702 0.0432653
-1.24163 0.0657143
-1.27837 0.120816
-1.27429 0.121224
-1.27429 0.12
-1.25551 0.0812245
-1.29714 0.0632653
-1.27918 0.0118367
-1.28816 0.0159184
-1.25551 0.0930612
-1.24408 0.12898
-1.28245 0.122857
-1.27673 0.138367
-1.23184 0.160816
-1.27755 0.181224
-1.30122 0.113061
-1.27755 0.157959
-1.29633 0.118776
-1.30612 0.168163
-1.29878 0.132245
-1.30286 0.120408
-1.24735 0.0946939
-1.27184 0.12449
-1.23755 0.162857
-1.24082 0.150204
-1.27592 0.159184
-1.23673 0.15102
-1.27265 0.150204
-1.30531 0.108571
-1.26041 0.162449
-1.2702 0.179592
-1.25714 0.167755
-1.24571 0.132653
-1.26449 0.157143
-1.2302 0.0914286
-1.22122 0.0595918
-1.25388 0.0212245
-1.22612 -0.0187755
-1.25388 -0.0122449
-1.27265 -0.015102
-1.26367 -0.0289796
-1.24571 -0.062449
-1.26612 -0.114694
-1.31673 -0.0644898
-1.26612 -0.0771429
-1.27102 -0.0930612
-1.28571 -0.101224
-1.27429 -0.101633
-1.25469 -0.084898
-1.30367 -0.127755
-1.20816 -0.148163
-1.19592 -0.155102
-1.24082 -0.169388
-1.25959 -0.145714
-1.24816 -0.148571
-1.24245 -0.114286
-1.2449 -0.136327
-1.24245 -0.157959
-1.24653 -0.166122
-1.26612 -0.106939
-1.25143 -0.182857
-1.26612 -0.196735
-1.29633 -0.173469
-1.28816 -0.202449
-1.28735 -0.25102
-1.33224 -0.281224
-1.25796 -0.270204
-1.31102 -0.326531
-1.34041 -0.305306
-1.26204 -0.252653
-1.31184 -0.228163
-1.34041 -0.24
-1.31347 -0.22898
-1.2498 -0.181633
-1.2898 -0.234286
-1.22939 -0.224082
-1.26367 -0.189388
-1.29633 -0.166122
-1.21061 -0.0930612
-1.22204 -0.130612
-1.28653 -0.143265
-1.30612 -0.194694
-1.28898 -0.250612
-1.29388 -0.187755
-1.26857 -0.140816
-1.23102 -0.135918
-1.22612 -0.162857
-1.25388 -0.206531
-1.26204 -0.17102
-1.26531 -0.127347
-1.29714 -0.117143
-1.29633 -0.0444898
-1.22531 -0.0506122
-1.22857 -0.0681633
-1.24898 -0.0632653
-1.26041 -0.0510204
-1.24 -0.0465306
-1.26776 -0.143265
-1.24898 -0.0644898
-1.27265 0.0216327
-1.24898 -0.00734694
-1.2449 0.0595918
-1.26041 0.064898
-1.25224 0.0359184
-1.27184 -0.0155102
-1.28082 0.042449
-1.24327 -0.0677551
-1.22367 -0.110612
-1.24 -0.139592
-1.25959 -0.142449
-1.23673 -0.113469
-1.33551 -0.162449
-1.28245 -0.178776
-1.28653 -0.171837
-1.24408 -0.141633
-1.32327 -0.225714
-1.26939 -0.140408
-1.29306 -0.118776
-1.29959 -0.0595918
-1.24898 -0.0326531
-1.29633 -0.044898
-1.27592 -0.0526531
-1.2751 -0.0910204
-1.28163 -0.150612
-1.27673 -0.137143
-1.24327 -0.114286
-1.16327 -0.109796
-1.18041 -0.146939
-1.20082 -0.114286
-1.24735 -0.0971429
-1.23837 -0.0697959
-1.21878 -0.00530612
-1.32816 0.0640816
-1.22531 0.0461224
-1.28245 0.0665306
-1.28 0.0297959
-1.20653 -0.00938776
-1.21878 0.0546939
-1.23918 0.062449
-1.2751 0.135918
-1.24 0.178776
-1.23102 0.162041
-1.28898 0.188571
-1.28898 0.116327
-1.26776 0.0661224
-1.30857 0.130204
-1.21143 0.0697959
-1.26449 0.0428571
-1.17878 0.0461224
-1.24163 0.0383673
-1.23429 0.00979592
-1.25551 -0.0110204
-1.26286 -0.0514286
-1.28163 -0.0334694
-1.25306 -0.0183673
-1.20898 0.00816327
-1.29796 0.0191837
-1.28898 -0.00326531
-1.26041 0.0869388
-1.28 0.0836735
-1.27837 0.107347
-1.25061 0.159592
-1.27755 0.163673
-1.28327 0.168163
-1.28163 0.150612
-1.26204 0.184898
-1.26612 0.153878
-1.21633 0.117551
-1.23184 0.153469
-1.29061 0.163265
-1.25959 0.137143
-1.28735 0.0906122
-1.24327 0.0477551
-1.26857 0.0869388
-1.20735 0.0526531
-1.29143 0.0428571
-1.25061 0.0326531
-1.20735 0.0469388
-1.22612 0.0461224
-1.26286 0.0591837
-1.23918 -0.00897959
-1.26612 0.0363265
-1.29551 0.082449
-1.25551 0.135918
-1.29878 0.0379592
-1.23429 0.0236735
-1.26857 0.00816327
-1.28653 0.037551
-1.25551 0.0477551
-1.23265 0.0485714
-1.26776 0.161633
-1.27673 0.125714
-1.28327 0.118367
-1.27755 0.0530612
-1.30367 0.0914286
-1.22939 0.0881633
-1.2302 0.0453061
-1.29878 0.0844898
-1.27347 0.108571
-1.28245 0.0387755
-1.24898 0.0832653
-1.26122 0.0653061
-1.31592 0.0497959
-1.25224 0.0481633
-1.27592 0.108571
-1.30531 0.11551
-1.37224 0.151837
-1.27429 0.122857
-1.31265 0.144898
-1.26286 0.157551
-1.31347 0.193469
-1.26776 0.169796
-1.32571 0.198776
-1.2849 0.161633
-1.22286 0.147755
-1.22041 0.0914286
-1.27184 0.106531
-1.22857 0.0918367
-1.24898 0.148163
-1.25143 0.120408
-1.21796 0.151837
-1.23347 0.136327
-1.25469 0.169796
-1.29469 0.210204
-1.20327 0.258776
-1.23918 0.249388
-1.29633 0.29102
-1.2049 0.201224
-1.25959 0.160408
-1.25143 0.100816
-1.2302 0.0355102
-1.24327 0.0763265
-1.21714 0.0942857
-1.28 0.0779592
-1.2498 0.0938776
-1.21061 0.141224
-1.22122 0.158367
-1.24735 0.100816
-1.28082 0.115918
-1.23755 0.105306
-1.26367 0.124082
-1.25714 0.152653
-1.22041 0.177143
-1.25143 0.224898
-1.2498 0.198776
-1.24898 0.216735
-1.21796 0.193469
-1.21878 0.133469
-1.25551 0.217551
-1.24653 0.20449
-1.2751 0.155918
-1.25469 0.190612
-1.2702 0.180408
-1.24571 0.105306
-1.26286 0.0640816
-1.22939 0.0555102
-1.27755 0.0522449
-1.28408 0.0167347
-1.28571 0.0620408
-1.26204 0.0253061
-1.25224 0.0240816
-1.24163 -0.0453061
-1.22286 -0.0493878
-1.23347 -0.08
-1.26204 -0.0673469
-1.25061 -0.133469
-1.24327 -0.197959
-1.22939 -0.152245
-1.22286 -0.12
-1.26694 -0.0685714
-1.28 -0.0257143
-1.23673 -0.0918367
-1.24 -0.0228571
-1.28245 -0.00816327
-1.27429 0.0187755
-1.28735 0.00653061
-1.25061 0.0359184
-1.3151 0.00897959
-1.26449 -0.0489796
-1.31755 -0.0922449
-1.20816 -0.102449
-1.26449 -0.0865306
-1.25633 -0.0910204
-1.27918 -0.0726531
-1.28571 -0.132653
-1.27184 -0.0616327
-1.27592 -0.102857
-1.29224 -0.0681633
-1.31837 -0.00408163
-1.2898 -0.0330612
-1.26204 -0.126531
-1.28571 -0.109388
-1.21388 -0.134694
-1.23429 -0.06
-1.21959 -0.0326531
-1.28571 -0.126122
-1.32082 -0.175102
-1.27592 -0.117551
-1.18939 -0.157143
-1.30367 -0.164082
-1.24245 -0.104898
-1.28408 -0.0955102
-1.29633 -0.102857
-1.33306 -0.0926531
-1.33551 -0.111429
-1.25714 -0.0853061
-1.25714 -0.104082
-1.29714 -0.0930612
-1.28735 -0.0816327
-1.2898 -0.140408
-1.31592 -0.115102
-1.27429 -0.155102
-1.29551 -0.178367
-1.30286 -0.151429
-1.30122 -0.203265
-1.32571 -0.160408
-1.3102 -0.137959
-1.29878 -0.121224
-1.33224 -0.0779592
-1.24082 -0.097551
-1.21959 -0.0583673
-1.23265 -0.0955102
-1.21469 -0.0779592
-1.24735 -0.0910204
-1.26122 -0.0510204
-1.30367 -0.0530612
-1.28082 -0.0718367
-1.25714 -0.126939
-1.18286 -0.173469
-1.2351 -0.171429
-1.22122 -0.182041
-1.22041 -0.156735
-1.24816 -0.179592
-1.2751 -0.136735
-1.28163 -0.111837
-1.22612 -0.0844898
-1.29061 0.000408163
-1.21469 0.04
-1.23673 0.08
-1.27755 0.104082
-1.27265 0.117551
-1.23837 0.143265
-1.25143 0.107755
-1.28 0.157551
-1.29878 0.123265
-1.28653 0.151429
-1.22367 0.175918
-1.22286 0.18
-1.19755 0.193878
-1.23265 0.170612
-1.23918 0.204898
-1.27265 0.257143
-1.26694 0.237143
-1.28082 0.236735
-1.27184 0.235102
-1.30449 0.240816
-1.28735 0.216735
-1.27102 0.210612
-1.28163 0.198776
-1.27837 0.165306
-1.33959 0.172245
-1.3102 0.189388
-1.31429 0.236327
-1.31102 0.207347
-1.29061 0.25551
-1.25959 0.265714
-1.26857 0.266939
-1.31837 0.320816
-1.2751 0.313469
-1.29469 0.268163
-1.2351 0.226531
-1.19837 0.141224
-1.25143 0.0763265
-1.26531 0.113469
-1.22857 0.11551
-1.28163 0.158776
-1.29551 0.130612
-1.26857 0.15551
-1.2898 0.189388
-1.34367 0.20449
-1.29143 0.210204
-1.35347 0.24449
-1.31918 0.248571
-1.33061 0.230204
-1.3151 0.26449
-1.3249 0.237143
-1.29061 0.213878
-1.26694 0.306939
-1.28 0.262041
-1.20327 0.304082
-1.27755 0.317959
-1.25551 0.257959
-1.26531 0.24449
-1.25306 0.218776
-1.28163 0.152653
-1.28816 0.161224
-1.23265 0.104898
-1.23102 0.114694
-1.30286 0.155918
-1.24571 0.150612
-1.25633 0.144082
-1.3102 0.166531
-1.19673 0.138776
-1.21633 0.128163
-1.24 0.0877551
-1.30286 0.0959184
-1.22939 0.0114286
-1.29061 -0.00530612
-1.18449 -0.00285714
-1.22122 -0.0114286
-1.23102 0.0261224
-1.24327 -0.0506122
-1.23184 -0.0416327
-1.24735 -0.103265
-1.25633 -0.116735
-1.2751 -0.103673
-1.28735 -0.186939
-1.27102 -0.159184
-1.26857 -0.21551
-1.28327 -0.180816
-1.25551 -0.179592
-1.28245 -0.2
-1.28327 -0.185306
-1.29714 -0.173469
-1.24571 -0.216327
-1.2702 -0.205714
-1.28163 -0.183673
-1.27429 -0.145306
-1.25714 -0.145714
-1.27429 -0.184082
-1.25551 -0.155102
-1.26286 -0.179592
-1.2751 -0.17551
-1.21714 -0.15102
-1.17469 -0.115102
-1.24 -0.169796
-1.25551 -0.0857143
-1.24408 -0.0632653
-1.2498 -0.0146939
-1.25551 0.0044898
-1.29551 -0.00326531
-1.31837 0.00367347
-1.2751 -0.0138776
-1.29959 0.00693878
-1.29551 0.0706122
-1.35347 0.0844898
-1.28327 0.0306122
-1.3551 0.00693878
-1.23755 0.0612245
-1.26122 0.0742857
-1.27265 0.0134694
-1.2751 0.0322449
-1.25306 0.0159184
-1.28735 0.0465306
-1.26286 -0.0102041
-1.27673 -0.0102041
-1.29714 -0.037551
-1.30939 -0.0077551
-1.29633 -0.02
-1.24327 -0.0771429
-1.27347 -0.138776
-1.28 -0.155102
-1.26939 -0.197143
-1.29959 -0.237959
-1.29143 -0.218367
-1.29878 -0.217959
-1.25959 -0.23102
-1.25714 -0.141633
-1.28653 -0.179184
-1.29714 -0.100408
-1.24082 -0.0767347
-1.27102 -0.02
-1.24816 -0.0673469
-1.30612 -0.0804082
-1.21388 -0.0334694
-1.29796 0.075102
-1.22449 0.105714
-1.21551 0.112245
-1.26041 0.142449
-1.27184 0.127755
-1.23184 0.0755102
-1.21796 0.114694
-1.23918 0.177551
-1.30204 0.191837
-1.29224 0.248163
-1.2849 0.279184
-1.2498 0.290204
-1.25306 0.31551
-1.26612 0.315918
-1.27592 0.378776
-1.24735 0.401224
-1.2849 0.342449
-1.33714 0.390612
-1.30449 0.363673
-1.33143 0.401633
-1.32571 0.490204
-1.30531 0.512653
-1.26449 0.419592
-1.2449 0.429388
-1.27102 0.430204
-1.26694 0.415918
-1.28571 0.390612
-1.23429 0.366531
-1.24163 0.345714
-1.27265 0.320408
-1.30449 0.39102
-1.22041 0.397551
-1.26122 0.410204
-1.25388 0.373878
-1.23673 0.341633
-1.27673 0.420816
-1.30776 0.434694
-1.30776 0.396735
-1.29796 0.373061
-1.23673 0.298367
-1.24653 0.330612
-1.26367 0.235918
-1.23265 0.277143
-1.35429 0.384082
-1.33551 0.380816
-1.25143 0.328163
-1.22776 0.348571
-1.20898 0.356327
-1.26612 0.392653
-1.27347 0.456735
-1.28163 0.472653
-1.30531 0.514694
-1.2849 0.467347
-1.33796 0.535918
-1.30367 0.494286
-1.27918 0.451837
-1.32082 0.546122
-1.35429 0.549796
-1.2702 0.459184
-1.31347 0.522449
-1.27265 0.475918
-1.35592 0.473878
-1.26367 0.482041
-1.29633 0.470612
-1.26776 0.392653
-1.2702 0.317143
-1.32898 0.328163
-1.32408 0.297959
-1.24408 0.287347
-1.25388 0.36898
-1.31592 0.411429
-1.24735 0.422449
-1.29061 0.400816
-1.25714 0.346122
-1.28082 0.36
-1.26122 0.357959
-1.23918 0.393878
-1.23837 0.432653
-1.22939 0.416735
-1.2849 0.379184
-1.25306 0.326122
-1.23592 0.331429
-1.25959 0.368163
-1.27755 0.35551
-1.26204 0.314286
-1.2498 0.337959
-1.25224 0.339592
-1.32082 0.380408
-1.25388 0.329796
-1.31102 0.327347
-1.26041 0.363673
-1.29388 0.397143
-1.27837 0.4
-1.2702 0.374286
-1.27837 0.429388
-1.27592 0.451429
-1.28327 0.426122
-1.27429 0.395102
-1.31837 0.37551
-1.31184 0.30898
-1.28571 0.307755
-1.34286 0.343265
-1.33551 0.295918
-1.33714 0.322857
-1.30204 0.26449
-1.30531 0.229388
-1.37143 0.215918
-1.29061 0.224082
-1.28653 0.267755
-1.34367 0.305306
-1.25633 0.268163
-1.26531 0.285306
-1.28163 0.3
-1.32408 0.333469
-1.27347 0.312653
-1.25061 0.339592
-1.30776 0.282857
-1.29959 0.276735
-1.30367 0.302041
-1.25959 0.284898
-1.30286 0.34898
-1.29878 0.309388
-1.27592 0.382449
-1.2702 0.382041
-1.32408 0.460816
-1.35755 0.449796
-1.32163 0.472653
-1.32653 0.464898
-1.27918 0.425306
-1.29388 0.450204
-1.30694 0.46
-1.31918 0.405714
-1.25469 0.349388
-1.25633 0.42898
-1.30939 0.449388
-1.3298 0.426939
-1.28408 0.447347
-1.27592 0.409796
-1.30367 0.396735
-1.34449 0.406122
-1.36816 0.443265
-1.33714 0.490204
-1.32327 0.493469
-1.32408 0.50898
-1.30041 0.45551
-1.2849 0.461224
-1.30612 0.464898
-1.31347 0.510204
-1.30857 0.557551
-1.30122 0.513061
-1.29551 0.457551
-1.32163 0.48449
-1.31918 0.450612
-1.2751 0.52
-1.31347 0.546122
-1.31755 0.548163
-1.29224 0.505714
-1.23755 0.433061
-1.26041 0.433878
-1.26204 0.409796
-1.22776 0.36449
-1.19918 0.338367
-1.22041 0.28
-1.25796 0.317551
-1.23347 0.30449
-1.22612 0.240408
-1.28898 0.138776
-1.23837 0.208571
-1.28653 0.151837
-1.25143 0.157959
-1.24653 0.194694
-1.22286 0.133878
-1.26776 0.15551
-1.23429 0.0510204
-1.25306 0.102041
-1.24163 0.157959
-1.18612 0.155918
-1.24163 0.101224
-1.23429 0.1
-1.25469 0.162449
-1.23265 0.185714
-1.20082 0.151429
-1.23918 0.0934694
-1.18939 0.0889796
-1.19265 0.00612245
-1.20245 -0.0155102
-1.22449 0.0273469
-1.22857 0.0338776
-1.25714 0.0640816
-1.19673 0.111837
-1.24 0.111429
-1.24245 0.136327
-1.29469 0.0795918
-1.29796 0.0914286
-1.30939 0.161633
-1.27429 0.225714
-1.3102 0.291837
-1.29796 0.25551
-1.27837 0.227755
-1.29061 0.268163
-1.3902 0.202449
-1.29224 0.143265
-1.28408 0.123673
-1.31184 0.129796
-1.28163 0.113878
-1.25224 0.0587755
-1.27918 0.0608163
-1.29469 0.181224
-1.34612 0.128571
-1.24245 0.114694
-1.27347 0.136735
-1.2898 0.0995918
-1.26122 0.107347
-1.20408 0.0787755
-1.26122 0.0273469
-1.28327 0.0163265
-1.19265 -0.00122449
-1.17878 0.0673469
-1.25633 -0.0183673
-1.18857 0.0102041
-1.25388 0.0257143
-1.26531 -0.0228571
-1.26449 -0.0367347
-1.26939 0.00897959
-1.25061 0.0485714
-1.28898 0.0261224
-1.22939 0.0746939
-1.25143 0.0869388
-1.24245 0.064898
-1.28327 0.104082
-1.30857 0.0779592
-1.2751 0.142449
-1.27102 0.205306
-1.21061 0.176735
-1.27102 0.183265
-1.27102 0.203673
-1.3298 0.290612
-1.30367 0.35551
-1.32653 0.336327
-1.30041 0.36898
-1.31755 0.370204
-1.23347 0.324898
-1.2702 0.32449
-1.27837 0.297551
-1.26122 0.313878
-1.27673 0.339184
-1.27265 0.392653
-1.34286 0.40898
-1.26367 0.381224
-1.30449 0.330204
-1.31673 0.363265
-1.29061 0.34449
-1.28735 0.325306
-1.25959 0.300408
-1.27347 0.276735
-1.21224 0.276735
-1.26367 0.293878
-1.28898 0.332653
-1.26367 0.276327
-1.23429 0.290204
-1.34531 0.278776
-1.29551 0.297551
-1.23592 0.280816
-1.26122 0.177551
-1.2302 0.160408
-1.1951 0.133469
-1.26449 0.101224
-1.26122 0.124898
-1.21796 0.0302041
-1.16816 0.0130612
-1.21388 0.0408163
-1.21143 0.0179592
-1.20653 0.055102
-1.23918 0.146122
-1.26531 0.113469
-1.18531 0.109388
-1.24735 0.133469
-1.14367 0.0922449
-1.15265 0.102449
-1.23592 0.190612
-1.27102 0.229388
-1.28735 0.27551
-1.28571 0.265714
-1.25959 0.353061
-1.28163 0.298367
-1.2751 0.296327
-1.27265 0.324898
-1.26367 0.314694
-1.22776 0.310204
-1.25469 0.311429
-1.26122 0.30449
-1.27592 0.356735
-1.28 0.299184
-1.25143 0.255918
-1.25796 0.28898
-1.28082 0.284898
-1.2898 0.321633
-1.2751 0.388163
-1.38041 0.40449
-1.26939 0.302449
-1.27918 0.242857
-1.24245 0.219592
-1.30449 0.219184
-1.22694 0.190204
-1.21714 0.183265
-1.26531 0.196735
-1.28571 0.22449
-1.31265 0.230612
-1.30449 0.192653
-1.24163 0.205714
-1.27265 0.213061
-1.28163 0.156735
-1.22286 0.118367
-1.33469 0.106122
-1.21633 0.0746939
-1.25551 0.0395918
-1.24816 0.0771429
-1.21061 0.0636735
-1.21878 0.0363265
-1.27347 0.0779592
-1.27102 0.0546939
-1.25959 -0.0302041
-1.22694 -0.0828571
-1.25714 -0.126939
-1.30204 -0.173469
-1.25959 -0.193878
-1.27347 -0.100816
-1.27918 -0.153878
-1.24816 -0.133061
-1.22531 -0.173061
-1.26449 -0.146122
-1.2351 -0.136735
-1.29469 -0.102857
-1.31592 -0.148163
-1.31918 -0.126531
-1.29061 -0.106122
-1.27102 -0.0510204
-1.26449 0.0289796
-1.22612 0.0902041
-1.21143 0.0861224
-1.25878 0.015102
-1.24816 0.0106122
-1.23184 0.0567347
-1.18612 0.112245
-1.23429 0.142857
-1.2 0.144898
-1.25143 0.240408
-1.2449 0.264082
-1.24571 0.242449
-1.21796 0.30449
-1.29306 0.290612
-1.26857 0.299592
-1.25959 0.245306
-1.25388 0.316735
-1.26041 0.30898
-1.27755 0.344082
-1.29388 0.331429
-1.27592 0.358776
-1.31347 0.414694
-1.29469 0.373878
-1.28082 0.322857
-1.30367 0.286939
-1.26041 0.312245
-1.31755 0.274286
-1.22939 0.200816
-1.31429 0.175102
-1.22449 0.178367
-1.29714 0.186939
-1.26204 0.168163
-1.24408 0.156735
-1.2498 0.225306
-1.33551 0.271429
-1.32163 0.328571
-1.29959 0.296327
-1.30939 0.250612
-1.34776 0.277143
-1.3249 0.234286
-1.27918 0.233061
-1.27755 0.287347
-1.26367 0.30449
-1.26531 0.28449
-1.26776 0.297143
-1.23265 0.320816
-1.28163 0.337143
-1.30122 0.331837
-1.32653 0.348163
-1.3551 0.427347
-1.32163 0.429796
-1.35592 0.453061
-1.28898 0.473469
-1.37306 0.570204
-1.34367 0.559184
-1.34857 0.563265
-1.32735 0.533061
-1.33306 0.493061
-1.34122 0.480408
-1.34286 0.518776
-1.29551 0.521633
-1.3151 0.470204
-1.2849 0.431429
-1.34531 0.470204
-1.34122 0.478776
-1.36 0.462449
-1.29306 0.433469
-1.30531 0.470612
-1.37306 0.450204
-1.39347 0.492245
-1.29633 0.438776
-1.27184 0.35102
-1.2351 0.285306
-1.2449 0.198776
-1.24327 0.216327
-1.26041 0.244898
-1.2351 0.221633
-1.21551 0.145714
-1.24327 0.126939
-1.2702 0.14449
-1.26286 0.0918367
-1.27837 0.0963265
-1.23673 0.105714
-1.30612 0.181633
-1.29306 0.177143
-1.27184 0.203265
-1.28735 0.193061
-1.27592 0.228163
-1.32408 0.259184
-1.32 0.203673
-1.29224 0.190204
-1.26041 0.193878
-1.27265 0.207347
-1.30204 0.190612
-1.22449 0.147347
-1.33143 0.177959
-1.32571 0.213878
-1.25878 0.18
-1.21633 0.159184
-1.20735 0.177959
-1.21714 0.182857
-1.2751 0.188571
-1.22449 0.15551
-1.3151 0.0808163
-1.24082 -0.0277551
-1.24653 -0.0730612
-1.27592 -0.0759184
-1.19755 -0.0240816
-1.26776 -0.0118367
-1.27102 -0.0759184
-1.25633 -0.0828571
-1.22122 -0.0628571
-1.21959 -0.0171429
-1.19755 -0.0244898
-1.2351 0.035102
-1.25714 0.0518367
-1.30367 0.0885714
-1.34776 -0.00897959
-1.2498 0.0236735
-1.26939 -0.0367347
-1.25959 0.0567347
-1.2898 0.109796
-1.27102 0.151429
-1.21469 0.128571
-1.24163 0.113878
-1.22449 0.0914286
-1.26041 0.0640816
-1.25959 0.0820408
-1.21551 0.113469
-1.26367 0.0816327
-1.26122 0.13102
-1.2098 0.0816327
-1.21224 0.0689796
-1.18531 0.0530612
-1.21469 0.144898
-1.22939 0.194286
-1.23755 0.237551
-1.26041 0.211429
-1.23429 0.206531
-1.31102 0.253878
-1.24327 0.163265
-1.26939 0.112245
-1.22204 0.0228571
-1.29224 0.0408163
-1.26449 0.0179592
-1.2449 0.0428571
-1.27265 0.0485714
-1.2449 0.0991837
-1.2302 0.151837
-1.33388 0.122449
-1.32163 0.0926531
-1.29143 0.0665306
-1.26612 0.108571
-1.24898 0.134286
-1.29143 0.147755
-1.26857 0.165306
-1.28816 0.205306
-1.23429 0.197551
-1.20653 0.217959
-1.22204 0.232245
-1.2498 0.257959
-1.25061 0.162449
-1.25306 0.14898
-1.21551 0.0510204
-1.23837 0.077551
-1.25551 0.097551
-1.27184 0.111429
-1.24 0.0881633
-1.25143 0.0755102
-1.23184 0.111837
-1.21959 0.0832653
-1.2098 0.0191837
-1.28327 0.0371429
-1.25388 0.0710204
-1.2351 0.0812245
-1.27837 0.171429
-1.33306 0.118367
-1.35673 0.142449
-1.25796 0.166122
-1.29469 0.101633
-1.33388 0.163265
-1.29224 0.202449
-1.30857 0.188571
-1.24816 0.243673
-1.30531 0.26
-1.29061 0.14449
-1.29469 0.242857
-1.25143 0.179184
-1.23265 0.150204
-1.22776 0.0869388
-1.29306 0.0689796
-1.18041 0.0522449
-1.22939 0.0134694
-1.24898 -0.0526531
-1.18857 -0.16
-1.21143 -0.145306
-1.23265 -0.157143
-1.24898 -0.144898
-1.22367 -0.0983673
-1.26367 -0.0710204
-1.27184 -0.0759184
-1.22857 -0.0844898
-1.22286 -0.0673469
-1.14041 -0.109796
-1.2049 -0.117959
-1.23755 -0.204082
-1.22367 -0.200408
-1.22204 -0.217959
-1.18367 -0.217551
-1.26449 -0.219592
-1.23347 -0.217551
-1.24735 -0.217551
-1.2351 -0.273878
-1.24653 -0.285306
-1.28816 -0.33102
-1.23837 -0.272653
-1.28 -0.254694
-1.29469 -0.287755
-1.26776 -0.257551
-1.25959 -0.198367
-1.28 -0.196327
-1.2498 -0.19551
-1.26286 -0.138367
-1.29469 -0.21551
-1.24245 -0.246939
-1.22122 -0.220816
-1.28327 -0.244082
-1.27755 -0.246122
-1.30367 -0.236735
-1.26286 -0.166531
-1.2449 -0.194694
-1.28408 -0.21102
-1.25633 -0.143673
-1.25551 -0.169796
-1.26041 -0.129796
-1.25469 -0.17102
-1.22041 -0.129796
-1.25551 -0.195102
-1.19673 -0.224898
-1.21633 -0.251429
-1.24245 -0.248163
-1.27673 -0.218776
-1.32163 -0.304898
-1.2449 -0.339592
-1.25388 -0.294694
-1.22367 -0.34449
-1.29388 -0.36898
-1.24571 -0.316735
-1.28653 -0.337143
-1.31673 -0.350204
-1.26286 -0.386939
-1.31102 -0.302857
-1.25959 -0.302449
-1.27265 -0.294286
-1.30857 -0.288163
-1.32245 -0.342449
-1.30939 -0.277143
-1.21796 -0.261224
-1.22857 -0.258776
-1.22939 -0.205714
-1.1951 -0.200408
-1.28 -0.23102
-1.26122 -0.224898
-1.33796 -0.299184
-1.26694 -0.248163
-1.25959 -0.26449
-1.21959 -0.25551
-1.25633 -0.266531
-1.25878 -0.372653
-1.24 -0.356735
-1.26041 -0.348571
-1.23755 -0.389388
-1.25796 -0.373878
-1.26939 -0.445714
-1.23592 -0.396735
-1.23184 -0.384898
-1.28245 -0.430204
-1.2898 -0.4
-1.26367 -0.374286
-1.2751 -0.397143
-1.23347 -0.430204
-1.26776 -0.459184
-1.30449 -0.496735
-1.32816 -0.482041
-1.31755 -0.48449
-1.29959 -0.482857
-1.33388 -0.472653
-1.22612 -0.425714
-1.28163 -0.404082
-1.23837 -0.302041
-1.16163 -0.282041
-1.23837 -0.26898
-1.23673 -0.262449
-1.29143 -0.319592
-1.27673 -0.252653
-1.25959 -0.194694
-1.24245 -0.127347
-1.20408 -0.157143
-1.27184 -0.168571
-1.21388 -0.198367
-1.22776 -0.257143
-1.23102 -0.264082
-1.24163 -0.227347
-1.24735 -0.21551
-1.32327 -0.27551
-1.24327 -0.266122
-1.24816 -0.300408
-1.2849 -0.291837
-1.27755 -0.354694
-1.27673 -0.370204
-1.26857 -0.379592
-1.27265 -0.383673
-1.31265 -0.438367
-1.32898 -0.413061
-1.2849 -0.417551
-1.31102 -0.357143
-1.29959 -0.361633
-1.26041 -0.362041
-1.22776 -0.314286
-1.28163 -0.366122
-1.29469 -0.406531
-1.32 -0.349388
-1.35184 -0.333469
-1.23673 -0.242449
-1.23837 -0.205714
-1.22531 -0.177143
-1.22041 -0.193061
-1.18041 -0.142041
-1.24245 -0.0767347
-1.17714 -0.0620408
-1.25796 -0.11102
-1.25388 -0.0877551
-1.21796 -0.04
-1.32735 0.0204082
-1.2751 -0.0591837
-1.26857 -0.082449
-1.25469 -0.0897959
-1.25388 0.044898
-1.24245 0.0697959
-1.27918 0.0640816
-1.28245 0.0673469
-1.26531 0.0044898
-1.23673 -0.0371429
-1.27429 -0.0608163
-1.24245 -0.0787755
-1.33143 -0.0579592
-1.30122 -0.0587755
-1.24 -0.0959184
-1.30612 -0.0755102
-1.26122 -0.100408
-1.25551 -0.117143
-1.2049 -0.102449
-1.2898 -0.0959184
-1.30449 -0.02
-1.23592 0.015102
-1.23184 -0.0122449
-1.27837 -0.0644898
-1.25224 -0.0991837
-1.23184 -0.0804082
-1.27673 -0.127755
-1.26776 -0.119184
-1.27184 -0.213878
-1.31102 -0.214694
-1.25469 -0.12898
-1.23673 -0.113878
-1.25224 -0.0963265
-1.31102 -0.0493878
-1.24327 -0.0787755
-1.23673 -0.0538776
-1.27837 -0.0689796
-1.2702 -0.110204
-1.26122 -0.109796
-1.24816 -0.0906122
-1.26449 -0.0171429
-1.30939 -0.0257143
-1.26531 -0.0673469
-1.29143 -0.0546939
-1.23837 0.00244898
-1.2302 0.02
-1.23592 -0.00204082
-1.26367 -0.0236735
-1.25633 -0.109388
-1.23918 0.00204082
-1.22286 0.097551
-1.26857 0.141224
-1.18367 0.124082
-1.25878 0.163673
-1.25224 0.110612
-1.25061 0.16898
-1.22531 0.0995918
-1.22776 0.143265
-1.22776 0.11102
-1.18939 0.177959
-1.24816 0.239184
-1.30531 0.245306
-1.27429 0.238367
-1.28653 0.270612
-1.2898 0.244898
-1.28 0.285714
-1.29878 0.252245
-1.2849 0.213878
-1.26531 0.175918
-1.29306 0.217143
-1.2302 0.125306
-1.29469 0.157959
-1.29714 0.0979592
-1.24898 0.0514286
-1.26612 0.0881633
-1.35592 0.042449
-1.31265 0.0461224
-1.30694 0.0289796
-1.29224 0.0220408
-1.25959 0.0436735
-1.25959 -0.0159184
-1.23347 -0.0665306
-1.2449 -0.0522449
-1.25878 -0.0493878
-1.28082 0.0187755
-1.25959 0.042449
-1.25306 0.0930612
-1.24082 0.135102
-1.22367 0.189388
-1.30041 0.156735
-1.26776 0.178367
-1.25878 0.196327
-1.30531 0.181633
-1.25633 0.197551
-1.27429 0.202041
-1.23673 0.139184
-1.21633 0.145306
-1.30449 0.135918
-1.30939 0.107347
-1.23673 0.097551
-1.2751 0.181224
-1.24245 0.162449
-1.23347 0.161224
-1.27184 0.133061
-1.30694 0.0359184
-1.25388 0
-1.22776 -0.0959184
-1.30041 -0.155102
-1.29306 -0.131429
-1.21878 -0.0897959
-1.28571 -0.0146939
-1.26612 0.00734694
-1.29469 0.00734694
-1.25388 -0.0240816
-1.2498 -0.123673
-1.21714 -0.186122
-1.2302 -0.193878
-1.26449 -0.191837
-1.23837 -0.153469
-1.20898 -0.143265
-1.24163 -0.19551
-1.29224 -0.27102
-1.25714 -0.206939
-1.24816 -0.177959
-1.27102 -0.106939
-1.26449 -0.0155102
-1.28245 -0.0563265
-1.23429 0.00489796
-1.27837 -0.0273469
-1.23429 0.0273469
-1.24571 -0.0204082
-1.28816 -0.04
-1.24653 -0.0293878
-1.28163 -0.0236735
-1.24163 -0.075102
-1.28163 -0.06
-1.23102 -0.0555102
-1.25796 -0.0408163
-1.24571 -0.0077551
-1.1951 -0.037551
-1.21633 -0.0130612
-1.24898 -0.0379592
-1.25061 0.0155102
-1.3151 0.0367347
-1.29469 0.044898
-1.2751 0.00244898
-1.28327 0.0767347
-1.26939 0.0693878
-1.28735 0.0873469
-1.29224 0.0685714
-1.27429 0.0628571
-1.28653 0.0926531
-1.30041 0.0914286
-1.30531 0.153469
-1.36408 0.21551
-1.31265 0.187347
-1.19918 0.077551
-1.21388 0.00653061
-1.22204 0.0416327
-1.21469 0.0208163
-1.22286 0.0432653
-1.22531 0.00204082
-1.19837 0.00653061
-1.24898 0.0404082
-1.21143 0.0469388
-1.24408 0.126939
-1.27755 0.057551
-1.2498 0.0636735
-1.22776 0.120816
-1.24 0.125306
-1.19592 0.119592
-1.23429 0.148163
-1.17551 0.12449
-1.25061 0.175918
-1.20898 0.232245
-1.22122 0.216327
-1.21796 0.243265
-1.28408 0.203673
-1.25388 0.114286
-1.21959 0.064898
-1.22939 0.12449
-1.2498 0.0946939
-1.21551 0.123673
-1.22367 0.116327
-1.22612 0.0383673
-1.20653 -0.0273469
-1.22204 0.0326531
-1.25306 0.0326531
-1.20653 0.0632653
-1.23592 0.0379592
-1.24898 0.064898
-1.26122 0.0579592
-1.22612 0.121633
-1.26204 0.170612
-1.23102 0.170204
-1.27102 0.254286
-1.26612 0.297143
-1.27673 0.325714
-1.28735 0.325714
-1.32163 0.360816
-1.26367 0.36
-1.24408 0.306122
-1.27184 0.349388
-1.29959 0.380816
-1.28327 0.446122
-1.3298 0.515102
-1.32408 0.512653
-1.27265 0.459184
-1.24327 0.405306
-1.28327 0.413061
-1.3502 0.472245
-1.29388 0.475918
-1.30204 0.47102
-1.30857 0.424898
-1.27755 0.420408
-1.31837 0.446122
-1.34204 0.497959
-1.34612 0.457959
-1.34286 0.499592
-1.29143 0.485714
-1.29714 0.451429
-1.31592 0.496327
-1.28571 0.409796
-1.27102 0.379184
-1.30857 0.444082
-1.28245 0.449796
-1.33388 0.513061
-1.26449 0.466939
-1.31347 0.533061
-1.34857 0.509388
-1.34449 0.582857
-1.33551 0.566939
-1.36735 0.585306
-1.36898 0.615102
-1.38286 0.64449
-1.32898 0.609796
-1.37714 0.648571
-1.27755 0.58449
-1.33796 0.596735
-1.35592 0.606122
-1.27755 0.545306
-1.30367 0.53102
-1.30612 0.572245
-1.35184 0.633469
-1.40082 0.685306
-1.36898 0.657551
-1.38776 0.677959
-1.39429 0.710612
-1.33959 0.644898
-1.3298 0.584082
-1.29796 0.549796
-1.27265 0.47551
-1.24898 0.555918
-1.27673 0.564082
-1.30367 0.605306
-1.37306 0.61551
-1.34612 0.624082
-1.35673 0.63551
-1.38857 0.597551
-1.33551 0.611429
-1.3698 0.615102
-1.42286 0.617959
-1.33306 0.587755
-1.38612 0.637959
-1.39265 0.656327
-1.30857 0.607755
-1.30122 0.580408
-1.36 0.603265
-1.33959 0.561633
-1.32 0.586939
-1.30531 0.550204
-1.28653 0.584082
-1.36327 0.613469
-1.34939 0.567347
-1.34612 0.577143
-1.25469 0.489796
-1.24327 0.435102
-1.29796 0.463265
-1.25469 0.426122
-1.23755 0.455102
-1.24082 0.404898
-1.26286 0.382041
-1.27592 0.382857
-1.27918 0.419184
-1.30857 0.505714
-1.34041 0.508571
-1.28653 0.46449
-1.3102 0.464898
-1.27184 0.484898
-1.22939 0.494286
-1.3102 0.505306
-1.28816 0.435102
-1.29469 0.487755
-1.27102 0.477551
-1.25633 0.472245
-1.33796 0.520408
-1.28245 0.477551
-1.29796 0.499184
-1.28571 0.49551
-1.28653 0.48
-1.29878 0.524898
-1.30776 0.564082
-1.31347 0.535918
-1.30204 0.511429
-1.26612 0.510204
-1.27347 0.494694
-1.2302 0.45102
-1.27918 0.431837
-1.25959 0.39102
-1.29061 0.337959
-1.25224 0.340816
-1.24327 0.353061
-1.27429 0.30898
-1.27347 0.310612
-1.27755 0.31102
-1.22776 0.31551
-1.22612 0.282449
-1.27673 0.284082
-1.26612 0.261633
-1.28408 0.218367
-1.28898 0.160816
-1.31265 0.16449
-1.31673 0.120816
-1.22122 0.133469
-1.24735 0.149796
-1.29959 0.0726531
-1.27102 0.077551
-1.30041 -0.0146939
-1.22531 -0.0489796
-1.15918 -0.119592
-1.2302 -0.0840816
-1.28245 -0.0938776
-1.29388 -0.0955102
-1.27184 -0.128163
-1.25714 -0.0889796
-1.23592 -0.136327
-1.21796 -0.0404082
-1.22367 0.00612245
-1.2 0.0118367
-1.20571 -0.0285714
-1.22367 -0.131837
-1.21224 -0.100408
-1.29551 -0.116735
-1.27673 -0.0787755
-1.22612 -0.0665306
-1.24327 -0.0677551
-1.25224 -0.132653
-1.32408 -0.177551
-1.24082 -0.180408
-1.26694 -0.175102
-1.33306 -0.186531
-1.29306 -0.195102
-1.34367 -0.246122
-1.25551 -0.17102
-1.19673 -0.140816
-1.30776 -0.137143
-1.25551 -0.160408
-1.18531 -0.0934694
-1.23429 -0.119184
-1.29714 -0.112245
-1.26122 -0.0767347
-1.27102 -0.144082
-1.25469 -0.0881633
-1.29714 -0.0208163
-1.20653 0.0134694
-1.24816 0.0559184
-1.24 0.0726531
-1.24 0.101224
-1.2702 0.0538776
-1.28653 0.119592
-1.27102 0.138367
-1.31592 0.109796
-1.26041 0.164898
-1.29878 0.095102
-1.28653 0.121224
-1.23184 0.0783673
-1.24735 0.0522449
-1.2049 0.0820408
-1.26041 0.0461224
-1.2751 0.0302041
-1.2351 0.0881633
-1.2751 0.112245
-1.27102 0.152653
-1.25306 0.180816
-1.22612 0.135102
-1.32816 0.157551
-1.26776 0.157551
-1.25633 0.097551
-1.24735 0.0779592
-1.26694 0.024898
-1.25633 0.0428571
-1.24816 0.0457143
-1.20898 0.0934694
-1.26367 0.0334694
-1.24735 0.0326531
-1.21469 -0.0595918
-1.26204 -0.0481633
-1.24163 -0.0338776
-1.20898 -0.0318367
-1.27673 -0.00122449
-1.25796 0.0195918
-1.24327 -0.00979592
-1.26694 -0.0236735
-1.27429 -0.0546939
-1.28163 -0.0257143
-1.24653 -0.0844898
-1.27429 -0.0669388
-1.29143 -0.102857
-1.26939 -0.112245
-1.29224 -0.0873469
-1.27837 -0.170612
-1.31673 -0.138776
-1.29796 -0.103673
-1.30531 -0.0363265
-1.2302 -0.0771429
-1.23592 -0.022449
-1.21714 -0.0563265
-1.18449 -0.0628571
-1.22286 -0.0926531
-1.22694 -0.13102
-1.21306 -0.122041
-1.21306 -0.157551
-1.19837 -0.168571
-1.25306 -0.209796
-1.22449 -0.156735
-1.22531 -0.122041
-1.2498 -0.166939
-1.24163 -0.157959
-1.23347 -0.0755102
-1.22286 0.0187755
-1.21469 0.0489796
-1.1902 0.00816327
-1.25224 -0.0346939
-1.26041 -0.00857143
-1.28245 0.0861224
-1.29714 -0.0257143
-1.2751 -0.0228571
-1.27918 -0.0440816
-1.30122 -0.037551
-1.25633 -0.064898
-1.31429 -0.102041
-1.30857 -0.0979592
-1.24245 -0.0677551
-1.27184 -0.075102
-1.26286 -0.0506122
-1.22857 -0.00571429
-1.24735 -0.0306122
-1.2849 -0.0110204
-1.24898 0.0465306
-1.26531 0.0718367
-1.25061 0.104082
-1.24163 0.0689796
-1.29061 0.107755
-1.24653 0.160816
-1.25143 0.166939
-1.29143 0.190612
-1.25796 0.209796
-1.20816 0.249796
-1.25959 0.245306
-1.25143 0.277959
-1.26776 0.350204
-1.27265 0.418367
-1.29796 0.455918
-1.36816 0.437143
-1.31837 0.521633
-1.30939 0.514286
-1.29306 0.457959
-1.27429 0.495102
-1.30286 0.438367
-1.31102 0.364898
-1.24898 0.356327
-1.25061 0.386531
-1.28571 0.406531
-1.24735 0.366531
-1.31102 0.438367
-1.24571 0.378776
-1.34041 0.417959
-1.29796 0.319184
-1.31347 0.312653
-1.2898 0.350204
-1.30041 0.364082
-1.24816 0.390612
-1.23184 0.376327
-1.29061 0.378776
-1.30204 0.392245
-1.23184 0.386939
-1.22449 0.361224
-1.24653 0.420816
-1.3151 0.393469
-1.2498 0.373878
-1.27673 0.373878
-1.31918 0.362449
-1.28163 0.386939
-1.25633 0.355918
-1.2302 0.333469
-1.29224 0.370204
-1.25388 0.332653
-1.23347 0.303265
-1.27265 0.305306
-1.23837 0.26449
-1.29224 0.273469
-1.29714 0.220408
-1.24 0.25551
-1.32 0.226122
-1.26531 0.18
-1.31755 0.224082
-1.26204 0.213061
-1.2351 0.182449
-1.22367 0.225306
-1.24735 0.283265
-1.25469 0.261633
-1.23837 0.286122
-1.27102 0.286122
-1.2702 0.313061
-1.24571 0.346939
-1.2702 0.368571
-1.22204 0.394694
-1.27429 0.389796
-1.20816 0.323265
-1.22612 0.363673
-1.26857 0.348163
-1.25714 0.327755
-1.26122 0.285714
-1.26122 0.26898
-1.24816 0.289796
-1.20245 0.319184
-1.24408 0.258367
-1.21878 0.186122
-1.21959 0.199184
-1.2049 0.176327
-1.15918 0.0918367
-1.22122 0.133878
-1.27429 0.00979592
-1.25224 -0.00857143
-1.21633 -0.0387755
-1.22122 -0.0934694
-1.24571 -0.173878
-1.20735 -0.178367
-1.22857 -0.125306
-1.21469 -0.0644898
-1.19429 -0.142449
-1.1951 -0.210612
-1.19184 -0.281633
-1.23429 -0.276327
-1.24735 -0.284082
-1.19755 -0.22898
-1.23592 -0.181633
-1.24 -0.138776
-1.24735 -0.106531
-1.20163 -0.0595918
-1.19429 -0.022449
-1.21551 -0.0130612
-1.21388 0.0465306
-1.21878 0.00857143
-1.2302 -0.0297959
-1.30449 -0.0828571
-1.28082 -0.0767347
-1.29061 -0.127347
-1.26939 -0.117551
-1.31347 -0.193878
-1.31347 -0.191429
-1.2449 -0.114286
-1.25224 -0.0987755
-1.28327 -0.0371429
-1.21714 -0.14
-1.28 -0.0983673
-1.19429 -0.110612
-1.26449 -0.130612
-1.2351 -0.0955102
-1.21388 -0.0718367
-1.19184 -0.0657143
-1.25061 -0.00693878
-1.18367 0.0730612
-1.21959 0.00734694
-1.26612 -0.0738776
-1.31755 -0.0542857
-1.26531 -0.0681633
-1.27429 -0.0955102
-1.27429 -0.0816327
-1.28408 -0.0493878
-1.2702 -0.0567347
-1.32 -0.0828571
-1.26449 -0.0889796
-1.26204 0.00612245
-1.21143 0.0502041
-1.29633 -0.00693878
-1.19673 -0.0383673
-1.22367 -0.126122
-1.24327 -0.106122
-1.28 -0.126122
-1.25061 -0.022449
-1.19347 -0.0608163
-1.21306 -0.0187755
-1.22286 -0.062449
-1.17959 -0.0579592
-1.25551 -0.0677551
-1.21959 -0.104082
-1.21714 -0.0636735
-1.22531 -0.0946939
-1.26122 -0.0371429
-1.20245 -0.0408163
-1.20735 -0.126122
-1.28735 -0.126531
-1.2351 -0.107347
-1.25878 -0.156327
-1.22449 -0.157959
-1.24571 -0.153469
-1.20571 -0.108163
-1.19918 -0.161633
-1.24327 -0.205714
-1.23918 -0.235918
-1.25714 -0.253878
-1.2702 -0.29102
-1.22122 -0.243265
-1.25714 -0.286531
-1.28735 -0.323265
-1.28408 -0.229796
-1.26122 -0.148571
-1.22694 -0.133469
-1.19429 -0.0889796
-1.20082 -0.0338776
-1.18531 -0.0616327
-1.23592 -0.0542857
-1.26939 -0.0653061
-1.2351 -0.0412245
-1.24 -0.0212245
-1.25306 0.0310204
-1.1951 0.0302041
-1.26204 0.0616327
-1.25633 0.00530612
-1.24 0.0236735
-1.15837 0.0269388
-1.23429 0.0571429
-1.31755 0.10898
-1.23918 0.103265
-1.26367 0.109796
-1.28653 0.168163
-1.25224 0.151429
-1.27429 0.129796
-1.25714 0.133878
-1.26612 0.168571
-1.24082 0.118367
-1.27265 0.186122
-1.19429 0.192653
-1.30776 0.226531
-1.24571 0.194286
-1.23918 0.176735
-1.2498 0.155102
-1.21551 0.110204
-1.25551 0.140408
-1.28571 0.0730612
-1.29714 0.112653
-1.29061 0.0787755
-1.20735 0.122041
-1.20653 0.0555102
-1.22041 0.0489796
-1.23673 0.0244898
-1.20327 0.0106122
-1.21388 -0.0346939
-1.21633 -0.00244898
-1.23102 -0.0453061
-1.26367 -0.064898
-1.31592 -0.0669388
-1.25388 -0.118367
-1.26857 -0.0812245
-1.20245 -0.0963265
-1.26122 -0.0653061
-1.24082 -0.0983673
-1.21633 -0.0702041
-1.22367 -0.0653061
-1.22041 -0.0412245
-1.25388 -0.0126531
-1.24163 -0.0102041
-1.23265 -0.0220408
-1.23592 -0.0783673
-1.19592 -0.144082
-1.27592 -0.194286
-1.24816 -0.209796
-1.2302 -0.19102
-1.25061 -0.223673
-1.26939 -0.141224
-1.28 -0.0897959
-1.21143 -0.0159184
-1.24082 0.0416327
-1.17878 -0.000408163
-1.19184 -0.0077551
-1.27347 0.0220408
-1.2449 0.0363265
-1.25714 0.024898
-1.21224 0.100816
-1.22776 0.155918
-1.23592 0.167347
-1.29714 0.117143
-1.22204 0.102857
-1.27347 0.04
-1.20571 0.0963265
-1.24327 0.126531
-1.31429 0.156735
-1.26286 0.160408
-1.27184 0.185306
-1.29061 0.172245
-1.2351 0.190612
-1.23837 0.148163
-1.21878 0.128163
-1.19265 0.180816
-1.21714 0.132653
-1.21551 0.214286
-1.2751 0.238776
-1.30122 0.269388
-1.24327 0.29102
-1.23429 0.244082
-1.20163 0.20898
-1.27347 0.262041
-1.34041 0.272653
-1.25388 0.207755
-1.23592 0.202449
-1.25388 0.32
-1.27673 0.262857
-1.26857 0.194286
-1.23755 0.165714
-1.22531 0.15102
-1.2849 0.166531
-1.27837 0.15551
-1.28571 0.146122
-1.25388 0.0893878
-1.35184 -0.0159184
-1.26367 0.0432653
-1.18694 0.0534694
-1.22776 0.042449
-1.23102 -0.0273469
-1.22776 -0.0873469
-1.24571 -0.0755102
-1.21878 0.022449
-1.2498 0.0167347
-1.28653 0.0477551
-1.28082 -0.0102041
-1.28653 -0.0546939
-1.3151 -0.0914286
-1.27918 -0.0967347
-1.25878 -0.0889796
-1.28245 -0.103673
-1.3102 -0.095102
-1.21959 -0.121224
-1.24898 -0.147347
-1.28163 -0.150612
-1.25878 -0.191429
-1.19918 -0.145306
-1.2302 -0.161633
-1.25388 -0.155102
-1.31102 -0.15102
-1.31755 -0.204082
-1.25551 -0.212653
-1.34776 -0.243265
-1.33061 -0.297959
-1.26939 -0.285714
-1.24163 -0.279592
-1.25714 -0.261224
-1.26531 -0.225306
-1.2751 -0.278367
-1.31347 -0.330204
-1.26857 -0.35102
-1.31673 -0.383673
-1.2351 -0.286122
-1.28571 -0.411837
-1.33469 -0.460816
-1.30694 -0.443673
-1.2849 -0.433061
-1.34939 -0.513061
-1.31265 -0.48898
-1.36898 -0.477143
-1.28735 -0.460408
-1.34449 -0.438367
-1.31102 -0.432245
-1.27755 -0.405306
-1.34367 -0.448571
-1.34612 -0.513878
-1.30612 -0.495102
-1.30857 -0.466531
-1.27102 -0.433061
-1.30939 -0.422449
-1.25469 -0.460816
-1.34367 -0.492245
-1.3102 -0.449796
-1.30286 -0.389388
-1.28571 -0.438776
-1.27265 -0.461224
-1.31429 -0.473061
-1.26857 -0.410204
-1.25714 -0.293878
-1.23755 -0.313878
-1.23755 -0.319184
-1.22204 -0.291837
-1.27673 -0.313061
-1.28245 -0.340408
-1.24571 -0.342449
-1.2351 -0.277551
-1.27592 -0.27102
-1.30367 -0.230612
-1.28735 -0.258367
-1.29388 -0.226531
-1.20735 -0.197551
-1.26939 -0.194694
-1.24653 -0.179592
-1.27102 -0.204898
-1.28735 -0.219184
-1.24 -0.231429
-1.22367 -0.226531
-1.30857 -0.335918
-1.28245 -0.333061
-1.28653 -0.355918
-1.34857 -0.349796
-1.28082 -0.334694
-1.29796 -0.282449
-1.27265 -0.26449
-1.31592 -0.313878
-1.34531 -0.354694
-1.30122 -0.349388
-1.26694 -0.309388
-1.2498 -0.326939
-1.28408 -0.344898
-1.27755 -0.251837
-1.30939 -0.293469
-1.2302 -0.260408
-1.30612 -0.336327
-1.28163 -0.379592
-1.34286 -0.401224
-1.22612 -0.397959
-1.24653 -0.442449
-1.26531 -0.409796
-1.32816 -0.480816
-1.33224 -0.503265
-1.33714 -0.54898
-1.30694 -0.500816
-1.33143 -0.490204
-1.32245 -0.437551
-1.32327 -0.444082
-1.27755 -0.377143
-1.25959 -0.380408
-1.27184 -0.355102
-1.3102 -0.367347
-1.30531 -0.385306
-1.30286 -0.40898
-1.30204 -0.384082
-1.29714 -0.352653
-1.24571 -0.330612
-1.26286 -0.333061
-1.20653 -0.267755
-1.28571 -0.273061
-1.25306 -0.28898
-1.19184 -0.25102
-1.22531 -0.252245
-1.23755 -0.195918
-1.25878 -0.148163
-1.26286 -0.20449
-1.27837 -0.247347
-1.21388 -0.189796
-1.26122 -0.187347
-1.29959 -0.182449
-1.28327 -0.174694
-1.25061 -0.170204
-1.23592 -0.144898
-1.30286 -0.149388
-1.33143 -0.106531
-1.27673 -0.062449
-1.27918 -0.0779592
-1.23184 -0.0444898
-1.22612 -0.135102
-1.25224 -0.195102
-1.22204 -0.176327
-1.23265 -0.148163
-1.2351 -0.0946939
-1.26531 -0.062449
-1.22449 -0.10449
-1.24 -0.0938776
-1.18612 -0.0734694
-1.22286 -0.0142857
-1.18694 0.0281633
-1.20163 0.0506122
-1.17061 -0.00122449
-1.21143 -0.0379592
-1.23184 -0.0787755
-1.26449 -0.0142857
-1.2449 -0.0195918
-1.25551 0.0502041
-1.2049 0.0918367
-1.2098 0.116735
-1.20571 0.150204
-1.30367 0.0726531
-1.23837 0.0738776
-1.29388 0.0595918
-1.22694 0.0865306
-1.22694 0.0906122
-1.22041 0.0820408
-1.2302 0.0595918
-1.28245 0.143265
-1.23184 0.14898
-1.2498 0.19551
-1.22694 0.150204
-1.22939 0.232653
-1.27102 0.279184
-1.2449 0.276327
-1.25388 0.245714
-1.23102 0.246122
-1.26041 0.230204
-1.25388 0.218776
-1.24082 0.211837
-1.2849 0.248571
-1.24735 0.161633
-1.29878 0.123265
-1.29551 0.102449
-1.26122 0.140408
-1.2898 0.147347
-1.30694 0.141633
-1.30286 0.221224
-1.24 0.187755
-1.24653 0.205714
-1.22694 0.227755
-1.26122 0.259184
-1.2751 0.160816
-1.25469 0.182857
-1.27837 0.203265
-1.28 0.294286
-1.34694 0.399184
-1.3102 0.355102
-1.31592 0.36
-1.21469 0.366531
-1.24816 0.337959
-1.29633 0.309796
-1.28245 0.321224
-1.33306 0.345714
-1.31673 0.307755
-1.31184 0.331429
-1.26122 0.275918
-1.22449 0.277143
-1.24327 0.267347
-1.30939 0.273469
-1.30041 0.231837
-1.26694 0.216735
-1.32408 0.18898
-1.21633 0.178776
-1.29633 0.211429
-1.26612 0.221224
-1.27102 0.21102
-1.29551 0.21102
-1.25796 0.166122
-1.23429 0.161633
-1.20816 0.143673
-1.21551 0.122857
-1.24082 0.0963265
-1.28653 0.0669388
-1.25306 0.0579592
-1.22204 -0.0269388
-1.27184 -0.0453061
-1.31429 -0.0420408
-1.32735 -0.10898
-1.30939 -0.126122
-1.26612 -0.146122
-1.26286 -0.178367
-1.3298 -0.200408
-1.2351 -0.14
-1.24327 -0.144082
-1.27429 -0.0930612
-1.3151 -0.0853061
-1.29224 -0.0293878
-1.22041 -0.0714286
-1.27347 -0.0714286
-1.30694 -0.102041
-1.19918 -0.100408
-1.21306 -0.0571429
-1.22694 0.017551
-1.31347 -0.00653061
-1.2498 0.00122449
-1.26531 0.04
-1.22449 0.06
-1.22286 0.0314286
-1.23347 0.0542857
-1.22531 0.0367347
-1.25633 0.06
-1.24735 0.0840816
-1.1951 0.0522449
-1.23102 0.0134694
-1.24816 0.024898
-1.26449 0.0110204
-1.21224 -0.00938776
-1.29224 0.0297959
-1.26367 0.0453061
-1.30367 0.0436735
-1.24571 0.0183673
-1.28408 -0.00204082
-1.23837 0.0477551
-1.23673 0.0632653
-1.21224 0.00857143
-1.28735 0.0355102
-1.25878 0.0538776
-1.20163 0.015102
-1.23837 -0.0195918
-1.22857 -0.0208163
-1.22939 -0.00938776
-1.20408 0.0146939
-1.20327 0.0142857
-1.19673 0.00612245
-1.23755 0.0261224
-1.25878 0.0355102
-1.25388 0.0853061
-1.25306 0.0591837
-1.23673 0.0355102
-1.24327 0.0232653
-1.27592 0.00408163
-1.28898 0.00326531
-1.24082 -0.0657143
-1.27184 -0.0926531
-1.30204 -0.103673
-1.30367 -0.0881633
-1.27347 -0.0959184
-1.26204 -0.1
-1.25306 -0.150204
-1.2498 -0.166531
-1.33551 -0.203265
-1.27347 -0.162857
-1.27102 -0.221633
-1.31429 -0.168571
-1.3151 -0.158776
-1.26204 -0.216327
-1.22939 -0.217143
-1.29551 -0.185714
-1.24245 -0.166939
-1.29143 -0.134694
-1.2751 -0.0404082
-1.22857 0.00204082
-1.22286 -0.0289796
-1.22857 -0.0306122
-1.25959 -0.00122449
-1.22204 0.0346939
-1.22122 0.0567347
-1.23102 0.0187755
-1.23429 0.0706122
-1.25796 0.0955102
-1.26367 0.0877551
-1.2449 0.106122
-1.21878 0.114694
-1.3102 0.0930612
-1.30449 0.157551
-1.26531 0.13551
-1.26367 0.158367
-1.30367 0.195102
-1.31592 0.257959
-1.26857 0.251837
-1.24735 0.21102
-1.21796 0.198776
-1.21796 0.162449
-1.22939 0.191429
-1.23673 0.241224
-1.17551 0.235102
-1.32082 0.26
-1.27102 0.231837
-1.30449 0.20898
-1.25143 0.182857
-1.31184 0.232245
-1.32653 0.193061
-1.30367 0.231429
-1.27102 0.226939
-1.22694 0.158367
-1.2 0.139184
-1.32571 0.0918367
-1.27102 0.131429
-1.25714 0.152653
-1.28816 0.192653
-1.17714 0.119592
-1.2302 0.0346939
-1.22857 0.0518367
-1.21714 0.0816327
-1.22041 0.117143
-1.20245 0.0636735
-1.25143 0.112245
-1.26204 0.0591837
-1.25796 0.0693878
-1.27592 0.124898
-1.27755 0.123265
-1.29714 0.0759184
-1.27918 0.04
-1.25061 0.0697959
-1.26286 0.122041
-1.21959 0.127755
-1.2302 0.0359184
-1.24816 0.0330612
-1.30204 0.0232653
-1.20571 -0.0191837
-1.27592 0.0265306
-1.22776 -0.00408163
-1.30449 0.10449
-1.28816 0.124082
-1.25224 0.154694
-1.22694 0.169796
-1.19347 0.10449
-1.27265 0.236327
-1.27673 0.237959
-1.21061 0.268571
-1.23755 0.294694
-1.21796 0.229388
-1.2498 0.294286
-1.27347 0.281633
-1.24571 0.283265
-1.23918 0.303673
-1.2351 0.337143
-1.24245 0.269796
-1.29388 0.301224
-1.30367 0.250612
-1.29633 0.351429
-1.31265 0.436735
-1.24082 0.36449
-1.31347 0.342041
-1.24408 0.349388
-1.28082 0.344898
-1.30776 0.356327
-1.30367 0.454286
-1.37469 0.432245
-1.30857 0.423673
-1.33959 0.453469
-1.31184 0.352653
-1.28735 0.379184
-1.26449 0.321633
-1.33224 0.369388
-1.27918 0.366939
-1.28082 0.376735
-1.2702 0.368571
-1.26939 0.374694
-1.34449 0.432245
-1.30367 0.412245
-1.28898 0.382449
-1.30612 0.390204
-1.26857 0.34
-1.26857 0.34449
-1.26367 0.310612
-1.21224 0.31551
-1.19918 0.340816
-1.23673 0.340816
-1.19755 0.333469
-1.20163 0.337959
-1.28327 0.403673
-1.26531 0.394694
-1.23265 0.379184
-1.23592 0.334694
-1.25224 0.393469
-1.25551 0.361224
-1.28327 0.439184
-1.34204 0.473469
-1.26367 0.393878
-1.14939 0.323265
-1.25878 0.442449
-1.24245 0.440408
-1.31592 0.540816
-1.31347 0.540408
-1.26531 0.502041
-1.30694 0.46898
-1.20245 0.433469
-1.26612 0.477959
-1.20245 0.443265
-1.31837 0.534694
-1.29224 0.484898
-1.34449 0.46449
-1.24653 0.45102
-1.25143 0.411837
-1.32163 0.430612
-1.22204 0.423265
-1.25306 0.485714
-1.32327 0.480408
-1.30776 0.501224
-1.33551 0.522449
-1.28082 0.472245
-1.29959 0.418776
-1.32653 0.426531
-1.32082 0.402041
-1.26286 0.352245
-1.28898 0.382449
-1.29224 0.381633
-1.30367 0.425306
-1.28653 0.396735
-1.2702 0.403673
-1.3249 0.441633
-1.33959 0.426122
-1.22939 0.398367
-1.21633 0.345714
-1.2302 0.372653
-1.30286 0.440408
-1.25551 0.43102
-1.27837 0.426122
-1.29388 0.529796
-1.30367 0.520816
-1.26776 0.497959
-1.28898 0.493878
-1.29714 0.472653
-1.3298 0.491837
-1.27918 0.385714
-1.28245 0.355102
-1.2351 0.370612
