-1.61959 -0.707755
-1.6302 -0.677551
-1.60898 -0.673878
-1.56 -0.65102
-1.61469 -0.677143
-1.58449 -0.701224
-1.59265 -0.713878
-1.66776 -0.749388
-1.63837 -0.722449
-1.65469 -0.736735
-1.65633 -0.755102
-1.62204 -0.74898
-1.65061 -0.760816
-1.61469 -0.773878
-1.64245 -0.768163
-1.66204 -0.790612
-1.64735 -0.779592
-1.59918 -0.761633
-1.67102 -0.8
-1.67184 -0.820816
-1.6498 -0.8
-1.66857 -0.80898
-1.64327 -0.797959
-1.62449 -0.801224
-1.64 -0.813878
-1.6751 -0.848571
-1.61878 -0.819592
-1.59837 -0.811429
-1.64571 -0.827347
-1.62204 -0.821224
-1.65306 -0.849796
-1.62939 -0.835102
-1.69959 -0.863673
-1.65061 -0.851429
-1.62367 -0.836327
-1.64245 -0.85551
-1.74041 -0.890612
-1.66286 -0.884082
-1.65061 -0.868163
-1.7151 -0.897959
-1.68653 -0.882041
-1.69224 -0.880408
-1.72571 -0.910204
-1.67265 -0.88898
-1.68735 -0.88
-1.66694 -0.880816
-1.6702 -0.873878
-1.71918 -0.897959
-1.69633 -0.900408
-1.68816 -0.880816
-1.70122 -0.900408
-1.75184 -0.91551
-1.70122 -0.902449
-1.69143 -0.889388
-1.69306 -0.891837
-1.69959 -0.886122
-1.68163 -0.87102
-1.67347 -0.877551
-1.68653 -0.873061
-1.67918 -0.86449
-1.68163 -0.881633
-1.71347 -0.886939
-1.70204 -0.880816
-1.66857 -0.879592
-1.69224 -0.885714
-1.6751 -0.880816
-1.68653 -0.887347
-1.75429 -0.90898
-1.66204 -0.87551
-1.73388 -0.90898
-1.69551 -0.9
-1.72245 -0.91102
-1.65306 -0.86898
-1.62612 -0.867347
-1.67918 -0.882041
-1.7502 -0.913878
-1.63673 -0.86
-1.65796 -0.861224
-1.67592 -0.887347
-1.65224 -0.87551
-1.66694 -0.877959
-1.67673 -0.874286
-1.64653 -0.863265
-1.62286 -0.850612
-1.68163 -0.881224
-1.64571 -0.86898
-1.6702 -0.879592
-1.64163 -0.861633
-1.6351 -0.87102
-1.6498 -0.867347
-1.69224 -0.889388
-1.69551 -0.899184
-1.69551 -0.877959
-1.61388 -0.830204
-1.67265 -0.860816
-1.67347 -0.875102
-1.62531 -0.841633
-1.5951 -0.839184
-1.6351 -0.852653
-1.65469 -0.855102
-1.68735 -0.871837
-1.69551 -0.892653
-1.67429 -0.875102
-1.67755 -0.876735
-1.66286 -0.87102
-1.66286 -0.857551
-1.63673 -0.854286
-1.66694 -0.872653
-1.68 -0.884898
-1.69469 -0.893469
-1.69143 -0.884898
-1.70122 -0.898776
-1.63837 -0.865714
-1.67918 -0.873469
-1.69469 -0.890204
-1.64898 -0.854694
-1.67837 -0.866531
-1.61714 -0.838776
-1.57796 -0.796327
-1.61796 -0.807347
-1.64571 -0.857551
-1.65796 -0.846122
-1.6702 -0.862449
-1.6849 -0.871429
-1.66694 -0.870204
-1.66204 -0.872245
-1.69878 -0.890612
-1.72571 -0.911837
-1.66367 -0.88
-1.70612 -0.902857
-1.71102 -0.90898
-1.69061 -0.886531
-1.69959 -0.881633
-1.62449 -0.851429
-1.63102 -0.850204
-1.61224 -0.842041
-1.70367 -0.882857
-1.66041 -0.879592
-1.69143 -0.885714
-1.66776 -0.870612
-1.70531 -0.889388
-1.6898 -0.893878
-1.71429 -0.9
-1.68653 -0.879184
-1.68327 -0.870612
-1.65551 -0.835102
-1.69714 -0.864898
-1.65714 -0.874286
-1.67347 -0.888571
-1.72816 -0.905714
-1.64816 -0.870204
-1.64 -0.867755
-1.70694 -0.89102
-1.68735 -0.882041
-1.71265 -0.895102
-1.68816 -0.877551
-1.74449 -0.898367
-1.69469 -0.874286
-1.67755 -0.877551
-1.69306 -0.886939
-1.68408 -0.889388
-1.72653 -0.900816
-1.66122 -0.877959
-1.6898 -0.886122
-1.64816 -0.861224
-1.70776 -0.902041
-1.64653 -0.873061
-1.71592 -0.903673
-1.67102 -0.89102
-1.65143 -0.878367
-1.67102 -0.873878
-1.72327 -0.904082
-1.69224 -0.890204
-1.69633 -0.892245
-1.66531 -0.879184
-1.7102 -0.902449
-1.69796 -0.877143
-1.62531 -0.863673
-1.72245 -0.899592
-1.72245 -0.907755
-1.67755 -0.886531
-1.68735 -0.888571
-1.68082 -0.884082
-1.73143 -0.910204
-1.68408 -0.884082
-1.68245 -0.883673
-1.70204 -0.881633
-1.68082 -0.884898
-1.68571 -0.890204
-1.70694 -0.892653
-1.67102 -0.867347
-1.67755 -0.866939
-1.67837 -0.871429
-1.67592 -0.88
-1.65633 -0.873469
-1.67102 -0.877551
-1.68408 -0.888571
-1.69714 -0.899592
-1.71102 -0.902041
-1.68408 -0.87102
-1.64898 -0.865306
-1.70286 -0.88898
-1.68327 -0.870612
-1.66367 -0.870612
-1.69469 -0.902041
-1.69143 -0.9
-1.70694 -0.886531
-1.6849 -0.886122
-1.73061 -0.915918
-1.69143 -0.877551
-1.66041 -0.876735
-1.7249 -0.904082
-1.73633 -0.911837
-1.67755 -0.866939
-1.6351 -0.853469
-1.67347 -0.873469
-1.6751 -0.873061
-1.65796 -0.851837
-1.64408 -0.862857
-1.69061 -0.886122
-1.69224 -0.890612
-1.6751 -0.881224
-1.67918 -0.88449
-1.67265 -0.871837
-1.70122 -0.901224
-1.6751 -0.875918
-1.69551 -0.891837
-1.66857 -0.877143
-1.64082 -0.868163
-1.66939 -0.886122
-1.68571 -0.883265
-1.65551 -0.884898
-1.68327 -0.885306
-1.7102 -0.905306
-1.67265 -0.876327
-1.65878 -0.863673
-1.69714 -0.886939
-1.64163 -0.865714
-1.62531 -0.847755
-1.65714 -0.87102
-1.68898 -0.883673
-1.73714 -0.914286
-1.61306 -0.857143
-1.64327 -0.874286
-1.70286 -0.886939
-1.66286 -0.879592
-1.66449 -0.868163
-1.66612 -0.878776
-1.69551 -0.89102
-1.68898 -0.882857
-1.67592 -0.88898
-1.66531 -0.868163
-1.69306 -0.889796
-1.68 -0.886122
-1.62204 -0.843265
-1.66204 -0.882041
-1.64327 -0.868571
-1.70612 -0.885714
-1.65061 -0.852653
-1.65878 -0.850612
-1.66204 -0.869796
-1.72 -0.907755
-1.69388 -0.885306
-1.71184 -0.892245
-1.69306 -0.877551
-1.70939 -0.89551
-1.66939 -0.875102
-1.65714 -0.873878
-1.69878 -0.876735
-1.60327 -0.846122
-1.69796 -0.895918
-1.68163 -0.883265
-1.66857 -0.864898
-1.67347 -0.885306
-1.68653 -0.892653
-1.70776 -0.900408
-1.69388 -0.889388
-1.66612 -0.88
-1.64571 -0.862449
-1.67347 -0.878367
-1.67918 -0.876327
-1.67673 -0.883673
-1.70857 -0.891837
-1.6098 -0.85551
-1.70286 -0.897143
-1.67184 -0.873878
-1.6751 -0.88
-1.69796 -0.885714
-1.69959 -0.893061
-1.67837 -0.882041
-1.63918 -0.866531
-1.72898 -0.908571
-1.67429 -0.892653
-1.73469 -0.908163
-1.71755 -0.893469
-1.61633 -0.850612
-1.69633 -0.890612
-1.66367 -0.877959
-1.70531 -0.899184
-1.66041 -0.879592
-1.66122 -0.872653
-1.68816 -0.894694
-1.6702 -0.880816
-1.67673 -0.864082
-1.68735 -0.873061
-1.63429 -0.856327
-1.65388 -0.866122
-1.66367 -0.873878
-1.70204 -0.886939
-1.68816 -0.892653
-1.68571 -0.885306
-1.68 -0.891429
-1.70857 -0.904082
-1.66449 -0.873061
-1.6498 -0.874286
-1.66857 -0.873061
-1.64 -0.860816
-1.71837 -0.887347
-1.66531 -0.881633
-1.6498 -0.863265
-1.62857 -0.857551
-1.68082 -0.876735
-1.69143 -0.884082
-1.69878 -0.871429
-1.69796 -0.886122
-1.68898 -0.88449
-1.69224 -0.882857
-1.64327 -0.854286
-1.68082 -0.880816
-1.67592 -0.881224
-1.7102 -0.896327
-1.68082 -0.877959
-1.66857 -0.877143
-1.6751 -0.875918
-1.64571 -0.867755
-1.70449 -0.893878
-1.66204 -0.876327
-1.64163 -0.854694
-1.64327 -0.871429
-1.69796 -0.893469
-1.65306 -0.878367
-1.70449 -0.894694
-1.65388 -0.866531
-1.69878 -0.888571
-1.70531 -0.893469
-1.69224 -0.889796
-1.74449 -0.911429
-1.6849 -0.876735
-1.69714 -0.884082
-1.6849 -0.872653
-1.66122 -0.872245
-1.73959 -0.906122
-1.6351 -0.863673
-1.67673 -0.881224
-1.69878 -0.889796
-1.70857 -0.900816
-1.65714 -0.875102
-1.62531 -0.849388
-1.69633 -0.877959
-1.67592 -0.877143
-1.64571 -0.867347
-1.70367 -0.904082
-1.69143 -0.884082
-1.70857 -0.884898
-1.6751 -0.880408
-1.71184 -0.899592
-1.70286 -0.880816
-1.6849 -0.86898
-1.65388 -0.871837
-1.68408 -0.880408
-1.68735 -0.871837
-1.65388 -0.862857
-1.62286 -0.862857
-1.69633 -0.892245
-1.70041 -0.897143
-1.70367 -0.9
-1.70694 -0.901224
-1.66041 -0.881633
-1.64327 -0.857959
-1.69878 -0.873469
-1.69143 -0.886122
-1.65551 -0.864082
-1.66122 -0.873061
-1.69633 -0.893878
-1.72816 -0.908571
-1.67347 -0.882449
-1.67755 -0.88898
-1.6702 -0.867347
-1.71265 -0.899592
-1.6849 -0.888163
-1.66612 -0.883673
-1.76327 -0.908571
-1.65388 -0.86449
-1.68245 -0.89551
-1.67429 -0.880408
-1.7151 -0.899184
-1.69469 -0.893469
-1.70612 -0.906531
-1.66367 -0.872653
-1.69959 -0.89102
-1.66694 -0.88449
-1.69959 -0.887755
-1.67918 -0.879184
-1.63592 -0.844082
-1.67592 -0.881633
-1.6849 -0.886939
-1.64327 -0.860816
-1.69878 -0.9
-1.66694 -0.876735
-1.6751 -0.889388
-1.67755 -0.883673
-1.67429 -0.875102
-1.70939 -0.895102
-1.68571 -0.892245
-1.6351 -0.865306
-1.66204 -0.871429
-1.69714 -0.882857
-1.66612 -0.867347
-1.65959 -0.855918
-1.65796 -0.864898
-1.71429 -0.901633
-1.66776 -0.886939
-1.65878 -0.862449
-1.66612 -0.883265
-1.67673 -0.883673
-1.66204 -0.87102
-1.6702 -0.87102
-1.66694 -0.873061
-1.65551 -0.875918
-1.67265 -0.877143
-1.66122 -0.871837
-1.61061 -0.855918
-1.67102 -0.873878
-1.62449 -0.866122
-1.6702 -0.879592
-1.6898 -0.888571
-1.67673 -0.893469
-1.63837 -0.867347
-1.68163 -0.878367
-1.68735 -0.881633
-1.68 -0.873061
-1.67918 -0.855918
-1.68163 -0.867755
-1.71184 -0.888163
-1.62531 -0.856327
-1.68 -0.878776
-1.67265 -0.876735
-1.70041 -0.875102
-1.62531 -0.855918
-1.69306 -0.89102
-1.70286 -0.893469
-1.67429 -0.873061
-1.68327 -0.877143
-1.69878 -0.886122
-1.66122 -0.870612
-1.65061 -0.852245
-1.67102 -0.878367
-1.7249 -0.906122
-1.72816 -0.910612
-1.68082 -0.884082
-1.69306 -0.887755
-1.67918 -0.877959
-1.65878 -0.866531
-1.72408 -0.901633
-1.6702 -0.884082
-1.67592 -0.88449
-1.69306 -0.880816
-1.68653 -0.868571
-1.63755 -0.845714
-1.63837 -0.870612
-1.68 -0.871837
-1.6751 -0.869388
-1.62041 -0.842449
-1.69551 -0.878367
-1.65878 -0.841633
-1.65469 -0.84
-1.6849 -0.870612
-1.67347 -0.87102
-1.68327 -0.876735
-1.64571 -0.860816
-1.70694 -0.883265
-1.58286 -0.832653
-1.67347 -0.874286
-1.67918 -0.89102
-1.65551 -0.861633
-1.66204 -0.873469
-1.62857 -0.869388
-1.7249 -0.895918
-1.67592 -0.884898
-1.67429 -0.883265
-1.63429 -0.865714
-1.67837 -0.887347
-1.63918 -0.86898
-1.69878 -0.882041
-1.71673 -0.897143
-1.65388 -0.866531
-1.70531 -0.874694
-1.71184 -0.895918
-1.63184 -0.850204
-1.63755 -0.858367
-1.70694 -0.881224
-1.69306 -0.878367
-1.69633 -0.888571
-1.65633 -0.870204
-1.66939 -0.87551
-1.65878 -0.870612
-1.72735 -0.904898
-1.66857 -0.870204
-1.6751 -0.862449
-1.64816 -0.86449
-1.66612 -0.877551
-1.67265 -0.868163
-1.67347 -0.886939
-1.69224 -0.891837
-1.71673 -0.901633
-1.72571 -0.901633
-1.67673 -0.877959
-1.66367 -0.874694
-1.66939 -0.875918
-1.66939 -0.880408
-1.66776 -0.865714
-1.67755 -0.867347
-1.67837 -0.873061
-1.68898 -0.873469
-1.63429 -0.838776
-1.70857 -0.882857
-1.67592 -0.874286
-1.70857 -0.888571
-1.65714 -0.877551
-1.71347 -0.900408
-1.71673 -0.899592
-1.65878 -0.880408
-1.68408 -0.893061
-1.68 -0.877143
-1.66531 -0.855918
-1.66612 -0.870612
-1.65224 -0.87102
-1.62694 -0.843265
-1.6498 -0.866939
-1.64327 -0.870612
-1.70776 -0.885714
-1.67429 -0.876735
-1.6849 -0.882449
-1.70857 -0.888571
-1.70776 -0.900408
-1.73551 -0.910612
-1.72082 -0.897551
-1.70612 -0.892245
-1.72245 -0.901224
-1.70531 -0.881633
-1.70041 -0.896327
-1.65469 -0.880816
-1.62204 -0.854286
-1.66367 -0.87551
-1.68898 -0.88449
-1.68571 -0.896327
-1.71918 -0.904082
-1.7102 -0.892653
-1.68735 -0.875918
-1.66939 -0.884082
-1.65633 -0.869388
-1.7151 -0.89551
-1.70041 -0.891429
-1.69878 -0.877143
-1.66367 -0.866122
-1.67755 -0.869388
-1.64653 -0.861633
-1.69224 -0.889796
-1.70857 -0.877959
-1.67184 -0.867347
-1.6751 -0.853469
-1.63184 -0.849796
-1.64327 -0.858776
-1.6302 -0.857143
-1.66857 -0.872653
-1.65061 -0.856327
-1.62531 -0.843673
-1.65714 -0.871837
-1.66939 -0.864898
-1.6849 -0.884898
-1.68327 -0.882449
-1.62041 -0.84
-1.67102 -0.872245
-1.68408 -0.882857
-1.68082 -0.885306
-1.6849 -0.89102
-1.70531 -0.896327
-1.62286 -0.863265
-1.69469 -0.889388
-1.72082 -0.903673
-1.64245 -0.861633
-1.62857 -0.849796
-1.69224 -0.890204
-1.67837 -0.888571
-1.70122 -0.885714
-1.6498 -0.869388
-1.64245 -0.852245
-1.64163 -0.858367
-1.70041 -0.878776
-1.65306 -0.87102
-1.63837 -0.862041
-1.67755 -0.890204
-1.68245 -0.885306
-1.70776 -0.893061
-1.62449 -0.865306
-1.64571 -0.864082
-1.69878 -0.886939
-1.67347 -0.880408
-1.72735 -0.90449
-1.66531 -0.877551
-1.7102 -0.893469
-1.71265 -0.88898
-1.66041 -0.871837
-1.67673 -0.861224
-1.65306 -0.839592
-1.68571 -0.857551
-1.68327 -0.861224
-1.70857 -0.866939
-1.67265 -0.857551
-1.7102 -0.893469
-1.61061 -0.834694
-1.65388 -0.840408
-1.64653 -0.826122
-1.62367 -0.833469
-1.6498 -0.836327
-1.64898 -0.838776
-1.64571 -0.859184
-1.67429 -0.884898
-1.70041 -0.886939
-1.69796 -0.888163
-1.66939 -0.885306
-1.61388 -0.850612
-1.66694 -0.87551
-1.62776 -0.853061
-1.70367 -0.884898
-1.68327 -0.873061
-1.64327 -0.859592
-1.66776 -0.877551
-1.69143 -0.87551
-1.65551 -0.875918
-1.72408 -0.897551
-1.67184 -0.888163
-1.64653 -0.83102
-1.57469 -0.812245
-1.68327 -0.862449
-1.62367 -0.826939
-1.63347 -0.829796
-1.66857 -0.874694
-1.6898 -0.886939
-1.63429 -0.84898
-1.6449 -0.846531
-1.66531 -0.845714
-1.63265 -0.814286
-1.67265 -0.842041
-1.70694 -0.898367
-1.65143 -0.874694
-1.66204 -0.854694
-1.66122 -0.854286
-1.67837 -0.877959
-1.65061 -0.864082
-1.70041 -0.897143
-1.67592 -0.883265
-1.72898 -0.909796
-1.68898 -0.88449
-1.66857 -0.865714
-1.6498 -0.866939
-1.71918 -0.900408
-1.68816 -0.886939
-1.72 -0.905306
-1.7151 -0.897143
-1.68898 -0.878776
-1.70041 -0.893061
-1.67592 -0.886939
-1.66939 -0.872653
-1.68735 -0.872245
-1.73633 -0.90898
-1.67918 -0.882449
-1.67918 -0.877959
-1.73551 -0.910204
-1.71429 -0.901224
-1.71755 -0.901633
-1.72082 -0.897551
-1.63837 -0.845714
-1.6498 -0.846531
-1.62694 -0.858367
-1.72 -0.901224
-1.67673 -0.881224
-1.68163 -0.882857
-1.6751 -0.885714
-1.6849 -0.879184
-1.65796 -0.870204
-1.60653 -0.831429
-1.61714 -0.842449
-1.67102 -0.88449
-1.68 -0.88449
-1.63184 -0.842041
-1.64898 -0.858776
-1.64327 -0.865714
-1.62694 -0.86
-1.65878 -0.871429
-1.60816 -0.833469
-1.63592 -0.84898
-1.69796 -0.896327
-1.73469 -0.908163
-1.68571 -0.893469
-1.68 -0.88449
-1.67429 -0.876735
-1.67102 -0.874286
-1.66694 -0.869388
-1.73796 -0.910204
-1.6898 -0.893061
-1.71102 -0.901633
-1.68735 -0.899184
-1.70776 -0.887347
-1.70612 -0.874286
-1.70694 -0.894286
-1.66449 -0.867347
-1.68816 -0.875918
-1.68327 -0.874286
-1.70449 -0.886939
-1.68082 -0.875918
-1.66776 -0.890204
-1.74286 -0.915102
-1.69061 -0.877551
-1.6702 -0.88
-1.66286 -0.879184
-1.67673 -0.888571
-1.69224 -0.879592
-1.71918 -0.901633
-1.68245 -0.868163
-1.66776 -0.883673
-1.6898 -0.896735
-1.6702 -0.86898
-1.6898 -0.875102
-1.71918 -0.895102
-1.63592 -0.868163
-1.66939 -0.875918
-1.71673 -0.902857
-1.67347 -0.871429
-1.67837 -0.877551
-1.70122 -0.890204
-1.74122 -0.917959
-1.68082 -0.886531
-1.65551 -0.886939
-1.65143 -0.875102
-1.68163 -0.892245
-1.65306 -0.878367
-1.70041 -0.897143
-1.70286 -0.889796
-1.65388 -0.86898
-1.7151 -0.898367
-1.66449 -0.868163
-1.60082 -0.830204
-1.62939 -0.834694
-1.69143 -0.865714
-1.66041 -0.864082
-1.65796 -0.869796
-1.70367 -0.884898
-1.68653 -0.88
-1.69959 -0.889388
-1.67265 -0.88449
-1.65796 -0.857959
-1.69796 -0.893469
-1.69224 -0.891837
-1.65878 -0.873878
-1.67837 -0.876735
-1.63102 -0.859592
-1.70694 -0.899592
-1.69469 -0.893878
-1.69224 -0.897959
-1.65061 -0.865306
-1.69714 -0.89102
-1.64653 -0.869388
-1.65469 -0.869388
-1.68735 -0.886122
-1.70286 -0.891429
-1.65551 -0.877143
-1.71102 -0.895918
-1.71184 -0.895102
-1.63755 -0.876327
-1.71837 -0.899184
-1.67755 -0.886939
-1.69633 -0.886531
-1.69959 -0.884082
-1.68082 -0.873878
-1.68245 -0.883673
-1.69469 -0.883265
-1.69388 -0.891837
-1.68 -0.895102
-1.70367 -0.895918
-1.65388 -0.878367
-1.62204 -0.851837
-1.69796 -0.891837
-1.64735 -0.86
-1.67592 -0.875102
-1.66041 -0.864898
-1.63184 -0.857551
-1.67837 -0.873878
-1.69469 -0.880816
-1.73061 -0.90449
-1.65878 -0.879592
-1.6351 -0.862041
-1.68735 -0.884082
-1.68408 -0.884082
-1.66694 -0.87551
-1.6849 -0.880816
-1.62531 -0.848163
-1.66122 -0.854286
-1.60408 -0.831429
-1.64735 -0.868163
-1.67347 -0.878776
-1.68816 -0.884898
-1.67673 -0.874694
-1.67265 -0.872245
-1.6849 -0.878776
-1.70204 -0.888163
-1.72163 -0.898367
-1.6702 -0.875918
-1.67755 -0.884898
-1.70857 -0.894694
-1.69469 -0.87551
-1.69143 -0.884898
-1.67918 -0.888163
-1.71347 -0.890612
-1.65224 -0.86
-1.6498 -0.873878
-1.69714 -0.888571
-1.66041 -0.882041
-1.68898 -0.897959
-1.70694 -0.890612
-1.71184 -0.895102
-1.68082 -0.883265
-1.63429 -0.86449
-1.68 -0.884082
-1.64245 -0.858367
-1.72653 -0.890612
-1.66857 -0.872653
-1.66449 -0.871837
-1.68 -0.876327
-1.68 -0.885714
-1.73388 -0.892653
-1.69061 -0.892245
-1.68 -0.873061
-1.69306 -0.882041
-1.71918 -0.902041
-1.66857 -0.874286
-1.68245 -0.886531
-1.70857 -0.898776
-1.71265 -0.898776
-1.64653 -0.869388
-1.70122 -0.901633
-1.68327 -0.877551
-1.70694 -0.88449
-1.69469 -0.89102
-1.71347 -0.894286
-1.63592 -0.860816
-1.60735 -0.846939
-1.68327 -0.88898
-1.68082 -0.88449
-1.68327 -0.886939
-1.67837 -0.872245
-1.65551 -0.848571
-1.65633 -0.825714
-1.65143 -0.841633
-1.65306 -0.834286
-1.64408 -0.826531
-1.66367 -0.852245
-1.65469 -0.869388
-1.69714 -0.891837
-1.64163 -0.873878
-1.70122 -0.897143
-1.6751 -0.87551
-1.70122 -0.882041
-1.66204 -0.873469
-1.65061 -0.874286
-1.68 -0.888163
-1.76327 -0.919592
-1.67918 -0.879184
-1.65143 -0.884082
-1.68735 -0.878367
-1.6849 -0.883265
-1.62776 -0.858367
-1.67837 -0.884898
-1.67102 -0.881224
-1.66612 -0.866939
-1.67918 -0.868571
-1.72408 -0.907755
-1.63184 -0.871837
-1.65306 -0.860408
-1.65061 -0.84898
-1.68816 -0.88
-1.66122 -0.88
-1.66122 -0.866939
-1.70531 -0.877959
-1.68327 -0.877551
-1.73143 -0.905306
-1.67837 -0.881224
-1.6898 -0.882041
-1.66694 -0.864082
-1.65714 -0.864898
-1.68816 -0.87551
-1.64735 -0.861633
-1.68 -0.887755
-1.66939 -0.881633
-1.70204 -0.89551
-1.7102 -0.889796
-1.67347 -0.878367
-1.65959 -0.870204
-1.65633 -0.867347
-1.61878 -0.843673
-1.71265 -0.9
-1.65306 -0.869796
-1.67184 -0.88449
-1.66449 -0.865714
-1.68653 -0.887755
-1.73143 -0.905714
-1.73306 -0.906939
-1.67265 -0.876735
-1.68653 -0.888163
-1.69959 -0.886939
-1.67429 -0.888163
-1.68082 -0.88
-1.65551 -0.868571
-1.66449 -0.883265
-1.69633 -0.888571
-1.66776 -0.883265
-1.66204 -0.87102
-1.66286 -0.868163
-1.63673 -0.85551
-1.71755 -0.893469
-1.76 -0.919184
-1.65551 -0.86449
-1.65388 -0.87551
-1.68245 -0.865714
-1.73306 -0.910204
-1.70939 -0.905306
-1.70694 -0.894694
-1.70531 -0.891429
-1.66776 -0.87102
-1.70122 -0.900408
-1.61306 -0.850204
-1.64408 -0.86898
-1.64327 -0.843673
-1.63918 -0.835102
-1.59184 -0.812245
-1.65878 -0.858367
-1.6702 -0.874286
-1.73878 -0.906531
-1.66939 -0.882041
-1.68163 -0.88449
-1.69388 -0.882041
-1.73714 -0.906122
-1.67755 -0.877551
-1.6751 -0.891837
-1.66286 -0.873061
-1.69061 -0.873469
-1.72 -0.89551
-1.68653 -0.893878
-1.64082 -0.869388
-1.71429 -0.902449
-1.65714 -0.862041
-1.70204 -0.883265
-1.66367 -0.87551
-1.70449 -0.89551
-1.70041 -0.899592
-1.65224 -0.87102
-1.66367 -0.881224
-1.68082 -0.883673
-1.68082 -0.877959
-1.70122 -0.894694
-1.74286 -0.902857
-1.70776 -0.891429
-1.70204 -0.888571
-1.66857 -0.869388
-1.66531 -0.874286
-1.66286 -0.877143
-1.62449 -0.853469
-1.66694 -0.877551
-1.68653 -0.88449
-1.64571 -0.862041
-1.62286 -0.856327
-1.65388 -0.86898
-1.61388 -0.854286
-1.69796 -0.874694
-1.66286 -0.86449
-1.72082 -0.902449
-1.68816 -0.890204
-1.70612 -0.895918
-1.63347 -0.869796
-1.68082 -0.887755
-1.6849 -0.884898
-1.66041 -0.877143
-1.69061 -0.886122
-1.67918 -0.873061
-1.66857 -0.86449
-1.63673 -0.856735
-1.66939 -0.842041
-1.64571 -0.835918
-1.65796 -0.852245
-1.67673 -0.869796
-1.71755 -0.904082
-1.68327 -0.887347
-1.7249 -0.913061
-1.71265 -0.900816
-1.70367 -0.888571
-1.68327 -0.894694
-1.67102 -0.884082
-1.68653 -0.893878
-1.68245 -0.883265
-1.70612 -0.886122
-1.68408 -0.87551
-1.68653 -0.871429
-1.67102 -0.862857
-1.70531 -0.886531
-1.68245 -0.886531
-1.69959 -0.888163
-1.69469 -0.889388
-1.69224 -0.885306
-1.65388 -0.863673
-1.66122 -0.851837
-1.66449 -0.858776
-1.63429 -0.849388
-1.62694 -0.842041
-1.69143 -0.877959
-1.68816 -0.879592
-1.6751 -0.876327
-1.66694 -0.869796
-1.66449 -0.88
-1.65143 -0.859592
-1.6498 -0.857959
-1.60408 -0.84
-1.63429 -0.852653
-1.68571 -0.879592
-1.69388 -0.866122
-1.70367 -0.886122
-1.70694 -0.893469
-1.66612 -0.857551
-1.7151 -0.901633
-1.70612 -0.898776
-1.71918 -0.904898
-1.67837 -0.866531
-1.72898 -0.90449
-1.70612 -0.884082
-1.68327 -0.891837
-1.7298 -0.903265
-1.72245 -0.906531
-1.70041 -0.895102
-1.65633 -0.869796
-1.68408 -0.868163
-1.64327 -0.854694
-1.65469 -0.855918
-1.64898 -0.853061
-1.67347 -0.881224
-1.67429 -0.870612
-1.66041 -0.865306
-1.67918 -0.882041
-1.6702 -0.882041
-1.65878 -0.881633
-1.71837 -0.896327
-1.69796 -0.896735
-1.6849 -0.88898
-1.72163 -0.889796
-1.65878 -0.866122
-1.65388 -0.862857
-1.65796 -0.853878
-1.65224 -0.844082
-1.61796 -0.822041
-1.65878 -0.839184
-1.65551 -0.845714
-1.66612 -0.865714
-1.69469 -0.866122
-1.68898 -0.888163
-1.67265 -0.872653
-1.68735 -0.882449
-1.67673 -0.87551
-1.69388 -0.890612
-1.66531 -0.862041
-1.66612 -0.861224
-1.69061 -0.890612
-1.66939 -0.86898
-1.69469 -0.885306
-1.72408 -0.889388
-1.66204 -0.852245
-1.64571 -0.845714
-1.62776 -0.855918
-1.67429 -0.878776
-1.66857 -0.876735
-1.68898 -0.874694
-1.70449 -0.899592
-1.71837 -0.897143
-1.68408 -0.885306
-1.67102 -0.871429
-1.6898 -0.862041
-1.67184 -0.865714
-1.66612 -0.86449
-1.68408 -0.887755
-1.66449 -0.881224
-1.65878 -0.880816
-1.72245 -0.908571
-1.73959 -0.912653
-1.73714 -0.906122
-1.72245 -0.904898
-1.64735 -0.882449
-1.70367 -0.895102
-1.68816 -0.897143
-1.73878 -0.911837
-1.65796 -0.876735
-1.69714 -0.902041
-1.67837 -0.883265
-1.66857 -0.87102
-1.69796 -0.881633
-1.67755 -0.87102
-1.65551 -0.870612
-1.63592 -0.855102
-1.62776 -0.862857
-1.64735 -0.865714
-1.68735 -0.87102
-1.72163 -0.895918
-1.70857 -0.889796
-1.69388 -0.886531
-1.6702 -0.86449
-1.70204 -0.897959
-1.69878 -0.892653
-1.67184 -0.878367
-1.6498 -0.869796
-1.63673 -0.859592
-1.69551 -0.897959
-1.69469 -0.880816
-1.66449 -0.865306
-1.62531 -0.850204
-1.65469 -0.868163
-1.68327 -0.881224
-1.70449 -0.892245
-1.75673 -0.922041
-1.62939 -0.871837
-1.71102 -0.891837
-1.63429 -0.864082
-1.66857 -0.878367
-1.66041 -0.870204
-1.72571 -0.913469
-1.69306 -0.885306
-1.67755 -0.88898
-1.65469 -0.86898
-1.70857 -0.886122
-1.72327 -0.900408
-1.73143 -0.908571
-1.71184 -0.899592
-1.73469 -0.911429
-1.6898 -0.88449
-1.69633 -0.880408
-1.66449 -0.875102
-1.69469 -0.875918
-1.68898 -0.889388
-1.68082 -0.877959
-1.70367 -0.88898
-1.71673 -0.901633
-1.69306 -0.883265
-1.67265 -0.873469
-1.65306 -0.862041
-1.64245 -0.858776
-1.62939 -0.832245
-1.64898 -0.854286
-1.64571 -0.863673
-1.67184 -0.867347
-1.71102 -0.881633
-1.71102 -0.900816
-1.64898 -0.858367
-1.65306 -0.87102
-1.70286 -0.888163
-1.68082 -0.889796
-1.68408 -0.889388
-1.71592 -0.907347
-1.74041 -0.911837
-1.73714 -0.906939
-1.66041 -0.871429
-1.67265 -0.88898
-1.68898 -0.893469
-1.67673 -0.866122
-1.66612 -0.876327
-1.70612 -0.881633
-1.66122 -0.878776
-1.59755 -0.837551
-1.63102 -0.856327
-1.66286 -0.860408
-1.66531 -0.874286
-1.66531 -0.877959
-1.72327 -0.905714
-1.67673 -0.86898
-1.68163 -0.88
-1.67184 -0.87551
-1.64898 -0.880408
-1.68082 -0.893469
-1.66449 -0.879184
-1.65388 -0.870612
-1.68408 -0.88449
-1.68898 -0.89102
-1.69878 -0.89102
-1.69061 -0.895102
-1.69878 -0.888163
-1.69714 -0.887755
-1.72653 -0.90449
-1.70286 -0.892245
-1.72 -0.903673
-1.66204 -0.882857
-1.65796 -0.872245
-1.70776 -0.895918
-1.68571 -0.889796
-1.69878 -0.884898
-1.66612 -0.880408
-1.69388 -0.892653
-1.68245 -0.882857
-1.66612 -0.877551
-1.6702 -0.870204
-1.67184 -0.869388
-1.66776 -0.852653
-1.65633 -0.854286
-1.58776 -0.812245
-1.62939 -0.818367
-1.61633 -0.793878
-1.65469 -0.832245
-1.66939 -0.82449
-1.70449 -0.847755
-1.67673 -0.840816
-1.6351 -0.815918
-1.69143 -0.851429
-1.66612 -0.854286
-1.69633 -0.864898
-1.63592 -0.863265
-1.62939 -0.850612
-1.64898 -0.869796
-1.66122 -0.877959
-1.67102 -0.875102
-1.69551 -0.882449
-1.66857 -0.863265
-1.65306 -0.866122
-1.6498 -0.865714
-1.69224 -0.892245
-1.70531 -0.896735
-1.71837 -0.901633
-1.69714 -0.891837
-1.66939 -0.86
-1.7502 -0.913061
-1.74041 -0.921224
-1.70122 -0.890612
-1.70776 -0.882857
-1.67755 -0.88449
-1.66857 -0.875102
-1.70367 -0.902857
-1.62694 -0.854286
-1.65633 -0.871429
-1.66694 -0.891429
-1.75102 -0.918367
-1.70204 -0.897551
-1.66776 -0.876735
-1.64816 -0.85551
-1.65143 -0.855918
-1.6702 -0.85551
-1.64163 -0.844898
-1.68 -0.881633
-1.68245 -0.864082
-1.68 -0.877143
-1.69469 -0.899184
-1.70531 -0.88449
-1.67673 -0.879184
-1.65469 -0.853878
-1.69306 -0.875918
-1.63918 -0.849796
-1.63265 -0.836735
-1.63102 -0.848571
-1.68 -0.854286
-1.69143 -0.884898
-1.67102 -0.881224
-1.64245 -0.852653
-1.67184 -0.865714
-1.68653 -0.86449
-1.72898 -0.86449
-1.64735 -0.839592
-1.65061 -0.832653
-1.66286 -0.853469
-1.62204 -0.829796
-1.66776 -0.839592
-1.60082 -0.82449
-1.65959 -0.866939
-1.65878 -0.86898
-1.65061 -0.874694
-1.70204 -0.892653
-1.70122 -0.889388
-1.73388 -0.911837
-1.7102 -0.893061
-1.64082 -0.86
-1.67918 -0.873878
-1.65469 -0.856327
-1.67918 -0.875918
-1.68082 -0.872653
-1.61224 -0.833878
-1.61143 -0.824898
-1.6449 -0.861633
-1.69551 -0.889796
-1.71265 -0.900408
-1.67837 -0.895102
-1.64571 -0.858367
-1.65551 -0.87102
-1.65224 -0.872653
-1.6849 -0.878776
-1.63837 -0.864898
-1.66122 -0.866531
-1.67347 -0.867755
-1.67673 -0.85551
-1.63755 -0.852653
-1.69469 -0.888163
-1.67755 -0.882449
-1.65061 -0.870204
-1.66531 -0.873878
-1.64082 -0.861633
-1.69551 -0.882449
-1.68571 -0.882449
-1.66367 -0.872245
-1.66694 -0.868163
-1.66041 -0.863265
-1.63837 -0.863673
-1.63837 -0.867755
-1.69143 -0.886939
-1.70857 -0.893469
-1.69143 -0.88898
-1.67592 -0.875102
-1.69714 -0.893878
-1.70612 -0.896735
-1.71673 -0.900408
-1.65633 -0.873469
-1.65878 -0.873061
-1.6498 -0.867347
-1.70122 -0.888571
-1.64571 -0.862041
-1.66449 -0.867755
-1.69306 -0.882857
-1.7249 -0.896735
-1.66122 -0.874694
-1.66694 -0.882449
-1.70367 -0.893878
-1.7249 -0.899592
-1.70204 -0.879184
-1.71837 -0.899592
-1.62449 -0.862857
-1.67755 -0.866531
-1.64408 -0.856735
-1.66776 -0.880816
-1.69714 -0.874694
-1.66531 -0.876327
-1.6849 -0.868163
-1.69388 -0.863265
-1.66612 -0.862041
-1.6351 -0.852653
-1.64408 -0.865714
-1.72245 -0.9
-1.68082 -0.886939
-1.67102 -0.881633
-1.70122 -0.893061
-1.70449 -0.902041
-1.72327 -0.906939
-1.66204 -0.877143
-1.69959 -0.887347
-1.70939 -0.898776
-1.7249 -0.905306
-1.68245 -0.883265
-1.69469 -0.890204
-1.74857 -0.911429
-1.69714 -0.868571
-1.69633 -0.871429
-1.64408 -0.861224
-1.66531 -0.88
-1.72 -0.907755
-1.6898 -0.889388
-1.70531 -0.897143
-1.74204 -0.917959
-1.69143 -0.894694
-1.71429 -0.900816
-1.67102 -0.874286
-1.70122 -0.900816
-1.68245 -0.883673
-1.67265 -0.863673
-1.64245 -0.857143
-1.63837 -0.857959
-1.65796 -0.866939
-1.61551 -0.842857
-1.69224 -0.868571
-1.70041 -0.87102
-1.67102 -0.84898
-1.64245 -0.845306
-1.62286 -0.832653
-1.68571 -0.873469
-1.64571 -0.870612
-1.68408 -0.873878
-1.69061 -0.862041
-1.69714 -0.882857
-1.63918 -0.859184
-1.70531 -0.885306
-1.70612 -0.898367
-1.68 -0.881224
-1.70694 -0.888163
-1.6449 -0.87551
-1.67429 -0.874694
-1.69714 -0.880408
-1.72082 -0.9
-1.69714 -0.882857
-1.63918 -0.85551
-1.7102 -0.897143
-1.69143 -0.893878
-1.65388 -0.873061
-1.67755 -0.885714
-1.71837 -0.895102
-1.68571 -0.887755
-1.65714 -0.865306
-1.67755 -0.888571
-1.6849 -0.887347
-1.71592 -0.892653
-1.69714 -0.886122
-1.70449 -0.891837
-1.74204 -0.911429
-1.68408 -0.887347
-1.69224 -0.893061
-1.64653 -0.867347
-1.66041 -0.842857
-1.69061 -0.885306
-1.68898 -0.890612
-1.68245 -0.882857
-1.6702 -0.880816
-1.67673 -0.864898
-1.63837 -0.861633
-1.63673 -0.842857
-1.66776 -0.846939
-1.60816 -0.82449
-1.62367 -0.825306
-1.64571 -0.849388
-1.68163 -0.868163
-1.68816 -0.874694
-1.65061 -0.855918
-1.64653 -0.871837
-1.67837 -0.89102
-1.63837 -0.853061
-1.68571 -0.886939
-1.68816 -0.891429
-1.72735 -0.913061
-1.68082 -0.878776
-1.6751 -0.88
-1.66612 -0.868163
-1.70449 -0.893878
-1.70041 -0.88449
-1.6449 -0.859592
-1.72163 -0.880816
-1.65959 -0.869796
-1.65878 -0.85102
-1.70612 -0.894694
-1.67429 -0.873061
-1.68 -0.885306
-1.69306 -0.882449
-1.71102 -0.897551
-1.70286 -0.888163
-1.67592 -0.879592
-1.68245 -0.878367
-1.6849 -0.861633
-1.6449 -0.851837
-1.66776 -0.853469
-1.6898 -0.874286
-1.67918 -0.886531
-1.70367 -0.898367
-1.69633 -0.886939
-1.68082 -0.88449
-1.69714 -0.882449
-1.66694 -0.877143
-1.69959 -0.88898
-1.6751 -0.888571
-1.66531 -0.886122
-1.64898 -0.873469
-1.69469 -0.883265
-1.67184 -0.88898
-1.69878 -0.882857
-1.71673 -0.904082
-1.66776 -0.890612
-1.68735 -0.878776
-1.6849 -0.874286
-1.66204 -0.874694
-1.65061 -0.862857
-1.67837 -0.874694
-1.64653 -0.856327
-1.64245 -0.855102
-1.68571 -0.88898
-1.65633 -0.877143
-1.68571 -0.888163
-1.68735 -0.883265
-1.67347 -0.877143
-1.65306 -0.871837
-1.70204 -0.890204
-1.67184 -0.885306
-1.71347 -0.898776
-1.71265 -0.90898
-1.67673 -0.881224
-1.66286 -0.884082
-1.70939 -0.902041
-1.74367 -0.912245
-1.65469 -0.882449
-1.70612 -0.893061
-1.65959 -0.858367
-1.71347 -0.886939
-1.70694 -0.893878
-1.68571 -0.878367
-1.66776 -0.878367
-1.69633 -0.882041
-1.66939 -0.872245
-1.66694 -0.860408
-1.72653 -0.907755
-1.69796 -0.883265
-1.71265 -0.897143
-1.62776 -0.865306
-1.70041 -0.883265
-1.63918 -0.862857
-1.67592 -0.878367
-1.68898 -0.884898
-1.68898 -0.884898
-1.64898 -0.870612
-1.66449 -0.878367
-1.67755 -0.876735
-1.66286 -0.882857
-1.68653 -0.885306
-1.68816 -0.893878
-1.6751 -0.883673
-1.68653 -0.894694
-1.68408 -0.882857
-1.67347 -0.877551
-1.6898 -0.880816
-1.67347 -0.871429
-1.66041 -0.859592
-1.71184 -0.9
-1.6702 -0.872245
-1.68653 -0.889388
-1.69469 -0.89102
-1.71265 -0.889796
-1.66367 -0.870612
-1.70694 -0.887347
-1.68735 -0.878776
-1.63265 -0.863673
-1.71102 -0.897551
-1.73224 -0.912245
-1.68082 -0.884082
-1.71184 -0.9
-1.64816 -0.857143
-1.63265 -0.857959
-1.65878 -0.87551
-1.68653 -0.879592
-1.66204 -0.867755
-1.65796 -0.864082
-1.65469 -0.867347
-1.67837 -0.881633
-1.69388 -0.897143
-1.69306 -0.891837
-1.64653 -0.864082
-1.7249 -0.890204
-1.63837 -0.861224
-1.68245 -0.878367
-1.69714 -0.886122
-1.71673 -0.897551
-1.71592 -0.903265
-1.65551 -0.86449
-1.68082 -0.873878
-1.74939 -0.897143
-1.68408 -0.889388
-1.68 -0.879592
-1.64898 -0.867347
-1.70122 -0.887347
-1.68653 -0.878776
-1.69224 -0.89102
-1.68082 -0.886122
-1.68735 -0.885714
-1.66449 -0.882449
-1.67673 -0.882449
-1.66286 -0.879592
-1.70531 -0.892653
-1.69143 -0.893878
-1.63837 -0.865306
-1.68408 -0.882857
-1.65796 -0.875102
-1.70776 -0.900816
-1.68245 -0.882041
-1.70449 -0.889388
-1.67592 -0.877959
-1.66204 -0.886122
-1.67102 -0.881224
-1.68653 -0.893469
-1.63755 -0.852245
-1.71184 -0.882041
-1.71673 -0.897959
-1.66694 -0.888163
-1.68408 -0.886122
-1.68327 -0.888571
-1.70122 -0.887755
-1.68571 -0.880408
-1.64898 -0.864082
-1.66776 -0.874694
-1.66122 -0.875918
-1.73633 -0.911837
-1.67429 -0.877551
-1.64 -0.855102
-1.68571 -0.857959
-1.65224 -0.86
-1.65143 -0.860816
-1.6702 -0.873878
-1.68163 -0.876327
-1.68245 -0.888163
-1.66122 -0.861224
-1.66041 -0.870204
-1.63755 -0.852245
-1.67429 -0.882449
-1.67184 -0.883673
-1.68082 -0.885714
-1.68327 -0.887755
-1.67265 -0.867347
-1.71918 -0.898776
-1.66694 -0.871429
-1.64082 -0.865306
-1.67265 -0.877551
-1.6849 -0.885714
-1.65388 -0.864898
-1.70531 -0.875102
-1.67265 -0.858776
-1.66776 -0.865714
-1.65469 -0.871429
-1.6849 -0.882449
-1.68653 -0.87551
-1.66204 -0.863265
-1.65469 -0.862857
-1.68163 -0.882857
-1.64571 -0.857551
-1.69633 -0.890612
-1.69878 -0.889796
-1.62367 -0.84
-1.68245 -0.876735
-1.66286 -0.873469
-1.66531 -0.862041
-1.67918 -0.883673
-1.68898 -0.885306
-1.7102 -0.894694
-1.67918 -0.877551
-1.70857 -0.896327
-1.72735 -0.897551
-1.69224 -0.889388
-1.68245 -0.881633
-1.70449 -0.895102
-1.62776 -0.851429
-1.62449 -0.843265
-1.70776 -0.89102
-1.71184 -0.892245
-1.68898 -0.88
-1.72245 -0.881633
-1.68898 -0.852245
-1.66694 -0.845306
-1.68898 -0.848571
-1.63673 -0.829796
-1.71265 -0.865714
-1.6449 -0.842857
-1.66612 -0.857143
-1.66286 -0.873878
-1.66531 -0.876735
-1.66367 -0.856327
-1.6849 -0.858367
-1.65061 -0.845306
-1.72408 -0.889796
-1.64408 -0.85102
-1.66776 -0.865714
-1.65796 -0.857143
-1.6449 -0.85102
-1.64 -0.823673
-1.65551 -0.837143
-1.67429 -0.86
-1.70122 -0.875918
-1.66367 -0.882449
-1.66694 -0.872245
-1.66204 -0.866122
-1.7151 -0.902041
-1.69469 -0.884082
-1.6849 -0.886939
-1.66531 -0.877143
-1.69469 -0.901224
-1.71184 -0.9
-1.69633 -0.889796
-1.73306 -0.904898
-1.69388 -0.897143
-1.70204 -0.895102
-1.69388 -0.850612
-1.63347 -0.851429
-1.68082 -0.867347
-1.61878 -0.85102
-1.65551 -0.866939
-1.66122 -0.875918
-1.71592 -0.895102
-1.6898 -0.891429
-1.68 -0.884898
-1.73388 -0.899184
-1.66204 -0.882041
-1.6702 -0.884082
-1.66939 -0.873469
-1.71184 -0.888163
-1.66939 -0.887347
-1.69878 -0.878367
-1.64327 -0.860816
-1.67837 -0.882449
-1.67429 -0.881224
-1.68735 -0.893061
-1.69551 -0.881633
-1.70776 -0.893878
-1.6898 -0.892245
-1.66286 -0.866122
-1.64327 -0.855918
-1.67429 -0.881224
-1.69633 -0.875102
-1.65306 -0.873469
-1.69469 -0.886531
-1.71918 -0.894694
-1.71184 -0.902449
-1.67673 -0.893469
-1.70122 -0.895918
-1.69143 -0.891837
-1.70367 -0.892245
-1.69306 -0.886939
-1.66531 -0.877551
-1.66367 -0.867347
-1.66531 -0.859184
-1.67673 -0.871837
-1.73143 -0.907347
-1.71429 -0.9
-1.66939 -0.858367
-1.63429 -0.854694
-1.68163 -0.886939
-1.65633 -0.870204
-1.65633 -0.877143
-1.70612 -0.892653
-1.69551 -0.891837
-1.72082 -0.891837
-1.66041 -0.88
-1.69143 -0.883265
-1.62204 -0.84449
-1.69469 -0.877143
-1.65551 -0.87551
-1.69714 -0.889388
-1.65551 -0.860408
-1.63429 -0.856327
-1.71918 -0.908163
-1.66694 -0.883265
-1.69796 -0.893878
-1.67837 -0.88
-1.71755 -0.89551
-1.68327 -0.89102
-1.65469 -0.871429
-1.65551 -0.86898
-1.64898 -0.866531
-1.69388 -0.895102
-1.70041 -0.896735
-1.69388 -0.886531
-1.73469 -0.899592
-1.67265 -0.866531
-1.66694 -0.876735
-1.63265 -0.861224
-1.69306 -0.885714
-1.66367 -0.872245
-1.61388 -0.85102
-1.64163 -0.853469
-1.65224 -0.851429
-1.64 -0.851837
-1.71755 -0.894694
-1.69306 -0.887755
-1.64082 -0.852245
-1.65959 -0.861633
-1.72082 -0.883265
-1.69878 -0.88449
-1.63592 -0.868571
-1.70531 -0.891429
-1.73224 -0.913061
-1.68571 -0.885306
-1.70776 -0.894286
-1.68408 -0.889796
-1.70041 -0.901224
-1.69551 -0.886939
-1.68735 -0.889388
-1.67347 -0.883265
-1.6351 -0.857143
-1.61878 -0.845306
-1.66612 -0.870204
-1.67592 -0.872653
-1.65551 -0.872653
-1.66776 -0.864082
-1.70041 -0.880408
-1.68898 -0.874286
-1.68082 -0.859592
-1.69143 -0.857959
-1.62694 -0.814286
-1.64163 -0.832245
-1.65224 -0.835102
-1.65224 -0.845306
-1.6751 -0.874286
-1.61796 -0.834286
-1.61959 -0.829388
-1.62776 -0.867755
-1.6702 -0.883673
-1.63102 -0.869796
-1.66939 -0.880816
-1.66531 -0.856327
-1.69388 -0.886939
-1.75429 -0.911429
-1.67592 -0.873878
-1.72245 -0.891837
-1.69878 -0.894694
-1.70939 -0.893061
-1.69306 -0.893469
-1.72327 -0.89551
-1.67429 -0.875918
-1.66776 -0.862449
-1.64653 -0.855102
-1.65714 -0.862449
-1.66204 -0.877143
-1.70694 -0.89102
-1.73469 -0.895918
-1.64898 -0.862857
-1.6898 -0.877959
-1.66612 -0.864082
-1.67265 -0.874694
-1.66939 -0.884898
-1.67837 -0.872245
-1.69959 -0.896327
-1.70041 -0.896327
-1.69143 -0.889388
-1.67918 -0.885306
-1.70286 -0.903265
-1.64 -0.867755
-1.68571 -0.893878
-1.66286 -0.875102
-1.66531 -0.86898
-1.69306 -0.887755
-1.6702 -0.875918
-1.67429 -0.884898
-1.6849 -0.882449
-1.67837 -0.885714
-1.7298 -0.901633
-1.71429 -0.899184
-1.69878 -0.893061
-1.70776 -0.893061
-1.71184 -0.9
-1.69633 -0.893878
-1.71265 -0.902449
-1.7102 -0.905714
-1.65143 -0.86
-1.69714 -0.884898
-1.66857 -0.885714
-1.67592 -0.884898
-1.65143 -0.865306
-1.70041 -0.890612
-1.69306 -0.884898
-1.65469 -0.854286
-1.71837 -0.893061
-1.67755 -0.88449
-1.66776 -0.877959
-1.73633 -0.909796
-1.6898 -0.902857
-1.69633 -0.897551
-1.69551 -0.887755
-1.64735 -0.869388
-1.64082 -0.862041
-1.67102 -0.872245
-1.68898 -0.890612
-1.72 -0.912653
-1.6898 -0.893878
-1.74939 -0.915918
-1.70939 -0.904082
-1.70694 -0.899184
-1.69469 -0.885306
-1.6751 -0.881633
-1.67755 -0.885714
-1.69388 -0.896327
-1.66041 -0.875918
-1.68735 -0.888571
-1.66694 -0.873469
-1.70449 -0.893878
-1.66286 -0.87551
-1.69633 -0.89551
-1.67755 -0.888163
-1.69878 -0.883673
-1.65959 -0.875102
-1.67673 -0.885306
-1.67592 -0.886939
-1.65878 -0.871837
-1.66776 -0.880816
-1.69714 -0.886939
-1.65796 -0.862449
-1.65224 -0.859592
-1.68 -0.870612
-1.67837 -0.887347
-1.6849 -0.881633
-1.71429 -0.903673
-1.74286 -0.914286
-1.69714 -0.886122
-1.70857 -0.895102
-1.69714 -0.886939
-1.69224 -0.884898
-1.71102 -0.897143
-1.69061 -0.887347
-1.70857 -0.897143
-1.72571 -0.901224
-1.64735 -0.874286
-1.62857 -0.853469
-1.65796 -0.859592
-1.6702 -0.882041
-1.66449 -0.861633
-1.65714 -0.868163
-1.67102 -0.873061
-1.69959 -0.868163
-1.64245 -0.860816
-1.68 -0.877959
-1.64327 -0.87102
-1.75429 -0.921224
-1.63184 -0.873878
-1.71102 -0.892245
-1.65469 -0.869796
-1.67755 -0.881224
-1.68735 -0.882857
-1.6898 -0.885714
-1.68898 -0.883673
-1.69469 -0.894286
-1.66776 -0.885306
-1.70449 -0.894286
-1.68816 -0.887755
-1.6751 -0.888571
-1.68408 -0.877959
-1.66694 -0.87551
-1.66286 -0.877143
-1.69551 -0.868163
-1.65878 -0.869388
-1.67347 -0.871837
-1.67265 -0.881224
-1.69143 -0.893469
-1.72816 -0.909388
-1.69224 -0.891837
-1.66286 -0.873878
-1.69143 -0.890612
-1.70939 -0.884898
-1.64653 -0.846939
-1.67265 -0.87551
-1.66939 -0.864082
-1.69143 -0.882857
-1.67673 -0.881224
-1.68082 -0.888163
-1.64735 -0.872245
-1.7298 -0.906122
-1.67265 -0.886122
-1.66694 -0.87551
-1.69224 -0.887347
-1.6898 -0.890612
-1.68898 -0.895102
-1.66449 -0.870612
-1.67592 -0.880816
-1.71184 -0.898367
-1.67429 -0.884082
-1.65224 -0.871429
-1.7151 -0.890612
-1.71184 -0.898367
-1.6751 -0.885306
-1.66122 -0.873878
-1.66612 -0.882041
-1.6751 -0.866939
-1.61224 -0.855918
-1.65551 -0.873878
-1.69551 -0.9
-1.68327 -0.886122
-1.64735 -0.870204
-1.67184 -0.880816
-1.71429 -0.90449
-1.71592 -0.905714
-1.65388 -0.874694
-1.67837 -0.875102
-1.66939 -0.88
-1.6449 -0.855918
-1.68163 -0.893061
-1.70122 -0.890612
-1.69959 -0.894694
-1.66041 -0.876735
-1.66694 -0.868163
-1.72245 -0.903673
-1.73878 -0.904082
-1.69714 -0.899592
-1.64898 -0.87102
-1.68082 -0.888571
-1.66612 -0.871429
-1.68163 -0.878367
-1.69143 -0.886939
-1.66367 -0.876735
-1.6498 -0.862041
-1.69633 -0.898776
-1.64408 -0.870204
-1.60898 -0.842449
-1.6751 -0.870612
-1.70694 -0.893061
-1.70939 -0.889388
-1.72082 -0.903673
-1.68245 -0.89551
-1.69633 -0.894286
-1.70204 -0.892653
-1.65306 -0.867755
-1.66939 -0.871837
-1.6849 -0.889796
-1.68408 -0.891429
-1.6751 -0.882857
-1.71918 -0.909796
-1.68816 -0.881633
-1.68408 -0.88898
-1.71592 -0.908163
-1.73143 -0.908163
-1.65714 -0.868571
-1.6498 -0.856735
-1.69388 -0.886939
-1.73224 -0.902857
-1.6498 -0.866939
-1.63184 -0.864898
-1.68082 -0.875102
-1.66531 -0.868571
-1.66939 -0.86449
-1.68163 -0.870204
-1.68735 -0.875918
-1.65551 -0.861224
-1.62776 -0.856735
-1.70449 -0.9
-1.73061 -0.907347
-1.70694 -0.893061
-1.60735 -0.847347
-1.67347 -0.869796
-1.69714 -0.895102
-1.72653 -0.901224
-1.67673 -0.878776
-1.66939 -0.878367
-1.70204 -0.874286
-1.72408 -0.902449
-1.68653 -0.882041
-1.74939 -0.907347
-1.69633 -0.893878
-1.65388 -0.865714
-1.66776 -0.871429
-1.69061 -0.882449
-1.6498 -0.873469
-1.69878 -0.882041
-1.67918 -0.873878
-1.64653 -0.881633
-1.67592 -0.882857
-1.70367 -0.890612
-1.65306 -0.846531
-1.66122 -0.848163
-1.65469 -0.850612
-1.70286 -0.89102
-1.66857 -0.881633
-1.64408 -0.869796
-1.62694 -0.857551
-1.67673 -0.869388
-1.68653 -0.887347
-1.6498 -0.869388
-1.71429 -0.902449
-1.69469 -0.889796
-1.70041 -0.892653
-1.68082 -0.886531
-1.71265 -0.899184
-1.67918 -0.875918
-1.67265 -0.88449
-1.70939 -0.906122
-1.72327 -0.906939
-1.72 -0.902449
-1.67429 -0.890612
-1.6751 -0.890204
-1.68898 -0.886122
-1.67673 -0.877143
-1.69469 -0.872653
-1.72898 -0.901224
-1.70939 -0.906531
-1.69551 -0.889796
-1.68245 -0.885714
-1.6849 -0.885714
-1.70694 -0.897551
-1.73796 -0.914286
-1.67429 -0.88898
-1.67755 -0.889388
-1.70449 -0.890204
-1.63837 -0.855918
-1.6498 -0.866122
-1.68571 -0.87102
-1.68898 -0.885306
-1.69878 -0.897143
-1.69306 -0.893061
-1.70694 -0.895102
-1.72653 -0.884898
-1.68571 -0.877551
-1.70286 -0.886939
-1.6702 -0.872245
-1.67673 -0.883673
-1.64816 -0.853061
-1.63837 -0.856327
-1.70204 -0.881224
-1.6849 -0.884898
-1.66857 -0.887347
-1.68082 -0.880408
-1.67592 -0.877143
-1.66367 -0.87102
-1.69551 -0.886939
-1.72 -0.893061
-1.70776 -0.891429
-1.71837 -0.901224
-1.69469 -0.894694
-1.67755 -0.885306
-1.65878 -0.873469
-1.65224 -0.875102
-1.63429 -0.860816
-1.61306 -0.849388
-1.66367 -0.86898
-1.62939 -0.845306
-1.6449 -0.86
-1.68898 -0.880408
-1.68653 -0.866531
-1.68571 -0.887755
-1.67347 -0.878776
-1.6351 -0.863673
-1.68898 -0.886122
-1.69306 -0.886531
-1.72816 -0.904898
-1.68082 -0.882857
-1.69388 -0.884082
-1.71755 -0.882041
-1.69306 -0.881224
-1.63592 -0.85102
-1.66531 -0.86
-1.68653 -0.876327
-1.65959 -0.86
-1.70531 -0.882041
-1.63347 -0.843673
-1.59918 -0.842041
-1.64816 -0.859592
-1.70367 -0.869796
-1.66041 -0.856327
-1.67184 -0.873469
-1.70939 -0.898367
-1.68571 -0.886531
-1.6751 -0.879184
-1.67755 -0.868571
-1.67184 -0.876327
-1.69061 -0.882857
-1.69796 -0.884898
-1.67102 -0.87102
-1.70694 -0.883673
-1.68898 -0.878367
-1.65959 -0.863265
-1.68408 -0.876327
-1.65878 -0.837143
-1.66041 -0.839592
-1.66694 -0.864898
-1.6702 -0.870612
-1.69224 -0.89551
-1.7298 -0.906939
-1.70204 -0.900816
-1.70776 -0.905714
-1.72653 -0.908571
-1.67918 -0.880816
-1.66531 -0.876327
-1.6449 -0.859592
-1.63673 -0.852245
-1.67837 -0.877143
-1.66041 -0.851429
-1.65061 -0.846939
-1.63429 -0.840816
-1.70857 -0.888571
-1.66612 -0.869388
-1.67755 -0.879592
-1.66694 -0.864898
-1.69469 -0.886531
-1.68653 -0.867347
-1.66041 -0.843673
-1.62204 -0.842857
-1.67184 -0.868571
-1.65796 -0.879184
-1.71265 -0.904082
-1.67265 -0.884898
-1.63347 -0.862041
-1.70939 -0.888571
-1.67265 -0.873061
-1.65388 -0.857143
-1.64 -0.836735
-1.64327 -0.844898
-1.66041 -0.862449
-1.69469 -0.881633
-1.67837 -0.882449
-1.63918 -0.865306
-1.70204 -0.897143
-1.68163 -0.884898
-1.7151 -0.900408
-1.69143 -0.886531
-1.67429 -0.884082
-1.70449 -0.893469
-1.64816 -0.857959
-1.68327 -0.893878
-1.7249 -0.912245
-1.68163 -0.891837
-1.66531 -0.886122
-1.67837 -0.882449
-1.64653 -0.864898
-1.60245 -0.864082
-1.68245 -0.889388
-1.66776 -0.888163
-1.70776 -0.894286
-1.70449 -0.897959
-1.6898 -0.891429
-1.72082 -0.898776
-1.65224 -0.861633
-1.69959 -0.890612
-1.69633 -0.88449
-1.66612 -0.882449
-1.67673 -0.882041
-1.72408 -0.912245
-1.72 -0.913061
-1.71102 -0.899592
-1.70367 -0.897551
-1.66122 -0.878776
-1.69224 -0.891837
-1.6702 -0.868571
-1.63673 -0.83551
-1.72163 -0.886122
-1.71265 -0.892653
-1.68 -0.884898
-1.66449 -0.876327
-1.68653 -0.873469
-1.67837 -0.877551
-1.63102 -0.841633
-1.67102 -0.870204
-1.66857 -0.870204
-1.71918 -0.879184
-1.64816 -0.845714
-1.65061 -0.850612
-1.67184 -0.869388
-1.66612 -0.872245
-1.67592 -0.868571
-1.6702 -0.878367
-1.64816 -0.850204
-1.69714 -0.879592
-1.63347 -0.860408
-1.67673 -0.862041
-1.68163 -0.874694
-1.68245 -0.871837
-1.72082 -0.890204
-1.69306 -0.887347
-1.71755 -0.888163
-1.68327 -0.891837
-1.69878 -0.894694
-1.71184 -0.900408
-1.66612 -0.88
-1.70939 -0.899592
-1.69714 -0.890612
-1.67265 -0.88
-1.69224 -0.87102
-1.71347 -0.886939
-1.68735 -0.874286
-1.66939 -0.866122
-1.71102 -0.880408
-1.66857 -0.864898
-1.66449 -0.864082
-1.66367 -0.881224
-1.59837 -0.84
-1.61551 -0.845306
-1.66939 -0.874286
-1.70939 -0.890612
-1.63184 -0.86449
-1.70531 -0.888571
-1.66776 -0.883673
-1.70531 -0.897959
-1.71673 -0.906122
-1.65143 -0.872653
-1.69633 -0.893469
-1.66612 -0.876735
-1.68082 -0.88
-1.64735 -0.868163
-1.71347 -0.902857
-1.68 -0.868571
-1.66041 -0.87551
-1.65551 -0.867347
-1.66694 -0.870612
-1.70286 -0.89102
-1.70122 -0.891429
-1.71102 -0.892653
-1.71184 -0.906531
-1.67347 -0.886531
-1.70449 -0.902857
-1.67673 -0.877551
-1.66204 -0.868163
-1.63918 -0.846122
-1.64082 -0.835918
-1.69143 -0.868163
-1.67265 -0.860816
-1.62612 -0.830612
-1.61796 -0.817551
-1.68245 -0.855102
-1.61469 -0.847347
-1.67592 -0.860816
-1.65224 -0.855102
-1.63918 -0.854286
-1.6751 -0.882857
-1.65551 -0.853469
-1.65959 -0.869796
-1.71184 -0.893878
-1.6702 -0.871429
-1.69469 -0.878776
-1.63347 -0.863265
-1.71837 -0.893878
-1.73633 -0.898776
-1.68408 -0.880816
-1.66857 -0.868571
-1.67592 -0.883265
-1.6849 -0.887347
-1.6751 -0.879184
-1.70531 -0.903673
-1.66204 -0.864082
-1.69143 -0.877143
-1.67184 -0.869388
-1.67184 -0.877959
-1.69224 -0.892653
-1.68653 -0.879592
-1.6702 -0.878776
-1.66531 -0.882041
-1.68245 -0.886531
-1.68245 -0.881224
-1.68163 -0.890612
-1.73551 -0.912245
-1.68408 -0.888163
-1.63347 -0.858367
-1.6351 -0.85551
-1.68163 -0.868163
-1.68571 -0.896735
-1.67429 -0.885306
-1.67837 -0.881633
-1.61551 -0.863265
-1.68571 -0.89102
-1.71347 -0.900408
-1.69714 -0.883673
-1.67184 -0.88
-1.66449 -0.882857
-1.7102 -0.898776
-1.69796 -0.900408
-1.70449 -0.896327
-1.70367 -0.89102
-1.68408 -0.889796
-1.65959 -0.871837
-1.65551 -0.877143
-1.71918 -0.897959
-1.72 -0.909388
-1.65714 -0.878367
-1.68898 -0.879184
-1.68816 -0.878776
-1.67347 -0.87551
-1.68571 -0.892653
-1.65633 -0.882041
-1.68571 -0.88449
-1.68816 -0.88898
-1.68898 -0.882041
-1.68571 -0.887755
-1.67755 -0.877959
-1.66776 -0.868163
-1.7102 -0.889796
-1.68571 -0.894286
-1.71673 -0.905306
-1.72 -0.907347
-1.72816 -0.916327
-1.66612 -0.890612
-1.68327 -0.882857
-1.64 -0.863265
-1.72327 -0.895102
-1.6302 -0.849796
-1.65633 -0.865306
-1.68898 -0.872245
-1.69714 -0.880408
-1.66776 -0.874694
-1.68571 -0.879592
-1.58449 -0.83551
-1.64 -0.841224
-1.7249 -0.896735
-1.69796 -0.893878
-1.66122 -0.877143
-1.7102 -0.900816
-1.67102 -0.880408
-1.7102 -0.901633
-1.70286 -0.903673
-1.69878 -0.899184
-1.65633 -0.867755
-1.64408 -0.86898
-1.62939 -0.86
-1.7151 -0.898367
-1.63429 -0.85102
-1.65551 -0.863265
-1.69714 -0.890612
-1.66612 -0.864082
-1.61551 -0.841224
-1.64163 -0.853061
-1.67429 -0.873469
-1.6302 -0.848163
-1.66531 -0.849388
-1.66449 -0.836327
-1.61633 -0.831429
-1.62449 -0.819184
-1.66531 -0.82898
-1.62122 -0.789388
-1.63673 -0.820816
-1.64571 -0.83551
-1.70286 -0.878776
-1.65878 -0.862857
-1.70367 -0.877959
-1.71184 -0.88898
-1.6849 -0.865306
-1.65306 -0.848163
-1.65061 -0.852653
-1.66939 -0.848163
-1.65796 -0.858776
-1.70939 -0.873469
-1.68082 -0.875918
-1.67918 -0.880816
-1.66449 -0.872653
-1.70122 -0.897143
-1.71918 -0.896735
-1.69061 -0.890204
-1.70531 -0.893469
-1.72327 -0.897143
-1.61796 -0.843673
-1.62939 -0.853061
-1.64408 -0.850204
-1.65224 -0.854286
-1.70367 -0.876735
-1.64 -0.85551
-1.70286 -0.885714
-1.69633 -0.886939
-1.69224 -0.88898
-1.65714 -0.865306
-1.69633 -0.884082
-1.59918 -0.842857
-1.64735 -0.847347
-1.68163 -0.880408
-1.64327 -0.858367
-1.6702 -0.877959
-1.73388 -0.909388
-1.68082 -0.877959
-1.69388 -0.899184
-1.6498 -0.863673
-1.6702 -0.880408
-1.66939 -0.877551
-1.68816 -0.892245
-1.71918 -0.902041
-1.76327 -0.926939
-1.70694 -0.899184
-1.65878 -0.886531
-1.66367 -0.869388
-1.62857 -0.859592
-1.66367 -0.868571
-1.69878 -0.897551
-1.72408 -0.900816
-1.70857 -0.898776
-1.64163 -0.86898
-1.69224 -0.881633
-1.69224 -0.868571
-1.65143 -0.851429
-1.65061 -0.866531
-1.64898 -0.857551
-1.66286 -0.868163
-1.70776 -0.889388
-1.67184 -0.870612
-1.64571 -0.82898
-1.68816 -0.870204
-1.66857 -0.871837
-1.64327 -0.865306
-1.69388 -0.897959
-1.69796 -0.890204
-1.68898 -0.873061
-1.67102 -0.86
-1.67347 -0.882041
-1.73633 -0.908163
-1.68816 -0.886531
-1.7151 -0.903265
-1.70367 -0.895918
-1.68245 -0.882857
-1.7151 -0.902449
-1.69633 -0.88898
-1.67918 -0.883265
-1.67592 -0.877143
-1.65469 -0.860408
-1.68571 -0.870204
-1.65224 -0.864898
-1.68327 -0.874694
-1.62776 -0.842857
-1.64082 -0.851429
-1.71429 -0.9
-1.69633 -0.88898
-1.67755 -0.871837
-1.6751 -0.862857
-1.70286 -0.885714
-1.64571 -0.865714
-1.70286 -0.881224
-1.68245 -0.886122
-1.66286 -0.86449
-1.67102 -0.881633
-1.67918 -0.877551
-1.72653 -0.895102
-1.65469 -0.870204
-1.67755 -0.871837
-1.67347 -0.880816
-1.70204 -0.889388
-1.70449 -0.894286
-1.61306 -0.837551
-1.63429 -0.850612
-1.67429 -0.868163
-1.67102 -0.881224
-1.65224 -0.863673
-1.68327 -0.876735
-1.63837 -0.85551
-1.65061 -0.866531
-1.61796 -0.855918
-1.66857 -0.857959
-1.69796 -0.885306
-1.67673 -0.871837
-1.70286 -0.892653
-1.64653 -0.867347
-1.69551 -0.887755
-1.66776 -0.862449
-1.62857 -0.842449
-1.6498 -0.861224
-1.70939 -0.887347
-1.69143 -0.884082
-1.66367 -0.882857
-1.69388 -0.894694
-1.72571 -0.904898
-1.69306 -0.886531
-1.64408 -0.863265
-1.71755 -0.901224
-1.72082 -0.9
-1.62204 -0.834286
-1.60898 -0.817143
-1.61224 -0.82898
-1.65551 -0.853878
-1.69469 -0.871429
-1.68163 -0.875918
-1.66449 -0.871837
-1.66367 -0.873469
-1.69143 -0.885306
-1.71918 -0.901224
-1.68816 -0.894694
-1.68816 -0.879592
-1.60816 -0.836327
-1.69633 -0.893878
-1.69878 -0.889388
-1.71592 -0.903673
-1.66449 -0.878776
-1.66939 -0.876327
-1.71184 -0.898776
-1.7502 -0.917959
-1.72327 -0.897551
-1.69878 -0.9
-1.70367 -0.900408
-1.74612 -0.916327
-1.69224 -0.883673
-1.70041 -0.893061
-1.67184 -0.880408
-1.71347 -0.892245
-1.67755 -0.884082
-1.66449 -0.859184
-1.68571 -0.893469
-1.71673 -0.905714
-1.64571 -0.874694
-1.68 -0.88449
-1.69714 -0.897959
-1.65143 -0.875102
-1.66612 -0.881633
-1.70776 -0.888571
-1.67429 -0.865306
-1.68408 -0.870612
-1.65061 -0.867755
-1.69061 -0.883265
-1.67755 -0.870612
-1.65061 -0.87551
-1.77796 -0.924898
-1.68163 -0.879184
-1.6702 -0.878776
-1.63755 -0.862041
-1.67184 -0.878776
-1.68245 -0.877959
-1.68735 -0.88898
-1.72653 -0.897551
-1.67918 -0.886122
-1.70449 -0.903673
-1.71347 -0.9
-1.64653 -0.866122
-1.65959 -0.878367
-1.66776 -0.873878
-1.65469 -0.862041
-1.69224 -0.902041
-1.68082 -0.891429
-1.70612 -0.891837
-1.63918 -0.860816
-1.69224 -0.88449
-1.6751 -0.881224
-1.64571 -0.857959
-1.66531 -0.867347
-1.69061 -0.879592
-1.70204 -0.881633
-1.69469 -0.877551
-1.66204 -0.873469
-1.68816 -0.874286
-1.62857 -0.838367
-1.66041 -0.857143
-1.72082 -0.896327
-1.68898 -0.885714
-1.69633 -0.891837
-1.70204 -0.887755
-1.67673 -0.877959
-1.68571 -0.888571
-1.65959 -0.880408
-1.71265 -0.902449
-1.71265 -0.904898
-1.69143 -0.901633
-1.69714 -0.893469
-1.71837 -0.899184
-1.6751 -0.877143
-1.64735 -0.868163
-1.62286 -0.857551
-1.64163 -0.860816
-1.70449 -0.892653
-1.65061 -0.867755
-1.64735 -0.854286
-1.69796 -0.877551
-1.67265 -0.869796
-1.67592 -0.868163
-1.64327 -0.859184
-1.66857 -0.879592
-1.66694 -0.868163
-1.74367 -0.912653
-1.67755 -0.887347
-1.70286 -0.892653
-1.71837 -0.889388
-1.65796 -0.860816
-1.74449 -0.91102
-1.69224 -0.881633
-1.68082 -0.882449
-1.63673 -0.866122
-1.6751 -0.87551
-1.67184 -0.861224
-1.68408 -0.865306
-1.68 -0.871429
-1.65796 -0.86898
-1.71673 -0.891837
-1.6849 -0.876735
-1.70041 -0.892245
-1.61388 -0.845714
-1.68571 -0.881633
-1.68327 -0.884082
-1.6302 -0.861633
-1.69878 -0.885714
-1.68163 -0.881224
-1.69469 -0.893469
-1.66776 -0.880408
-1.67592 -0.888163
-1.68653 -0.893878
-1.68082 -0.882041
-1.71755 -0.895102
-1.72 -0.901224
-1.67265 -0.874694
-1.68816 -0.88
-1.71755 -0.905306
-1.71184 -0.891837
-1.70041 -0.892245
-1.68 -0.879184
-1.6849 -0.894286
-1.67429 -0.882857
-1.69224 -0.88
-1.63673 -0.866531
-1.65551 -0.861224
-1.6898 -0.882857
-1.66449 -0.868163
-1.64408 -0.860816
-1.63429 -0.844898
-1.69061 -0.886122
-1.69061 -0.883673
-1.68 -0.887347
-1.69388 -0.892653
-1.63837 -0.850612
-1.64245 -0.840408
-1.67265 -0.860816
-1.69388 -0.894286
-1.6751 -0.883265
-1.66857 -0.878776
-1.60571 -0.856735
-1.68 -0.888163
-1.67592 -0.882449
-1.70694 -0.895918
-1.65224 -0.871837
-1.69878 -0.906939
-1.65061 -0.876735
-1.6751 -0.884082
-1.72082 -0.905714
-1.69224 -0.892245
-1.64898 -0.853878
-1.63755 -0.857959
-1.67184 -0.874286
-1.67755 -0.871429
-1.6498 -0.86449
-1.68408 -0.885714
-1.69224 -0.882449
-1.67184 -0.868163
-1.6898 -0.856735
-1.65633 -0.855918
-1.70367 -0.880408
-1.67755 -0.868571
-1.65143 -0.865714
-1.67347 -0.872653
-1.70939 -0.886122
-1.72898 -0.899592
-1.6898 -0.882857
-1.71673 -0.886122
-1.70612 -0.887755
-1.68082 -0.885306
-1.65796 -0.861224
-1.63265 -0.85102
-1.60408 -0.84
-1.66857 -0.872653
-1.67429 -0.882041
-1.66531 -0.882449
-1.65959 -0.873878
-1.65633 -0.863673
-1.65143 -0.838367
-1.66939 -0.860816
-1.70286 -0.890204
-1.63918 -0.862041
-1.6702 -0.87102
-1.67429 -0.88449
-1.71102 -0.899184
-1.6849 -0.889388
-1.64571 -0.851837
-1.70286 -0.888163
-1.68327 -0.887347
-1.70857 -0.896327
-1.71673 -0.880408
-1.75429 -0.922449
-1.67592 -0.88
-1.69878 -0.897143
-1.71102 -0.892653
-1.68816 -0.89551
-1.69633 -0.88
-1.65878 -0.868163
-1.67102 -0.870612
-1.66776 -0.876735
-1.66122 -0.870204
-1.66776 -0.882041
-1.64898 -0.856327
-1.66694 -0.86898
-1.66857 -0.876327
-1.70612 -0.893061
-1.70776 -0.895102
-1.68735 -0.886531
-1.64408 -0.862041
-1.69633 -0.886939
-1.72327 -0.90449
-1.71673 -0.893878
-1.60898 -0.848163
-1.69878 -0.898776
-1.71918 -0.900816
-1.65061 -0.872245
-1.67837 -0.878776
-1.6751 -0.890204
-1.68082 -0.881224
-1.70694 -0.901224
-1.65388 -0.871837
-1.68571 -0.888163
-1.69796 -0.893469
-1.67918 -0.883265
-1.68082 -0.884082
-1.64816 -0.872245
-1.68571 -0.869796
-1.68653 -0.884082
-1.68898 -0.892245
-1.65551 -0.867755
-1.64653 -0.862449
-1.66204 -0.870612
-1.64898 -0.860816
-1.64735 -0.858776
-1.67347 -0.856327
-1.61796 -0.842449
-1.60653 -0.837143
-1.69388 -0.875918
-1.68735 -0.877959
-1.63918 -0.872653
-1.69061 -0.873061
-1.69796 -0.89102
-1.71184 -0.898367
-1.66367 -0.876327
-1.68327 -0.867347
-1.6449 -0.865714
-1.64163 -0.85102
-1.6849 -0.88898
-1.71347 -0.898776
-1.69306 -0.880816
-1.64327 -0.854694
-1.66939 -0.875918
-1.65469 -0.877143
-1.66367 -0.864898
-1.70939 -0.885714
-1.68408 -0.881633
-1.69796 -0.889388
-1.70939 -0.888571
-1.67592 -0.877959
-1.65388 -0.869388
-1.7102 -0.906122
-1.70122 -0.887755
-1.65714 -0.873469
-1.6751 -0.88898
-1.72 -0.903673
-1.68571 -0.885714
-1.67837 -0.887347
-1.72735 -0.900816
-1.70204 -0.899184
-1.71755 -0.9
-1.71918 -0.902041
-1.71837 -0.900408
-1.70122 -0.882857
-1.68082 -0.876327
-1.72 -0.898776
-1.6751 -0.877143
-1.69796 -0.895102
-1.6751 -0.879184
-1.64735 -0.876327
-1.66776 -0.876735
-1.69388 -0.874286
-1.66531 -0.872653
-1.7249 -0.897959
-1.68898 -0.878776
-1.64408 -0.857551
-1.64653 -0.842041
-1.67918 -0.873061
-1.64571 -0.856327
-1.64408 -0.859184
-1.64816 -0.87102
-1.71673 -0.894694
-1.65388 -0.877143
-1.70612 -0.896327
-1.66612 -0.875918
-1.7298 -0.903265
-1.64735 -0.875918
-1.70857 -0.89551
-1.68 -0.861224
-1.68898 -0.882857
-1.69796 -0.891429
-1.73061 -0.904898
-1.6849 -0.888571
-1.69143 -0.898367
-1.61959 -0.855918
-1.65959 -0.866122
-1.66041 -0.862041
-1.64735 -0.865306
-1.72163 -0.900408
-1.67347 -0.878367
-1.6702 -0.869796
-1.64653 -0.861633
-1.65306 -0.864898
-1.6898 -0.890204
-1.74041 -0.913061
-1.71592 -0.891837
-1.69306 -0.893878
-1.72082 -0.908163
-1.64735 -0.866531
-1.65959 -0.872653
-1.70612 -0.901633
-1.71184 -0.9
-1.67755 -0.893469
-1.67755 -0.887347
-1.71347 -0.904898
-1.65551 -0.877959
-1.68245 -0.891429
-1.69388 -0.873469
-1.66449 -0.859592
-1.6449 -0.858776
-1.74531 -0.919184
-1.69633 -0.894694
-1.68327 -0.88449
-1.70449 -0.897143
-1.71184 -0.889796
-1.74857 -0.90898
-1.65469 -0.866531
-1.61796 -0.857959
-1.70204 -0.901224
-1.66939 -0.887755
-1.66449 -0.867755
-1.68327 -0.881224
-1.6849 -0.868163
-1.66204 -0.857551
-1.63265 -0.84
-1.66694 -0.873061
-1.68571 -0.888163
-1.70367 -0.881633
-1.63184 -0.857551
-1.66939 -0.87551
-1.65388 -0.848571
-1.65306 -0.863265
-1.63673 -0.867347
-1.69959 -0.902449
-1.71429 -0.903673
-1.70367 -0.888163
-1.66776 -0.865306
-1.71918 -0.898367
-1.67102 -0.875102
-1.66939 -0.866939
-1.67265 -0.85551
-1.6702 -0.841224
-1.67673 -0.832653
-1.62612 -0.812245
-1.64082 -0.807755
-1.66939 -0.815102
-1.67184 -0.843265
-1.69878 -0.869796
-1.66531 -0.847347
-1.70939 -0.879592
-1.68408 -0.882041
-1.66041 -0.878367
-1.70367 -0.895102
-1.65714 -0.863265
-1.69143 -0.882041
-1.67837 -0.873878
-1.66612 -0.862857
-1.65878 -0.878776
-1.66776 -0.867347
-1.65633 -0.864898
-1.72327 -0.906122
-1.66612 -0.878367
-1.66367 -0.865714
-1.69878 -0.885714
-1.64571 -0.846122
-1.67918 -0.861224
-1.68 -0.872245
-1.68735 -0.88449
-1.68082 -0.889796
-1.66857 -0.876735
-1.65959 -0.873061
-1.65796 -0.86898
-1.70367 -0.89102
-1.65878 -0.877143
-1.63755 -0.859592
-1.68408 -0.866531
-1.68653 -0.871837
-1.62857 -0.844082
-1.64327 -0.864898
-1.68163 -0.861633
-1.67347 -0.86898
-1.70531 -0.877959
-1.7298 -0.887347
-1.66776 -0.866939
-1.66204 -0.875102
-1.61469 -0.833061
-1.6449 -0.858367
-1.6898 -0.89102
-1.7502 -0.915102
-1.65959 -0.872245
-1.66367 -0.866531
-1.62204 -0.844898
-1.66122 -0.862857
-1.70857 -0.891837
-1.67347 -0.876735
-1.69959 -0.890204
-1.64816 -0.870204
-1.6302 -0.866122
-1.67347 -0.887347
-1.72735 -0.911429
-1.64082 -0.853061
-1.65143 -0.857143
-1.65143 -0.842449
-1.66122 -0.871429
-1.71265 -0.887347
-1.65714 -0.852245
-1.72408 -0.880816
-1.73061 -0.894694
-1.68408 -0.877959
-1.64 -0.863673
-1.66776 -0.874694
-1.70041 -0.895102
-1.72735 -0.913878
-1.69143 -0.895918
-1.65796 -0.872245
-1.72163 -0.907347
-1.67265 -0.883673
-1.64327 -0.853469
-1.62122 -0.852653
-1.63837 -0.845306
-1.68571 -0.876327
-1.6449 -0.855918
-1.59429 -0.820408
-1.66694 -0.842041
-1.65061 -0.844082
-1.65959 -0.854286
-1.70041 -0.882857
-1.67755 -0.873061
-1.63429 -0.866122
-1.69061 -0.882857
-1.7151 -0.895918
-1.64082 -0.864898
-1.66367 -0.875918
-1.70776 -0.895102
-1.66857 -0.866531
-1.65551 -0.877551
-1.66531 -0.877551
-1.68408 -0.892245
-1.69469 -0.891429
-1.71837 -0.892245
-1.72245 -0.903673
-1.68571 -0.89551
-1.73143 -0.902857
-1.67184 -0.891429
-1.67347 -0.875102
-1.6751 -0.880816
-1.60653 -0.828163
-1.64653 -0.862041
-1.63265 -0.841633
-1.63592 -0.846122
-1.71265 -0.895918
-1.68 -0.888163
-1.68082 -0.891837
-1.64571 -0.874286
-1.68735 -0.893061
-1.6849 -0.886531
-1.65714 -0.866531
-1.68163 -0.881224
-1.61224 -0.836327
-1.66694 -0.860816
-1.66612 -0.886122
-1.70204 -0.897143
-1.68898 -0.883265
-1.66041 -0.87102
-1.67592 -0.873878
-1.65633 -0.862449
-1.68571 -0.883265
-1.65959 -0.881224
-1.6702 -0.876327
-1.61388 -0.846531
-1.63673 -0.86898
-1.71755 -0.88898
-1.65551 -0.877551
-1.65224 -0.885714
-1.70776 -0.89102
-1.69878 -0.891837
-1.71429 -0.887347
-1.66449 -0.857143
-1.6751 -0.863673
-1.66939 -0.871429
-1.63918 -0.870612
-1.68571 -0.870612
-1.66286 -0.871429
-1.69143 -0.895102
-1.68898 -0.895102
-1.67102 -0.880408
-1.66449 -0.877143
-1.67592 -0.887347
-1.69796 -0.9
-1.75429 -0.920408
-1.73143 -0.906939
-1.64816 -0.873061
-1.76408 -0.920816
-1.65061 -0.873878
-1.66612 -0.88449
-1.67184 -0.880816
-1.70776 -0.897959
-1.66776 -0.871429
-1.64327 -0.873469
-1.66694 -0.879184
-1.66939 -0.882041
-1.68653 -0.891429
-1.70204 -0.889388
-1.6898 -0.877959
-1.65551 -0.870612
-1.70694 -0.877959
-1.65633 -0.878367
-1.71429 -0.904898
-1.69143 -0.88898
-1.66776 -0.881633
-1.67265 -0.877143
-1.69224 -0.875918
-1.66612 -0.867755
-1.68163 -0.891837
-1.69796 -0.896327
-1.7249 -0.912245
-1.72 -0.905306
-1.7249 -0.899184
-1.67265 -0.870204
-1.66367 -0.866122
-1.62449 -0.853469
-1.73469 -0.910612
-1.69469 -0.898776
-1.74367 -0.908571
-1.66939 -0.874286
-1.69061 -0.893878
-1.70694 -0.897143
-1.69061 -0.897143
-1.6751 -0.88898
-1.67265 -0.883673
-1.64816 -0.865306
-1.71837 -0.902041
-1.71755 -0.906122
-1.72163 -0.900408
-1.7151 -0.898367
-1.67102 -0.882857
-1.68 -0.886122
-1.74122 -0.902857
-1.73143 -0.900816
-1.68163 -0.878776
-1.71673 -0.901224
-1.70939 -0.901633
-1.72898 -0.902041
-1.67102 -0.872245
-1.68245 -0.871837
-1.68408 -0.892653
-1.72816 -0.890612
-1.70041 -0.882857
-1.67837 -0.872245
-1.65959 -0.881633
-1.71755 -0.899184
-1.69714 -0.890612
-1.73469 -0.902857
-1.68327 -0.888571
-1.7249 -0.904898
-1.67102 -0.881633
-1.6751 -0.878367
-1.68082 -0.878367
-1.65959 -0.87551
-1.64408 -0.873878
-1.69796 -0.893878
-1.65224 -0.866939
-1.64082 -0.863265
-1.67837 -0.87551
-1.69878 -0.887755
-1.67592 -0.859592
-1.61796 -0.866939
-1.77143 -0.92898
-1.66857 -0.879184
-1.70612 -0.890612
-1.69061 -0.870612
-1.6351 -0.839592
-1.68653 -0.869796
-1.64816 -0.86449
-1.67347 -0.879184
-1.73224 -0.901633
-1.70041 -0.890612
-1.69633 -0.886122
-1.68898 -0.888571
-1.70612 -0.878367
-1.70286 -0.890612
-1.68408 -0.88449
-1.66612 -0.861633
-1.67837 -0.868571
-1.66204 -0.864898
-1.65306 -0.87102
-1.71673 -0.899592
-1.67755 -0.89551
-1.70531 -0.893061
-1.70367 -0.896327
-1.69388 -0.894286
-1.72245 -0.904082
-1.74694 -0.907755
-1.65061 -0.881633
-1.6498 -0.860816
-1.66041 -0.850612
-1.7151 -0.9
-1.68735 -0.886939
-1.59837 -0.830204
-1.70612 -0.863673
-1.68245 -0.883673
-1.65469 -0.872653
-1.64653 -0.866531
-1.65796 -0.878776
-1.68816 -0.862449
-1.70531 -0.88898
-1.71265 -0.880408
-1.62776 -0.837959
-1.66531 -0.861224
-1.60898 -0.859592
-1.66939 -0.882449
-1.67429 -0.883265
-1.6849 -0.883673
-1.65224 -0.870612
-1.69633 -0.885714
-1.6849 -0.890204
-1.65796 -0.873469
-1.71102 -0.903265
-1.69633 -0.862449
-1.68245 -0.880816
-1.70122 -0.876327
-1.6449 -0.862857
-1.68 -0.891429
-1.67265 -0.883673
-1.66286 -0.880408
-1.66857 -0.869388
-1.62776 -0.848163
-1.61224 -0.852245
-1.69551 -0.878367
-1.66694 -0.875918
-1.70694 -0.884898
-1.63429 -0.868571
-1.65469 -0.875102
-1.63347 -0.865306
-1.70041 -0.893061
-1.63673 -0.86898
-1.68898 -0.885306
-1.69469 -0.893878
-1.63102 -0.861633
-1.70286 -0.894694
-1.65714 -0.873469
-1.67265 -0.868571
-1.69469 -0.877143
-1.70776 -0.880816
-1.70612 -0.894286
-1.68163 -0.877143
-1.67184 -0.877959
-1.6351 -0.87102
-1.64816 -0.868163
-1.64653 -0.851837
-1.69143 -0.892653
-1.70612 -0.893061
-1.68898 -0.880816
-1.66449 -0.88
-1.62939 -0.864082
-1.7151 -0.897551
-1.6702 -0.883673
-1.64408 -0.853878
-1.68408 -0.883673
-1.67837 -0.87551
-1.65388 -0.867347
-1.65878 -0.880816
-1.70939 -0.903673
-1.67755 -0.883673
-1.66531 -0.883673
-1.66041 -0.872245
-1.65061 -0.863673
-1.68163 -0.884082
-1.67673 -0.882857
-1.74939 -0.91551
-1.70041 -0.893878
-1.66122 -0.859592
-1.6849 -0.871837
-1.63592 -0.862449
-1.75673 -0.913061
-1.62041 -0.852245
-1.68327 -0.88898
-1.68653 -0.884082
-1.71184 -0.904898
-1.73469 -0.909388
-1.71184 -0.889388
-1.70041 -0.888571
-1.62531 -0.862857
-1.69551 -0.878776
-1.73633 -0.892245
-1.65306 -0.845714
-1.66939 -0.830204
-1.66286 -0.835102
-1.62612 -0.82898
-1.63184 -0.835102
-1.65796 -0.865714
-1.7151 -0.902041
-1.72 -0.898367
-1.68653 -0.876327
-1.65551 -0.881224
-1.70612 -0.898776
-1.70367 -0.88898
-1.70939 -0.892653
-1.66776 -0.857959
-1.67184 -0.860816
-1.62122 -0.822041
-1.65878 -0.825306
-1.64653 -0.835918
-1.66204 -0.865714
-1.65551 -0.871429
-1.62939 -0.853469
-1.6098 -0.86
-1.69469 -0.892653
-1.6751 -0.876327
-1.72408 -0.90898
-1.72 -0.905306
-1.68653 -0.881633
-1.6849 -0.881633
-1.6702 -0.866531
-1.64898 -0.859592
-1.66776 -0.871837
-1.6449 -0.865306
-1.66857 -0.875102
-1.6449 -0.847347
-1.67755 -0.864898
-1.66531 -0.869388
-1.64082 -0.853469
-1.63673 -0.863265
-1.65061 -0.846531
-1.61878 -0.842449
-1.70857 -0.899592
-1.66041 -0.872653
-1.70449 -0.895918
-1.69469 -0.882041
-1.66204 -0.862449
-1.67592 -0.877959
-1.64245 -0.871429
-1.61878 -0.849796
-1.6751 -0.873469
-1.71837 -0.899184
-1.6898 -0.892245
-1.67673 -0.873469
-1.6849 -0.852653
-1.71429 -0.878776
-1.66041 -0.860816
-1.68735 -0.865714
-1.66857 -0.85102
-1.63673 -0.840408
-1.68245 -0.875918
-1.70286 -0.888571
-1.66694 -0.853061
-1.69959 -0.893469
-1.71347 -0.895918
-1.67102 -0.869796
-1.69224 -0.881224
-1.73633 -0.905714
-1.69388 -0.898367
-1.7102 -0.903673
-1.65224 -0.877143
-1.64327 -0.850204
-1.68571 -0.882041
-1.67265 -0.883673
-1.69714 -0.895102
-1.65959 -0.886122
-1.67102 -0.879184
-1.6751 -0.878776
-1.67918 -0.880816
-1.70122 -0.880408
-1.65224 -0.87102
-1.64735 -0.866122
-1.66857 -0.890204
-1.68327 -0.891837
-1.68653 -0.890204
-1.70449 -0.893878
-1.69469 -0.888571
-1.68571 -0.890612
-1.66776 -0.879184
-1.66449 -0.877143
-1.70857 -0.899184
-1.72735 -0.900816
-1.71102 -0.892245
-1.64163 -0.867755
-1.66041 -0.868163
-1.68408 -0.88449
-1.68163 -0.888163
-1.69878 -0.886122
-1.70449 -0.894286
-1.64816 -0.857959
-1.72245 -0.900408
-1.69959 -0.890204
-1.68245 -0.884082
-1.66204 -0.865306
-1.69796 -0.898367
-1.70041 -0.875918
-1.70857 -0.88898
-1.72735 -0.895918
-1.6702 -0.869388
-1.65061 -0.870204
-1.72163 -0.90898
-1.71265 -0.903673
-1.74367 -0.902449
-1.65469 -0.872653
-1.67918 -0.88449
-1.68245 -0.888163
-1.68898 -0.886122
-1.62449 -0.859184
-1.64816 -0.857143
-1.66531 -0.871429
-1.71592 -0.887755
-1.72163 -0.904898
-1.67592 -0.875102
-1.68735 -0.894694
-1.69388 -0.89102
-1.65878 -0.881224
-1.68571 -0.892245
-1.70041 -0.886939
-1.72 -0.900816
-1.67184 -0.881633
-1.71837 -0.900408
-1.72 -0.899592
-1.69633 -0.877551
-1.69796 -0.899592
-1.69143 -0.892245
-1.72082 -0.902041
-1.67184 -0.877143
-1.68735 -0.880408
-1.72571 -0.896327
-1.64653 -0.856735
-1.63347 -0.853878
-1.66776 -0.858367
-1.67673 -0.862857
-1.68245 -0.882449
-1.72163 -0.904898
-1.62531 -0.865306
-1.69633 -0.890612
-1.68571 -0.88449
-1.68408 -0.88898
-1.65061 -0.870204
-1.64327 -0.853061
-1.68 -0.883673
-1.65959 -0.876327
-1.61143 -0.853878
-1.60816 -0.833878
-1.64 -0.849796
-1.65959 -0.865714
-1.70694 -0.890204
-1.65878 -0.861633
-1.65878 -0.871429
-1.62694 -0.858367
-1.69633 -0.894286
-1.70694 -0.903673
-1.67755 -0.872245
-1.69878 -0.889796
-1.76245 -0.917551
-1.7249 -0.900816
-1.69224 -0.882041
-1.64 -0.867347
-1.66939 -0.870612
-1.67918 -0.88898
-1.6702 -0.875918
-1.6751 -0.882041
-1.6751 -0.885306
-1.66041 -0.870204
-1.6849 -0.882041
-1.62286 -0.857959
-1.68327 -0.874694
-1.6849 -0.875918
-1.65796 -0.87551
-1.66204 -0.873469
-1.7151 -0.900816
-1.71673 -0.908163
-1.63755 -0.866939
-1.66776 -0.882449
-1.71673 -0.895102
-1.65143 -0.868571
-1.6849 -0.891837
-1.68245 -0.881633
-1.70122 -0.889388
-1.67673 -0.865714
-1.66286 -0.872245
-1.65959 -0.883673
-1.69551 -0.896735
-1.66122 -0.886939
-1.64653 -0.859592
-1.7151 -0.883265
-1.67347 -0.877959
-1.68571 -0.885714
-1.70449 -0.888571
-1.68898 -0.896327
-1.66367 -0.870204
-1.67184 -0.863265
-1.69061 -0.892653
-1.73388 -0.911837
-1.72571 -0.90898
-1.7102 -0.89551
-1.70286 -0.870612
-1.72 -0.902449
-1.67102 -0.870612
-1.66531 -0.867755
-1.65878 -0.853878
-1.68816 -0.869388
-1.64898 -0.85551
-1.66041 -0.836735
-1.60735 -0.829388
-1.69306 -0.878367
-1.70694 -0.882041
-1.68163 -0.889388
-1.68653 -0.893469
-1.67429 -0.874286
-1.66286 -0.868163
-1.6849 -0.886939
-1.73796 -0.91102
-1.6702 -0.886939
-1.67102 -0.872653
-1.69714 -0.882857
-1.70694 -0.898367
-1.6898 -0.88449
-1.68327 -0.881633
-1.65143 -0.86449
-1.66286 -0.863265
-1.69388 -0.888571
-1.69224 -0.88449
-1.69959 -0.889796
-1.65224 -0.873469
-1.68816 -0.887755
-1.73061 -0.904898
-1.71429 -0.897959
-1.65061 -0.874694
-1.70612 -0.892245
-1.70531 -0.895918
-1.71102 -0.901224
-1.72245 -0.893469
-1.71184 -0.89551
-1.63673 -0.861224
-1.67755 -0.874694
-1.66449 -0.857143
-1.67837 -0.884898
-1.69306 -0.89102
-1.70367 -0.893061
-1.66204 -0.870204
-1.67265 -0.873061
-1.6498 -0.867347
-1.71429 -0.902041
-1.68327 -0.881224
-1.67673 -0.873878
-1.63755 -0.851429
-1.62204 -0.841633
-1.66122 -0.865714
-1.64082 -0.855102
-1.62612 -0.833878
-1.6449 -0.854694
-1.66531 -0.874286
-1.70449 -0.88449
-1.69388 -0.885714
-1.63837 -0.874694
-1.65796 -0.858776
-1.66122 -0.853878
-1.66122 -0.877959
-1.68082 -0.887755
-1.69551 -0.89551
-1.69143 -0.886122
-1.71837 -0.903673
-1.74041 -0.913061
-1.71429 -0.884898
-1.70612 -0.884898
-1.6751 -0.878367
-1.68735 -0.890204
-1.68245 -0.882857
-1.70531 -0.89102
-1.65143 -0.866531
-1.6498 -0.863673
-1.64 -0.856327
-1.67837 -0.865714
-1.66612 -0.866531
-1.70694 -0.904082
-1.64408 -0.870204
-1.62041 -0.855102
-1.66367 -0.862041
-1.65714 -0.869796
-1.72816 -0.901633
-1.70367 -0.891429
-1.66776 -0.877959
-1.69061 -0.886939
-1.66857 -0.873061
-1.68245 -0.873061
-1.64327 -0.866122
-1.7298 -0.908163
-1.62694 -0.860408
-1.6751 -0.873878
-1.66041 -0.878776
-1.66122 -0.879184
-1.67918 -0.871429
-1.6498 -0.864898
-1.63184 -0.860408
-1.6751 -0.879184
-1.70204 -0.881633
-1.63184 -0.84898
-1.67429 -0.863673
-1.65551 -0.871429
-1.73061 -0.903673
-1.70041 -0.89102
-1.64 -0.862041
-1.67755 -0.873878
-1.63102 -0.862857
-1.62449 -0.850612
-1.64653 -0.858367
-1.68082 -0.886531
-1.71184 -0.903673
-1.66857 -0.866531
-1.66857 -0.872245
-1.71673 -0.886939
-1.68245 -0.875918
-1.68327 -0.886939
-1.65878 -0.866531
-1.68082 -0.870204
-1.65714 -0.876327
-1.67184 -0.87551
-1.63592 -0.866939
-1.7151 -0.893878
-1.65551 -0.875102
-1.73469 -0.904082
-1.72735 -0.902449
-1.6449 -0.866531
-1.6898 -0.894286
-1.65143 -0.86898
-1.63918 -0.864082
-1.72408 -0.894286
-1.69959 -0.891429
-1.64245 -0.867347
-1.65714 -0.872245
-1.70367 -0.900408
-1.70612 -0.904082
-1.69878 -0.896735
-1.6702 -0.882041
-1.64 -0.863673
-1.66122 -0.867347
-1.67592 -0.879592
-1.67265 -0.88
-1.67102 -0.881224
-1.65143 -0.869388
-1.68163 -0.866122
-1.59429 -0.82449
-1.68816 -0.893469
-1.69714 -0.893061
-1.66449 -0.888163
-1.66449 -0.873061
-1.6898 -0.886531
-1.66694 -0.884082
-1.66122 -0.884898
-1.68571 -0.891429
-1.67837 -0.875102
-1.7151 -0.9
-1.67755 -0.87551
-1.69959 -0.902041
-1.6849 -0.885306
-1.67673 -0.87551
-1.70776 -0.881224
-1.67429 -0.877551
-1.74694 -0.907347
-1.63673 -0.863265
-1.67429 -0.877959
-1.67918 -0.884082
-1.68653 -0.88449
-1.69714 -0.873469
-1.70857 -0.875102
-1.69061 -0.885714
-1.68735 -0.878776
-1.6898 -0.879184
-1.61388 -0.850204
-1.61306 -0.825306
-1.63592 -0.829796
-1.66204 -0.877143
-1.72653 -0.91102
-1.71347 -0.89551
-1.71429 -0.894286
-1.67592 -0.885306
-1.68163 -0.889796
-1.67837 -0.885714
-1.68082 -0.886939
-1.68898 -0.889796
-1.66041 -0.887755
-1.69796 -0.898367
-1.64653 -0.866939
-1.67265 -0.873469
-1.66122 -0.872653
-1.69633 -0.892245
-1.66694 -0.873878
-1.67102 -0.882041
-1.68 -0.874694
-1.64245 -0.859184
-1.66939 -0.869796
-1.67918 -0.887347
-1.63673 -0.850204
-1.67673 -0.851429
-1.63673 -0.851837
-1.63837 -0.855102
-1.67102 -0.88
-1.70122 -0.880816
-1.65796 -0.864898
-1.6702 -0.85551
-1.65959 -0.844082
-1.64571 -0.849796
-1.63755 -0.861224
-1.65551 -0.875102
-1.72571 -0.9
-1.71755 -0.888571
-1.72082 -0.902449
-1.64816 -0.866531
-1.67347 -0.872653
-1.63102 -0.841633
-1.64735 -0.856327
-1.6751 -0.872653
-1.62449 -0.857959
-1.70449 -0.875918
-1.67755 -0.870612
-1.62776 -0.842449
-1.65551 -0.850204
-1.64 -0.855102
-1.66449 -0.874286
-1.65633 -0.858367
-1.65796 -0.861224
-1.69551 -0.889796
-1.70204 -0.885306
-1.70367 -0.88898
-1.69633 -0.893878
-1.68571 -0.887755
-1.69878 -0.889388
-1.64816 -0.862449
-1.6702 -0.882041
-1.68245 -0.881224
-1.65224 -0.86898
-1.68735 -0.886939
-1.66041 -0.884082
-1.69878 -0.893061
-1.68816 -0.882449
-1.65796 -0.878776
-1.67837 -0.883673
-1.69306 -0.884082
-1.66122 -0.877551
-1.68816 -0.878776
-1.69469 -0.890204
-1.71837 -0.9
-1.65796 -0.878367
-1.70286 -0.897551
-1.66286 -0.876327
-1.68571 -0.891429
-1.61714 -0.853878
-1.7102 -0.891429
-1.68735 -0.878367
-1.67265 -0.879184
-1.65224 -0.86449
-1.68082 -0.871837
-1.65388 -0.870612
-1.65224 -0.863673
-1.67429 -0.869796
-1.65551 -0.863265
-1.63837 -0.857551
-1.6898 -0.874286
-1.68327 -0.878776
-1.71102 -0.886531
-1.70776 -0.897959
-1.66041 -0.870204
-1.68 -0.860408
-1.61551 -0.822041
-1.68408 -0.882041
-1.59755 -0.848571
-1.67184 -0.868163
-1.6449 -0.851429
-1.64245 -0.852245
-1.69878 -0.879592
-1.64408 -0.837551
-1.6049 -0.823673
-1.65306 -0.861633
-1.61306 -0.842857
-1.68898 -0.881224
-1.71347 -0.901633
-1.65306 -0.862041
-1.69061 -0.874694
-1.6498 -0.85551
-1.66204 -0.848571
-1.69388 -0.882857
-1.68571 -0.891429
-1.75347 -0.913469
-1.64898 -0.868163
-1.66449 -0.880408
-1.6702 -0.870612
-1.65306 -0.878776
-1.64082 -0.867347
-1.67184 -0.873061
-1.72 -0.901633
-1.68408 -0.880816
-1.69959 -0.894694
-1.70939 -0.893061
-1.68408 -0.870612
-1.70204 -0.893061
-1.69959 -0.889388
-1.69061 -0.878367
-1.68408 -0.885714
-1.7249 -0.905714
-1.7249 -0.907755
-1.73714 -0.922857
-1.65959 -0.871837
-1.70122 -0.894286
-1.61061 -0.853061
-1.66612 -0.882041
-1.66694 -0.879184
-1.66531 -0.879592
-1.69224 -0.888571
-1.6 -0.840816
-1.68408 -0.892245
-1.65878 -0.878367
-1.63429 -0.862449
-1.69633 -0.893469
-1.64571 -0.870204
-1.64 -0.864898
-1.68898 -0.885714
-1.71918 -0.899592
-1.70694 -0.890612
-1.71347 -0.903265
-1.72082 -0.903673
-1.65061 -0.874694
-1.72408 -0.909796
-1.68245 -0.885306
-1.74612 -0.915918
-1.69633 -0.893878
-1.69469 -0.885306
-1.6898 -0.879184
-1.65878 -0.864898
-1.66367 -0.876327
-1.66204 -0.877143
-1.70776 -0.898776
-1.66776 -0.886939
-1.70122 -0.889796
-1.72571 -0.896735
-1.66776 -0.872653
-1.6751 -0.883673
-1.67837 -0.863673
-1.71265 -0.893061
-1.69388 -0.895102
-1.64 -0.860816
-1.66449 -0.873061
-1.65714 -0.871837
-1.64 -0.862857
-1.66612 -0.876327
-1.62449 -0.861224
-1.69714 -0.882857
-1.71755 -0.896327
-1.68327 -0.881633
-1.69061 -0.863265
-1.67592 -0.86449
-1.62041 -0.846122
-1.73959 -0.89551
-1.71592 -0.893878
-1.71102 -0.891429
-1.66531 -0.876327
-1.70531 -0.894694
-1.69796 -0.899592
-1.67347 -0.878367
-1.66612 -0.870204
-1.67592 -0.865714
-1.69388 -0.892245
-1.64816 -0.857959
-1.6702 -0.88
-1.67102 -0.875918
-1.68245 -0.880816
-1.65469 -0.86898
-1.70041 -0.886939
-1.70776 -0.893061
-1.65959 -0.870612
-1.64653 -0.87551
-1.6449 -0.87551
-1.72898 -0.892653
-1.74694 -0.908163
-1.68653 -0.882449
-1.68082 -0.875918
-1.68816 -0.892653
-1.66939 -0.88
-1.70612 -0.896327
-1.70612 -0.895918
-1.63918 -0.864898
-1.69551 -0.86898
-1.64163 -0.857959
-1.6702 -0.85551
-1.72816 -0.908571
-1.66367 -0.877143
-1.69796 -0.888571
-1.67592 -0.879592
-1.6751 -0.866531
-1.7151 -0.893061
-1.60327 -0.851837
-1.68898 -0.893878
-1.69224 -0.893061
-1.70857 -0.894286
-1.66857 -0.879184
-1.65061 -0.859184
-1.69796 -0.878367
-1.70041 -0.885714
-1.63102 -0.854286
-1.70204 -0.892245
-1.65388 -0.861633
-1.66449 -0.860816
-1.70286 -0.876735
-1.69306 -0.886122
-1.64898 -0.860816
-1.72082 -0.886939
-1.71265 -0.908163
-1.67429 -0.889796
-1.68571 -0.886939
-1.69388 -0.897143
-1.68898 -0.880816
-1.6751 -0.87551
-1.65878 -0.855102
-1.70286 -0.882857
-1.7102 -0.89551
-1.67673 -0.882449
-1.72653 -0.904082
-1.7151 -0.9
-1.70122 -0.895102
-1.71755 -0.885306
-1.64245 -0.866939
-1.69061 -0.892653
-1.69224 -0.888163
-1.68245 -0.877143
-1.66531 -0.854286
-1.61796 -0.835102
-1.68082 -0.846939
-1.6449 -0.82
-1.69959 -0.857551
-1.64408 -0.840408
-1.65714 -0.848571
-1.65959 -0.830612
-1.66449 -0.85551
-1.61143 -0.826939
-1.66694 -0.853061
-1.65633 -0.868163
-1.69878 -0.877551
-1.68082 -0.87551
-1.65633 -0.87102
-1.67102 -0.884898
-1.71347 -0.89551
-1.7249 -0.904082
-1.69388 -0.895102
-1.67755 -0.880408
-1.72898 -0.897143
-1.69796 -0.890612
-1.67673 -0.891429
-1.69469 -0.889388
-1.66776 -0.870204
-1.65551 -0.865714
-1.7151 -0.893878
-1.68735 -0.888163
-1.71184 -0.899592
-1.69143 -0.89551
-1.74939 -0.917551
-1.6898 -0.890204
-1.70694 -0.89551
-1.68 -0.886939
-1.64735 -0.861633
-1.64898 -0.859184
-1.68 -0.884082
-1.66122 -0.857551
-1.6302 -0.845306
-1.68327 -0.876327
-1.64082 -0.837551
-1.67184 -0.852653
-1.6702 -0.835918
-1.69796 -0.829388
-1.63102 -0.807347
-1.63265 -0.827347
-1.67347 -0.854694
-1.69469 -0.856327
-1.6498 -0.846939
-1.67837 -0.879184
-1.6498 -0.861633
-1.66612 -0.863265
-1.67429 -0.877551
-1.64408 -0.878776
-1.66531 -0.87102
-1.65796 -0.88
-1.65959 -0.879184
-1.70204 -0.890204
-1.70122 -0.900816
-1.72082 -0.903673
-1.66449 -0.877959
-1.66449 -0.880408
-1.71347 -0.898367
-1.71592 -0.897959
-1.66041 -0.87102
-1.66694 -0.87102
-1.65959 -0.868163
-1.66449 -0.877143
-1.69061 -0.869388
-1.70204 -0.885306
-1.63673 -0.851429
-1.71265 -0.890204
-1.64898 -0.866122
-1.7151 -0.893878
-1.68408 -0.861224
-1.64 -0.842449
-1.65469 -0.853469
-1.62204 -0.859184
-1.69143 -0.892653
-1.74204 -0.913469
-1.66694 -0.880408
-1.63429 -0.865714
-1.73061 -0.906939
-1.72653 -0.90449
-1.65224 -0.87551
-1.69143 -0.896735
-1.70857 -0.895102
-1.72 -0.904082
-1.6849 -0.887347
-1.70041 -0.890612
-1.71592 -0.9
-1.66204 -0.877959
-1.67184 -0.873469
-1.66939 -0.878776
-1.66531 -0.876735
-1.66367 -0.881633
-1.70041 -0.898776
-1.69714 -0.894694
-1.64408 -0.866122
-1.68816 -0.876327
-1.65224 -0.859592
-1.65469 -0.867347
-1.70367 -0.890204
-1.65714 -0.864898
-1.67918 -0.886939
-1.67265 -0.883673
-1.68 -0.886939
-1.70367 -0.885714
-1.70122 -0.879592
-1.69224 -0.895102
-1.65143 -0.868163
-1.61143 -0.839184
-1.66286 -0.862857
-1.6849 -0.890612
-1.69551 -0.888163
-1.68408 -0.889388
-1.74531 -0.914694
-1.72571 -0.902857
-1.66204 -0.864082
-1.66776 -0.878367
-1.64163 -0.869388
-1.67755 -0.879592
-1.67755 -0.887347
-1.70449 -0.895102
-1.65959 -0.860408
-1.68735 -0.867347
-1.70531 -0.883673
-1.68082 -0.867347
-1.64898 -0.854694
-1.66531 -0.866531
-1.69796 -0.896735
-1.70612 -0.889796
-1.71429 -0.896735
-1.69224 -0.895918
-1.73959 -0.913878
-1.70367 -0.900408
-1.68898 -0.890204
-1.66857 -0.881633
-1.64408 -0.860816
-1.6702 -0.881633
-1.70939 -0.896327
-1.68816 -0.885306
-1.69551 -0.873469
-1.65061 -0.865306
-1.70531 -0.880408
-1.70367 -0.903265
-1.71347 -0.896327
-1.67347 -0.883673
-1.67755 -0.875918
-1.64163 -0.860816
-1.66857 -0.888163
-1.66367 -0.880408
-1.66939 -0.884082
-1.67837 -0.882449
-1.6849 -0.89551
-1.64571 -0.868163
-1.6498 -0.872245
-1.72245 -0.899184
-1.69959 -0.895102
-1.70367 -0.899184
-1.68082 -0.88449
-1.66939 -0.873061
-1.69061 -0.886531
-1.71592 -0.902041
-1.67837 -0.872653
-1.65714 -0.868571
-1.63592 -0.855102
-1.6449 -0.852653
-1.63837 -0.853061
-1.66531 -0.872653
-1.67592 -0.877959
-1.65878 -0.870204
-1.66041 -0.862857
-1.63184 -0.840408
-1.6449 -0.862041
-1.67673 -0.882449
-1.62367 -0.853061
-1.73143 -0.909388
-1.67429 -0.88449
-1.72653 -0.900816
-1.67347 -0.873878
-1.67592 -0.876735
-1.6702 -0.883265
-1.67429 -0.877959
-1.69469 -0.897551
-1.68816 -0.891837
-1.69306 -0.899592
-1.67265 -0.882449
-1.67184 -0.884082
-1.67918 -0.887347
-1.64653 -0.87102
-1.63755 -0.858367
-1.70939 -0.879592
-1.6898 -0.890612
-1.70041 -0.894286
-1.70857 -0.899184
-1.7249 -0.901633
-1.68816 -0.895918
-1.65388 -0.870612
-1.64245 -0.86898
-1.7502 -0.90898
-1.71918 -0.888571
-1.63347 -0.853878
-1.69306 -0.891429
-1.71184 -0.893061
-1.64 -0.86
-1.66286 -0.876327
-1.68163 -0.879592
-1.68571 -0.863265
-1.69306 -0.865714
-1.69633 -0.88449
-1.69469 -0.888163
-1.67755 -0.888571
-1.74122 -0.912653
-1.64327 -0.874694
-1.6898 -0.887755
-1.65224 -0.869796
-1.69306 -0.868163
-1.71184 -0.897143
-1.68 -0.882041
-1.67347 -0.866939
-1.68898 -0.888163
-1.69143 -0.886531
-1.65714 -0.862041
-1.67184 -0.891837
-1.6498 -0.871837
-1.65551 -0.871837
-1.62204 -0.860408
-1.68735 -0.877551
-1.65061 -0.86449
-1.65388 -0.867755
-1.61796 -0.850204
-1.66449 -0.858776
-1.65224 -0.870204
-1.66694 -0.889796
-1.68327 -0.893469
-1.66286 -0.878367
-1.71429 -0.89102
-1.6898 -0.893061
-1.6751 -0.881633
-1.64898 -0.873061
-1.71184 -0.893469
-1.6449 -0.873061
-1.66367 -0.875102
-1.66367 -0.882041
-1.68082 -0.883265
-1.66286 -0.875102
-1.6849 -0.896735
-1.70612 -0.897959
-1.73224 -0.902041
-1.68816 -0.865306
-1.68816 -0.882449
-1.65959 -0.851429
-1.64898 -0.86449
-1.69959 -0.89551
-1.68 -0.878776
-1.68163 -0.874286
-1.68 -0.882449
-1.67184 -0.876327
-1.67755 -0.885714
-1.68816 -0.886122
-1.69469 -0.899592
-1.70367 -0.89551
-1.66204 -0.867755
-1.69061 -0.883673
-1.67102 -0.85551
-1.66694 -0.869388
-1.71184 -0.892245
-1.68245 -0.869796
-1.68 -0.882449
-1.70531 -0.890204
-1.6751 -0.882449
-1.68245 -0.885714
-1.69469 -0.885306
-1.65796 -0.873878
-1.70367 -0.899184
-1.64245 -0.859184
-1.6449 -0.871429
-1.67592 -0.873061
-1.66531 -0.871837
-1.69796 -0.886939
-1.68408 -0.886939
-1.65469 -0.874286
-1.66776 -0.866939
-1.61714 -0.860816
-1.71102 -0.900816
-1.66694 -0.869796
-1.68163 -0.877551
-1.63184 -0.845714
-1.66694 -0.851837
-1.62531 -0.831429
-1.61388 -0.842041
-1.64571 -0.864082
-1.65714 -0.85102
-1.63429 -0.846122
-1.68082 -0.891837
-1.70122 -0.895102
-1.68082 -0.890612
-1.67673 -0.88898
-1.67429 -0.886939
-1.64898 -0.865714
-1.64408 -0.867347
-1.68 -0.890204
-1.64408 -0.879184
-1.63673 -0.857551
-1.66531 -0.875918
-1.7102 -0.891837
-1.68653 -0.887755
-1.71592 -0.903265
-1.63673 -0.863673
-1.69796 -0.89102
-1.67755 -0.877143
-1.67918 -0.870204
-1.66857 -0.879184
-1.67918 -0.876327
-1.69959 -0.894286
-1.66286 -0.884898
-1.65714 -0.874286
-1.68408 -0.875102
-1.66367 -0.877551
-1.66694 -0.867755
-1.69714 -0.889388
-1.63429 -0.868571
-1.66857 -0.885714
-1.70939 -0.905306
-1.65796 -0.880816
-1.70449 -0.89102
-1.67429 -0.874694
-1.67837 -0.866939
-1.69306 -0.881633
-1.66612 -0.87102
-1.69306 -0.898776
-1.66367 -0.884898
-1.68408 -0.889796
-1.7102 -0.902041
-1.70204 -0.897143
-1.70286 -0.899184
-1.72327 -0.902041
-1.65796 -0.862449
-1.67837 -0.876327
-1.66694 -0.874286
-1.67184 -0.880408
-1.72898 -0.906531
-1.7151 -0.899592
-1.66694 -0.876327
-1.66204 -0.871837
-1.67347 -0.880816
-1.63265 -0.865714
-1.70122 -0.894694
-1.71755 -0.902449
-1.67265 -0.880816
-1.66939 -0.882449
-1.65061 -0.878367
-1.67184 -0.87551
-1.72408 -0.905714
-1.72163 -0.90449
-1.64653 -0.865306
-1.70857 -0.886939
-1.69959 -0.88898
-1.71673 -0.901224
-1.67265 -0.878776
-1.66939 -0.866122
-1.69959 -0.87551
-1.67673 -0.855102
-1.65306 -0.845714
-1.65224 -0.838367
-1.66939 -0.860408
-1.67837 -0.858776
-1.69796 -0.875102
-1.66531 -0.872245
-1.70939 -0.900408
-1.71184 -0.892653
-1.69388 -0.887755
-1.68 -0.886122
-1.65143 -0.860816
-1.63592 -0.858776
-1.69143 -0.886531
-1.71592 -0.913469
-1.67592 -0.887755
-1.65551 -0.86449
-1.69633 -0.87102
-1.66286 -0.874286
-1.69633 -0.875918
-1.68327 -0.876327
-1.73714 -0.903265
-1.70939 -0.897959
-1.68408 -0.878367
-1.67184 -0.869796
-1.62776 -0.842449
-1.65469 -0.860408
-1.68653 -0.886122
-1.65306 -0.86449
-1.66531 -0.868571
-1.66694 -0.870612
-1.61306 -0.842041
-1.6702 -0.848571
-1.62286 -0.834694
-1.66612 -0.866531
-1.66367 -0.873061
-1.66694 -0.864898
-1.67184 -0.871837
-1.64408 -0.867347
-1.69469 -0.880816
-1.69551 -0.874286
-1.70531 -0.891429
-1.65796 -0.86898
-1.68408 -0.889796
-1.70776 -0.891429
-1.69633 -0.886531
-1.66041 -0.875918
-1.72898 -0.892245
-1.66694 -0.865714
-1.67184 -0.86898
-1.65143 -0.866939
-1.65143 -0.858776
-1.6498 -0.853061
-1.67184 -0.871429
-1.68163 -0.878776
-1.66286 -0.872245
-1.67429 -0.869796
-1.66531 -0.875102
-1.70531 -0.886122
-1.67755 -0.877551
-1.6849 -0.877959
-1.63592 -0.857143
-1.65469 -0.879184
-1.69224 -0.88449
-1.68735 -0.876327
-1.64571 -0.873878
-1.64245 -0.859184
-1.69469 -0.871837
-1.64735 -0.854694
-1.64163 -0.848571
-1.69633 -0.873469
-1.67102 -0.875918
-1.68571 -0.876327
-1.68571 -0.893878
-1.69633 -0.895918
-1.66204 -0.876327
-1.67265 -0.886122
-1.69306 -0.886122
-1.71429 -0.907347
-1.73959 -0.91551
-1.67347 -0.881633
-1.69306 -0.888571
-1.69306 -0.882449
-1.68 -0.865714
-1.63673 -0.863673
-1.70449 -0.9
-1.70694 -0.889796
-1.67918 -0.888163
-1.68245 -0.889796
-1.61878 -0.844898
-1.65388 -0.876735
-1.68408 -0.878776
-1.67592 -0.88
-1.65388 -0.863265
-1.66612 -0.864898
-1.69551 -0.89102
-1.65224 -0.850612
-1.65143 -0.842857
-1.66041 -0.85102
-1.67102 -0.844898
-1.67102 -0.830204
-1.65551 -0.857143
-1.6849 -0.871837
-1.67184 -0.878776
-1.69061 -0.885714
-1.70776 -0.896327
-1.69551 -0.891837
-1.68082 -0.882857
-1.70204 -0.896735
-1.72163 -0.905714
-1.63673 -0.860816
-1.7102 -0.89551
-1.67918 -0.886531
-1.68082 -0.880816
-1.70776 -0.881633
-1.67265 -0.885306
-1.67837 -0.884082
-1.70612 -0.897551
-1.66612 -0.878367
-1.68571 -0.880408
-1.70612 -0.893061
-1.70367 -0.895102
-1.6849 -0.881633
-1.67837 -0.889796
-1.69224 -0.897143
-1.66122 -0.873878
-1.66449 -0.885306
-1.69061 -0.884898
-1.71429 -0.906939
-1.72653 -0.904082
-1.70122 -0.897143
-1.72327 -0.908163
-1.69061 -0.893469
-1.60735 -0.847347
-1.72898 -0.896735
-1.69143 -0.892653
-1.64898 -0.863673
-1.69061 -0.898367
-1.67592 -0.890204
-1.67755 -0.882449
-1.68898 -0.884082
-1.6751 -0.879592
-1.68735 -0.886531
-1.69796 -0.894694
-1.64408 -0.853878
-1.65551 -0.853878
-1.6351 -0.856735
-1.65878 -0.862857
-1.64898 -0.85102
-1.66612 -0.874286
-1.65551 -0.857959
-1.68 -0.873469
-1.67673 -0.871429
-1.72653 -0.908571
-1.71755 -0.89102
-1.65796 -0.882857
-1.72163 -0.904082
-1.73306 -0.909796
-1.65796 -0.865306
-1.69061 -0.899592
-1.73878 -0.913061
-1.69959 -0.886939
-1.66531 -0.863673
-1.69633 -0.86449
-1.66204 -0.861633
-1.6751 -0.877551
-1.67837 -0.87551
-1.70041 -0.887755
-1.64082 -0.867347
-1.70694 -0.885306
-1.66449 -0.871837
-1.70939 -0.898367
-1.68163 -0.889796
-1.66041 -0.862041
-1.62939 -0.857959
-1.69306 -0.89102
-1.66939 -0.882041
-1.67592 -0.894286
-1.71673 -0.890612
-1.69714 -0.890612
-1.6351 -0.858776
-1.71429 -0.897143
-1.70694 -0.899592
-1.69714 -0.886531
-1.64245 -0.858776
-1.72 -0.901224
-1.67837 -0.886531
-1.66041 -0.881224
-1.67918 -0.866531
-1.65388 -0.860816
-1.6702 -0.862857
-1.67755 -0.872245
-1.62122 -0.857959
-1.6849 -0.884898
-1.66286 -0.869796
-1.64408 -0.869388
-1.69551 -0.884082
-1.67755 -0.884898
-1.68163 -0.877959
-1.65878 -0.875918
-1.72898 -0.903265
-1.67265 -0.858776
-1.63592 -0.866531
-1.66857 -0.869796
-1.65469 -0.880816
-1.6898 -0.898776
-1.73306 -0.913061
-1.69633 -0.884082
-1.64245 -0.856327
-1.66612 -0.865714
-1.70204 -0.895102
-1.70857 -0.903673
-1.68163 -0.884898
-1.66367 -0.873061
-1.66776 -0.880408
-1.69878 -0.896735
-1.70367 -0.893061
-1.70612 -0.898776
-1.66857 -0.876327
-1.69878 -0.893061
-1.72327 -0.901633
-1.63347 -0.850204
-1.65633 -0.859592
-1.69224 -0.879184
-1.66367 -0.86898
-1.72245 -0.891429
-1.65306 -0.858776
-1.64327 -0.851837
-1.73878 -0.902449
-1.68898 -0.895918
-1.65224 -0.869796
-1.69959 -0.877143
-1.62449 -0.840816
-1.5698 -0.801224
-1.61061 -0.807755
-1.61796 -0.817551
-1.62776 -0.825306
-1.64898 -0.859184
-1.70449 -0.903265
-1.68898 -0.896327
-1.71184 -0.896327
-1.6898 -0.887755
-1.70531 -0.899592
-1.69714 -0.898367
-1.67184 -0.877551
-1.7151 -0.900408
-1.65878 -0.861224
-1.67592 -0.889388
-1.65959 -0.866939
-1.63837 -0.852245
-1.70531 -0.897143
-1.74776 -0.913061
-1.67265 -0.883673
-1.70367 -0.896735
-1.74694 -0.91102
-1.68082 -0.886939
-1.58857 -0.841224
-1.64735 -0.847347
-1.6898 -0.877959
-1.67918 -0.876735
-1.64082 -0.853469
-1.70286 -0.882041
-1.67918 -0.879184
-1.67837 -0.884082
-1.69551 -0.889796
-1.65388 -0.87551
-1.67755 -0.877551
-1.66204 -0.852245
-1.61714 -0.822449
-1.62367 -0.83551
-1.62612 -0.82449
-1.6351 -0.833469
-1.66204 -0.83102
-1.67592 -0.863673
-1.64653 -0.854286
-1.65959 -0.877143
-1.7102 -0.895102
-1.70776 -0.897551
-1.66939 -0.855102
-1.67755 -0.893878
-1.72898 -0.902857
-1.66857 -0.877959
-1.6898 -0.896327
-1.69469 -0.885714
-1.64653 -0.863673
-1.69388 -0.885306
-1.68816 -0.875102
-1.66694 -0.866531
-1.70531 -0.898776
-1.69224 -0.891837
-1.66694 -0.877551
-1.66694 -0.878776
-1.66204 -0.869388
-1.67102 -0.875102
-1.67673 -0.88449
-1.70286 -0.875918
-1.70449 -0.882041
-1.66122 -0.880408
-1.68898 -0.885306
-1.65469 -0.868571
-1.65959 -0.868163
-1.64898 -0.86
-1.66776 -0.889796
-1.69306 -0.879592
-1.7298 -0.904898
-1.67755 -0.880408
-1.72082 -0.899184
-1.69551 -0.886939
-1.66367 -0.879184
-1.67184 -0.883673
-1.67592 -0.887755
-1.70531 -0.903265
-1.68 -0.886939
-1.64653 -0.866122
-1.69388 -0.899592
-1.6898 -0.884898
-1.63673 -0.846939
-1.67673 -0.883265
-1.70612 -0.897959
-1.67673 -0.888163
-1.67837 -0.892653
-1.65959 -0.879592
-1.70286 -0.898776
-1.71347 -0.903265
-1.64816 -0.876327
-1.69633 -0.882449
-1.66122 -0.86898
-1.67837 -0.883673
-1.70367 -0.893469
-1.69714 -0.889796
-1.72816 -0.901224
-1.67673 -0.884082
-1.66776 -0.864082
-1.65633 -0.857959
-1.69469 -0.891837
-1.70612 -0.892653
-1.74449 -0.914286
-1.67673 -0.882857
-1.66939 -0.868571
-1.67673 -0.88449
-1.68082 -0.871429
-1.71347 -0.893878
-1.69224 -0.888571
-1.66939 -0.880816
-1.6498 -0.874286
-1.67347 -0.875918
-1.69469 -0.890612
-1.74204 -0.920408
-1.66857 -0.883673
-1.71184 -0.891837
-1.69306 -0.882041
-1.70204 -0.895918
-1.66776 -0.87102
-1.67918 -0.892653
-1.70286 -0.897551
-1.70776 -0.889796
-1.6751 -0.878367
-1.65551 -0.865714
-1.66776 -0.866122
-1.64327 -0.859592
-1.71429 -0.890204
-1.69714 -0.888163
-1.63102 -0.854694
-1.67265 -0.853469
-1.63265 -0.865714
-1.67102 -0.881633
-1.69469 -0.89102
-1.72 -0.91102
-1.7249 -0.897959
-1.70286 -0.886531
-1.68898 -0.894694
-1.63755 -0.844898
-1.68735 -0.888163
-1.72816 -0.913469
-1.68816 -0.878367
-1.64653 -0.867755
-1.69306 -0.894694
-1.6751 -0.875918
-1.70694 -0.897551
-1.70041 -0.898776
-1.65878 -0.879592
-1.67429 -0.888571
-1.64327 -0.859592
-1.67918 -0.882857
-1.64898 -0.875102
-1.61796 -0.846939
-1.67673 -0.869388
-1.67184 -0.864082
-1.6351 -0.848571
-1.66612 -0.848163
-1.62286 -0.855918
-1.67347 -0.884898
-1.67102 -0.877143
-1.73306 -0.909388
-1.65224 -0.876327
-1.68408 -0.884082
-1.65959 -0.869388
-1.62857 -0.848571
-1.65796 -0.873878
-1.70776 -0.897959
-1.69061 -0.892653
-1.68082 -0.873469
-1.70612 -0.897959
-1.6751 -0.882449
-1.68408 -0.893469
-1.64082 -0.864082
-1.65551 -0.86449
-1.62776 -0.834694
-1.63592 -0.845306
-1.6449 -0.843265
-1.64327 -0.840816
-1.66367 -0.871429
-1.71265 -0.89551
-1.70612 -0.893469
-1.72327 -0.908571
-1.72408 -0.906122
-1.68571 -0.889388
-1.66367 -0.878776
-1.68 -0.880816
-1.68571 -0.884082
-1.69959 -0.896735
-1.70612 -0.903265
-1.69878 -0.882449
-1.69551 -0.893061
-1.67265 -0.881633
-1.66939 -0.885714
-1.67918 -0.888571
-1.66939 -0.869388
-1.65796 -0.869388
-1.66612 -0.88
-1.70531 -0.882041
-1.65469 -0.868571
-1.64816 -0.86
-1.65959 -0.858367
-1.70449 -0.880408
-1.64163 -0.860408
-1.62939 -0.835102
-1.68327 -0.873061
-1.60327 -0.831837
-1.64735 -0.857551
-1.72 -0.899184
-1.67592 -0.887347
-1.6898 -0.892245
-1.67184 -0.882449
-1.7249 -0.911429
-1.63429 -0.864898
-1.67102 -0.863265
-1.64898 -0.855918
-1.60408 -0.817143
-1.66367 -0.860408
-1.67837 -0.870612
-1.66204 -0.864898
-1.6702 -0.877551
-1.72 -0.9
-1.67918 -0.878776
-1.71347 -0.886939
-1.6898 -0.887347
-1.69959 -0.878776
-1.65714 -0.869388
-1.65224 -0.860816
-1.68 -0.855918
-1.67592 -0.877959
-1.69469 -0.895102
-1.6751 -0.886122
-1.68735 -0.881224
-1.65061 -0.857551
-1.68245 -0.877959
-1.63918 -0.850612
-1.68735 -0.878367
-1.66612 -0.868163
-1.67592 -0.873061
-1.69469 -0.879184
-1.6702 -0.886531
-1.68082 -0.879184
-1.68327 -0.872653
-1.6351 -0.860816
-1.67102 -0.880816
-1.66776 -0.88
-1.75347 -0.910204
-1.67837 -0.881633
-1.67347 -0.881224
-1.62122 -0.849388
-1.63673 -0.850204
-1.64 -0.863673
-1.66286 -0.873878
-1.66694 -0.886122
-1.6498 -0.86898
-1.66286 -0.880408
-1.64163 -0.85551
-1.72082 -0.893061
-1.69959 -0.893469
-1.65061 -0.874286
-1.7102 -0.888163
-1.66694 -0.882041
-1.69551 -0.888163
-1.64082 -0.857959
-1.6351 -0.87102
-1.68327 -0.881633
-1.67102 -0.857143
-1.65796 -0.866122
-1.70776 -0.890612
-1.69224 -0.873061
-1.65633 -0.85551
-1.63347 -0.847347
-1.67265 -0.865714
-1.69061 -0.877959
-1.66041 -0.865714
-1.71429 -0.894694
-1.70449 -0.872653
-1.64735 -0.837143
-1.7102 -0.870612
-1.66531 -0.861224
-1.64735 -0.863265
-1.67755 -0.881633
-1.73224 -0.909388
-1.69388 -0.892245
-1.70286 -0.895918
-1.71918 -0.900408
-1.67918 -0.887755
-1.66612 -0.881224
-1.66776 -0.879184
-1.6702 -0.877143
-1.70612 -0.883265
-1.66367 -0.877143
-1.65469 -0.872245
-1.59102 -0.832653
-1.69224 -0.880816
-1.66286 -0.860816
-1.65959 -0.853469
-1.63673 -0.846531
-1.65306 -0.855102
-1.69878 -0.883673
-1.66939 -0.877551
-1.70857 -0.896735
-1.70367 -0.89551
-1.68571 -0.880408
-1.66041 -0.868163
-1.73306 -0.909796
-1.65061 -0.866939
-1.72571 -0.897143
-1.69061 -0.894286
-1.66531 -0.877143
-1.70694 -0.899184
-1.66776 -0.872245
-1.66857 -0.881224
-1.67102 -0.878776
-1.68898 -0.886531
-1.6849 -0.882041
-1.65796 -0.871429
-1.66204 -0.873878
-1.72 -0.903673
-1.66122 -0.877143
-1.6898 -0.880816
-1.68653 -0.882449
-1.65796 -0.886122
-1.66612 -0.869388
-1.69959 -0.885306
-1.66531 -0.880408
-1.68816 -0.879184
-1.6302 -0.853061
-1.65388 -0.864898
-1.70857 -0.892245
-1.62531 -0.86
-1.66694 -0.878776
-1.66776 -0.872653
-1.7102 -0.899184
-1.70286 -0.885714
-1.67265 -0.863673
-1.68653 -0.888163
-1.72327 -0.897143
-1.67592 -0.875918
-1.65714 -0.866939
-1.75837 -0.925714
-1.68082 -0.882449
-1.69469 -0.888571
-1.65061 -0.86898
-1.68082 -0.874286
-1.65143 -0.876327
-1.71102 -0.897143
-1.63429 -0.87102
-1.74204 -0.910612
-1.7102 -0.897551
-1.74939 -0.916735
-1.69388 -0.88898
-1.69878 -0.893878
-1.67102 -0.865714
-1.65469 -0.858776
-1.67755 -0.86449
-1.70367 -0.896735
-1.70041 -0.893469
-1.66939 -0.868163
-1.65306 -0.870612
-1.69469 -0.878776
-1.65796 -0.864898
-1.67592 -0.872245
-1.63265 -0.862449
-1.68245 -0.870612
-1.70612 -0.891429
-1.60735 -0.842041
-1.6702 -0.869796
-1.68327 -0.883673
-1.67265 -0.851837
-1.62367 -0.844082
-1.72571 -0.872653
-1.69224 -0.861633
-1.65388 -0.852653
-1.68653 -0.862449
-1.68327 -0.879592
-1.69061 -0.88
-1.69796 -0.878367
-1.66939 -0.873061
-1.65633 -0.873061
-1.64816 -0.866531
-1.69551 -0.884082
-1.6751 -0.887755
-1.66694 -0.87102
-1.61306 -0.840816
-1.68 -0.872245
-1.68327 -0.857959
-1.63918 -0.811837
-1.68571 -0.868163
-1.65061 -0.866122
-1.59918 -0.843265
-1.70857 -0.896327
-1.68408 -0.871429
-1.66776 -0.869796
-1.61306 -0.858367
-1.70531 -0.887755
-1.6849 -0.886531
-1.67102 -0.885714
-1.6898 -0.890612
-1.6702 -0.876327
-1.69143 -0.887347
-1.67102 -0.883265
-1.65633 -0.869796
-1.70612 -0.892245
-1.65306 -0.858776
-1.64653 -0.846939
-1.69714 -0.869388
-1.66939 -0.862041
-1.6849 -0.862449
-1.67918 -0.86449
-1.65878 -0.863673
-1.62694 -0.85102
-1.61878 -0.854286
-1.65388 -0.846939
-1.65959 -0.848571
-1.65633 -0.849796
-1.6702 -0.861224
-1.62204 -0.852245
-1.64735 -0.873878
-1.65224 -0.853469
-1.67102 -0.869388
-1.66367 -0.873061
-1.62531 -0.85102
-1.63673 -0.846939
-1.65796 -0.847755
-1.67265 -0.861633
-1.66122 -0.864898
-1.64 -0.817551
-1.66367 -0.830612
-1.61143 -0.84
-1.66939 -0.870612
-1.68816 -0.881633
-1.70367 -0.903673
-1.73469 -0.902857
-1.66694 -0.87551
-1.68898 -0.872653
-1.64245 -0.833061
-1.64245 -0.871429
-1.71592 -0.897143
-1.68245 -0.882041
-1.69143 -0.884082
-1.69714 -0.89102
-1.67265 -0.883265
-1.70531 -0.905714
-1.69796 -0.889796
-1.6702 -0.877551
-1.67918 -0.867755
-1.67102 -0.869796
-1.66286 -0.857959
-1.64735 -0.841224
-1.63592 -0.842041
-1.67265 -0.865306
-1.64327 -0.855918
-1.64735 -0.855918
-1.67837 -0.879184
-1.64327 -0.869796
-1.64408 -0.861633
-1.6751 -0.86449
-1.70286 -0.888163
-1.69469 -0.882041
-1.69306 -0.894694
-1.72571 -0.910204
-1.67592 -0.855102
-1.66367 -0.874286
-1.66776 -0.857143
-1.68816 -0.866531
-1.69306 -0.878367
-1.69878 -0.88449
-1.65878 -0.873878
-1.70204 -0.893878
-1.71265 -0.886939
-1.69878 -0.894694
-1.6449 -0.861633
-1.70857 -0.88898
-1.67184 -0.879184
-1.67673 -0.886939
-1.70367 -0.889796
-1.6898 -0.887347
-1.70367 -0.891837
-1.64571 -0.871429
-1.6751 -0.877143
-1.63429 -0.848571
-1.65959 -0.867755
-1.7249 -0.895918
-1.7102 -0.9
-1.71347 -0.904898
-1.66041 -0.883265
-1.69714 -0.889796
-1.67673 -0.885306
-1.65551 -0.876327
-1.69714 -0.889388
-1.69306 -0.9
-1.66857 -0.889388
-1.69306 -0.893469
-1.69388 -0.889796
-1.64816 -0.872245
-1.64082 -0.870204
-1.66286 -0.877551
-1.67918 -0.885306
-1.71592 -0.891837
-1.67673 -0.888163
-1.7151 -0.898776
-1.68163 -0.880408
-1.70286 -0.899592
-1.73143 -0.902041
-1.64163 -0.870204
-1.67102 -0.88449
-1.71265 -0.894286
-1.63673 -0.858367
-1.66776 -0.882041
-1.65633 -0.871429
-1.67184 -0.872653
-1.68 -0.876327
-1.69224 -0.877143
-1.68082 -0.868163
-1.65469 -0.866939
-1.68082 -0.86898
-1.68163 -0.875102
-1.6449 -0.843673
