-1.0025 0.15625
-0.9575 0.17375
-0.915 0.1575
-0.93 0.16625
-0.9325 0.1
-0.9525 -0.02375
-0.905 0
-0.9325 -0.05875
-1.0675 -0.17375
-1.1025 -0.20875
-1.09 -0.12875
-1.0225 -0.15625
-1.01 -0.175
-0.9525 -0.1425
-0.93 -0.12375
-1.01 -0.12625
-0.98 -0.14875
-1.0175 -0.09
-1.0925 -0.1225
-1.0225 -0.15125
-1.0125 -0.2725
-1.01 -0.245
-1.0275 -0.245
-1.0825 -0.26875
-1.0475 -0.27625
-0.945 -0.25375
-1.005 -0.20625
-1.025 -0.21125
-0.9125 -0.085
-0.9875 0
-1.0275 -0.0325
-0.9875 -0.09
-1.08 -0.1225
-1.065 -0.1425
-1.0675 -0.14125
-0.99 -0.07375
-0.99 -0.12375
-0.9025 -0.06
-0.8975 0.055
-0.9925 -0.09125
-0.93 -0.16125
-0.9475 -0.02125
-0.88 -0.06375
-1.0375 0.01125
-0.9125 0.035
-1.01 0.0575
-0.925 0.08125
-0.985 0.0775
-0.9275 0.205
-0.9025 0.23625
-0.9575 0.22875
-0.955 0.17875
-0.9875 0.12375
-0.8975 0.1125
-0.9675 0.15625
-0.9475 0.24125
-0.95 0.14375
-0.89 0.175
-0.94 0.1325
-0.9 0.06625
-0.985 0.02625
-0.865 0.02875
-0.9225 0.07
-0.99 0.105
-1.035 0.135
-0.9375 0.08875
-1.035 0.175
-1.0025 0.11875
-0.99 0.09375
-1.0025 0.05125
-0.985 0.03625
-0.955 0.035
-1.0175 0.075
-1.03 0.155
-0.9275 0.04375
-0.955 -0.0275
-0.98 -0.11
-1.0025 -0.18375
-0.975 -0.0825
-1.03 0.01
-0.9625 -0.08
-0.9525 -0.0675
-1.005 -0.035
-0.985 -0.06125
-1.0025 -0.08625
-0.98 0.03
-0.985 0.02125
-0.9525 0.02625
-1.005 0.07625
-1.0825 0.09125
-0.9975 0.07625
-0.9525 0.00625
-0.8875 0.04125
-0.955 0.055
-0.9875 -0.05875
-0.95 -0.11
-0.8875 -0.07
-0.9325 -0.0825
-0.8575 -0.0675
-0.9425 -0.01875
-0.915 -0.0725
-0.92 -0.11375
-0.9525 -0.1325
-0.9275 -0.08875
-0.9025 -0.03625
-0.8875 -0.0275
-0.945 0.04125
-1.0025 0.055
-0.9825 -0.025
-0.9475 -0.0275
-0.9475 0.02375
-0.8875 -0.06375
-0.93 0.03625
-1.02 0.095
-0.9675 0.0975
-1.0225 0.1125
-1.0025 0.105
-1.005 0.0825
-1.0275 0.08625
-0.975 0.08
-1.0375 0.065
-0.9775 0.13
-1.0275 0.18625
-1.01 0.26375
-1.0475 0.235
-1.025 0.28125
-1.0075 0.23125
-0.98 0.215
-0.9575 0.1275
-0.9625 0.0325
-0.945 0.09625
-1.0125 0.12125
-1.0025 0.1
-1.11 0.05125
-1.015 0.04875
-0.9625 0.035
-0.9225 0.02875
-0.915 0.0225
-0.965 0.01875
-0.9425 -0.035
-0.9475 -0.06875
-0.9575 -0.1525
-0.96 -0.14875
-0.9125 -0.01
-0.93 -0.05625
-0.94 -0.01875
-1 -0.11
-0.97 0.03625
-0.9225 0.04
-0.8875 0.08875
-1.005 -0.025
-1.0575 -0.09625
-0.9825 -0.0475
-0.9725 0
-0.92 0.00875
-0.975 0.105
-0.975 0.0375
-0.9475 0.075
-1.005 0.0725
-0.95 0.03
-0.9525 0.04125
-0.9475 -0.02125
-1.0075 0.03125
-1.02 0.045
-0.9725 -0.0875
-0.98 -0.09875
-0.9325 -0.05
-1.0225 0.12
-0.9675 0.06
-0.9175 -0.00875
-0.9875 0.05
-1.1 0.1825
-0.9825 0.2275
-1.0125 0.33
-1.05 0.33
-1.09 0.29125
-1.01 0.18125
-0.96 0.0825
-1 0.13875
-0.965 0.14625
-0.93 0.13125
-0.885 0.0825
-0.9325 0.09
-0.8925 0.04625
-0.9925 0.10625
-0.9275 0.03
-0.9425 0.11125
-0.9225 0.05125
-1.0975 0.11125
-1.055 0.1
-0.9775 0.08125
-0.945 0.06875
-0.895 -0.0425
-0.8925 -0.06125
-0.95 -0.0175
-0.96 -0.04625
-0.9825 -0.0475
-0.94 -0.0825
-0.905 -0.045
-0.965 -0.05
-1.01 -0.0625
-0.9125 -0.105
-0.9825 -0.08
-0.96 -0.1225
-1.0725 -0.21625
-0.9625 -0.27875
-1.0275 -0.26
-0.9725 -0.14
-0.9325 -0.18875
-0.9775 -0.1425
-0.9875 -0.045
-1.07 -0.08
-1.0025 -0.0025
-0.985 -0.0775
-0.9825 -0.03
-1.0425 0.02125
-0.9975 0.03125
-0.9625 -0.045
-1.02 -0.0675
-0.9875 -0.1075
-1.005 -0.025
-0.9675 0.01875
-0.935 -0.0375
-1.0175 -0.0775
-0.98 -0.16375
-1.0225 -0.06
-0.9775 0.0075
-1.0275 -0.035
-0.9825 -0.1275
-0.9825 -0.22
-1.0475 -0.16
-0.9075 -0.16875
-1.04 -0.2375
-0.9675 -0.1075
-0.985 -0.12
-1.025 -0.15125
-1.0175 -0.17875
-0.935 -0.08625
-0.9225 -0.01375
-0.965 -0.03375
-0.99 -0.01875
-0.9725 0.01875
-1.03 -0.0125
-1.06 0.045
-1.025 0.07875
-0.9775 0.11375
-1.07 0.00375
-0.96 -0.01875
-1.015 0.01375
-0.955 0.02625
-0.955 -0.04375
-0.9875 -0.11625
-0.985 -0.05625
-1.0675 -0.075
-1.13 -0.00375
-0.975 0.00875
-0.885 -0.03875
-0.8675 -0.00125
-0.9625 0.0225
-0.9475 -0.005
-0.955 -0.01375
-0.985 -0.02
-0.94 0.055
-0.8875 0.09375
-1.01 0.22375
-1.0175 0.25
-1.1025 0.27125
-0.955 0.16875
-0.9275 0.1025
-0.9925 0.0925
-0.97 0.01
-1.03 -0.155
-0.965 -0.195
-0.96 -0.14875
-0.9325 -0.13375
-0.9375 -0.07625
-0.9375 -0.115
-0.865 -0.0725
-0.8625 -0.0675
-0.9875 -0.0875
-0.9225 -0.12375
-0.965 -0.1125
-0.905 -0.015
-0.9275 -0.18375
-1.015 -0.2325
-1.0075 -0.16625
-0.965 -0.11375
-1.065 -0.1425
-0.98 -0.07
-1.0025 0.09625
-0.955 0.18375
-1.0525 0.2225
-0.9325 0.195
-0.995 0.29625
-0.965 0.2175
-1.05 0.2225
-1.0025 0.28625
-1.0425 0.32125
-1.05 0.265
-0.98 0.28625
-0.97 0.2175
-0.945 0.12875
-0.9675 0.11625
-0.9825 0.11125
-0.92 0.08375
-0.9525 0.0275
-1.055 -0.03875
-1.05 0.02
-1.0825 -0.00125
-1.05 -0.02625
-1.015 -0.08
-0.955 -0.08125
-1.0675 0.0025
-0.9525 0.0425
-0.925 0.12875
-0.9575 0.23125
-0.9825 0.32875
-0.9525 0.28375
-0.875 0.20375
-0.9825 0.26875
-0.9675 0.26875
-0.9025 0.25875
-0.9725 0.28875
-0.98 0.275
-0.9925 0.24
-1.0575 0.17125
-0.9775 0.23
-1.11 0.31375
-1.0125 0.31875
-1.065 0.35125
-0.9725 0.2025
-1.1375 0.2475
-1.1075 0.25
-0.98 0.16125
-1 0.06625
-0.97 0.1175
-0.9525 0.07875
-0.9725 0.10125
-0.925 0.06
-0.9575 0.02
-0.9225 0.11875
-0.965 0.07875
-0.9875 0.21375
-1.0225 0.1775
-0.98 0.0975
-0.9675 0.0875
-0.9375 0.01
-1.01 0.0075
-0.96 0.0725
-0.9175 -0.00125
-0.8675 0.015
-0.9575 0.01875
-0.8975 0.0375
-0.8875 0.09125
-0.9275 0.04375
-0.975 0.0575
-0.9575 -0.07125
-1.03 -0.02875
-1.0375 -0.11875
-0.9475 -0.12
-0.98 -0.1
-1.025 -0.1425
-0.9725 -0.14125
-0.955 -0.1275
-1.01 -0.15125
-0.96 -0.11
-0.87 -0.0525
-0.8925 -0.07
-0.985 -0.125
-0.94 -0.18
-1.0325 -0.065
-0.935 -0.0875
-0.93 -0.13625
-0.9725 -0.09375
-0.9025 -0.005
-0.9425 0.0925
-0.9775 0.13625
-0.9375 0.1975
-0.99 0.1
-0.97 0.0675
-0.91 -0.0225
-0.9225 -0.01125
-1.03 -0.17875
-1.045 -0.04375
-0.9975 0.1225
-0.93 0.11875
-0.985 0.095
-0.97 0.0275
-0.9425 0.11875
-0.955 0.07
-0.9725 0.12125
-1 0.06
-0.9425 -0.035
-0.9825 -0.005
-0.9475 -0.01375
-1.0575 0.0075
-1.0125 -0.00375
-1.095 0.03875
-1.005 -0.04875
-0.9975 -0.12375
-1.0525 -0.2275
-1.0225 -0.24375
-0.8775 -0.13
-1.07 -0.22625
-0.9775 -0.29625
-0.9325 -0.2975
-0.91 -0.22
-0.955 -0.12625
-0.8925 -0.095
-0.9225 -0.12125
-0.9575 -0.09125
-0.9475 -0.06625
-0.9375 -0.0525
-0.995 -0.0325
-1.015 -0.0375
-1.02 -0.02
-0.935 0.04625
-0.985 0.045
-0.9725 0.00625
-0.925 0.055
-0.955 0.18875
-0.9 0.06375
-0.99 -0.075
-0.9275 -0.025
-0.89 -0.08
-0.91 -0.1075
-0.9325 0.01
-0.9425 0.1875
-0.9325 0.135
-1.04 0.25625
-1.05 0.1525
-1.0075 0.1325
-0.95 0.04
-1.0275 0.0475
-0.94 0.08875
-1.065 -0.00375
-1.0525 0.03
-1.0075 -0.035
-0.935 -0.06875
-0.95 0.04375
-0.92 0.11375
-1.055 0.09
-1.0475 -0.01125
-0.9825 -0.0225
-0.94 -0.05625
-0.9675 -0.06375
-0.92 -0.01125
-0.85 -0.16375
-0.97 -0.24375
-0.9625 -0.19125
-0.92 -0.2075
-1.0175 -0.17875
-0.9925 -0.06875
-0.92 -0.0525
-1.1325 0.0375
-1.015 0.055
-0.91 0.1325
-1.015 0.05125
-0.915 0.02625
-1.015 -0.04125
-1.035 -0.07875
-0.935 -0.0925
-0.9575 -0.1075
-1 -0.0325
-1.005 -0.02625
-1.015 0.08
-0.8925 0.00125
-0.9225 -0.06125
-0.9075 -0.10875
-0.97 0.065
-0.92 0.01625
-0.9975 -0.005
-0.965 -0.0725
-1.095 -0.06875
-1.07 -0.05
-0.9525 -0.02375
-1.015 -0.0425
-0.915 -0.055
-0.8675 -0.1825
-0.9025 -0.1375
-0.8925 -0.15875
-0.915 -0.0525
-0.8725 0.00625
-0.9875 0.08625
-0.975 0.15125
-1.0325 0.115
-0.98 0.0625
-0.915 0.1325
-0.925 0.1075
-1.0425 0.01375
-0.9975 0.07875
-0.99 0.0975
-0.9775 0.08625
-0.9225 0.0575
-0.97 0.01875
-0.9475 -0.035
-0.9625 0.05625
-1.125 0.08125
-0.9975 0.105
-0.8925 0.0425
-1.015 0.075
-0.9875 -0.0025
-1.005 -0.04625
-0.985 0.0775
-0.885 0.03
-0.9425 0.06
-0.9625 0.13625
-0.995 0.02125
-1.015 0.04
-0.94 0.00625
-1.0025 -0.015
-1.0175 -0.035
-0.9775 -0.05625
-0.9625 -0.075
-0.9 -0.1075
-0.8975 -0.01875
-0.99 -0.07875
-1.0625 -0.145
-0.975 -0.09875
-0.9875 -0.1875
-1.015 -0.08
-0.96 -0.1725
-0.88 -0.09875
-1.0525 -0.2
-0.9475 -0.15875
-0.9075 -0.09625
-0.97 -0.09375
-0.985 -0.03875
-1.0075 0.03625
-1.05 0.055
-1.0675 0.08625
-1.0175 0.04125
-1.065 0.175
-0.9475 0.12875
-1.07 0.265
-1.0075 0.23
-1.0475 0.25625
-0.96 0.21875
-1.0325 0.20875
-0.95 0.11125
-0.9525 0.165
-0.9575 0.1325
-0.905 0.1775
-0.975 0.04875
-0.9525 0.09875
-0.87 -0.0275
-0.94 -0.1275
-0.845 -0.04
-0.975 -0.02875
-0.995 0.04125
-1.035 -0.07
-0.975 0.01875
-1.1075 -0.09875
-0.915 -0.145
-0.9175 -0.0875
-0.9675 -0.04125
-0.945 0.00125
-1.015 0.06625
-0.9775 -0.08
-1.0275 -0.04875
-0.9525 -0.02
-0.9725 0.09
-0.9725 0.00125
-1.0575 -0.0675
-0.95 -0.02125
-1.005 -0.0475
-0.98 -0.0625
-0.9725 -0.1475
-0.9675 -0.13
-1.005 -0.12625
-0.9475 -0.15625
-0.99 -0.21125
-0.9875 -0.31125
-1.005 -0.3075
-1.0875 -0.25875
-0.98 -0.27625
-1.005 -0.2975
-1.03 -0.2025
-0.9775 -0.22125
-1.03 -0.09625
-0.9425 -0.08375
-0.9125 -0.06625
-0.9725 0.1175
-0.975 0.15875
-0.97 0.155
-0.9875 0.08125
-1.0175 0.02625
-1 -0.0325
-0.975 0.03
-0.915 0.16125
-0.91 0.095
-1.0125 0.09875
-0.93 0.16875
-0.97 0.04625
-0.895 -0.0225
-1 -0.07
-0.9375 -0.0625
-0.9675 -0.06375
-1.02 -0.1275
-0.995 -0.0325
-0.8975 -0.0275
-0.9675 0.16625
-0.9425 0.18
-1.04 0.20625
-0.9325 0.0975
-0.9975 0.0925
-0.9325 0.085
-0.83 0.04625
-0.95 0.1475
-0.9525 0.195
-0.9025 0.18375
-1.0225 0.22875
-0.9875 0.34375
-0.9975 0.35625
-0.9775 0.32875
-0.9425 0.25
-1.01 0.2025
-0.985 0.1275
-0.97 0.16375
-1.03 0.1775
-0.9125 0.14125
-1.075 0.235
-1.0325 0.2325
-0.9575 0.1475
-0.9925 0.1125
-0.9875 0.10125
-0.965 0.23375
-0.96 0.16625
-1.0125 0.16125
-1.03 0.07875
-0.9725 0.0775
-1.08 0.0675
-0.9675 0.0475
-0.9675 -0.0025
-0.9575 0.04375
-0.96 0.11875
-1.0325 0.17
-1.035 0.2525
-0.9075 0.2625
-1.0225 0.2625
-0.9725 0.23375
-0.9525 0.13375
-0.9275 0.06375
-0.9025 0.15
-0.91 0.185
-0.935 0.17875
-0.96 0.055
-1.05 0.03375
-0.985 0.065
-1.04 0.06
-0.945 0.02625
-1.04 0.08
-0.9225 0.105
-0.975 0.0625
-0.96 0.10625
-1.0025 0.25
-1.005 0.2425
-0.96 0.26625
-1.05 0.31625
-1.0575 0.31125
-1.02 0.28375
-0.93 0.2125
-0.995 0.17
-0.95 0.125
-0.9175 0.1075
-0.925 0.07625
-0.99 0.03625
-0.96 0.03375
-0.8725 0.04375
-0.9175 0.01125
-0.985 0.1025
-0.9075 0.05875
-0.8925 -0.02625
-0.89 -0.06375
-0.8925 -0.05
-1.0325 -0.0375
-0.985 -0.06125
-0.94 0.055
-1.05 0.045
-0.98 -0.00375
-1.035 0.15625
-1.015 0.1225
-1.01 0.17375
-1.005 0.1025
-1.0425 0.08125
-0.925 0.1
-0.9875 0.10625
-0.9525 0.10125
-1.0025 0.09875
-1 0.10875
-0.985 0.10625
-1.04 0.05
-0.9575 0.03125
-1.0075 -0.0125
-1.0025 -0.01125
-0.9875 0.01625
-1.005 -0.04
-0.9975 0.055
-0.9825 0.005
-0.93 0.05875
-0.9525 0.0675
-1.015 -0.02875
-0.9175 -0.00875
-0.98 0.035
-0.985 -0.02
-1 -0.04125
-0.9475 -0.0225
-0.9625 -0.00375
-0.985 -0.08
-0.9425 -0.14375
-0.9725 -0.145
-0.975 -0.235
-0.955 -0.22625
-1 -0.165
-0.96 -0.1675
-0.905 -0.13375
-0.975 -0.1225
-0.97 -0.1925
-0.9825 -0.1575
-1.0225 -0.15125
-0.95 -0.13
-0.965 -0.14625
-0.8925 -0.0925
-0.96 -0.09875
-1.0025 -0.06625
-0.855 -0.065
-0.9925 -0.07375
-0.98 -0.0975
-0.98 0
-1.0925 -0.0675
-0.8575 -0.1275
-0.935 -0.08625
-1.01 -0.00375
-0.9175 -0.1575
-1.105 -0.155
-0.985 -0.12125
-0.95 -0.1425
-0.99 -0.2325
-0.9525 -0.1925
-0.98 -0.205
-0.995 -0.15125
-0.9775 -0.16625
-0.96 -0.22875
-1.035 -0.245
-1.04 -0.15875
-0.9825 -0.1675
-0.945 -0.135
-0.935 -0.09625
-1.035 -0.14125
-0.9675 -0.145
-1.01 -0.20875
-1.0375 -0.21875
-1.0575 -0.27875
-0.9 -0.1175
-0.9475 -0.0925
-0.895 -0.0325
-0.9275 -0.05875
-0.8775 -0.08375
-1.04 -0.03375
-0.9475 0.06375
-0.96 0.18
-0.9125 0.075
-0.965 0.11125
-0.9875 -0.03
-1.02 -0.02
-1.09 -0.00875
-1.025 0.03875
-0.93 -0.0425
-0.9575 -0.07
-0.875 -0.0125
-0.955 -0.00125
-0.9075 0.02625
-1.04 0.0525
-0.96 0.13875
-1 0.245
-0.9775 0.24625
-1.0225 0.2675
-0.9475 0.235
-0.895 0.16875
-0.975 0.205
-0.9075 0.2425
-1 0.2475
-0.945 0.25
-1.0175 0.1975
-0.9625 0.08375
-0.9725 0.05
-0.985 -0.025
-0.9725 0.0025
-0.9225 -0.1225
-0.9475 -0.0225
-1.0225 -0.01625
-1.055 -0.08
-0.955 -0.08125
-0.8875 -0.0225
-0.9325 0.035
-0.995 -0.13625
-1.0075 -0.16875
-0.9875 -0.13125
-0.9625 -0.06625
-0.955 -0.12
-0.8875 -0.16625
-0.9275 -0.1275
-0.94 -0.1275
-1.005 -0.06125
-0.9725 -0.07875
-0.9925 -0.21875
-0.96 -0.22125
-0.9925 -0.20125
-1.025 -0.1025
-0.9625 -0.0875
-1.07 -0.01625
-0.9675 -0.00625
-1.04 -0.0275
-0.985 -0.1175
-1.035 -0.1225
-1.03 -0.195
-1.0425 -0.11625
-0.99 -0.13
-0.945 -0.19
-0.9725 -0.1925
-0.8625 -0.0425
-1.065 -0.08
-1.0075 -0.015
-1.02 0.01625
-0.9125 -0.1625
-0.9125 -0.16125
-0.97 -0.18875
-1.0475 -0.125
-0.98 -0.12625
-0.9575 -0.11625
-0.89 -0.0775
-0.945 -0.0825
-0.99 -0.08375
-0.97 -0.0275
-1.015 -0.00125
-0.98 0.03125
-0.97 -0.00375
-0.975 -0.00875
-1.04 -0.13875
-1.0025 -0.17125
-1.0375 -0.235
-1.0875 -0.23125
-1.0225 -0.12625
-0.96 -0.17875
-1.09 -0.29875
-1.025 -0.395
-0.965 -0.3075
-1.01 -0.31
-1.03 -0.115
-0.8875 -0.0675
-0.95 -0.0925
-1.005 -0.125
-0.985 -0.06875
-0.9 -0.0275
-1.0575 -0.085
-1.005 -0.02125
-1.0925 -0.14375
-0.9325 -0.04125
-0.9375 -0.0975
-1.1575 -0.195
-0.9275 -0.12625
-1.03 -0.2625
-0.985 -0.20375
-1.0475 -0.19625
-0.975 -0.0875
-0.9525 -0.045
-0.9375 -0.03
-0.9475 -0.05
-0.9625 0.0925
-1.095 0.09625
-1.0225 0.1425
-0.9675 0.1375
-0.95 0.1225
-1.0325 0.075
-0.9975 -0.00875
-0.965 0.0225
-0.995 0.155
-0.955 0.15875
-0.9025 0.12
-0.9625 0.14625
-0.9975 0.04375
-0.9875 0.03
-0.965 0.0025
-0.91 -0.04875
-0.9425 -0.08125
-1.015 -0.115
-0.9475 -0.205
-0.9825 -0.20375
-0.9375 -0.06625
-0.9725 -0.005
-0.9475 0.06125
-0.8825 0.015
-0.94 -0.01625
-0.9875 -0.01125
-0.9325 0.03
-1.025 0.0725
-0.96 0.11125
-0.9275 0.03875
-0.87 -0.0425
-0.935 0.0425
-0.8975 0.04875
-0.955 0.02625
-1.025 0.04375
-0.96 0.05125
-1.0275 0.0125
-1.0075 -0.00375
-1.055 -0.0375
-0.96 0.03625
-0.9425 0.0225
-0.9425 -0.01875
-0.8975 0.0525
-1.0575 -0.10875
-0.935 -0.15
-1.0425 -0.09625
-1.045 -0.2
-1 -0.29875
-0.965 -0.14625
-0.9425 -0.275
-0.99 -0.22
-1.0025 -0.135
-1.055 -0.27375
-0.9825 -0.17875
-1.0325 -0.14
-1.0075 -0.13875
-1.0325 -0.18125
-1.0975 -0.2225
-0.99 -0.17875
-1.02 -0.23625
-0.9375 -0.14
-1.0375 -0.12125
-0.935 -0.09875
-0.935 -0.07
-1 -0.06
-1.0125 -0.015
-0.96 -0.01125
-0.9275 -0.05125
-1.0075 -0.11875
-0.965 -0.03
-0.905 0.05
-0.96 0.03875
-0.9975 0.0325
-0.975 0.13375
-0.94 0.2125
-0.98 0.27625
-0.8925 0.185
-0.955 0.04125
-0.9275 -0.015
-0.975 -0.06875
-0.9625 -0.09125
-1.0325 -0.09625
-1.05 -0.20375
-0.9975 -0.19125
-0.92 -0.14125
-0.925 -0.12
-0.9975 -0.29125
-0.935 -0.1925
-0.96 -0.17
-1.0325 -0.22
-0.9775 -0.27375
-1.025 -0.25125
-0.9725 -0.11125
-0.8725 -0.08
-0.99 -0.095
-0.91 -0.04875
-0.9675 -0.035
-0.9425 -0.08
-0.925 -0.06
-0.865 -0.09125
-0.915 -0.0025
-0.915 -0.02625
-0.975 -0.0675
-0.99 -0.08125
-0.965 0.02625
-0.9925 0.06375
-1.0275 0.155
-1.0725 0.1425
-0.96 0.01
-0.905 0.1625
-1.015 0.18875
-0.89 0.175
-1.015 0.1725
-0.94 0.21625
-0.9575 0.26
-1.0025 0.2125
-0.98 0.22875
-1.04 0.2475
-0.95 0.17125
-0.9575 0.26625
-0.9925 0.275
-0.94 0.2425
-0.97 0.19375
-0.9625 0.19125
-1.025 0.3
-1.045 0.16875
-1.09 0.04875
-1.01 -0.015
-1.03 -0.06
-0.99 -0.00375
-0.995 0.05625
-1.08 0.06625
