-1.0225 -0.08625
-1.105 -0.05
-1.1125 -0.11375
-1.0175 -0.11875
-1.0825 -0.15875
-1.1 -0.16875
-1.0875 -0.1575
-1.025 -0.17875
-1.075 -0.09375
-1.0225 -0.0525
-1.1175 -0.11625
-1.06 -0.11625
-0.99 -0.08
-1.0575 -0.09
-1.0775 -0.1225
-1.0975 -0.0425
-1.125 -0.0375
-1.0375 -0.00125
-1.0425 0.0525
-0.9625 0.03
-1.0675 -0.0575
-1.125 0.08
-1.08 0.0625
-1.0575 0.1925
-1.1125 0.25875
-1.0775 0.245
-1.055 0.21625
-1.05 0.30125
-1.15 0.35875
-1.1225 0.32875
-1.07 0.23875
-1.105 0.2675
-1.0925 0.165
-1.0675 0.0525
-1.0225 0.0875
-1.0725 0.08125
-1.0175 0.105
-1.115 0.0275
-1.045 -0.04875
-1.0975 0.035
-1.0475 0.1525
-1.0425 0.14
-1.025 0.21
-1.07 0.21125
-1.11 0.085
-1.0775 0.04875
-1.0025 -0.03
-1.0675 0.0325
-0.985 0.1275
-0.9675 0.11875
-0.965 0.12375
-1.0775 0
-1.1425 -0.05375
-1.0575 -0.07625
-1.095 -0.195
-1.0725 -0.19625
-1.1275 -0.19125
-1.06 -0.205
-1.0875 -0.22125
-1.06 -0.14125
-1.055 -0.13875
-0.975 -0.06
-1.0675 0.0275
-0.98 -0.0525
-1.0775 -0.04625
-0.9975 -0.02125
-1.03 0.04375
-1.11 0.0675
-1.0975 0.0675
-1.13 0.0125
-1.0175 -0.04375
-0.955 0.0025
-0.94 -0.04375
-1.1275 -0.08375
-1.085 -0.12
-1.1025 -0.03
-1.09 -0.05125
-1 -0.06
-1.0825 -0.085
-1.08 -0.0875
-1.0025 -0.125
-1.0375 -0.05875
-1.035 -0.02875
-1.02 -0.09
-1.0675 -0.0125
-1.09 0.06
-1.1175 -0.0725
-1.0725 -0.0825
-0.9875 -0.095
-1.085 -0.10625
-1.0725 -0.07
-1.085 -0.185
-1.065 -0.21625
-1 -0.19
-1.025 -0.16125
-1.0225 -0.21125
-1.005 -0.24625
-0.9825 -0.18
-1.1275 -0.25125
-1.1525 -0.34
-1.06 -0.38
-1.125 -0.47625
-1.07 -0.37625
-1.075 -0.31375
-1.0325 -0.26375
-1.0325 -0.17
-0.9925 -0.1875
-1.015 -0.23625
-1.0325 -0.2075
-1.0375 -0.155
-1.06 -0.23375
-1.065 -0.21
-1.0425 -0.07625
-0.975 -0.08
-0.9875 -0.1225
-0.99 -0.07125
-1.0825 0.1025
-1.1 0.12375
-1.0475 0.0975
-1.08 0.0825
-1.1025 0.15
-1.0425 0.1125
-1.0025 0.15125
-1.0375 0.0625
-1.1125 -0.07
-1.055 -0.01375
-1.04 -0.00625
-1.0775 0.00875
-1.0225 0.01375
-1.0475 -0.015
-1.0825 0.07125
-1.08 0.115
-1.0375 0.09125
-1.0275 0.1575
-1.0925 0.17625
-1.135 0.0375
-1.035 0.04875
-1.1375 0.07
-0.965 0.05625
-1.0475 0.03
-1.04 0.0325
-1.0675 0.0325
-0.9225 0.1025
-1.0075 0.07125
-1.0725 0.17875
-1.0175 0.1775
-1.0925 0.16125
-1.0975 0.2425
-1.035 0.18625
-1.0325 0.1675
-0.9925 0.1325
-0.955 0.09375
-0.985 0.0675
-0.9425 0.04125
-0.9875 -0.07875
-0.9825 -0.0575
-1.075 -0.0525
-1.0875 -0.03875
-1.11 -0.02
-1.115 -0.08
-1.105 -0.02
-1.0125 -0.05375
-1.1125 -0.115
-1.04 -0.1175
-1.0975 -0.17625
-1.0375 -0.19375
-1.13 -0.05625
-1.1075 0.005
-1.1675 -0.06
-1.1525 -0.0025
-1.0425 0.065
-1.0375 0.1325
-0.9475 -0.01125
-1.0025 0.0425
-1.065 -0.02875
-1.0025 -0.03375
-0.9925 -0.11875
-1.06 -0.16125
-1.095 -0.285
-1.1075 -0.27375
-1.085 -0.2375
-1.02 -0.16
-1.0425 0.00375
-1.025 0.06625
-1.15 0.11125
-1.005 0.0575
-1.0625 0.05125
-1.1625 0.02
-1.1175 0.03875
-1.1425 0.1475
-1.1325 0.06125
-1.0975 -0.00875
-1.065 -0.0725
-1 0
-0.9925 -0.045
-1.1225 -0.06
-1.11 -0.11875
-1.13 -0.14875
-1.04 -0.19125
-1.18 -0.30125
-1.0625 -0.25875
-1.1 -0.18375
-1.095 -0.185
-1.025 -0.075
-1.0025 -0.09125
-1.0575 -0.0975
-1.0175 -0.18625
-1.08 -0.11875
-1.01 -0.13625
-0.985 -0.0925
-1.0275 -0.0125
-1.035 -0.08
-1.1325 0.04375
-1.1725 0.0075
-1.0225 0.0425
-1.0275 -0.04125
-1.045 -0.08375
-0.97 -0.085
-1.1225 -0.14375
-1.1025 -0.075
-1.0725 -0.12125
-1.1125 -0.16625
-1.1075 -0.1775
-1.055 -0.21625
-1.0825 -0.29375
-1.0875 -0.24
-0.9675 -0.27375
-1.0825 -0.28375
-0.935 -0.1475
-1.0725 -0.21125
-1.0625 -0.21625
-1.18 -0.18625
-1.19 -0.195
-1.0875 -0.17125
-1.085 -0.1225
-1.105 -0.07625
-1.0425 -0.16375
-1.04 -0.13125
-1.05 -0.025
-1.025 -0.09125
-1.065 -0.02375
-1.08 -0.00125
-1.0425 0.00625
-0.985 -0.01625
-1.0625 -0.05
-1.0225 -0.0925
-1.01 -0.10375
-1.105 -0.2075
-1.0125 -0.185
-1.0475 -0.10875
-1.13 -0.21125
-1.095 -0.09
-1.12 -0.07125
-1.0175 -0.07
-1.1025 -0.05
-1.14 -0.0775
-1.135 -0.01375
-1.125 0.075
-1.2 -0.045
-1.09 -0.03
-1.165 -0.01
-1.0775 -0.06875
-1.175 -0.09375
-1.205 -0.12875
-1.0375 -0.07875
-1.0625 -0.145
-1.085 -0.09
-1.12 -0.1025
-1.1225 -0.12875
-1.135 -0.1075
-1.1025 -0.03125
-1.165 -0.0325
-1.0775 -0.01
-1.1625 -0.04625
-1.0525 0.0275
-1.0725 -0.01625
-1.0675 -0.03875
-0.99 -0.0325
-1.03 -0.05375
-1.065 -0.01375
-1.0325 -0.07625
-1.0275 -0.0575
-1.17 -0.0675
-1.1175 -0.15625
-1.06 -0.11
-1.0625 -0.055
-1.1925 -0.0425
-1.1525 -0.0825
-1.0425 -0.06375
-1 0.0925
-1.085 0.17375
-1.175 0.21625
-1.1175 0.125
-1.0625 0.13625
-0.9875 0.06375
-1.115 0.05875
-1.1 0.0525
-1.07 0.04
-1.005 0.0325
-1.0025 -0.02375
-1.1025 0.05
-1.0575 -0.03125
-1.075 -0.13375
-1.135 -0.11375
-1.16 -0.09625
-1.145 -0.1225
-1.1425 -0.10875
-1.0925 -0.01
-1.115 0.13
-1.1425 0.085
-1.035 0.06
-0.9875 0.06125
-1.07 0.115
-1.1575 0.15125
-1.01 0.0675
-1.045 0.0375
-0.9625 0.0075
-1.135 0.0325
-1.02 -0.0375
-0.96 0.0075
-1.07 -0.03875
-1.035 -0.01625
-1.065 -0.05625
-0.95 -0.00875
-1.095 -0.09875
-1.045 -0.055
-1.03 0.03625
-1.11 0.00875
-0.99 0.105
-1.0025 0.1375
-1.015 0.18875
-0.99 0.125
-0.9925 0.07875
-0.985 0.115
-1.0275 0.1025
-1 0.05625
-0.9825 0.12625
-0.9975 0.10125
-1.0825 0.1025
-1.0975 0.145
-1.02 0.1425
-1.095 0.14125
-1.105 0.18
-1.0675 0.11875
-1.02 -0.0125
-1.065 0.00125
-1.0375 -0.06625
-1.0775 -0.18875
-1.06 -0.21
-1.13 -0.235
-1.01 -0.14875
-1.0375 -0.2025
-1.12 -0.17
-1.0925 -0.1425
-1.0775 -0.145
-1.13 -0.28
-1.09 -0.315
-1.03 -0.28125
-1.015 -0.30125
-1.08 -0.32375
-1.015 -0.23625
-1.0475 -0.25875
-1.11 -0.28125
-0.9575 -0.2025
-1.0275 -0.21875
-1.1075 -0.17375
-1.005 -0.1575
-1.055 -0.18625
-0.9225 -0.09375
-1.0575 -0.02
-1.0725 0.04375
-1.0625 0.02125
-1.015 0.045
-1.015 -0.05
-1.0175 -0.1775
-1.035 -0.14
-1.02 -0.08125
-1.0125 -0.08375
-1.065 -0.085
-1.035 -0.13125
-1.05 -0.2125
-1.095 -0.20625
-1.125 -0.19375
-1.115 -0.205
-0.9575 -0.15
-1.01 -0.20125
-1.1075 -0.2775
-1.065 -0.27875
-1.0925 -0.3975
-1.09 -0.32125
-1.06 -0.3825
-1.085 -0.35875
-1.1525 -0.45375
-1.2 -0.52625
-1.23 -0.5075
-1.135 -0.5025
-1.18 -0.5275
-1.205 -0.5375
-1.1875 -0.49875
-1.1725 -0.55875
-1.125 -0.49125
-1.1575 -0.54
-1.21 -0.48
-1.225 -0.455
-1.035 -0.40125
-1.1525 -0.4725
-1.16 -0.3875
-1.05 -0.365
-0.98 -0.27625
-0.9975 -0.2475
-1.0375 -0.26375
-1.08 -0.31375
-1.05 -0.26
-0.965 -0.1925
-1.055 -0.2025
-1.125 -0.25
-1.1 -0.21125
-1.07 -0.225
-1.1075 -0.26625
-1.095 -0.11625
-1.0625 -0.03
-1.0825 -0.1175
-1.055 -0.13
-1.0075 -0.09875
-1.005 -0.07
-1.08 -0.0525
-1.0875 -0.08875
-1.045 -0.10625
-1.0975 -0.09625
-1.0325 -0.17375
-1.02 -0.19
-1.05 -0.26
-1.0325 -0.13875
-1.0775 -0.2175
-1.05 -0.09
-1.125 -0.15375
-1.065 -0.1375
-1.14 -0.20375
-1.1125 -0.08
-1.04 -0.10125
-0.9375 -0.115
-1.055 -0.12375
-1.0825 -0.13125
-1.0275 -0.0425
-0.9625 -0.12625
-1.105 -0.18875
-1.09 -0.15625
-1.03 -0.12375
-1.0325 -0.16875
-1.0625 -0.175
-1.11 -0.245
-1.1275 -0.2525
-1.0975 -0.25125
-1.02 -0.275
-1.1125 -0.25625
-1.1125 -0.24625
-0.9875 -0.0825
-1.0275 -0.1325
-1.03 -0.15
-1.0575 -0.0925
-1.1075 -0.0825
-1.1375 -0.05625
-1.1 -0.03
-1.0775 -0.17625
-1.0725 -0.1175
-1.1075 0.04
-1.0475 0.04125
-1.065 0.07125
-1.1275 0.18
-1.07 0.2375
-1.005 0.155
-1.005 0.12
-1.135 0.02375
-1.1925 0.00875
-1.0375 0.10875
-0.9825 -0.0325
-1.1 0.01
-0.9975 -0.0275
-1.07 0.0225
-1.0425 -0.0125
-0.9875 -0.06875
-1.0175 -0.0325
-1.0325 0.01625
-1.1375 -0.1125
-1.0775 -0.08625
-1.0125 -0.0125
-1.1025 -0.0825
-0.95 0.0375
-1.025 0.06375
-1.1325 0.0625
-1.055 -0.02375
-0.9675 0.0975
-1.0925 0.02375
-1.08 0.0475
-1.11 0.025
-1.2 0.17625
-1.005 0.12125
-1.085 0.06875
-1.095 0.04625
-1.1125 0.03875
-1.065 0.03125
-1.0075 0.03
-1.0675 -0.04125
-1.1675 -0.14625
-1.0925 -0.0375
-1.0175 0.0625
-1.105 -0.06875
-1.0975 -0.13875
-1.1575 -0.0125
-1.07 -0.07125
-1.1975 -0.085
-1.0525 -0.09375
-1.0275 -0.04125
-1.04 0.00125
-1.0725 0.02
-0.9975 -0.03375
-1.095 0.04875
-1.17 0.14125
-1.0625 0.16125
-1.08 0.1575
-1.14 0.14
-0.965 0.0775
-1.0125 0.145
-0.9975 0.215
-0.9975 0.16
-1.08 0.1475
-0.975 0.03875
-1.04 0.0725
-1.0325 0.09625
-1 0.08
-0.995 0.1175
-1.01 -0.03125
-1.145 0.09875
-1.0475 -0.0675
-1.03 -0.11
-0.995 -0.05625
-1.015 -0.1175
-1.05 -0.17625
-1.03 -0.15875
-1.0275 -0.17
-1.085 -0.155
-0.9825 -0.18875
-1.0575 -0.17375
-1.1125 -0.26875
-1.02 -0.18
-0.9625 -0.16375
-1.01 -0.19125
-0.9925 -0.20625
-1.0875 -0.34625
-1.19 -0.37
-1.1225 -0.31
-1.0025 -0.225
-0.9925 -0.14125
-1.025 -0.1225
-1.0175 -0.18
-1.0825 -0.21625
-1.025 -0.135
-1.0175 -0.1
-1.0225 -0.06625
-1.1475 -0.06625
-1.0725 -0.175
-1.1175 -0.195
-1.1725 -0.17
-1.06 0.00375
-1.0525 0.0475
-1.065 0.12125
-1.04 0.2025
-1.0925 0.265
-1.135 0.26375
-1.11 0.31
-1.0575 0.30125
-0.97 0.23
-1.025 0.3075
-1.0475 0.24
-1.1175 0.215
-1.135 0.17625
-1.1875 0.16625
-1.06 0.04125
-1.04 -0.01375
-1.0375 0.13
-1.015 0.22875
-1.055 0.10375
-1.08 0.1675
-1.1125 0.25375
-1.025 0.15875
-0.97 0.06625
-0.945 0.07
-0.9225 -0.03
-1.0625 -0.01875
-1.04 -0.00875
-1.1125 -0.09875
-1.12 -0.155
-1.045 -0.22625
-1.0875 -0.205
-1.065 -0.24
-1.02 -0.16375
-1.0975 -0.14375
-1.0875 -0.1275
-0.97 -0.23625
-0.985 -0.13375
-0.9725 -0.0675
-1.055 -0.07125
-1.05 -0.0425
-0.945 -0.1275
-1.0975 -0.08375
-1.105 -0.14125
-1.125 -0.1675
-1.0475 -0.19125
-1.0125 -0.22125
-1.125 -0.315
-1.09 -0.255
-1.0525 -0.23125
-1.115 -0.035
-1.0775 -0.0625
-1.0475 -0.00375
-1.125 -0.06375
-1.105 -0.08875
-1.0575 -0.09125
-1.09 -0.065
-1.06 -0.06
-1.0475 -0.065
-1.035 -0.12625
-1.1175 -0.12875
-1.1425 -0.10875
-0.9925 -0.2325
-1.0025 -0.285
-1.1275 -0.38875
-1.1225 -0.335
-1.08 -0.3025
-1.1375 -0.33875
-1.1425 -0.42375
-1.1025 -0.46375
-1.0625 -0.47375
-1.12 -0.4475
-1.21 -0.5
-1.175 -0.44125
-1.0775 -0.35625
-1.01 -0.2725
-1.0225 -0.26375
-1.0775 -0.215
-1.0225 -0.2625
-1.135 -0.285
-1.0575 -0.24
-1.0275 -0.2425
-1.1075 -0.2675
-1.1125 -0.205
-0.985 -0.14125
-1.1875 -0.2125
-1.145 -0.26375
-1.1125 -0.13625
-1.0925 -0.08375
-1.0875 -0.07125
-1.05 -0.05625
-1.0875 0.0325
-1.12 -0.01375
-1.0125 -0.015
-1.09 -0.01875
-1.0475 -0.05
-1.0225 -0.12875
-1.0575 -0.13125
-1.0825 -0.15125
-1.11 -0.16875
-1.015 -0.18125
-1.0325 -0.19125
-1.0825 -0.32375
-1.08 -0.30875
-1.085 -0.26375
-1.145 -0.31
-1.0475 -0.305
-1.1 -0.3
-1.11 -0.27125
-1.095 -0.28625
-1.1625 -0.25
-1.17 -0.31625
-1.0875 -0.27
-1.095 -0.23625
-1.12 -0.25625
-1.115 -0.295
-1.0975 -0.23375
-1.02 -0.245
-1.0775 -0.175
-1.095 -0.23875
-1.055 -0.15375
-1.0475 -0.165
-1.075 -0.015
-1.0025 0.0275
-1.0325 0.035
-1.03 0.0725
-1.1375 0.08
-1.0825 0.0125
-1.1075 0.06625
-1.06 0.05625
-0.96 0.0225
-1.0925 0.09625
-1.0325 0.07375
-1.14 0.04375
-1.075 0.09125
-1.045 0.13375
-1.1375 0.21375
-1.0275 0.14375
-1.0325 0.11625
-1.095 -0.0075
-1.14 -0.0675
-1.065 -0.13125
-1.0575 -0.09125
-1.0975 -0.15375
-1.1075 -0.23375
-1.015 -0.19875
-1.0675 -0.22
-1.09 -0.22375
-1.105 -0.21625
-1.06 -0.26
-1.08 -0.29375
-1.025 -0.205
-1.02 -0.14375
-1 -0.125
-1.105 -0.095
-1.125 -0.0375
-1.07 0
-1.0575 -0.00875
-0.945 -0.03875
-1.09 -0.0225
-1.0325 -0.025
-1.0675 0.0775
-1.0875 0.0525
-1.1825 0.16125
-1.18 0.03125
-1.1175 0.08625
-1.105 0.04375
-1.145 0.06125
-1.095 0.11875
-1.015 0.1775
-1.0675 0.1925
-1.16 0.25125
-1.0775 0.22
-1.16 0.1825
-1.15 0.2175
-1.03 0.0775
-1.155 0.17125
-1.1775 0.1875
-1.13 0.25
-1.1725 0.2825
-1.155 0.25
-1.1025 0.21625
-1.02 0.155
-1.0125 0.2225
-0.965 0.14
-1.1175 0.2425
-1.045 0.23
-1.0725 0.2225
-1.0925 0.23375
-1.0875 0.18625
-1.0725 0.18
-1.0725 0.24
-1.045 0.23125
-1.11 0.225
-1.1175 0.25875
-1.025 0.1725
-1.115 0.25125
-1.1475 0.19
-1.15 0.24625
-1.065 0.19625
-0.955 0.15375
-1.085 0.16875
-1.0425 0.1225
-1.13 0.1475
-1.0675 0.21125
-1.045 0.2325
-0.975 0.2175
-1.0775 0.24375
-1.065 0.18375
-1.075 0.23125
-1.1175 0.2875
-1.0775 0.165
-1.05 0.135
-1.09 0.1175
-0.9625 0.0725
-1.08 -0.01125
-1.0775 0.02
-1.045 0.065
-0.9525 0.10125
-1.05 0.16625
-1.0475 0.06375
-0.9425 0.03625
-1.0275 -0.0475
-1 -0.065
-0.9525 -0.165
-1.0025 -0.09125
-1.02 -0.06
-1.0175 -0.02
-1.105 -0.0975
-0.9775 -0.03
-1.025 -0.04875
-1.05 0.005
-1.1175 0.0175
-1.0675 -0.14
-1.22 -0.21625
-1.04 -0.14
-1.0175 -0.03875
-1.0675 -0.13
-1.0675 -0.11375
-1.1025 -0.12375
-1.1525 -0.1475
-1.0725 -0.13375
-1.1825 -0.0525
-1.145 -0.04
-1.165 -0.0625
-1.13 -0.06125
-0.965 -0.08
-0.945 -0.1
-0.9875 -0.11375
-1.035 -0.105
-0.9925 -0.13625
-0.96 -0.1275
-1.0825 -0.11375
-1.1725 -0.10625
-1.1025 -0.015
-1.14 -0.06125
-1.055 -0.03875
-1.0225 -0.025
-1.025 0.0225
-0.905 -0.05125
-0.945 -0.12375
-0.9 -0.115
-1.03 -0.10625
-0.995 -0.08625
-1.0725 -0.06375
-1.12 -0.04
-1.09 0.03625
-1.0075 -0.0075
-1.06 0.095
-1.0975 0.10125
-1.1225 0.21625
-1.085 0.17125
-1.0575 0.205
-1.1175 0.14
-1.1625 0.15375
-1.15 0.12
-1.165 0.11375
-1.065 0.005
-1.1075 -0.025
-1.1325 -0.025
-1.09 -0.0625
-1.07 -0.2025
-1.0425 -0.29125
-1.09 -0.34875
-1.06 -0.26
-1.1425 -0.3
-1.095 -0.2475
-1.0725 -0.185
-1.0675 -0.11375
-1.0125 -0.06125
-1.085 -0.04875
-1.08 -0.10625
-1.095 -0.08375
-1.0575 -0.0175
-1.05 0.04375
-1.105 0.09125
-1.13 0.10125
-1.1 0.12875
-1.0925 0.065
-1.02 0.03
-1.08 0.0075
-1.0325 -0.03125
-1.035 -0.0725
-0.96 0.06125
-1.1225 0.04375
-1.0875 0.135
-1.0675 0.1875
-1.1325 0.12375
-1.0975 0.065
-1.07 0.08625
-1.085 -0.0275
-1.045 0.0125
-1.1225 0.08
-1.0875 -0.02875
-1.2075 -0.05125
-1.115 0.0175
-1.09 -0.0375
-1.13 -0.00875
-1.1175 -0.01375
-1.1725 -0.06875
-1.0475 -0.02375
-1.0375 -0.1225
-1.0725 -0.15375
-0.9975 -0.15875
-0.9875 -0.1675
-1.0725 -0.20625
-1.1275 -0.28875
-1.0975 -0.23875
-1.055 -0.2125
-1.03 -0.13625
-1.05 -0.03125
-1.0675 -0.1525
-1.055 -0.12125
-0.995 -0.1225
-1.11 -0.1325
-1.175 -0.22875
-1.1825 -0.26
-1.1275 -0.21
-1.0475 -0.1475
-0.9375 -0.17375
-1.005 -0.23375
-1.035 -0.305
-1.1175 -0.175
-1.06 -0.09
-1.0325 -0.13125
-1.1225 -0.145
-1.1075 -0.14625
-1.05 -0.12375
-0.9725 -0.105
-1.065 -0.16125
-1.1025 -0.19
-1.0325 -0.17625
-1.025 -0.1925
-1.0525 -0.30875
-1.145 -0.3575
-1.2125 -0.41875
-1.2625 -0.4475
-1.2175 -0.4175
-1.03 -0.355
-1.1225 -0.43375
-1.1525 -0.345
-1.095 -0.39375
-1.0825 -0.37375
-1.0725 -0.1775
-1.08 -0.09
-1.025 0.03625
-1.0525 0.16625
-1.105 0.10375
-1.04 0.07
-1.06 0.0425
-1.04 0.0275
-1.0925 0.12
-1.0725 0.1425
-1.02 0.085
-0.925 0.09
-1.0525 0.25125
-1.04 0.21625
-1.05 0.1975
-1.19 0.1925
-1.115 0.18375
-1.1175 0.13125
-1.0875 0.01
-1.125 0.0175
-1.04 0.0225
-1.045 0.10375
-1.055 0.09625
-1.06 -0.02625
-1.0625 -0.015
-1.05 0.08625
-1.105 0.05625
-1.0775 -0.0275
-1.0825 -0.03
-1.105 -0.02
-1.2075 -0.10125
-1.13 -0.085
-1.1525 -0.11125
-1.18 -0.21875
-1.02 -0.22375
-1.0975 -0.155
-1.1875 -0.16625
-1.075 -0.12625
-1.07 -0.0075
-1.025 0.035
-1.09 0.0275
-1.145 0.02125
-1.1675 -0.00375
-1.1125 0.0275
-1.115 -0.02
-1.0125 -0.0125
-0.9875 0.01
-1.015 0.01375
-1.0575 -0.065
-1.09 -0.07625
-1.08 -0.10125
-1.0725 -0.1125
-1.18 -0.2325
-1.135 -0.21375
-1.07 -0.1775
-1.08 -0.06625
-1.125 -0.07375
-1.105 0.01875
-1.1775 0.12375
-1.165 0.09375
-1.0875 0.09125
-1.0725 0.04625
-1.075 -0.02875
-1.0875 -0.04
-1.1175 -0.11
-1.0775 -0.1225
-1.035 -0.09625
-1.0725 -0.04125
-1.1325 0.0125
-1.15 0.07
-1.11 -0.04375
-1.03 0.04875
-1.18 0.0625
-1.075 -0.07
-1.1375 -0.01125
