-1.26 0.45
-1.2525 0.34375
-1.26 0.39875
-1.305 0.355
-1.2675 0.36375
-1.24 0.365
-1.2775 0.38375
-1.315 0.41375
-1.3025 0.47625
-1.2275 0.45
-1.1775 0.32125
-1.17 0.36625
-1.1175 0.34125
-1.23 0.34875
-1.23 0.2925
-1.2925 0.24125
-1.19 0.215
-1.2175 0.2925
-1.275 0.3425
-1.3 0.37125
-1.3675 0.4425
-1.2825 0.42
-1.2625 0.41125
-1.275 0.34625
-1.2525 0.26375
-1.3 0.3225
-1.335 0.3525
-1.2775 0.3625
-1.1025 0.37
-1.1975 0.3875
-1.2125 0.39375
-1.235 0.41125
-1.2075 0.285
-1.1675 0.34875
-1.21 0.3825
-1.245 0.345
-1.2425 0.31
-1.34 0.23875
-1.1975 0.20875
-1.2 0.21375
-1.175 0.15625
-1.215 0.2075
-1.2375 0.2825
-1.225 0.26
-1.255 0.28875
-1.2475 0.30625
-1.16 0.26625
-1.2025 0.27125
-1.165 0.3325
-1.215 0.36625
-1.2275 0.35875
-1.19 0.35
-1.245 0.33
-1.2025 0.355
-1.1325 0.27375
-1.2075 0.32125
-1.25 0.2675
-1.1775 0.205
-1.1975 0.19625
-1.19 0.12375
-1.255 0.17375
-1.2725 0.2275
-1.3175 0.2225
-1.2075 0.2225
-1.3125 0.27625
-1.3 0.2625
-1.29 0.29875
-1.225 0.295
-1.2325 0.36875
-1.295 0.34875
-1.25 0.34
-1.2025 0.435
-1.3225 0.55875
-1.2475 0.46
-1.275 0.53625
-1.4025 0.58375
-1.2775 0.52125
-1.34 0.52125
-1.2525 0.5125
-1.215 0.4475
-1.2675 0.55375
-1.1925 0.4525
-1.245 0.4975
-1.385 0.495
-1.28 0.4825
-1.3575 0.5225
-1.32 0.435
-1.245 0.41875
-1.1975 0.30375
-1.1925 0.18625
-1.2175 0.215
-1.225 0.155
-1.235 0.2475
-1.2825 0.29375
-1.2825 0.33125
-1.235 0.37625
-1.2775 0.365
-1.3275 0.3775
-1.265 0.3625
-1.2175 0.32875
-1.31 0.28875
-1.235 0.31875
-1.255 0.41375
-1.345 0.4175
-1.2775 0.42375
-1.275 0.4075
-1.19 0.4025
-1.185 0.38
-1.1625 0.38375
-1.2175 0.30625
-1.1675 0.31375
-1.27 0.3825
-1.285 0.33
-1.265 0.2775
-1.3125 0.3325
-1.2725 0.36125
-1.24 0.2975
-1.27 0.33375
-1.205 0.33375
-1.2575 0.355
-1.275 0.33375
-1.29 0.36125
-1.3475 0.435
-1.2725 0.435
-1.2275 0.43
-1.3475 0.50625
-1.2075 0.45125
-1.3125 0.5325
-1.275 0.535
-1.2875 0.51125
-1.2525 0.5225
-1.4175 0.6175
-1.3425 0.58
-1.4125 0.59
-1.3775 0.56
-1.3425 0.575
-1.3375 0.53375
-1.1675 0.45375
-1.305 0.3775
-1.28 0.39
-1.25 0.29875
-1.225 0.31375
-1.2925 0.3025
-1.1875 0.30125
-1.3475 0.3625
-1.255 0.35625
-1.2975 0.27625
-1.2025 0.35
-1.2925 0.335
-1.185 0.3275
-1.2775 0.35375
-1.24 0.3975
-1.2925 0.32375
-1.24 0.345
-1.36 0.4125
-1.27 0.395
-1.2425 0.39125
-1.25 0.39625
-1.2775 0.41875
-1.2325 0.4275
-1.3175 0.585
-1.385 0.5475
-1.2775 0.5
-1.2325 0.42
-1.155 0.36875
-1.1625 0.33875
-1.25 0.3025
-1.085 0.24375
-1.06 0.1475
-1.185 0.2275
-1.1525 0.15
-1.215 0.0875
-1.09 0.14375
-1.165 0.11375
-1.2175 0.075
-1.1625 0.07875
-1.18 0.04625
-1.1225 0.09625
-1.17 0.115
-1.2075 0.07625
-1.19 0.11625
-1.21 0.065
-1.26 0.0225
-1.26 0.075
-1.22 0.07
-1.1375 0.03875
-1.1075 0.03625
-1.1125 0.01375
-1.1125 -0.01625
-1.1875 -0.03875
-1.2325 -0.0475
-1.2375 -0.1225
-1.1625 -0.1725
-1.1875 -0.16625
-1.1375 -0.15125
-1.1675 -0.10125
-1.1925 -0.05
-1.2125 -0.07375
-1.115 -0.14125
-1.2175 -0.16625
-1.105 -0.0525
-1.2075 -0.095
-1.2675 -0.1075
-1.18 -0.10125
-1.165 -0.06375
-1.1875 -0.03125
-1.125 -0.055
-1.26 -0.0475
-1.2225 0.015
-1.2025 0.14875
-1.125 0.08375
-1.1925 0.01625
-1.135 -0.01
-1.2 -0.0625
-1.2675 -0.0075
-1.315 -0.0325
-1.1625 -0.095
-1.14 -0.1525
-1.1875 -0.125
-1.2175 -0.20625
-1.2875 -0.1875
-1.2325 -0.29375
-1.2025 -0.265
-1.1575 -0.2025
-1.125 -0.19625
-1.1525 -0.21375
-1.2225 -0.2525
-1.2075 -0.2025
-1.21 -0.19125
-1.24 -0.21375
-1.26 -0.20625
-1.2275 -0.18875
-1.255 -0.2525
-1.175 -0.2725
-1.17 -0.275
-1.2325 -0.32125
-1.2425 -0.26
-1.16 -0.30125
-1.24 -0.45
-1.19 -0.45125
-1.24 -0.4825
-1.1325 -0.2875
-1.2275 -0.3625
-1.2275 -0.435
-1.2675 -0.5275
-1.2275 -0.5125
-1.2175 -0.4525
-1.215 -0.43125
-1.3 -0.5175
-1.325 -0.5175
-1.2425 -0.3725
-1.245 -0.40375
-1.2 -0.35875
-1.1925 -0.24875
-1.2075 -0.22375
-1.2 -0.22875
-1.1675 -0.14375
-1.255 -0.12625
-1.2625 -0.15
-1.315 -0.24125
-1.2475 -0.22875
-1.16 -0.1425
-1.1225 -0.29125
-1.3025 -0.30875
-1.2075 -0.34125
-1.2225 -0.29875
-1.2175 -0.33125
-1.1975 -0.25875
-1.26 -0.25
-1.305 -0.3275
-1.295 -0.28125
-1.315 -0.335
-1.27 -0.37625
-1.285 -0.3025
-1.2125 -0.24375
-1.3 -0.19
-1.195 -0.21
-1.2625 -0.29
-1.2825 -0.415
-1.275 -0.395
-1.3225 -0.4275
-1.2525 -0.47375
-1.21 -0.4225
-1.275 -0.48875
-1.2125 -0.46125
-1.38 -0.53
-1.2475 -0.48125
-1.2475 -0.50375
-1.16 -0.45375
-1.27 -0.41625
-1.2225 -0.43
-1.3125 -0.51875
-1.3275 -0.545
-1.315 -0.54625
-1.3525 -0.575
-1.265 -0.50375
-1.185 -0.42125
-1.16 -0.45
-1.2075 -0.4775
-1.2125 -0.48375
-1.225 -0.47
-1.19 -0.44875
-1.2775 -0.52375
-1.27 -0.48875
-1.24 -0.415
-1.2625 -0.4575
-1.195 -0.34375
-1.2 -0.35375
-1.1725 -0.37375
-1.2 -0.2375
-1.1575 -0.19625
-1.195 -0.18625
-1.2325 -0.21
-1.1725 -0.305
-1.2425 -0.27875
-1.2275 -0.31375
-1.2925 -0.34875
-1.225 -0.33625
-1.215 -0.4775
-1.17 -0.45375
-1.2675 -0.49
-1.265 -0.51
-1.385 -0.52375
-1.375 -0.58125
-1.235 -0.50375
-1.27 -0.50125
-1.1975 -0.505
-1.2575 -0.55625
-1.35 -0.53375
-1.275 -0.5175
-1.2675 -0.46625
-1.3175 -0.49
-1.385 -0.5325
-1.3025 -0.4975
-1.2675 -0.39375
-1.27 -0.49375
-1.2975 -0.50125
-1.2525 -0.485
-1.2875 -0.44875
-1.2925 -0.4775
-1.305 -0.4875
-1.29 -0.4525
-1.205 -0.43
-1.28 -0.4475
-1.285 -0.425
-1.295 -0.475
-1.2825 -0.505
-1.24 -0.42125
-1.23 -0.36625
-1.2725 -0.31875
-1.215 -0.34375
-1.2775 -0.3525
-1.3675 -0.45
-1.37 -0.3975
-1.2525 -0.37
-1.1625 -0.325
-1.2575 -0.2975
-1.195 -0.29125
-1.22 -0.24125
-1.18 -0.2075
-1.23 -0.205
-1.235 -0.1575
-1.13 -0.06125
-1.2075 0.01
-1.13 -0.02
-1.175 -0.03625
-1.1475 -0.05875
-1.1225 -0.1725
-1.12 -0.1725
-1.18 -0.1125
-1.255 0.00875
-1.185 0.05
-1.185 -0.005
-1.2125 -0.11125
-1.3075 -0.1375
-1.285 -0.09375
-1.3225 0.08125
-1.2475 0.075
-1.1225 0.04125
-1.1475 0.03875
-1.13 0.0625
-1.125 0.06375
-1.12 0.04
-1.1425 0.01875
-1.16 -0.03125
-1.165 -0.01875
-1.195 -0.1625
-1.215 -0.18375
-1.1725 -0.14625
-1.1025 -0.135
-1.1925 -0.1975
-1.165 -0.24375
-1.2725 -0.2775
-1.2675 -0.32125
-1.235 -0.33125
-1.1925 -0.22125
-1.3025 -0.20625
-1.315 -0.18875
-1.34 -0.15
-1.2775 -0.14
-1.2175 -0.09125
-1.32 -0.03
-1.23 0.08625
-1.2175 0.0975
-1.1875 0.1025
-1.175 0.14875
-1.1775 0.0375
-1.2325 0.0675
-1.325 0.12
-1.29 0.165
-1.2425 0.12625
-1.2175 0.14375
-1.2225 0.2075
-1.125 0.1275
-1.165 -0.01125
-1.165 -0.01
-1.2175 -0.04625
-1.22 -0.0625
-1.295 -0.13375
-1.215 -0.13125
-1.1625 -0.1175
-1.1625 -0.22625
-1.275 -0.2775
-1.255 -0.18
-1.16 -0.20125
-1.2125 -0.22
-1.24 -0.21375
-1.23 -0.25125
-1.2525 -0.29625
-1.27 -0.3175
-1.2075 -0.36125
-1.2725 -0.385
-1.31 -0.38375
-1.295 -0.385
-1.3125 -0.32625
-1.295 -0.39375
-1.15 -0.34375
-1.155 -0.28
-1.2175 -0.3075
-1.185 -0.30125
-1.17 -0.28125
-1.175 -0.22125
-1.265 -0.21625
-1.05 -0.22625
-1.145 -0.17875
-1.125 -0.16
-1.2125 -0.24875
-1.2525 -0.17125
-1.23 -0.1975
-1.23 -0.215
-1.275 -0.23375
-1.225 -0.23375
-1.285 -0.28625
-1.2375 -0.32625
-1.235 -0.41125
-1.17 -0.3525
-1.195 -0.39875
-1.3025 -0.40125
-1.265 -0.365
-1.12 -0.305
-1.2225 -0.34625
-1.2 -0.205
-1.1975 -0.17875
-1.2775 -0.20125
-1.1825 -0.21625
-1.3225 -0.30375
-1.255 -0.24875
-1.2675 -0.18875
-1.2575 -0.205
-1.285 -0.2575
-1.2375 -0.26375
-1.08 -0.26375
-1.1425 -0.23875
-1.1725 -0.2775
-1.2275 -0.33375
-1.12 -0.3775
-1.28 -0.50625
-1.29 -0.47625
-1.18 -0.39125
-1.1275 -0.41375
-1.1475 -0.46625
-1.19 -0.4325
-1.2625 -0.46375
-1.1925 -0.4325
-1.1825 -0.38375
-1.185 -0.42625
-1.295 -0.50625
-1.3025 -0.57125
-1.31 -0.54875
-1.46 -0.65875
-1.3575 -0.6075
-1.35 -0.615
-1.34 -0.60625
-1.355 -0.57875
-1.3975 -0.6225
-1.31 -0.63375
-1.36 -0.67125
-1.3225 -0.6625
-1.4325 -0.76875
-1.46 -0.78625
-1.4125 -0.74375
-1.3825 -0.65625
-1.355 -0.605
-1.2775 -0.52625
-1.29 -0.505
-1.15 -0.385
-1.1725 -0.365
-1.1325 -0.3875
-1.1825 -0.39875
-1.285 -0.49875
-1.1325 -0.41125
-1.2025 -0.48
-1.2175 -0.52125
-1.24 -0.5575
-1.3075 -0.6225
-1.31 -0.65125
-1.3625 -0.7125
-1.35 -0.7225
-1.4525 -0.72
-1.3625 -0.68
-1.4025 -0.70625
-1.4175 -0.6875
-1.4175 -0.71625
-1.4275 -0.715
-1.3775 -0.68375
-1.41 -0.70625
-1.3775 -0.735
-1.4175 -0.7575
-1.4525 -0.74125
-1.44 -0.74875
-1.4225 -0.72625
-1.3825 -0.635
-1.3475 -0.63625
-1.3 -0.62125
-1.34 -0.63375
-1.3125 -0.65125
-1.3125 -0.66375
-1.3275 -0.67125
-1.29 -0.635
-1.295 -0.6125
-1.34 -0.61875
-1.205 -0.59375
-1.24 -0.4875
-1.2225 -0.49125
-1.2225 -0.5675
-1.3225 -0.65375
-1.295 -0.58375
-1.345 -0.64
-1.475 -0.6825
-1.385 -0.6525
-1.2925 -0.59625
-1.235 -0.52625
-1.235 -0.425
-1.1225 -0.3625
-1.145 -0.38625
-1.16 -0.36125
-1.1425 -0.36625
-1.2425 -0.49375
-1.3025 -0.4975
-1.3225 -0.58
-1.335 -0.595
-1.3625 -0.6125
-1.37 -0.63875
-1.3775 -0.64625
-1.32 -0.595
-1.255 -0.57875
-1.3225 -0.5575
-1.275 -0.455
-1.2325 -0.3225
-1.2575 -0.3075
-1.08 -0.275
-1.1775 -0.3175
-1.2425 -0.39875
-1.18 -0.37125
-1.21 -0.44
-1.27 -0.45125
-1.2825 -0.52375
-1.285 -0.5325
-1.2775 -0.53125
-1.305 -0.5325
-1.305 -0.58125
-1.1775 -0.52125
-1.2525 -0.61375
-1.315 -0.68375
-1.21 -0.56375
-1.25 -0.5675
-1.26 -0.56875
-1.2675 -0.57375
-1.225 -0.5875
-1.265 -0.48375
-1.32 -0.56625
-1.2775 -0.565
-1.2675 -0.53125
-1.325 -0.5175
-1.335 -0.55875
-1.335 -0.5775
-1.35 -0.645
-1.445 -0.675
-1.285 -0.605
-1.3925 -0.615
-1.3175 -0.53875
-1.2375 -0.49
-1.2475 -0.39625
-1.2375 -0.3775
-1.23 -0.35
-1.2375 -0.29875
-1.2 -0.33375
-1.2325 -0.3175
-1.25 -0.4025
-1.2725 -0.325
-1.25 -0.37125
-1.215 -0.33875
-1.2325 -0.345
-1.2025 -0.305
-1.2275 -0.37625
-1.3225 -0.4275
-1.265 -0.45625
-1.1275 -0.3825
-1.305 -0.4225
-1.1775 -0.4025
-1.195 -0.34
-1.195 -0.31
-1.205 -0.2625
-1.21 -0.13625
-1.175 -0.23
-1.2075 -0.28375
-1.1725 -0.24875
-1.215 -0.27375
-1.1525 -0.2875
-1.165 -0.24875
-1.235 -0.2375
-1.16 -0.26625
-1.2625 -0.34375
-1.245 -0.29125
-1.1725 -0.23625
-1.2275 -0.29125
-1.2375 -0.3275
-1.205 -0.31125
-1.2825 -0.22875
-1.24 -0.23625
-1.095 -0.2
-1.1325 -0.1975
-1.2425 -0.1425
-1.09 -0.075
-1.185 -0.06125
-1.1625 -0.06875
-1.2075 0.03125
-1.1625 -0.00125
-1.1825 -0.08625
-1.13 -0.05
-1.14 -0.055
-1.2275 -0.07875
-1.1325 -0.06125
-1.185 0.025
-1.1275 0.01
-1.1725 0.12
-1.1875 0.085
-1.19 0.11
-1.1825 0.1125
-1.2425 0.17875
-1.2825 0.23375
-1.205 0.29375
-1.2325 0.41875
-1.2425 0.49125
-1.1975 0.46375
-1.2125 0.4175
-1.2925 0.465
-1.125 0.43625
-1.3275 0.54125
-1.3625 0.54625
-1.3275 0.5625
-1.3025 0.585
-1.3525 0.6275
-1.48 0.68
-1.435 0.6825
-1.45 0.69
-1.4125 0.6975
-1.4725 0.75625
-1.44 0.6775
-1.36 0.6925
-1.3575 0.705
-1.3825 0.71375
-1.2825 0.67125
-1.3375 0.6175
-1.2675 0.59
-1.27 0.58875
-1.3925 0.60875
-1.3175 0.59875
-1.36 0.69125
-1.3275 0.63375
-1.275 0.60875
-1.235 0.545
-1.325 0.555
-1.2925 0.55875
-1.29 0.57375
-1.3275 0.51125
-1.2975 0.5
-1.3075 0.4575
-1.26 0.5175
-1.26 0.48875
-1.2775 0.435
-1.2525 0.51
-1.2575 0.57625
-1.3575 0.635
-1.32 0.58375
-1.2775 0.565
-1.3275 0.6025
-1.395 0.645
-1.295 0.595
-1.4025 0.65
-1.315 0.6575
-1.3075 0.64625
-1.3525 0.6275
-1.3525 0.6275
-1.3475 0.6675
-1.3325 0.625
-1.355 0.70125
-1.4075 0.66375
-1.4 0.67375
-1.3775 0.6825
-1.3325 0.6
-1.27 0.53875
-1.2825 0.54
-1.2975 0.555
-1.3725 0.6225
-1.3025 0.63875
-1.3675 0.7175
-1.4125 0.725
-1.26 0.66375
-1.2875 0.64625
-1.2775 0.62
-1.285 0.57
-1.26 0.5725
-1.285 0.595
-1.3275 0.61125
-1.31 0.59
-1.2525 0.54
-1.2425 0.55375
-1.2425 0.47
-1.1525 0.39125
-1.265 0.4925
-1.22 0.48
-1.2175 0.4675
-1.275 0.61625
-1.2975 0.61125
-1.3625 0.62
-1.37 0.64125
-1.26 0.61875
-1.2975 0.54625
-1.37 0.58
-1.275 0.47
-1.2975 0.59375
-1.2575 0.55125
-1.31 0.55625
-1.2925 0.565
-1.2625 0.53875
-1.3025 0.5825
-1.255 0.59125
-1.3275 0.55125
-1.29 0.49625
-1.2625 0.5825
-1.1975 0.5125
-1.265 0.37875
-1.2575 0.39625
-1.1375 0.315
-1.2525 0.25125
-1.2275 0.2725
-1.315 0.31125
-1.21 0.32125
-1.145 0.3075
-1.1775 0.37125
-1.2675 0.38
-1.2575 0.42375
-1.225 0.3975
-1.1575 0.34
-1.2 0.27125
-1.24 0.3075
-1.24 0.385
-1.1925 0.395
-1.32 0.4075
-1.225 0.405
-1.195 0.39
-1.2575 0.3275
-1.165 0.36
-1.215 0.37625
-1.1225 0.33
-1.245 0.285
-1.2575 0.2
-1.2025 0.22125
-1.1875 0.175
-1.22 0.09875
-1.1775 0.07625
-1.165 0.02625
-1.12 0.1075
-1.145 -0.01625
-1.175 -0.13
-1.225 -0.13
-1.2275 -0.16375
-1.32 -0.27875
-1.205 -0.23
-1.2075 -0.24
-1.21 -0.2175
-1.2775 -0.22125
-1.2775 -0.32125
-1.175 -0.16625
-1.1175 -0.17375
-1.175 -0.205
-1.225 -0.2725
-1.2525 -0.2275
-1.25 -0.27125
-1.285 -0.27125
-1.1975 -0.17375
-1.1875 -0.28625
-1.1975 -0.24
-1.2275 -0.235
-1.3175 -0.26875
-1.3225 -0.35
-1.2775 -0.37
-1.29 -0.395
-1.2125 -0.3425
-1.295 -0.4075
-1.335 -0.40125
-1.25 -0.45
-1.2725 -0.46875
-1.17 -0.3875
-1.245 -0.3375
-1.1725 -0.365
-1.345 -0.43
-1.35 -0.4325
-1.315 -0.35875
-1.2875 -0.36875
-1.3825 -0.39375
-1.29 -0.36375
-1.2225 -0.435
-1.3025 -0.37875
-1.245 -0.3375
-1.225 -0.29625
-1.22 -0.265
-1.235 -0.23875
-1.1575 -0.215
-1.2025 -0.20125
-1.3 -0.16125
-1.245 -0.255
-1.28 -0.32875
-1.2525 -0.30125
-1.235 -0.315
-1.345 -0.30625
-1.275 -0.24125
-1.3525 -0.2825
-1.285 -0.1775
-1.225 -0.18875
-1.2275 -0.22625
-1.2125 -0.30625
-1.25 -0.295
-1.285 -0.3125
-1.225 -0.32125
-1.185 -0.28125
-1.19 -0.23
-1.3025 -0.1775
-1.235 -0.14125
-1.2 -0.13875
-1.2775 -0.1575
-1.225 -0.09625
-1.2225 -0.08375
-1.17 -0.18375
-1.2825 -0.26875
-1.3075 -0.25375
-1.2925 -0.29625
-1.26 -0.36
-1.225 -0.3375
-1.21 -0.36
-1.2275 -0.25625
-1.275 -0.255
-1.085 -0.17125
-1.1925 -0.0975
-1.2025 -0.06625
-1.1475 -0.06875
-1.2275 -0.0875
-1.1825 -0.165
-1.1975 -0.17875
-1.1875 -0.0575
-1.28 -0.015
-1.28 -0.03875
-1.2825 -0.05
-1.325 -0.07
-1.25 -0.08375
-1.335 -0.05875
-1.285 -0.00125
-1.2975 0.03
-1.2375 -0.0625
-1.22 -0.14375
-1.225 -0.145
-1.13 -0.04625
-1.1725 0.01875
-1.2075 0.01625
-1.2 -0.02875
-1.2125 0.03125
-1.2125 0.15125
-1.23 0.13
-1.2175 0.14375
-1.18 0.19125
-1.1825 0.14625
-1.3225 0.25875
-1.2675 0.235
-1.255 0.24375
-1.19 0.28625
-1.17 0.23375
-1.125 0.31375
-1.1925 0.40875
-1.1975 0.35375
-1.235 0.3175
-1.2575 0.3625
-1.1925 0.335
-1.2125 0.3625
-1.16 0.37625
-1.25 0.4175
-1.3 0.42625
-1.295 0.43875
-1.1875 0.43375
-1.19 0.4125
-1.165 0.37
-1.1275 0.3225
-1.19 0.3025
-1.2375 0.31625
-1.245 0.2225
-1.1575 0.22375
-1.205 0.165
-1.2125 0.2
-1.235 0.21125
-1.205 0.135
-1.26 0.215
-1.2825 0.22875
-1.1675 0.2725
-1.215 0.2975
-1.1975 0.29625
-1.225 0.2725
-1.25 0.28125
-1.2575 0.21875
-1.225 0.15125
-1.1225 0.08625
-1.1325 -0.04125
-1.1925 0.03
-1.1025 -0.035
-1.085 -0.0325
-1.1575 0.0125
-1.0925 -0.0125
-1.145 -0.13125
-1.195 -0.0125
-1.1925 -0.06375
-1.2025 -0.1425
-1.1525 -0.08
-1.2575 -0.02
-1.295 0.08125
-1.34 0.18
-1.26 0.2375
-1.205 0.19375
-1.2775 0.21
-1.26 0.2275
-1.195 0.16625
-1.18 0.08125
-1.2175 -0.035
-1.1925 -0.10125
-1.12 -0.17
-1.1975 -0.22625
-1.1575 -0.17375
-1.1775 -0.16125
-1.155 -0.1275
-1.175 -0.02875
-1.0825 0.06375
-1.08 0.0925
-1.16 -0.0025
-1.1175 -0.01875
-1.0925 -0.10125
-1.1425 0.00875
-1.16 0.02875
-1.0425 0.0075
-1.105 -0.03875
-1.15 -0.1175
-1.1825 -0.115
-1.14 -0.0825
-1.12 -0.08125
-1.195 -0.13625
-1.1425 -0.08875
-1.305 -0.15
-1.25 -0.22375
-1.215 -0.20875
-1.2175 -0.24125
-1.2125 -0.36375
-1.2875 -0.46
-1.195 -0.36
-1.2 -0.2525
-1.1625 -0.2075
-1.2075 -0.17125
-1.085 -0.1625
-1.21 -0.0775
-1.175 -0.01125
-1.1375 -0.02375
-1.1425 -0.0125
-1.1725 0.02125
-1.1775 0.0325
