-1.16 0.0925
-1.2 0.18125
-1.2175 0.1025
-1.2225 0.19125
-1.3225 0.2925
-1.2375 0.19875
-1.1475 0.215
-1.1475 0.185
-1.125 0.22875
-1.105 0.19375
-1.1625 0.165
-1.11 0.24125
-1.1525 0.3775
-1.1775 0.37
-1.0775 0.39125
-1.125 0.4
-1.2325 0.46125
-1.2525 0.3775
-1.25 0.40625
-1.2325 0.3275
-1.1025 0.31625
-1.0425 0.26625
-1.1625 0.38375
-1.1025 0.31
-1.2325 0.33375
-1.21 0.4
-1.13 0.3925
-1.2325 0.385
-1.28 0.35
-1.29 0.39375
-1.33 0.4775
-1.2775 0.4025
-1.26 0.45375
-1.3025 0.44375
-1.2825 0.43875
-1.2575 0.36
-1.3025 0.3725
-1.2425 0.33625
-1.1925 0.3375
-1.1575 0.2625
-1.18 0.195
-1.1075 0.27
-1.2125 0.35125
-1.3025 0.34625
-1.2425 0.2425
-1.3125 0.2075
-1.2475 0.24875
-1.1475 0.1775
-1.2 0.17875
-1.1875 0.135
-1.2525 -0.0025
-1.09 0.01125
-1.1475 -0.085
-1.1225 -0.16
-1.2325 -0.21625
-1.14 -0.19375
-1.1575 -0.25625
-1.1775 -0.19375
-1.265 -0.23875
-1.1775 -0.1725
-1.1975 -0.17625
-1.26 -0.0925
-1.2 -0.06625
-1.13 -0.06
-1.1575 -0.0975
-1.2275 -0.1675
-1.1875 -0.18875
-1.22 -0.24
-1.195 -0.255
-1.2 -0.21375
-1.1625 -0.15625
-1.125 -0.12875
-1.1575 -0.205
-1.095 -0.095
-1.195 -0.2175
-1.115 -0.35125
-1.135 -0.35625
-1.1475 -0.34875
-1.1925 -0.36125
-1.1575 -0.39625
-1.1325 -0.38125
-1.2125 -0.4025
-1.1575 -0.48625
-1.1675 -0.34375
-1.1775 -0.4325
-1.1725 -0.45
-1.23 -0.4625
-1.2175 -0.52875
-1.2 -0.415
-1.165 -0.41375
-1.22 -0.51875
-1.1475 -0.52875
-1.1825 -0.52
-1.2225 -0.545
-1.18 -0.49375
-1.2125 -0.415
-1.2425 -0.485
-1.2525 -0.4475
-1.28 -0.42375
-1.205 -0.425
-1.255 -0.44625
-1.13 -0.32125
-1.245 -0.3775
-1.235 -0.34125
-1.145 -0.38
-1.2325 -0.365
-1.2 -0.36375
-1.1725 -0.40125
-1.1575 -0.325
-1.165 -0.30875
-1.16 -0.27875
-1.165 -0.2975
-1.235 -0.42375
-1.2775 -0.41
-1.2775 -0.42375
-1.2075 -0.445
-1.1425 -0.43125
-1.19 -0.3825
-1.18 -0.43625
-1.17 -0.545
-1.125 -0.50625
-1.27 -0.53875
-1.2475 -0.5825
-1.32 -0.53375
-1.315 -0.5225
-1.1775 -0.52
-1.2525 -0.55625
-1.3175 -0.4725
-1.2125 -0.4
-1.37 -0.48625
-1.3475 -0.35
-1.1525 -0.265
-1.1725 -0.1875
-1.1475 -0.12
-1.1125 -0.0675
-1.085 -0.08
-1.15 -0.0225
-1.1325 -0.02625
-1.155 -0.05
-1.27 -0.025
-1.2925 0.06
-1.255 0.01375
-1.1375 -0.0925
-1.1675 -0.0625
-1.1475 -0.055
-1.055 -0.03375
-1.055 0.03875
-1.1425 0.0825
-1.125 0.0325
-1.145 0.0275
-1.1125 0.03375
-1.075 -0.06125
-1.115 0.02
-1.1975 0.00125
-1.0825 0.0175
-1.0725 0.02375
-1.1225 0.11
-1.135 0.1125
-1.14 0.16
-1.1225 0.0875
-1.065 0.12875
-1.165 0.06625
-1.11 0.1675
-1.21 0.16875
-1.1925 0.13625
-1.1725 0.11625
-1.2075 0.02625
-1.1625 0.00625
-1.1275 0.035
-1.0325 0.05625
-1.0525 -0.0325
-1.1725 -0.055
-1.18 0.0225
-1.1325 0.1225
-1.24 0.15
-1.19 0.1825
-1.1775 0.2625
-1.1725 0.32875
-1.1925 0.375
-1.1575 0.39
-1.1975 0.28125
-1.125 0.275
-1.1225 0.225
-1.1025 0.24625
-1.1675 0.06875
-1.095 0.06125
-1.1725 0.09375
-1.0975 0.13625
-1.175 0.085
-1.115 0.1425
-1.23 0.1175
-1.1875 0.01875
-1.105 0.04
-1.1425 0.17375
-1.2125 0.29375
-1.325 0.26875
-1.2075 0.2725
-1.285 0.34125
-1.1475 0.35375
-1.2275 0.3725
-1.195 0.29375
-1.1725 0.29125
-1.1825 0.28125
-1.175 0.21375
-1.1825 0.18125
-1.1775 0.0925
-1.165 0.12125
-1.17 0.16625
-1.13 0.1675
-1.0875 0.1325
-1.1725 0.17875
-1.1125 0.1825
-1.225 0.1875
-1.2975 0.2275
-1.1775 0.1625
-1.1975 0.0775
-1.26 0.1225
-1.265 0.1175
-1.2825 0.03375
-1.135 0.02625
-1.2225 0.095
-1.2625 0.0825
-1.2075 0.04375
-1.1775 -0.00375
-1.08 0.00625
-1.055 -0.0025
-1.1675 -0.09
-1.2225 -0.21
-1.175 -0.2575
-1.16 -0.26125
-1.2075 -0.1725
-1.2725 -0.1975
-1.225 -0.16625
-1.2975 -0.19875
-1.3125 -0.1675
-1.175 -0.095
-1.295 -0.0675
-1.15 -0.095
-1.2225 -0.1125
-1.2275 -0.1725
-1.1225 -0.09125
-1.14 -0.0775
-1.1325 -0.0175
-1.095 -0.03
-1.1425 0.01875
-1.2075 0.01125
-1.17 0.02625
-1.095 -0.06
-1.2025 -0.1025
-1.165 -0.11125
-1.115 -0.08875
-1.24 -0.14125
-1.16 -0.1225
-1.25 -0.1825
-1.215 -0.215
-1.2775 -0.1925
-1.195 -0.245
-1.1325 -0.2125
-1.13 -0.145
-1.1425 -0.145
-1.17 -0.1275
-1.1075 -0.12625
-1.1825 -0.10125
-1.2225 -0.21625
-1.26 -0.25875
-1.2425 -0.3025
-1.2 -0.28375
-1.2375 -0.30375
-1.1025 -0.26125
-1.2775 -0.33875
-1.2125 -0.28125
-1.1275 -0.23
-1.1025 -0.2475
-1.18 -0.265
-1.115 -0.3125
-1.14 -0.2975
-1.1175 -0.3525
-1.065 -0.28125
-1.1475 -0.1075
-1.09 -0.05
-1.2 -0.03875
-1.1825 -0.1025
-1.1225 -0.0475
-1.1725 -0.16125
-1.0875 -0.1875
-1.16 -0.2975
-1.1675 -0.3075
-1.185 -0.275
-1.15 -0.32
-1.1575 -0.32125
-1.23 -0.30375
-1.285 -0.325
-1.26 -0.3825
-1.2325 -0.38
-1.1825 -0.34625
-1.215 -0.42375
-1.1975 -0.41625
-1.165 -0.4125
-1.195 -0.44625
-1.205 -0.4425
-1.2425 -0.43625
-1.24 -0.39
-1.22 -0.4075
-1.2775 -0.53375
-1.2475 -0.4875
-1.245 -0.5075
-1.18 -0.5425
-1.2025 -0.5175
-1.205 -0.53625
-1.305 -0.58375
-1.31 -0.64125
-1.3125 -0.65875
-1.2675 -0.565
-1.1975 -0.49125
-1.255 -0.4225
-1.215 -0.38
-1.1375 -0.4075
-1.15 -0.36875
-1.21 -0.44125
-1.165 -0.40875
-1.2075 -0.43875
-1.195 -0.49625
-1.2925 -0.54875
-1.2425 -0.49
-1.2175 -0.45625
-1.1625 -0.42375
-1.2325 -0.46
-1.28 -0.57125
-1.1825 -0.40375
-1.1325 -0.41375
-1.155 -0.42
-1.255 -0.45875
-1.2175 -0.57125
-1.245 -0.5475
-1.2225 -0.5425
-1.27 -0.58
-1.265 -0.575
-1.285 -0.59375
-1.18 -0.5125
-1.1925 -0.52875
-1.225 -0.48125
-1.1825 -0.3925
-1.1525 -0.335
-1.1525 -0.28875
-1.1925 -0.29
-1.29 -0.405
-1.195 -0.38
-1.195 -0.2775
-1.16 -0.27375
-1.1675 -0.1825
-1.0475 -0.18625
-1.13 -0.14875
-1.05 -0.135
-1.1375 -0.1225
-1.1225 -0.19
-1.1825 -0.29625
-1.21 -0.31875
-1.2475 -0.295
-1.1275 -0.2075
-1.135 -0.205
-1.14 -0.2
-1.1475 -0.1825
-1.2075 -0.13875
-1.19 -0.22125
-1.23 -0.2625
-1.2575 -0.2575
-1.16 -0.14375
-1.1975 -0.205
-1.205 -0.22875
-1.15 -0.18125
-1.185 -0.20625
-1.2125 -0.14125
-1.1275 -0.185
-1.17 -0.2
-1.1 -0.2025
-1.04 -0.2625
-1.1375 -0.3625
-1.1625 -0.395
-1.11 -0.44
-1.255 -0.51625
-1.15 -0.515
-1.25 -0.4575
-1.2525 -0.39
-1.19 -0.285
-1.1675 -0.335
-1.0625 -0.345
-1.205 -0.4425
-1.14 -0.44125
-1.1325 -0.41625
-1.1725 -0.3675
-1.165 -0.28875
-1.1975 -0.27875
-1.1825 -0.30625
-1.14 -0.30875
-1.1775 -0.28625
-1.2425 -0.255
-1.1525 -0.27125
-1.1725 -0.21
-1.0975 -0.105
-1.14 -0.03125
-1.115 0.04375
-1.06 0.03375
-1.02 0.14375
-1.1025 0.185
-1.1525 0.185
-1.1175 0.11875
-1.15 0.12375
-1.1625 0.055
-1.1525 0.0975
-1.115 0.18625
-1.2025 0.21125
-1.055 0.11875
-1.1825 0.1875
-1.235 0.20625
-1.1475 0.07
-1.145 0.10375
-1.1125 0.055
-1.1525 0.06625
-1.17 0.05
-1.2375 0.1275
-1.1375 0.09375
-1.215 0.15
-1.17 0.205
-1.17 0.18375
-1.1575 0.12875
-1.2475 0.175
-1.1775 0.24875
-1.1575 0.23
-1.105 0.33
-1.145 0.25125
-1.13 0.24875
-1.19 0.27
-1.22 0.19625
-1.1875 0.18
-1.0925 0.2075
-1.25 0.20875
-1.1775 0.185
-1.17 0.13375
-1.165 0.15125
-1.1625 0.11125
-1.1775 0.10625
-1.145 0.12625
-1.135 0.17375
-1.2025 0.20625
-1.0975 0.0475
-1.08 0.10125
-1.13 0.12
-1.1475 0.02
-1.1575 0.02
-1.17 0.02
-1.025 -0.02125
-1.0025 0.005
-1.0875 0.09125
-1.1025 0.09125
-1.085 0.11125
-1.0975 0.095
-1.2075 0.1175
-1.205 0.11875
-1.175 0.095
-1.195 0.12125
-1.105 0.17875
-1.2625 0.18625
-1.1925 0.18
-1.3175 0.13125
-1.0975 0.11
-1.1625 0.1825
-1.215 0.21125
-1.2675 0.27
-1.13 0.1775
-1.1925 0.0925
-1.21 0.11
-1.2 0.00375
-1.23 -0.06
-1.1025 -0.085
-1.1975 -0.07875
-1.1975 -0.0525
-1.13 -0.0775
-1.2025 -0.09375
-1.21 -0.06375
-1.065 -0.02625
-1.19 0.0575
-1.2525 -0.08375
-1.1825 -0.01375
-1.1625 0.11625
-1.165 0.0375
-1.1075 0.1225
-1.1425 0.10875
-1.1525 0.04125
-1.145 -0.04375
-1.0075 0.0775
-1.1525 0.00625
-1.1625 0.01375
-1.175 -0.05125
-1.2675 -0.0275
-1.1475 -0.0375
-1.135 -0.00375
-1.1775 -0.00375
-1.2225 -0.05125
-1.125 -0.10375
-1.0975 -0.12875
-1.1275 -0.1925
-0.9775 -0.08
-1.115 -0.125
-1.2125 -0.1075
-1.1725 -0.1775
-1.195 -0.2375
-1.28 -0.23375
-1.2075 -0.19875
-1.1525 -0.11
-1.1325 -0.145
-1.2725 -0.18625
-1.1775 -0.1375
-1.07 -0.03625
-1.0825 -0.0525
-1.21 -0.1425
-1.1775 -0.0825
-1.1725 -0.23625
-1.0725 -0.1125
-1.145 -0.115
-1.135 -0.0925
-1.1825 -0.04
-1.2025 -0.075
-1.185 -0.04875
-1.1875 -0.05125
-1.1225 -0.0625
-1.135 -0.1
-1.195 -0.01875
-1.1325 0.02625
-1.145 -0.01125
-1.2 -0.0025
-1.15 0.03375
-1.125 -0.02625
-1.1475 0.03625
-1.1475 0.01375
-1.18 -0.01
-1.125 -0.01875
-1.2275 -0.02125
-1.1675 0.015
-1.14 0.075
-1.17 0.0725
-1.2125 0.07375
-1.19 0.1825
-1.1925 0.2325
-1.2325 0.22375
-1.2975 0.21625
-1.22 0.295
-1.2275 0.36125
-1.145 0.32
-1.1125 0.3075
-1.1625 0.26875
-1.0925 0.29875
-1.13 0.31625
-1.1375 0.2975
-1.17 0.2975
-1.1475 0.30375
-1.11 0.21875
-1.23 0.23
-1.1825 0.305
-1.2725 0.36625
-1.2825 0.3975
-1.185 0.3625
-1.2525 0.4
-1.26 0.3775
-1.235 0.325
-1.1475 0.3475
-1.19 0.4025
-1.195 0.32
-1.16 0.28875
-1.135 0.325
-1.1625 0.335
-1.18 0.3175
-1.2425 0.2925
-1.1675 0.23625
-1.22 0.20125
-1.1075 0.16625
-1.195 0.30375
-1.1025 0.36
-1.0975 0.35625
-1.265 0.3675
-1.1775 0.3325
-1.1525 0.2775
-1.145 0.19875
-1.1625 0.1825
-1.1275 0.25875
-1.2125 0.255
-1.1725 0.15375
-1.2525 0.26625
-1.1125 0.205
-1.235 0.12625
-1.225 0.1375
-1.155 0.24875
-1.1875 0.24125
-1.2025 0.23875
-1.195 0.215
-1.1475 0.22625
-1.1225 0.155
-1.125 0.21
-1.1575 0.21125
-1.13 0.205
-1.1575 0.2475
-1.185 0.185
-1.2775 0.10375
-1.1825 0.0925
-1.2925 0.13125
-1.15 0.19875
-1.1725 0.155
-1.1725 0.12125
-1.1625 0.12625
-1.2375 0.07125
-1.1525 0.11625
-1.0975 0.10125
-1.145 0.065
-1.1525 0.14
-1.17 0.075
-1.22 -0.01375
-1.215 -0.03125
-1.255 -0.07375
-1.235 -0.08875
-1.195 -0.15875
-1.165 -0.11875
-1.13 -0.1
-1.1325 -0.03875
-1.1225 -0.0625
-1.1225 -0.0925
-1.17 -0.075
-1.105 -0.07375
-1.1175 -0.08125
-1.15 -0.00375
-1.04 0.00625
-1.1275 0.08875
-1.1075 0.02875
-1.18 -0.04
-1.12 0.0875
-1.1425 0.05
-1.145 0.04375
-1.1475 -0.02125
-1.2 0.04375
-1.09 0.02625
-1.2175 -0.02375
-1.1525 -0.06
-1.2075 -0.12625
-1.19 -0.155
-1.1725 -0.155
-1.1 -0.18
-1.17 -0.20875
-1.24 -0.1975
-1.1425 -0.1575
-1.1225 -0.205
-1.1825 -0.16
-1.18 -0.11125
-1.1325 -0.1475
-1.2275 -0.16125
-1.13 -0.17625
-1.11 -0.19125
-1.205 -0.185
-1.2225 -0.1725
-1.1225 -0.1275
-1.1975 -0.21
-1.12 -0.1625
-1.22 -0.28625
-1.17 -0.13875
-1.065 -0.12375
-1.1525 -0.06125
-1.12 -0.1125
-1.27 -0.13375
-1.2025 -0.14875
-1.29 -0.14625
-1.3025 -0.17125
-1.235 -0.18625
-1.115 -0.185
-1.12 -0.1575
-1.155 -0.10875
-1.1675 -0.11125
-1.1825 -0.0825
-1.1775 0.06875
-1.17 0.01375
-1.16 -0.00125
-1.18 -0.06125
-1.12 -0.04875
-1.125 -0.06
-1.01 -0.065
-1.07 -0.05
-1.1325 -0.00875
-1.1 -0.0675
-1.065 -0.05375
-1.1275 -0.07375
-1.205 0.0725
-1.2125 0.0375
-1.2325 0.0175
-1.065 0.1025
-1.17 0.02
-1.2275 -0.005
-1.14 0.02375
-1.1475 -0.0575
-1.1175 -0.1325
-1.245 -0.06375
-1.16 -0.0175
-1.085 -0.15125
-1.17 -0.1725
-1.1925 -0.18375
-1.19 -0.11875
-1.125 -0.0975
-1.1975 -0.09875
-1.2275 -0.12375
-1.1775 -0.06125
-1.11 -0.02
-1.105 -0.055
-1.0875 -0.03875
-1.02 -0.1275
-1.2125 -0.1625
-1.2175 -0.12125
-1.2075 -0.165
-1.22 -0.25625
-1.13 -0.22625
-1.1275 -0.2225
-1.125 -0.1825
-1.1375 -0.2125
-1.1225 -0.24125
-1.145 -0.2175
-1.1875 -0.2125
-1.205 -0.28
-1.215 -0.34875
-1.1075 -0.2525
-1.1025 -0.26
-1.165 -0.255
-1.105 -0.3175
-1.245 -0.41625
-1.21 -0.3775
-1.17 -0.30375
-1.29 -0.3575
-1.2675 -0.34125
-1.2525 -0.27
-1.225 -0.28375
-1.1425 -0.27375
-1.25 -0.2475
-1.2375 -0.18625
-1.27 -0.2325
-1.225 -0.13125
-1.23 -0.18875
-1.195 -0.15375
-1.2525 -0.28625
-1.2575 -0.25375
-1.3075 -0.21875
-1.19 -0.1575
-1.215 -0.32875
-1.2975 -0.375
-1.2325 -0.38
-1.1225 -0.425
-1.17 -0.48625
-1.1375 -0.44
-1.115 -0.47375
-1.12 -0.44875
-1.2125 -0.415
-1.16 -0.4225
-1.2375 -0.44
-1.2475 -0.47
-1.275 -0.50625
-1.2275 -0.5125
-1.295 -0.5725
-1.24 -0.52375
-1.2 -0.515
-1.3025 -0.56375
-1.2225 -0.5375
-1.2175 -0.46875
-1.1425 -0.47
-1.33 -0.515
-1.295 -0.535
-1.3325 -0.5425
-1.275 -0.5875
-1.2675 -0.5675
-1.2975 -0.59125
-1.2575 -0.48125
-1.305 -0.46125
-1.205 -0.41375
-1.24 -0.33
-1.2375 -0.33
-1.1925 -0.32
-1.09 -0.34125
-1.18 -0.3075
-1.17 -0.3925
-1.135 -0.35
-1.2875 -0.3725
-1.2025 -0.36875
-1.225 -0.395
-1.175 -0.4275
-1.2325 -0.49625
-1.18 -0.44
-1.15 -0.51
-1.2325 -0.4825
-1.29 -0.53875
-1.2 -0.49875
-1.2925 -0.51875
-1.25 -0.55
-1.28 -0.5525
-1.2675 -0.59625
-1.29 -0.6
-1.19 -0.5025
-1.2525 -0.57
-1.26 -0.52875
-1.295 -0.57375
-1.2875 -0.51375
-1.25 -0.46875
-1.1425 -0.42625
-1.2325 -0.4475
-1.0725 -0.345
-1.2025 -0.35375
-1.1975 -0.37625
-1.16 -0.29125
-1.1025 -0.195
-1.1875 -0.24375
-1.135 -0.2075
-1.1725 -0.37125
-1.1575 -0.38125
-1.32 -0.4975
-1.1925 -0.43625
-1.2975 -0.41875
-1.1575 -0.33875
-1.255 -0.42
-1.205 -0.4
-1.19 -0.35875
-1.125 -0.3425
-1.205 -0.3875
-1.285 -0.445
-1.2375 -0.41
-1.14 -0.3025
-1.1175 -0.255
-1.24 -0.345
-1.2375 -0.39375
-1.195 -0.29375
-1.2125 -0.2925
-1.1175 -0.2475
-1.22 -0.2375
-1.19 -0.295
-1.23 -0.24375
-1.085 -0.305
-1.2175 -0.41625
-1.1225 -0.33
-1.085 -0.25
-1.205 -0.27625
-1.095 -0.34125
-1.2175 -0.44
-1.095 -0.43
-1.24 -0.41875
-1.28 -0.53375
-1.17 -0.4425
-1.2275 -0.415
-1.1825 -0.39625
-1.21 -0.36875
-1.2225 -0.38125
-1.2425 -0.47125
-1.1625 -0.4025
-1.2075 -0.435
-1.215 -0.4325
-1.19 -0.41125
-1.2225 -0.4275
-1.16 -0.32
-1.185 -0.3475
-1.2575 -0.3025
-1.2375 -0.3
-1.155 -0.28125
-1.1675 -0.27
-1.17 -0.27125
-1.145 -0.2775
-1.1125 -0.31625
-1.225 -0.375
-1.1275 -0.31375
-1.0475 -0.22875
-1.125 -0.36125
-1.2675 -0.48375
-1.2525 -0.515
-1.1375 -0.4225
-1.13 -0.41
-1.18 -0.43125
-1.195 -0.43625
-1.2025 -0.43875
-0.995 -0.31625
-1.205 -0.35125
-1.145 -0.34875
-1.1875 -0.36125
-1.1325 -0.39125
-1.1875 -0.43875
-1.225 -0.4525
-1.1725 -0.4725
-1.195 -0.46625
-1.31 -0.49375
-1.1425 -0.41125
-1.2 -0.37125
-1.2325 -0.32875
-1.1025 -0.36625
-1.1475 -0.32
-1.2025 -0.3475
-1.1175 -0.36
-1.0975 -0.3375
-1.1575 -0.28125
-1.1525 -0.2625
-1.235 -0.2925
-1.2225 -0.28
-1.2225 -0.23
-1.265 -0.32
-1.2125 -0.37
-1.15 -0.32625
-1.16 -0.32375
-1.1925 -0.29375
-1.1525 -0.2975
-1.1125 -0.245
-1.14 -0.175
-1.0925 -0.185
-1.1375 -0.16625
-1.14 -0.18625
-1.125 -0.29625
-1.09 -0.3275
-1.185 -0.325
-1.2075 -0.405
-1.1575 -0.4
-1.1975 -0.34375
-1.2525 -0.4
-1.2 -0.335
-1.2175 -0.34375
-1.26 -0.3425
-1.1325 -0.345
-1.1725 -0.345
-1.1875 -0.35
-1.135 -0.28375
-1.1275 -0.28
-1.19 -0.24875
-1.0925 -0.16375
-1.1625 -0.1375
-1.1875 -0.13
-1.1375 -0.01875
-1.1025 -0.05125
-1.035 -0.0925
-1.165 -0.13
-1.155 -0.2325
-1.2275 -0.20375
-1.16 -0.07
-1.1575 -0.04
-1.175 0.00625
-1.15 0.02375
-1.185 -0.04875
-1.215 -0.02875
-1.0975 0.0125
-1.1875 0.12375
-1.2425 0.115
-1.1075 0.10125
-1.165 -0.0425
-1.1675 -0.0625
-1.155 -0.0425
-0.995 0.015
-1.065 0.00125
-1.115 0.12625
-1.085 0.13625
-1.1225 0.07875
-1.25 0.11875
-1.21 0.15625
-1.245 0.10875
-1.17 0.09
-1.13 0.1125
-1.095 0.10875
-1.16 0.21875
-1.0825 0.195
-1.07 0.1675
-1.095 0.2225
-1.1875 0.2975
-1.19 0.20625
-1.1725 0.165
-1.1375 0.18625
-1.1425 0.19875
-1.2175 0.11125
-1.2375 0.185
-1.2075 0.21125
-1.2025 0.23875
-1.12 0.22
-1.16 0.2025
-1.215 0.335
-1.1825 0.34875
-1.1525 0.2725
-1.0925 0.26
-1.05 0.30125
-1.1925 0.37
-1.16 0.285
-1.17 0.215
-1.15 0.27875
-1.1375 0.23
-1.0925 0.09
-1.005 0.16875
-1.08 0.22375
-1.1175 0.1825
-1.0825 0.13125
-1.195 0.12125
-1.105 0.065
-1.0675 0.01
-1.115 -0.075
-1.0825 -0.075
-1.205 -0.1125
-1.1825 -0.0775
-1.15 -0.065
-1.0975 0.0075
-1.125 -0.06875
-1.14 -0.08125
-1.1675 -0.08375
