-1.355 -0.6275
-1.3325 -0.67125
-1.3425 -0.65625
-1.42 -0.67375
-1.3675 -0.625
-1.33 -0.595
-1.27 -0.5975
-1.51 -0.6875
-1.415 -0.65625
-1.44 -0.705
-1.4475 -0.6825
-1.3775 -0.60625
-1.3825 -0.675
-1.405 -0.645
-1.37 -0.69125
-1.4325 -0.64875
-1.48 -0.7125
-1.375 -0.6625
-1.3875 -0.65375
-1.4325 -0.705
-1.395 -0.70375
-1.415 -0.73125
-1.585 -0.825
-1.6025 -0.8475
-1.5875 -0.845
-1.5625 -0.82
-1.5525 -0.83875
-1.545 -0.8325
-1.5675 -0.84125
-1.5025 -0.8225
-1.59 -0.8425
-1.6225 -0.86125
-1.475 -0.77875
-1.4475 -0.75375
-1.475 -0.79375
-1.52 -0.805
-1.4625 -0.7675
-1.47 -0.74125
-1.4925 -0.775
-1.5525 -0.79875
-1.465 -0.7625
-1.51 -0.78125
-1.4725 -0.77625
-1.435 -0.7425
-1.535 -0.785
-1.505 -0.80125
-1.5675 -0.8075
-1.4775 -0.78625
-1.5125 -0.76375
-1.51 -0.78
-1.525 -0.775
-1.515 -0.79875
-1.5 -0.7975
-1.52 -0.81125
-1.495 -0.8025
-1.5 -0.805
-1.5125 -0.79875
-1.5875 -0.8175
-1.5575 -0.825
-1.5 -0.81625
-1.4975 -0.7675
-1.49 -0.80625
-1.585 -0.83875
-1.49 -0.78875
-1.54 -0.81625
-1.4975 -0.7925
-1.4275 -0.73
-1.51 -0.77875
-1.4825 -0.7575
-1.51 -0.80375
-1.525 -0.80125
-1.48 -0.7675
-1.575 -0.8225
-1.4525 -0.805
-1.4475 -0.77875
-1.57 -0.79
-1.4975 -0.79
-1.46 -0.7475
-1.4275 -0.755
-1.475 -0.72875
-1.4625 -0.72625
-1.4075 -0.73625
-1.4375 -0.7225
-1.4475 -0.71625
-1.51 -0.8075
-1.555 -0.83625
-1.5925 -0.84375
-1.48 -0.77125
-1.59 -0.83375
-1.5075 -0.83125
-1.4925 -0.8075
-1.585 -0.83375
-1.57 -0.83
-1.5625 -0.8075
-1.5375 -0.80875
-1.435 -0.72625
-1.51 -0.7675
-1.445 -0.70875
-1.555 -0.78875
-1.5275 -0.815
-1.4375 -0.7475
-1.5325 -0.755
-1.5425 -0.78375
-1.49 -0.76875
-1.4525 -0.77
-1.6025 -0.84625
-1.5375 -0.83375
-1.6825 -0.89125
-1.515 -0.81875
-1.485 -0.7775
-1.505 -0.80625
-1.505 -0.80625
-1.5125 -0.81
-1.565 -0.82
-1.43 -0.7175
-1.36 -0.69625
-1.365 -0.7125
-1.475 -0.7275
-1.5825 -0.81625
-1.48 -0.76125
-1.445 -0.75125
-1.455 -0.77125
-1.505 -0.7625
-1.5375 -0.81125
-1.4075 -0.73625
-1.4475 -0.77625
-1.5375 -0.82125
-1.5575 -0.8225
-1.5525 -0.815
-1.555 -0.79125
-1.4425 -0.77375
-1.53 -0.80125
-1.4725 -0.75
-1.5 -0.78125
-1.54 -0.81625
-1.5175 -0.8125
-1.5125 -0.79375
-1.5725 -0.83625
-1.5825 -0.84625
-1.5925 -0.81875
-1.4975 -0.76375
-1.4475 -0.775
-1.5475 -0.8275
-1.5475 -0.8275
-1.5225 -0.83
-1.52 -0.82
-1.5975 -0.855
-1.4725 -0.8125
-1.5725 -0.845
-1.53 -0.81375
-1.51 -0.795
-1.57 -0.8375
-1.595 -0.85875
-1.575 -0.835
-1.505 -0.78625
-1.4675 -0.76125
-1.4425 -0.77625
-1.5325 -0.82125
-1.4875 -0.795
-1.44 -0.74375
-1.4675 -0.75
-1.505 -0.76875
-1.4825 -0.72375
-1.4175 -0.73625
-1.4525 -0.7675
-1.52 -0.79875
-1.505 -0.795
-1.5175 -0.7825
-1.5075 -0.8
-1.4 -0.7475
-1.4625 -0.76875
-1.56 -0.82
-1.5 -0.8
-1.51 -0.81625
-1.535 -0.8075
-1.5875 -0.81375
-1.4 -0.745
-1.4975 -0.80875
-1.4125 -0.7425
-1.455 -0.75375
-1.4375 -0.73375
-1.605 -0.80375
-1.42 -0.74125
-1.435 -0.75625
-1.6225 -0.86
-1.535 -0.83
-1.5225 -0.79625
-1.5125 -0.7825
-1.5225 -0.7775
-1.485 -0.755
-1.4575 -0.7825
-1.45 -0.73125
-1.47 -0.77625
-1.5175 -0.82
-1.455 -0.77125
-1.4125 -0.735
-1.395 -0.68625
-1.3975 -0.68625
-1.5425 -0.80125
-1.46 -0.75125
-1.5025 -0.76125
-1.43 -0.71125
-1.4225 -0.7125
-1.4625 -0.76125
-1.5175 -0.81125
-1.4975 -0.80875
-1.51 -0.7925
-1.555 -0.76875
-1.5125 -0.72125
-1.4275 -0.64375
-1.3975 -0.6175
-1.4725 -0.63125
-1.4125 -0.6425
-1.3925 -0.64
-1.325 -0.6175
-1.37 -0.61
-1.505 -0.7325
-1.52 -0.705
-1.385 -0.68
-1.48 -0.685
-1.4425 -0.715
-1.4775 -0.6775
-1.4675 -0.66125
-1.505 -0.71
-1.5275 -0.72375
-1.4525 -0.6375
-1.4425 -0.67625
-1.4775 -0.70375
-1.4775 -0.70375
-1.4525 -0.705
-1.49 -0.67875
-1.335 -0.62625
-1.4125 -0.66
-1.375 -0.66375
-1.4425 -0.64125
-1.49 -0.745
-1.555 -0.8075
-1.55 -0.855
-1.5275 -0.81
-1.5725 -0.81625
-1.5775 -0.81375
-1.54 -0.81125
-1.5575 -0.8075
-1.445 -0.75875
-1.3975 -0.75875
-1.435 -0.76625
-1.505 -0.8
-1.52 -0.76875
-1.44 -0.77375
-1.4875 -0.805
-1.455 -0.7975
-1.5225 -0.785
-1.4875 -0.8025
-1.57 -0.85875
-1.485 -0.77
-1.495 -0.775
-1.52 -0.7425
-1.475 -0.7075
-1.43 -0.70125
-1.27 -0.61
-1.33 -0.605
-1.2925 -0.6075
-1.4375 -0.65875
-1.415 -0.66
-1.4525 -0.6525
-1.4725 -0.72125
-1.435 -0.65375
-1.33 -0.68375
-1.38 -0.68625
-1.465 -0.735
-1.48 -0.755
-1.355 -0.68125
-1.4175 -0.66125
-1.3325 -0.59625
-1.315 -0.575
-1.3775 -0.64375
-1.3675 -0.56
-1.3025 -0.57
-1.3925 -0.6225
-1.47 -0.685
-1.435 -0.67875
-1.4075 -0.66625
-1.475 -0.70625
-1.4075 -0.6425
-1.41 -0.69125
-1.3725 -0.65375
-1.4575 -0.73375
-1.425 -0.7525
-1.4725 -0.78625
-1.45 -0.75125
-1.45 -0.7025
-1.4175 -0.71
-1.435 -0.72125
-1.51 -0.75125
-1.525 -0.7775
-1.4625 -0.73375
-1.465 -0.71375
-1.425 -0.71625
-1.4375 -0.72875
-1.385 -0.61875
-1.45 -0.6775
-1.4875 -0.70875
-1.44 -0.6975
-1.5075 -0.74875
-1.505 -0.77875
-1.485 -0.7675
-1.5625 -0.82125
-1.525 -0.7925
-1.49 -0.775
-1.5575 -0.82125
-1.5 -0.8025
-1.52 -0.795
-1.5175 -0.74125
-1.5 -0.77875
-1.625 -0.84625
-1.5725 -0.81375
-1.585 -0.83625
-1.5 -0.80375
-1.5275 -0.82875
-1.5775 -0.84875
-1.5925 -0.81125
-1.49 -0.77
-1.4275 -0.7025
-1.4925 -0.7525
-1.4675 -0.7425
-1.455 -0.7425
-1.4725 -0.69125
-1.4775 -0.69625
-1.4025 -0.70875
-1.3975 -0.6975
-1.3275 -0.6275
-1.4525 -0.6725
-1.49 -0.70875
-1.5075 -0.7275
-1.435 -0.7225
-1.3875 -0.64875
-1.385 -0.63125
-1.33 -0.61625
-1.3425 -0.60125
-1.3825 -0.64875
-1.41 -0.65375
-1.5075 -0.67375
-1.455 -0.66375
-1.435 -0.70875
-1.5175 -0.72
-1.52 -0.73875
-1.53 -0.73875
-1.49 -0.68625
-1.385 -0.64
-1.4025 -0.61625
-1.41 -0.675
-1.4225 -0.64625
-1.3475 -0.63625
-1.4225 -0.66875
-1.4925 -0.7275
-1.4275 -0.7025
-1.3725 -0.66375
-1.4825 -0.66625
-1.45 -0.685
-1.4875 -0.6875
-1.4925 -0.69375
-1.3925 -0.6775
-1.3375 -0.64625
-1.5 -0.735
-1.435 -0.72125
-1.44 -0.735
-1.46 -0.76125
-1.41 -0.6825
-1.4325 -0.71125
-1.4925 -0.74375
-1.5425 -0.77875
-1.5225 -0.78
-1.5325 -0.77125
-1.5075 -0.795
-1.43 -0.77375
-1.5225 -0.83
-1.57 -0.85
-1.5775 -0.83375
-1.595 -0.79375
-1.51 -0.7575
-1.4925 -0.75625
-1.5175 -0.81125
-1.5025 -0.8025
-1.535 -0.82125
-1.6075 -0.82
-1.65 -0.85125
-1.55 -0.79625
-1.5225 -0.7925
-1.4475 -0.755
-1.3925 -0.73
-1.4725 -0.72125
-1.49 -0.7775
-1.5875 -0.8075
-1.5125 -0.795
-1.4775 -0.735
-1.51 -0.77
-1.41 -0.725
-1.495 -0.805
-1.46 -0.7325
-1.5125 -0.72875
-1.49 -0.7175
-1.4525 -0.7425
-1.42 -0.73875
-1.4625 -0.75625
-1.5075 -0.79375
-1.475 -0.73875
-1.5575 -0.81
-1.5575 -0.81625
-1.475 -0.77875
-1.5375 -0.80875
-1.5375 -0.825
-1.435 -0.73625
-1.4725 -0.72625
-1.4375 -0.68875
-1.44 -0.70375
-1.4325 -0.655
-1.485 -0.68
-1.3575 -0.63125
-1.4975 -0.71875
-1.4025 -0.66625
-1.425 -0.68
-1.4275 -0.65625
-1.3825 -0.6375
-1.4025 -0.66875
-1.3625 -0.64875
-1.3675 -0.63
-1.48 -0.7175
-1.4225 -0.7225
-1.4275 -0.7175
-1.5 -0.74625
-1.4525 -0.7125
-1.43 -0.7075
-1.49 -0.76375
-1.46 -0.785
-1.5025 -0.78
-1.5275 -0.785
-1.51 -0.805
-1.5975 -0.83625
-1.4775 -0.77125
-1.45 -0.74375
-1.3625 -0.7275
-1.48 -0.725
-1.4975 -0.7875
-1.5625 -0.8
-1.495 -0.77625
-1.445 -0.705
-1.4775 -0.67125
-1.505 -0.6825
-1.4275 -0.65375
-1.505 -0.67375
-1.4025 -0.63625
-1.4425 -0.64875
-1.38 -0.55625
-1.435 -0.55375
-1.3375 -0.5725
-1.3925 -0.6575
-1.435 -0.6075
-1.38 -0.665
-1.3825 -0.67
-1.4225 -0.665
-1.41 -0.7075
-1.4775 -0.70875
-1.54 -0.7225
-1.405 -0.70375
-1.5475 -0.79375
-1.565 -0.765
-1.5125 -0.795
-1.5525 -0.8025
-1.4875 -0.7425
-1.44 -0.6775
-1.32 -0.65625
-1.505 -0.7025
-1.5225 -0.7225
-1.415 -0.65875
-1.3325 -0.63
-1.3825 -0.675
-1.345 -0.64875
-1.55 -0.7825
-1.5 -0.78125
-1.44 -0.75375
-1.545 -0.81125
-1.5475 -0.79625
-1.4875 -0.76375
-1.5275 -0.74875
-1.4975 -0.7175
-1.465 -0.68
-1.52 -0.70625
-1.4875 -0.69875
-1.44 -0.6725
-1.3875 -0.645
-1.3925 -0.65
-1.3975 -0.665
-1.4025 -0.68875
-1.2725 -0.675
-1.4025 -0.66125
-1.4125 -0.63
-1.56 -0.71
-1.4525 -0.66625
-1.47 -0.66
-1.4075 -0.605
-1.39 -0.58
-1.385 -0.585
-1.27 -0.53
-1.3775 -0.5275
-1.3725 -0.5525
-1.405 -0.525
-1.39 -0.55125
-1.2825 -0.44
-1.265 -0.37625
-1.2825 -0.35625
-1.2775 -0.33625
-1.235 -0.36875
-1.2875 -0.40625
-1.43 -0.46375
-1.3625 -0.575
-1.3725 -0.53375
-1.4425 -0.57
-1.48 -0.56
-1.4125 -0.585
-1.4 -0.595
-1.475 -0.65875
-1.36 -0.60875
-1.415 -0.6375
-1.455 -0.67375
-1.405 -0.6375
-1.4825 -0.62875
-1.5325 -0.66
-1.4475 -0.62375
-1.4275 -0.59
-1.375 -0.60875
-1.4425 -0.66375
-1.4325 -0.68125
-1.39 -0.7075
-1.4275 -0.68625
-1.455 -0.7325
-1.4375 -0.69375
-1.4575 -0.7425
-1.4375 -0.75125
-1.4575 -0.7375
-1.4925 -0.755
-1.5 -0.76625
-1.59 -0.85125
-1.61 -0.83375
-1.53 -0.82875
-1.5175 -0.815
-1.49 -0.795
-1.3925 -0.72375
-1.48 -0.74625
-1.48 -0.70125
-1.375 -0.6475
-1.4475 -0.715
-1.565 -0.795
-1.5475 -0.815
-1.535 -0.8275
-1.5925 -0.85125
-1.565 -0.83375
-1.56 -0.8075
-1.555 -0.8225
-1.4725 -0.77375
-1.47 -0.78
-1.53 -0.77625
-1.46 -0.7475
-1.5175 -0.7825
-1.55 -0.8275
-1.5225 -0.80625
-1.5825 -0.8575
-1.5625 -0.84125
-1.4825 -0.7975
-1.57 -0.82875
-1.525 -0.79125
-1.435 -0.78
-1.5225 -0.80125
-1.5875 -0.8475
-1.5375 -0.79875
-1.4425 -0.72875
-1.43 -0.71875
-1.3825 -0.6725
-1.4175 -0.67875
-1.4175 -0.65125
-1.39 -0.6575
-1.5375 -0.74
-1.48 -0.75625
-1.575 -0.7975
-1.4975 -0.785
-1.505 -0.7925
-1.55 -0.81125
-1.5425 -0.8075
-1.4825 -0.73625
-1.48 -0.76625
-1.47 -0.775
-1.505 -0.7975
-1.4975 -0.83
-1.62 -0.86875
-1.5925 -0.8425
-1.4475 -0.7725
-1.49 -0.7725
-1.54 -0.77125
-1.4825 -0.76875
-1.4 -0.755
-1.41 -0.70875
-1.5025 -0.75375
-1.535 -0.7725
-1.4425 -0.72125
-1.505 -0.79125
-1.56 -0.815
-1.4525 -0.7925
-1.485 -0.75625
-1.5325 -0.80125
-1.4475 -0.7275
-1.4475 -0.74625
-1.4725 -0.7825
-1.5225 -0.81375
-1.5425 -0.80375
-1.5475 -0.82375
-1.5625 -0.83
-1.515 -0.805
-1.48 -0.765
-1.6 -0.82625
-1.48 -0.75375
-1.415 -0.7725
-1.4975 -0.82
-1.3925 -0.7375
-1.495 -0.78125
-1.475 -0.7575
-1.53 -0.8
-1.4925 -0.75375
-1.5 -0.75125
-1.4775 -0.77125
-1.46 -0.74625
-1.525 -0.79375
-1.4525 -0.785
-1.58 -0.81875
-1.48 -0.785
-1.4875 -0.76875
-1.3725 -0.7175
-1.3975 -0.64125
-1.385 -0.66
-1.3725 -0.6475
-1.38 -0.62875
-1.315 -0.6075
-1.405 -0.61125
-1.32 -0.5825
-1.3675 -0.65125
-1.335 -0.6625
-1.5225 -0.72625
-1.575 -0.76625
-1.38 -0.7
-1.4725 -0.69
-1.445 -0.68875
-1.43 -0.68625
-1.425 -0.7
-1.4325 -0.68875
-1.425 -0.6675
-1.2875 -0.61875
-1.3475 -0.6225
-1.34 -0.58
-1.425 -0.665
-1.4175 -0.72625
-1.46 -0.73
-1.5275 -0.68375
-1.4275 -0.665
-1.405 -0.665
-1.495 -0.6525
-1.455 -0.655
-1.39 -0.68625
-1.4125 -0.70875
-1.5225 -0.73
-1.4225 -0.69
-1.4875 -0.7075
-1.4925 -0.81125
-1.4525 -0.7975
-1.5725 -0.8175
-1.5775 -0.77875
-1.4825 -0.73
-1.465 -0.71125
-1.38 -0.67875
-1.4875 -0.715
-1.5 -0.70375
-1.425 -0.68625
-1.4225 -0.69625
-1.4275 -0.69375
-1.5275 -0.765
-1.4625 -0.77125
-1.535 -0.8125
-1.63 -0.87125
-1.53 -0.8325
-1.6325 -0.83875
-1.5 -0.79375
-1.5375 -0.80875
-1.515 -0.785
-1.51 -0.80875
-1.54 -0.83125
-1.48 -0.77875
-1.5425 -0.795
-1.5025 -0.77625
-1.44 -0.71
-1.4425 -0.7475
-1.43 -0.72875
-1.47 -0.7225
-1.5375 -0.7075
-1.5475 -0.72375
-1.505 -0.73
-1.5125 -0.75
-1.4425 -0.7075
-1.37 -0.655
-1.375 -0.66375
-1.375 -0.61375
-1.4025 -0.6975
-1.4075 -0.69
-1.39 -0.65125
-1.44 -0.72625
-1.4025 -0.74125
-1.545 -0.785
-1.48 -0.785
-1.5025 -0.7875
-1.5925 -0.81625
-1.4475 -0.78375
-1.575 -0.825
-1.595 -0.84375
-1.555 -0.8075
-1.5475 -0.79625
-1.54 -0.76125
-1.4825 -0.77375
-1.595 -0.81875
-1.555 -0.805
-1.3925 -0.73375
-1.5675 -0.805
-1.4 -0.7175
-1.4975 -0.75625
-1.5725 -0.79625
-1.4625 -0.755
-1.49 -0.78125
-1.4625 -0.7825
-1.475 -0.7825
-1.5275 -0.7925
-1.5225 -0.76875
-1.4925 -0.73
-1.4225 -0.64625
-1.4375 -0.60875
-1.455 -0.6425
-1.465 -0.63375
-1.4675 -0.6675
-1.4375 -0.64125
-1.5025 -0.695
-1.4525 -0.6775
-1.525 -0.66875
-1.4675 -0.6625
-1.4725 -0.69375
-1.5325 -0.71375
-1.49 -0.645
-1.4025 -0.63875
-1.475 -0.62375
-1.295 -0.54875
-1.405 -0.535
-1.2875 -0.5475
-1.3075 -0.50625
-1.3625 -0.555
-1.4425 -0.56875
-1.5025 -0.62
-1.445 -0.59375
-1.3425 -0.56875
-1.52 -0.60875
-1.465 -0.60125
-1.4 -0.6175
-1.46 -0.6325
-1.4075 -0.60625
-1.4575 -0.6825
-1.3975 -0.63875
-1.4175 -0.6725
-1.4075 -0.665
-1.3575 -0.6975
-1.4825 -0.7525
-1.4825 -0.69
-1.3525 -0.6575
-1.365 -0.69625
-1.4 -0.665
-1.315 -0.6525
-1.3125 -0.645
-1.3475 -0.68375
-1.365 -0.66375
-1.4725 -0.73875
-1.5 -0.72
-1.2925 -0.6025
-1.31 -0.5575
-1.3625 -0.61375
-1.2875 -0.59625
-1.315 -0.63875
-1.3325 -0.625
-1.4025 -0.665
-1.3275 -0.64375
-1.345 -0.67125
-1.3675 -0.6675
-1.4175 -0.725
-1.5 -0.75375
-1.5625 -0.80375
-1.5625 -0.83875
-1.4325 -0.76875
-1.4675 -0.77625
-1.46 -0.755
-1.4525 -0.74875
-1.5225 -0.79625
-1.5 -0.78
-1.5225 -0.76875
-1.595 -0.83875
-1.5575 -0.82375
-1.575 -0.83
-1.4975 -0.7875
-1.405 -0.73875
-1.4625 -0.7375
-1.485 -0.73
-1.4175 -0.71625
-1.4375 -0.705
-1.475 -0.77125
-1.49 -0.75625
-1.5075 -0.74
-1.48 -0.7475
-1.485 -0.6575
-1.4 -0.63625
-1.375 -0.60875
-1.4025 -0.68125
-1.4925 -0.77375
-1.4725 -0.7175
-1.3925 -0.6525
-1.3775 -0.6525
-1.305 -0.62
-1.3825 -0.66375
-1.4675 -0.7
-1.455 -0.72125
-1.535 -0.7475
-1.5825 -0.80625
-1.505 -0.76125
-1.5 -0.75375
-1.56 -0.825
-1.5075 -0.79
-1.5025 -0.78875
-1.4925 -0.7575
-1.5225 -0.7675
-1.4875 -0.75625
-1.475 -0.73125
-1.4725 -0.78875
-1.525 -0.74875
-1.525 -0.745
-1.4375 -0.69375
-1.485 -0.67125
-1.405 -0.63875
-1.3775 -0.65
-1.42 -0.7
-1.35 -0.62625
-1.29 -0.55625
-1.3825 -0.64
-1.425 -0.6925
-1.52 -0.70625
-1.4425 -0.67125
-1.4475 -0.64
-1.355 -0.60875
-1.395 -0.5475
-1.395 -0.55625
-1.3625 -0.52
-1.4875 -0.63
-1.53 -0.63625
-1.4625 -0.66125
-1.465 -0.635
-1.33 -0.54125
-1.3975 -0.5525
-1.385 -0.5725
-1.4 -0.5525
-1.35 -0.57875
-1.355 -0.56375
-1.4375 -0.5625
-1.4425 -0.57875
-1.42 -0.5625
-1.3525 -0.45125
-1.2025 -0.40875
-1.3625 -0.46625
-1.3975 -0.4975
-1.395 -0.47
-1.41 -0.4725
-1.43 -0.5025
-1.47 -0.5525
-1.4075 -0.55625
-1.4175 -0.515
-1.36 -0.4775
-1.5175 -0.475
-1.3725 -0.4875
-1.3625 -0.4925
-1.4125 -0.55
-1.3875 -0.55
-1.3775 -0.56875
-1.435 -0.5975
-1.39 -0.65625
-1.45 -0.69875
-1.3725 -0.6625
-1.45 -0.64375
-1.475 -0.71875
-1.54 -0.77625
-1.4625 -0.745
-1.4825 -0.74875
-1.37 -0.7075
-1.48 -0.765
-1.52 -0.81625
-1.51 -0.8
-1.605 -0.845
-1.485 -0.75125
-1.4475 -0.79375
-1.605 -0.875
-1.605 -0.86125
-1.6425 -0.8725
-1.59 -0.84125
-1.585 -0.81625
-1.475 -0.78625
-1.505 -0.77
-1.6125 -0.84
-1.605 -0.8225
-1.5325 -0.81
-1.46 -0.7625
-1.455 -0.75125
-1.545 -0.81
-1.61 -0.845
-1.56 -0.81625
-1.5825 -0.8275
-1.46 -0.795
-1.4825 -0.80875
-1.5225 -0.7525
-1.35 -0.71375
-1.4875 -0.7225
-1.3375 -0.665
-1.42 -0.68375
-1.455 -0.745
-1.3925 -0.71875
-1.4875 -0.76625
-1.6175 -0.85625
-1.5625 -0.83375
-1.4275 -0.74375
-1.465 -0.77375
-1.4075 -0.7325
-1.475 -0.685
-1.4 -0.7
-1.515 -0.77125
-1.5275 -0.77625
-1.49 -0.78625
-1.525 -0.81875
-1.6025 -0.82875
-1.595 -0.78125
-1.4625 -0.71875
-1.45 -0.75125
-1.575 -0.805
-1.515 -0.77875
-1.5375 -0.81
-1.575 -0.815
-1.5025 -0.79625
-1.5475 -0.81125
-1.515 -0.79125
-1.545 -0.77375
-1.4175 -0.6975
-1.42 -0.67375
-1.4225 -0.65
-1.47 -0.66
-1.465 -0.69
-1.465 -0.6725
-1.3875 -0.70125
-1.5425 -0.76625
-1.43 -0.72625
-1.4075 -0.705
-1.3575 -0.67125
-1.5275 -0.7325
-1.5425 -0.81
-1.41 -0.72125
-1.5 -0.7925
-1.5075 -0.80375
-1.59 -0.855
-1.5375 -0.815
-1.555 -0.7925
-1.5 -0.76625
-1.475 -0.775
-1.4525 -0.73875
-1.36 -0.6825
-1.3875 -0.6925
-1.3775 -0.65625
-1.4225 -0.685
-1.4525 -0.715
-1.3475 -0.64375
-1.375 -0.6375
-1.3825 -0.61875
-1.41 -0.68125
-1.545 -0.8075
-1.47 -0.78625
-1.4975 -0.75875
-1.535 -0.79875
-1.49 -0.78625
-1.4925 -0.7475
-1.4475 -0.735
-1.51 -0.77
-1.495 -0.7775
-1.4625 -0.77
-1.605 -0.85875
-1.5025 -0.78375
-1.48 -0.74625
-1.4375 -0.74125
-1.5275 -0.74875
-1.5375 -0.7525
