-1.695 -0.9
-1.75 -0.91375
-1.7125 -0.8925
-1.68 -0.885
-1.7125 -0.91
-1.77 -0.93125
-1.7325 -0.915
-1.6925 -0.905
-1.7275 -0.9175
-1.7175 -0.90875
-1.6775 -0.885
-1.685 -0.88
-1.7525 -0.91125
-1.66 -0.87375
-1.7675 -0.9225
-1.7175 -0.89625
-1.6575 -0.88125
-1.6525 -0.85875
-1.755 -0.90875
-1.6625 -0.8875
-1.6725 -0.89375
-1.7075 -0.89625
-1.7025 -0.90625
-1.72 -0.91375
-1.6425 -0.865
-1.6625 -0.87
-1.6475 -0.88
-1.6875 -0.89
-1.7075 -0.9125
-1.735 -0.90875
-1.7125 -0.9075
-1.67 -0.88375
-1.7225 -0.91375
-1.73 -0.90375
-1.7175 -0.905
-1.695 -0.9025
-1.7025 -0.9025
-1.7375 -0.91375
-1.7 -0.90625
-1.7125 -0.90375
-1.7325 -0.9075
-1.6875 -0.87125
-1.6475 -0.85875
-1.615 -0.86125
-1.67 -0.87
-1.71 -0.8825
-1.6875 -0.89625
-1.64 -0.85875
-1.6425 -0.83125
-1.615 -0.84125
-1.635 -0.8325
-1.695 -0.90125
-1.6875 -0.89625
-1.7425 -0.905
-1.7175 -0.8975
-1.6675 -0.88375
-1.6675 -0.8875
-1.6525 -0.8675
-1.705 -0.89625
-1.7375 -0.9025
-1.7 -0.89375
-1.7075 -0.90125
-1.71 -0.9075
-1.7425 -0.925
-1.7375 -0.91375
-1.7 -0.9
-1.6675 -0.885
-1.75 -0.8975
-1.7175 -0.91
-1.695 -0.865
-1.735 -0.90625
-1.71 -0.88875
-1.705 -0.88
-1.64 -0.875
-1.7125 -0.895
-1.6425 -0.87
-1.7275 -0.905
-1.685 -0.89
-1.7125 -0.89125
-1.6975 -0.90625
-1.675 -0.875
-1.6875 -0.8925
-1.7575 -0.91125
-1.8175 -0.94375
-1.665 -0.88
-1.6775 -0.86125
-1.7225 -0.89125
-1.6825 -0.8625
-1.6875 -0.88625
-1.6625 -0.865
-1.6075 -0.8525
-1.69 -0.88875
-1.695 -0.8825
-1.75 -0.925
-1.74 -0.9175
-1.7675 -0.92125
-1.68 -0.9
-1.695 -0.89875
-1.7525 -0.91
-1.73 -0.91
-1.75 -0.91875
-1.76 -0.93
-1.72 -0.91375
-1.7575 -0.92125
-1.7125 -0.90125
-1.6475 -0.86125
-1.7375 -0.91625
-1.6725 -0.87875
-1.7875 -0.92875
-1.73 -0.9075
-1.775 -0.93125
-1.7325 -0.915
-1.6575 -0.8925
-1.7025 -0.8975
-1.7425 -0.90625
-1.7125 -0.9075
-1.6925 -0.8975
-1.6625 -0.87875
-1.7025 -0.9025
-1.685 -0.89125
-1.735 -0.91625
-1.73 -0.91375
-1.69 -0.88875
-1.705 -0.9025
-1.695 -0.9
-1.79 -0.93375
-1.76 -0.92625
-1.7525 -0.90875
-1.74 -0.9175
-1.705 -0.895
-1.78 -0.935
-1.7475 -0.92125
-1.72 -0.90625
-1.665 -0.89625
-1.76 -0.9225
-1.7625 -0.92625
-1.67 -0.88375
-1.725 -0.90125
-1.7425 -0.905
-1.6775 -0.87125
-1.685 -0.87375
-1.5975 -0.8375
-1.7175 -0.8825
-1.6875 -0.88
-1.67 -0.855
-1.685 -0.8925
-1.695 -0.875
-1.665 -0.8525
-1.6175 -0.82375
-1.625 -0.8475
-1.655 -0.85875
-1.73 -0.91
-1.74 -0.9175
-1.7275 -0.90375
-1.735 -0.915
-1.7175 -0.91
-1.715 -0.905
-1.6825 -0.89625
-1.79 -0.9325
-1.7475 -0.9075
-1.6825 -0.89
-1.73 -0.91125
-1.785 -0.935
-1.7125 -0.895
-1.6825 -0.87375
-1.645 -0.855
-1.7275 -0.90625
-1.6775 -0.885
-1.6775 -0.88375
-1.635 -0.86625
-1.715 -0.8925
-1.7125 -0.90875
-1.78 -0.92375
-1.735 -0.9125
-1.635 -0.865
-1.75 -0.91625
-1.73 -0.9125
-1.7575 -0.92375
-1.6475 -0.88375
-1.645 -0.8725
-1.75 -0.9125
-1.77 -0.91375
-1.7 -0.9075
-1.7825 -0.93125
-1.7175 -0.90625
-1.7425 -0.92
-1.8175 -0.94125
-1.765 -0.9275
-1.7275 -0.91375
-1.7075 -0.90625
-1.64 -0.86
-1.695 -0.89375
-1.755 -0.90375
-1.725 -0.90625
-1.715 -0.9025
-1.745 -0.92375
-1.72 -0.905
-1.6875 -0.89625
-1.6725 -0.875
-1.68 -0.875
-1.74 -0.90875
-1.7775 -0.92125
-1.6725 -0.86625
-1.695 -0.87375
-1.6825 -0.8875
-1.6625 -0.87
-1.64 -0.87
-1.65 -0.85125
-1.69 -0.87125
-1.705 -0.90375
-1.685 -0.88375
-1.7225 -0.9075
-1.6875 -0.88875
-1.62 -0.85875
-1.6625 -0.865
-1.73 -0.8925
-1.685 -0.8725
-1.7025 -0.89375
-1.6875 -0.9
-1.6925 -0.895
-1.76 -0.92
-1.78 -0.92625
-1.725 -0.9075
-1.7175 -0.89875
-1.7475 -0.91625
-1.7725 -0.91625
-1.7275 -0.90875
-1.6875 -0.9
-1.7475 -0.91625
-1.7 -0.88875
-1.675 -0.8825
-1.7575 -0.9
-1.69 -0.88
-1.6975 -0.8775
-1.6025 -0.84375
-1.6575 -0.84625
-1.5975 -0.8275
-1.6325 -0.84625
-1.585 -0.81875
-1.6625 -0.8775
-1.73 -0.91625
-1.6725 -0.86375
-1.74 -0.9175
-1.7125 -0.90875
-1.7925 -0.935
-1.76 -0.93
-1.6125 -0.8525
-1.7175 -0.9
-1.7575 -0.915
-1.6875 -0.8825
-1.66 -0.87875
-1.6725 -0.8825
-1.685 -0.88125
-1.7025 -0.88125
-1.745 -0.92125
-1.6575 -0.87875
-1.6825 -0.885
-1.71 -0.90375
-1.78 -0.92375
-1.675 -0.87
-1.645 -0.855
-1.7325 -0.9175
-1.6525 -0.87375
-1.765 -0.92625
-1.685 -0.885
-1.6775 -0.89625
-1.73 -0.88125
-1.69 -0.87
-1.675 -0.85875
-1.6725 -0.8775
-1.64 -0.85
-1.715 -0.89625
-1.76 -0.92125
-1.715 -0.91125
-1.77 -0.93
-1.6875 -0.88875
-1.6775 -0.88375
-1.7425 -0.9125
-1.6575 -0.8825
-1.705 -0.91125
-1.6975 -0.9075
-1.7225 -0.91375
-1.7125 -0.90875
-1.6825 -0.89
-1.705 -0.88875
-1.6825 -0.8775
-1.6575 -0.87125
-1.6825 -0.88125
-1.7225 -0.905
-1.715 -0.91
-1.68 -0.89625
-1.75 -0.9175
-1.71 -0.90125
-1.7075 -0.90375
-1.67 -0.8925
-1.7825 -0.93
-1.7375 -0.89375
-1.69 -0.87
-1.6575 -0.87
-1.6925 -0.8925
-1.6975 -0.88
-1.775 -0.9225
-1.66 -0.89
-1.77 -0.92875
-1.6975 -0.90125
-1.59 -0.8175
-1.6375 -0.83
-1.6575 -0.8725
-1.6725 -0.88625
-1.64 -0.87625
-1.755 -0.90125
-1.635 -0.86125
-1.6825 -0.88625
-1.68 -0.87625
-1.72 -0.88875
-1.7175 -0.90625
-1.735 -0.91375
-1.705 -0.905
-1.655 -0.8575
-1.765 -0.925
-1.685 -0.88125
-1.71 -0.87375
-1.5875 -0.82375
-1.7075 -0.90125
-1.775 -0.92875
-1.695 -0.9025
-1.6875 -0.8875
-1.62 -0.85625
-1.7225 -0.90625
-1.7675 -0.9175
-1.765 -0.92125
-1.7425 -0.91
-1.7375 -0.90375
-1.715 -0.90125
-1.675 -0.89125
-1.635 -0.85875
-1.7775 -0.92875
-1.8025 -0.9425
-1.7625 -0.9225
-1.765 -0.9275
-1.7525 -0.9175
-1.7075 -0.91
-1.7175 -0.89625
-1.6575 -0.865
-1.725 -0.9
-1.775 -0.9275
-1.7075 -0.8825
-1.6375 -0.8575
-1.7025 -0.8875
-1.7125 -0.8875
-1.7425 -0.91125
-1.7075 -0.8925
-1.7675 -0.92875
-1.72 -0.90375
-1.6825 -0.8825
-1.66 -0.8825
-1.7475 -0.90375
-1.6725 -0.865
-1.7225 -0.9025
-1.6875 -0.89375
-1.6525 -0.8725
-1.665 -0.8875
-1.6875 -0.89125
-1.595 -0.84625
-1.6925 -0.8825
-1.7175 -0.9075
-1.68 -0.87125
-1.66 -0.85375
-1.6 -0.8375
-1.6825 -0.86375
-1.705 -0.90875
-1.635 -0.87375
-1.7675 -0.925
-1.6175 -0.87875
-1.81 -0.9475
-1.7025 -0.89375
-1.705 -0.89875
-1.755 -0.90875
-1.69 -0.8975
-1.73 -0.90875
-1.7175 -0.9025
-1.7175 -0.90625
-1.7475 -0.90875
-1.625 -0.8725
-1.705 -0.88375
-1.6375 -0.86375
-1.6175 -0.83875
-1.6525 -0.85125
-1.7 -0.89
-1.7175 -0.905
-1.725 -0.90375
-1.81 -0.94
-1.715 -0.8975
-1.7325 -0.90625
-1.6975 -0.88875
-1.715 -0.90125
-1.77 -0.915
-1.7275 -0.90125
-1.7625 -0.9275
-1.63 -0.84125
-1.695 -0.8775
-1.69 -0.8825
-1.75 -0.92125
-1.76 -0.92125
-1.7475 -0.92
-1.62 -0.87875
-1.715 -0.9
-1.7325 -0.90125
-1.64 -0.8675
-1.72 -0.9125
-1.77 -0.935
-1.655 -0.88375
-1.715 -0.8875
-1.6475 -0.8625
-1.665 -0.8725
-1.705 -0.90375
-1.7625 -0.925
-1.6275 -0.8375
-1.6425 -0.8475
-1.575 -0.8275
-1.5725 -0.7975
-1.615 -0.8425
-1.665 -0.88375
-1.6625 -0.86625
-1.7375 -0.8975
-1.6425 -0.8725
-1.6675 -0.8625
-1.625 -0.8475
-1.6525 -0.8275
-1.725 -0.85375
-1.69 -0.84875
-1.6775 -0.855
-1.66 -0.85125
-1.69 -0.8725
-1.81 -0.90375
-1.7875 -0.9275
-1.755 -0.9225
-1.7475 -0.91875
-1.725 -0.90375
-1.6875 -0.885
-1.6875 -0.87875
-1.6525 -0.87
-1.635 -0.87
-1.6275 -0.8725
-1.7225 -0.905
-1.7675 -0.9175
-1.7125 -0.91125
-1.715 -0.9
-1.7075 -0.89625
-1.6775 -0.88875
-1.64 -0.855
-1.72 -0.90625
-1.6325 -0.8625
-1.63 -0.865
-1.635 -0.87375
-1.7175 -0.8875
-1.6375 -0.87
-1.6175 -0.8475
-1.6925 -0.87
-1.66 -0.8625
-1.7475 -0.91875
-1.75 -0.9175
-1.715 -0.91625
-1.6975 -0.8925
-1.675 -0.8975
-1.7 -0.9
-1.6475 -0.8875
-1.7775 -0.92875
-1.6575 -0.88375
-1.7625 -0.91625
-1.765 -0.925
-1.715 -0.91
-1.685 -0.89625
-1.7275 -0.89875
-1.665 -0.885
-1.7225 -0.8925
-1.775 -0.925
-1.7225 -0.90375
-1.7 -0.90125
-1.7275 -0.9025
-1.79 -0.92125
-1.715 -0.8925
-1.66 -0.89125
-1.7375 -0.9125
-1.705 -0.88375
-1.6875 -0.8875
-1.74 -0.925
-1.6675 -0.88125
-1.7125 -0.89125
-1.6925 -0.90875
-1.685 -0.90125
-1.6875 -0.89875
-1.76 -0.92375
-1.6925 -0.9
-1.67 -0.89375
-1.7875 -0.9375
-1.705 -0.9025
-1.73 -0.91375
-1.695 -0.89875
-1.7175 -0.8975
-1.6775 -0.88375
-1.7875 -0.9325
-1.79 -0.93875
-1.6275 -0.8625
-1.62 -0.8575
-1.67 -0.90125
-1.73 -0.895
-1.7125 -0.88625
-1.7775 -0.9275
-1.685 -0.8675
-1.5825 -0.835
-1.6225 -0.87125
-1.6425 -0.87375
-1.75 -0.91875
-1.72 -0.9125
-1.7275 -0.905
-1.63 -0.86375
-1.7025 -0.8725
-1.7375 -0.915
-1.73 -0.90375
-1.7125 -0.90125
-1.7225 -0.905
-1.72 -0.9025
-1.6625 -0.86
-1.65 -0.85625
-1.6875 -0.87625
-1.7 -0.87375
-1.77 -0.91
-1.6575 -0.8575
-1.7225 -0.9
-1.6625 -0.8675
-1.6825 -0.875
-1.71 -0.89625
-1.685 -0.87375
-1.7275 -0.9075
-1.6775 -0.88875
-1.725 -0.9125
-1.7225 -0.91125
-1.6525 -0.86875
-1.6325 -0.84
-1.7075 -0.89375
-1.6725 -0.885
-1.72 -0.91375
-1.7375 -0.89875
-1.7375 -0.89375
-1.7375 -0.9
-1.6475 -0.84875
-1.63 -0.85625
-1.655 -0.88125
-1.65 -0.88375
-1.65 -0.8725
-1.715 -0.8875
-1.6725 -0.85625
-1.665 -0.825
-1.6525 -0.7925
-1.6475 -0.7675
-1.56 -0.72625
-1.53 -0.6975
-1.56 -0.69375
-1.625 -0.7375
-1.6275 -0.7525
-1.6025 -0.79875
-1.6175 -0.82
-1.63 -0.825
-1.69 -0.85375
-1.6625 -0.8475
-1.6025 -0.80625
-1.625 -0.82375
-1.64 -0.8475
-1.7025 -0.90625
-1.6175 -0.8475
-1.6325 -0.86
-1.8 -0.89875
-1.645 -0.86125
-1.71 -0.8675
-1.6325 -0.8475
-1.6825 -0.8675
-1.7 -0.85625
-1.5825 -0.8125
-1.675 -0.855
-1.67 -0.8725
-1.6675 -0.8725
-1.625 -0.84875
-1.65 -0.85875
-1.655 -0.88125
-1.6925 -0.8925
-1.73 -0.9175
-1.7225 -0.90625
-1.7025 -0.90125
-1.7425 -0.90625
-1.7375 -0.915
-1.81 -0.9425
-1.6575 -0.87625
-1.71 -0.89375
-1.73 -0.89875
-1.735 -0.90875
-1.685 -0.8825
-1.72 -0.9075
-1.7375 -0.90625
-1.69 -0.8975
-1.745 -0.915
-1.75 -0.92
-1.7725 -0.93125
-1.685 -0.89875
-1.7375 -0.91875
-1.755 -0.92625
-1.7425 -0.915
-1.74 -0.9075
-1.7775 -0.9275
-1.7225 -0.905
-1.7075 -0.89625
-1.7325 -0.9225
-1.6975 -0.88875
-1.71 -0.91
-1.67 -0.8775
-1.7725 -0.9275
-1.8175 -0.94
-1.7225 -0.90625
-1.7375 -0.91875
-1.705 -0.8925
-1.72 -0.9
-1.7025 -0.9
-1.7075 -0.8925
-1.7175 -0.88
-1.5875 -0.825
-1.595 -0.83625
-1.6475 -0.84625
-1.6275 -0.845
-1.5425 -0.79375
-1.6725 -0.885
-1.77 -0.92625
-1.805 -0.94
-1.765 -0.92625
-1.6875 -0.88375
-1.7875 -0.93375
-1.7475 -0.9125
-1.7625 -0.92375
-1.725 -0.8925
-1.7575 -0.915
-1.69 -0.8975
-1.6925 -0.87875
-1.695 -0.885
-1.625 -0.86375
-1.6675 -0.88
-1.7 -0.885
-1.66 -0.87625
-1.6775 -0.88875
-1.715 -0.89875
-1.795 -0.93375
-1.72 -0.915
-1.715 -0.90875
-1.73 -0.90875
-1.7075 -0.90375
-1.7125 -0.9025
-1.73 -0.9125
-1.685 -0.89625
-1.735 -0.91375
-1.7325 -0.915
-1.68 -0.88875
-1.66 -0.86875
-1.7025 -0.89375
-1.695 -0.8925
-1.7975 -0.9125
-1.69 -0.8825
-1.565 -0.8425
-1.6825 -0.89125
-1.67 -0.87875
-1.7275 -0.8925
-1.65 -0.86375
-1.655 -0.87625
-1.6825 -0.88625
-1.64 -0.86125
-1.705 -0.89125
-1.7125 -0.89125
-1.6725 -0.8975
-1.795 -0.94
-1.75 -0.9075
-1.705 -0.90875
-1.675 -0.875
-1.695 -0.89125
-1.66 -0.88625
-1.7475 -0.91
-1.75 -0.915
-1.63 -0.87625
-1.7675 -0.9225
-1.74 -0.9125
-1.725 -0.905
-1.69 -0.87625
-1.6225 -0.8325
-1.66 -0.86
-1.7225 -0.90125
-1.7 -0.9
-1.6425 -0.885
-1.735 -0.91875
-1.7075 -0.895
-1.68 -0.8775
-1.7225 -0.9025
-1.7225 -0.91125
-1.7125 -0.90625
-1.7275 -0.90375
-1.7275 -0.9075
-1.74 -0.91375
-1.62 -0.8225
-1.6525 -0.86125
-1.775 -0.93375
-1.755 -0.9175
-1.71 -0.89625
-1.6825 -0.8675
-1.71 -0.87
-1.6875 -0.87875
-1.685 -0.8825
-1.705 -0.8775
-1.71 -0.88
-1.69 -0.90125
-1.7175 -0.91125
-1.7375 -0.92
-1.74 -0.90875
-1.7125 -0.9075
-1.7775 -0.935
-1.715 -0.90375
-1.68 -0.89625
-1.7175 -0.89875
-1.7 -0.8625
-1.6675 -0.88125
-1.7025 -0.90375
-1.695 -0.8925
-1.7075 -0.90625
-1.7575 -0.9125
-1.7275 -0.9075
-1.7325 -0.915
-1.725 -0.9
-1.755 -0.92875
-1.755 -0.9175
-1.77 -0.93
-1.7775 -0.9275
-1.76 -0.91875
-1.7375 -0.91875
-1.725 -0.89625
-1.7475 -0.92375
-1.7025 -0.8925
-1.6825 -0.88
-1.75 -0.9175
-1.7225 -0.90625
-1.7675 -0.93
-1.68 -0.89125
-1.8075 -0.94625
-1.69 -0.895
-1.7375 -0.91875
-1.745 -0.9025
-1.6675 -0.89625
-1.71 -0.89625
-1.6925 -0.8875
-1.6675 -0.88
-1.7225 -0.89875
-1.705 -0.89625
-1.7125 -0.885
-1.6825 -0.89375
-1.715 -0.89375
-1.745 -0.9075
-1.635 -0.865
-1.66 -0.8825
-1.69 -0.8875
-1.695 -0.9025
-1.75 -0.925
-1.7425 -0.91625
-1.6975 -0.885
-1.7675 -0.91125
-1.685 -0.87375
-1.64 -0.8575
-1.6475 -0.865
-1.75 -0.89
-1.715 -0.885
-1.6825 -0.865
-1.615 -0.8625
-1.6225 -0.86
-1.6725 -0.88875
-1.6925 -0.8925
-1.7 -0.895
-1.7725 -0.93125
-1.705 -0.8925
-1.6975 -0.89875
-1.7525 -0.925
-1.75 -0.91125
-1.725 -0.91125
-1.7625 -0.91375
-1.7425 -0.92
-1.745 -0.9225
-1.7 -0.90375
-1.7425 -0.9275
-1.7325 -0.91375
-1.7175 -0.90875
-1.645 -0.8725
-1.7525 -0.91625
-1.7075 -0.905
-1.7125 -0.89375
-1.6975 -0.90625
-1.745 -0.91125
-1.7125 -0.90875
-1.725 -0.905
-1.7325 -0.89625
-1.7225 -0.89125
-1.7525 -0.92375
-1.6825 -0.8975
-1.78 -0.93625
-1.72 -0.89625
-1.7475 -0.90625
-1.75 -0.90375
-1.6875 -0.87625
-1.725 -0.9075
-1.73 -0.90625
-1.7725 -0.91625
-1.715 -0.8675
-1.6375 -0.83125
-1.7075 -0.85375
-1.68 -0.87125
-1.73 -0.9175
-1.71 -0.8975
-1.76 -0.91125
-1.7525 -0.92125
-1.7075 -0.90125
-1.7225 -0.91125
-1.715 -0.91625
-1.68 -0.875
-1.6575 -0.85
-1.635 -0.865
-1.685 -0.8825
-1.6975 -0.8875
-1.67 -0.8575
-1.6725 -0.865
-1.7075 -0.86125
-1.605 -0.845
-1.6425 -0.86125
-1.6175 -0.865
-1.695 -0.8975
-1.73 -0.915
-1.7375 -0.895
-1.74 -0.91625
-1.7825 -0.93
-1.7075 -0.90125
-1.7025 -0.87375
-1.64 -0.84625
-1.65 -0.86375
-1.725 -0.8875
-1.7025 -0.8775
-1.6575 -0.86375
-1.7075 -0.88125
-1.7325 -0.89
-1.6575 -0.88375
-1.655 -0.8625
-1.6275 -0.83625
-1.6675 -0.8525
-1.705 -0.8775
-1.755 -0.88875
-1.6975 -0.895
-1.68 -0.87375
-1.585 -0.8425
-1.665 -0.87
-1.64 -0.8525
-1.57 -0.8325
-1.56 -0.8075
-1.5775 -0.83125
-1.72 -0.90375
-1.7275 -0.9075
-1.6825 -0.8975
-1.6725 -0.88375
-1.7075 -0.8725
-1.6725 -0.88375
-1.745 -0.9225
-1.695 -0.89125
-1.78 -0.92125
-1.72 -0.905
-1.7175 -0.91375
-1.74 -0.9175
-1.665 -0.885
-1.74 -0.91625
-1.645 -0.86125
-1.6875 -0.89
-1.6625 -0.8525
-1.595 -0.8075
-1.59 -0.85
-1.5875 -0.83875
-1.6 -0.86
-1.5925 -0.83875
-1.69 -0.88375
-1.7575 -0.925
-1.745 -0.9025
-1.64 -0.88125
-1.6775 -0.875
-1.77 -0.905
-1.69 -0.88375
-1.6625 -0.86625
-1.665 -0.88375
-1.7025 -0.8925
-1.6975 -0.8975
-1.7 -0.89625
-1.7325 -0.90875
-1.7725 -0.9225
-1.745 -0.9175
-1.715 -0.9075
-1.7325 -0.91875
-1.7025 -0.9
-1.7425 -0.91125
-1.615 -0.85125
-1.635 -0.86625
-1.7575 -0.92875
-1.7225 -0.89375
-1.695 -0.895
-1.7225 -0.9075
-1.77 -0.93125
-1.6425 -0.87875
-1.64 -0.865
-1.6575 -0.87375
-1.61 -0.8225
-1.59 -0.82875
-1.6325 -0.8575
-1.705 -0.88125
-1.6475 -0.87875
-1.675 -0.8875
-1.7325 -0.92125
-1.705 -0.89125
-1.72 -0.90625
-1.7775 -0.9325
-1.7775 -0.92875
-1.67 -0.87875
-1.7275 -0.9
-1.665 -0.87375
-1.6325 -0.85625
-1.705 -0.87875
-1.6425 -0.87625
-1.7025 -0.88125
-1.6325 -0.8675
-1.7375 -0.9125
-1.655 -0.8625
-1.625 -0.845
-1.625 -0.8525
-1.5925 -0.83375
-1.6575 -0.87875
-1.73 -0.9075
-1.71 -0.89
-1.7 -0.89375
-1.695 -0.87375
-1.665 -0.88875
-1.7525 -0.92125
-1.71 -0.89
-1.765 -0.9225
-1.65 -0.86625
-1.7575 -0.92875
-1.6825 -0.88625
-1.7425 -0.91375
-1.6525 -0.885
-1.7175 -0.91125
-1.7525 -0.91125
-1.735 -0.90875
-1.675 -0.9
-1.715 -0.905
-1.6625 -0.8675
-1.7275 -0.885
-1.7325 -0.90125
-1.7575 -0.89375
-1.7525 -0.885
-1.625 -0.81375
-1.6975 -0.875
-1.66 -0.85125
-1.56 -0.80875
-1.61 -0.81375
-1.6975 -0.86125
-1.6975 -0.855
-1.715 -0.87375
-1.6125 -0.835
-1.645 -0.86625
-1.695 -0.86875
-1.675 -0.8775
-1.635 -0.86625
-1.71 -0.8925
-1.705 -0.89
-1.7425 -0.92125
-1.675 -0.88875
-1.645 -0.875
-1.745 -0.915
-1.72 -0.905
-1.7975 -0.94
-1.725 -0.9025
-1.7 -0.89125
-1.675 -0.89
-1.72 -0.89875
-1.6725 -0.86875
-1.76 -0.91875
-1.6525 -0.88
-1.6925 -0.88875
-1.7075 -0.89625
-1.685 -0.89625
-1.74 -0.9075
-1.6875 -0.87625
-1.7925 -0.905
-1.6525 -0.85625
-1.6025 -0.83625
-1.6675 -0.8475
-1.5825 -0.83875
-1.62 -0.86375
-1.72 -0.9075
