-1.73778 -0.915556
-1.72889 -0.911111
-1.83556 -0.948889
-1.76889 -0.917778
-1.76 -0.922222
-1.74222 -0.915556
-1.65333 -0.886667
-1.82222 -0.933333
-1.75556 -0.924444
-1.62667 -0.837778
-1.64444 -0.873333
-1.68889 -0.888889
-1.68 -0.888889
-1.75556 -0.931111
-1.68889 -0.886667
-1.71111 -0.906667
-1.71111 -0.911111
-1.72889 -0.902222
-1.67111 -0.862222
-1.61333 -0.866667
-1.76444 -0.931111
-1.72444 -0.904444
-1.75111 -0.888889
-1.67556 -0.886667
-1.74667 -0.913333
-1.66222 -0.886667
-1.68444 -0.895556
-1.76444 -0.908889
-1.70222 -0.9
-1.71111 -0.906667
-1.70222 -0.891111
-1.78222 -0.915556
-1.74222 -0.922222
-1.73778 -0.897778
-1.64 -0.875556
-1.68889 -0.873333
-1.73778 -0.906667
-1.64 -0.846667
-1.66667 -0.835556
-1.71556 -0.877778
-1.82667 -0.951111
-1.77333 -0.922222
-1.8 -0.94
-1.69778 -0.891111
-1.71111 -0.904444
-1.77778 -0.928889
-1.68889 -0.884444
-1.65333 -0.828889
-1.59556 -0.802222
-1.6 -0.815556
-1.70222 -0.866667
-1.72889 -0.886667
-1.74667 -0.911111
-1.8 -0.944444
-1.85333 -0.953333
-1.76444 -0.917778
-1.84889 -0.957778
-1.81333 -0.948889
-1.84889 -0.953333
-1.70667 -0.913333
-1.73778 -0.92
-1.64444 -0.888889
-1.76889 -0.926667
-1.78667 -0.931111
-1.67111 -0.886667
-1.76889 -0.926667
-1.73333 -0.917778
-1.64444 -0.866667
-1.69778 -0.893333
-1.69778 -0.884444
-1.68889 -0.864444
-1.65778 -0.86
-1.68889 -0.864444
-1.65333 -0.884444
-1.69333 -0.891111
-1.75111 -0.913333
-1.64444 -0.866667
-1.78667 -0.924444
-1.65778 -0.848889
-1.63556 -0.868889
-1.69778 -0.893333
-1.67556 -0.895556
-1.67111 -0.9
-1.74222 -0.92
-1.77778 -0.933333
-1.75556 -0.931111
-1.76889 -0.931111
-1.79111 -0.935556
-1.82222 -0.94
-1.79111 -0.928889
-1.86222 -0.957778
-1.73778 -0.915556
-1.65778 -0.875556
-1.68 -0.886667
-1.71111 -0.897778
-1.73333 -0.891111
-1.58667 -0.813333
-1.55556 -0.835556
-1.64889 -0.84
-1.70222 -0.873333
-1.65333 -0.862222
-1.72 -0.908889
-1.67556 -0.884444
-1.71111 -0.893333
-1.58667 -0.808889
-1.64 -0.844444
-1.68 -0.897778
-1.59556 -0.86
-1.71111 -0.877778
-1.60889 -0.842222
-1.77778 -0.937778
-1.79111 -0.935556
-1.76 -0.924444
-1.8 -0.944444
-1.72889 -0.913333
-1.75556 -0.928889
-1.80889 -0.942222
-1.80444 -0.937778
-1.72 -0.893333
-1.75556 -0.895556
-1.64889 -0.877778
-1.77333 -0.926667
-1.81333 -0.942222
-1.71111 -0.911111
-1.76889 -0.902222
-1.71111 -0.908889
-1.73778 -0.917778
-1.64444 -0.866667
-1.79111 -0.937778
-1.72889 -0.895556
-1.78222 -0.895556
-1.65778 -0.855556
-1.64 -0.813333
-1.71111 -0.817778
-1.74222 -0.846667
-1.75111 -0.891111
-1.67111 -0.862222
-1.63556 -0.815556
-1.70667 -0.886667
-1.76444 -0.924444
-1.76444 -0.926667
-1.73778 -0.915556
-1.76 -0.92
-1.74222 -0.926667
-1.80444 -0.946667
-1.82222 -0.946667
-1.80444 -0.946667
-1.84 -0.96
-1.72 -0.915556
-1.69778 -0.888889
-1.66667 -0.873333
-1.62222 -0.868889
-1.73333 -0.913333
-1.71556 -0.904444
-1.71111 -0.888889
-1.65778 -0.855556
-1.59556 -0.837778
-1.64889 -0.88
-1.71556 -0.904444
-1.70222 -0.891111
-1.81778 -0.946667
-1.82222 -0.944444
-1.78222 -0.906667
-1.62667 -0.868889
-1.79111 -0.935556
-1.68 -0.897778
-1.76444 -0.915556
-1.76444 -0.933333
-1.74667 -0.917778
-1.73333 -0.908889
-1.62222 -0.866667
-1.60444 -0.864444
-1.69778 -0.868889
-1.62667 -0.868889
-1.73333 -0.9
-1.72444 -0.906667
-1.78222 -0.922222
-1.70667 -0.906667
-1.78667 -0.933333
-1.81778 -0.942222
-1.72889 -0.915556
-1.75111 -0.915556
-1.75111 -0.928889
-1.66667 -0.875556
-1.68 -0.877778
-1.75556 -0.917778
-1.60889 -0.857778
-1.77333 -0.926667
-1.75111 -0.915556
-1.66222 -0.868889
-1.71111 -0.911111
-1.80444 -0.948889
-1.81778 -0.948889
-1.8 -0.933333
-1.80444 -0.944444
-1.73778 -0.911111
-1.81778 -0.942222
-1.75111 -0.924444
-1.72444 -0.913333
-1.72 -0.913333
-1.73778 -0.926667
-1.76 -0.908889
-1.66667 -0.873333
-1.66222 -0.868889
-1.65778 -0.888889
-1.74222 -0.92
-1.76444 -0.926667
-1.77333 -0.931111
-1.70667 -0.902222
-1.72 -0.884444
-1.72 -0.857778
-1.70222 -0.877778
-1.56 -0.833333
-1.68 -0.866667
-1.65778 -0.871111
-1.68889 -0.882222
-1.78667 -0.935556
-1.68889 -0.897778
-1.70222 -0.9
-1.76889 -0.933333
-1.75556 -0.924444
-1.74667 -0.926667
-1.75111 -0.917778
-1.66667 -0.884444
-1.85778 -0.96
-1.84889 -0.955556
-1.79111 -0.935556
-1.81778 -0.942222
-1.71111 -0.908889
-1.82222 -0.951111
-1.72889 -0.897778
-1.64444 -0.88
-1.65778 -0.848889
-1.66222 -0.871111
-1.75111 -0.92
-1.79556 -0.942222
-1.73333 -0.922222
-1.73778 -0.913333
-1.75111 -0.915556
-1.74222 -0.924444
-1.8 -0.94
-1.68889 -0.882222
-1.70222 -0.897778
-1.68 -0.871111
-1.68 -0.882222
-1.83556 -0.946667
-1.68 -0.886667
-1.70222 -0.86
-1.72889 -0.855556
-1.63556 -0.835556
-1.65333 -0.877778
-1.66222 -0.893333
-1.74667 -0.917778
-1.74667 -0.913333
-1.76889 -0.917778
-1.84 -0.955556
-1.75556 -0.913333
-1.74222 -0.908889
-1.72 -0.917778
-1.66667 -0.891111
-1.73333 -0.911111
-1.63111 -0.86
-1.64444 -0.857778
-1.66667 -0.806667
-1.67111 -0.82
-1.66667 -0.813333
-1.67111 -0.862222
-1.74222 -0.902222
-1.71556 -0.908889
-1.81333 -0.928889
-1.77333 -0.935556
-1.71111 -0.902222
-1.75556 -0.922222
-1.71111 -0.904444
-1.67556 -0.877778
-1.80444 -0.924444
-1.77778 -0.924444
-1.73778 -0.882222
-1.75556 -0.931111
-1.76889 -0.931111
-1.71556 -0.915556
-1.74667 -0.922222
-1.79556 -0.908889
-1.76 -0.928889
-1.67111 -0.882222
-1.58667 -0.831111
-1.60444 -0.853333
-1.72889 -0.922222
-1.80444 -0.951111
-1.79556 -0.937778
-1.82222 -0.951111
-1.78667 -0.931111
-1.82222 -0.953333
-1.77333 -0.933333
-1.77333 -0.928889
-1.81333 -0.931111
-1.67556 -0.882222
-1.66667 -0.891111
-1.75111 -0.924444
-1.77333 -0.917778
-1.77333 -0.922222
-1.73778 -0.911111
-1.72 -0.924444
-1.8 -0.933333
-1.74667 -0.92
-1.77778 -0.931111
-1.81778 -0.94
-1.76889 -0.931111
-1.81778 -0.937778
-1.83556 -0.944444
-1.77778 -0.931111
-1.74667 -0.917778
-1.70667 -0.904444
-1.73778 -0.9
-1.67111 -0.884444
-1.76444 -0.924444
-1.80444 -0.94
-1.75556 -0.928889
-1.74222 -0.908889
-1.76 -0.92
-1.76444 -0.931111
-1.76889 -0.92
-1.75556 -0.906667
-1.76889 -0.935556
-1.80889 -0.937778
-1.71111 -0.891111
-1.66667 -0.871111
-1.70222 -0.864444
-1.60444 -0.817778
-1.68889 -0.866667
-1.72 -0.9
-1.72444 -0.9
-1.73333 -0.917778
-1.75111 -0.926667
-1.68444 -0.888889
-1.72444 -0.92
-1.85778 -0.955556
-1.75111 -0.913333
-1.83111 -0.946667
-1.71111 -0.897778
-1.81778 -0.946667
-1.76889 -0.922222
-1.72 -0.906667
-1.73333 -0.908889
-1.69333 -0.871111
-1.68 -0.868889
-1.71111 -0.893333
-1.70667 -0.891111
-1.63111 -0.875556
-1.73333 -0.9
-1.76889 -0.922222
-1.69333 -0.855556
-1.84444 -0.951111
-1.74667 -0.911111
-1.80444 -0.94
-1.78222 -0.922222
-1.71111 -0.895556
-1.72444 -0.915556
-1.78667 -0.926667
-1.72889 -0.902222
-1.65333 -0.871111
-1.76889 -0.92
-1.71556 -0.913333
-1.76 -0.928889
-1.66667 -0.888889
-1.68889 -0.884444
-1.75556 -0.92
-1.76889 -0.913333
-1.67556 -0.893333
-1.65333 -0.886667
-1.72444 -0.911111
-1.72444 -0.92
-1.71111 -0.895556
-1.75111 -0.913333
-1.73333 -0.908889
-1.76 -0.924444
-1.74222 -0.913333
-1.78667 -0.915556
-1.65333 -0.846667
-1.74222 -0.877778
-1.68444 -0.88
-1.66222 -0.891111
-1.68444 -0.897778
-1.79111 -0.94
-1.72889 -0.913333
-1.78667 -0.926667
-1.68889 -0.882222
-1.61333 -0.86
-1.63111 -0.853333
-1.70667 -0.873333
-1.69778 -0.906667
-1.60889 -0.846667
-1.69778 -0.888889
-1.70222 -0.9
-1.76889 -0.933333
-1.74222 -0.917778
-1.70222 -0.915556
-1.84889 -0.957778
-1.68889 -0.875556
-1.73333 -0.911111
-1.80889 -0.931111
-1.71556 -0.904444
-1.79556 -0.937778
-1.76889 -0.906667
-1.77778 -0.906667
-1.77778 -0.922222
-1.72 -0.913333
-1.80889 -0.94
-1.68889 -0.884444
-1.74222 -0.906667
-1.72 -0.92
-1.81333 -0.946667
-1.78222 -0.924444
-1.82667 -0.953333
-1.75111 -0.926667
-1.84889 -0.957778
-1.75556 -0.92
-1.67111 -0.88
-1.68444 -0.871111
-1.59111 -0.86
-1.73333 -0.911111
-1.68 -0.873333
-1.75556 -0.911111
-1.77333 -0.928889
-1.65333 -0.877778
-1.75556 -0.924444
-1.72444 -0.886667
-1.65333 -0.855556
-1.85333 -0.957778
-1.68 -0.88
-1.79111 -0.933333
-1.77333 -0.933333
-1.81333 -0.942222
-1.77333 -0.933333
-1.78222 -0.935556
-1.78222 -0.933333
-1.70222 -0.882222
-1.64889 -0.853333
-1.69778 -0.904444
-1.73333 -0.915556
-1.77778 -0.933333
-1.78667 -0.94
-1.77778 -0.931111
-1.76 -0.928889
-1.73333 -0.915556
-1.73333 -0.9
-1.82667 -0.946667
-1.77333 -0.924444
-1.76444 -0.92
-1.59556 -0.862222
-1.74667 -0.915556
-1.68889 -0.891111
-1.74667 -0.904444
-1.78667 -0.931111
-1.74222 -0.908889
-1.67111 -0.873333
-1.75556 -0.931111
-1.69778 -0.897778
-1.76444 -0.913333
-1.76 -0.926667
-1.78222 -0.933333
-1.59111 -0.844444
-1.68889 -0.895556
-1.75111 -0.915556
-1.75556 -0.913333
-1.76889 -0.913333
-1.69333 -0.871111
-1.66667 -0.866667
-1.67556 -0.893333
-1.62222 -0.848889
-1.65778 -0.886667
-1.77333 -0.911111
-1.76444 -0.924444
-1.73778 -0.904444
-1.73333 -0.922222
-1.72889 -0.917778
-1.72 -0.915556
-1.64444 -0.862222
-1.65778 -0.884444
-1.63111 -0.875556
-1.79556 -0.944444
-1.76 -0.924444
-1.80444 -0.928889
-1.76 -0.922222
-1.75556 -0.935556
-1.70667 -0.913333
-1.74667 -0.913333
-1.80889 -0.944444
-1.76889 -0.922222
-1.75111 -0.915556
-1.81333 -0.951111
-1.78667 -0.922222
-1.66222 -0.884444
-1.64889 -0.86
-1.51111 -0.777778
-1.63111 -0.851111
-1.69778 -0.893333
-1.68 -0.888889
-1.58667 -0.84
-1.66667 -0.857778
-1.63556 -0.817778
-1.80444 -0.917778
-1.68444 -0.846667
-1.61778 -0.78
-1.65333 -0.835556
-1.63556 -0.835556
-1.56889 -0.791111
-1.70667 -0.877778
-1.73778 -0.877778
-1.84 -0.915556
-1.65333 -0.857778
-1.68889 -0.871111
-1.69333 -0.882222
-1.68889 -0.862222
-1.72 -0.911111
-1.80444 -0.944444
-1.74667 -0.926667
-1.76889 -0.922222
-1.79111 -0.937778
-1.75556 -0.911111
-1.69333 -0.875556
-1.66667 -0.891111
-1.73778 -0.917778
-1.75111 -0.924444
-1.8 -0.937778
-1.79111 -0.933333
-1.79111 -0.94
-1.77333 -0.924444
-1.77778 -0.935556
-1.81333 -0.942222
-1.75111 -0.917778
-1.74222 -0.9
-1.80444 -0.92
-1.76444 -0.926667
-1.72444 -0.897778
-1.72 -0.906667
-1.77778 -0.913333
-1.73333 -0.917778
-1.74222 -0.931111
-1.69333 -0.906667
-1.73778 -0.924444
-1.73778 -0.926667
-1.76 -0.92
-1.81333 -0.948889
-1.80444 -0.94
-1.75556 -0.908889
-1.78667 -0.917778
-1.72444 -0.897778
-1.78667 -0.92
-1.67556 -0.882222
-1.66667 -0.882222
-1.75556 -0.917778
-1.81778 -0.946667
-1.71556 -0.886667
-1.72 -0.904444
-1.65778 -0.88
-1.66667 -0.875556
-1.79111 -0.937778
-1.69778 -0.897778
-1.68444 -0.882222
-1.84889 -0.953333
-1.80444 -0.944444
-1.81333 -0.946667
-1.75111 -0.906667
-1.79111 -0.924444
-1.77333 -0.924444
-1.72 -0.915556
-1.79111 -0.931111
-1.69333 -0.895556
-1.70222 -0.906667
-1.78222 -0.92
-1.72444 -0.886667
-1.65778 -0.837778
-1.69333 -0.904444
-1.78222 -0.911111
-1.65778 -0.897778
-1.90667 -0.973333
-1.76 -0.931111
-1.8 -0.933333
-1.74667 -0.92
-1.70667 -0.904444
-1.8 -0.94
-1.81778 -0.937778
-1.73333 -0.904444
-1.72444 -0.9
-1.70222 -0.844444
-1.70222 -0.875556
-1.69333 -0.908889
-1.73778 -0.902222
-1.71556 -0.904444
-1.65778 -0.835556
-1.64889 -0.882222
-1.80444 -0.933333
-1.73333 -0.908889
-1.76444 -0.928889
-1.72 -0.9
-1.76 -0.911111
-1.71556 -0.917778
-1.72 -0.908889
-1.71111 -0.904444
-1.76 -0.915556
-1.76 -0.926667
-1.73778 -0.911111
-1.80444 -0.928889
-1.68444 -0.886667
-1.68889 -0.906667
-1.77778 -0.922222
-1.72444 -0.906667
-1.70222 -0.877778
-1.80444 -0.942222
-1.68 -0.902222
-1.67111 -0.897778
-1.72889 -0.911111
-1.77333 -0.922222
-1.67111 -0.871111
-1.67111 -0.893333
-1.79556 -0.942222
-1.69333 -0.888889
-1.71111 -0.893333
-1.69778 -0.84
-1.76 -0.915556
-1.68 -0.886667
-1.72 -0.902222
-1.8 -0.937778
-1.77333 -0.915556
-1.80444 -0.942222
-1.69778 -0.911111
-1.68444 -0.875556
-1.72889 -0.9
-1.68889 -0.904444
-1.81333 -0.944444
-1.8 -0.935556
-1.71556 -0.915556
-1.72889 -0.913333
-1.79556 -0.922222
-1.76 -0.908889
-1.63111 -0.864444
-1.67111 -0.888889
-1.71111 -0.911111
-1.85778 -0.946667
-1.73778 -0.886667
-1.77333 -0.888889
-1.71556 -0.862222
-1.80444 -0.931111
-1.75111 -0.924444
-1.72 -0.904444
-1.76 -0.935556
-1.73333 -0.897778
-1.76889 -0.924444
-1.74222 -0.911111
-1.73778 -0.902222
-1.8 -0.944444
-1.84444 -0.953333
-1.80444 -0.933333
-1.81333 -0.946667
-1.78222 -0.933333
-1.76 -0.931111
-1.75111 -0.926667
-1.76444 -0.922222
-1.87111 -0.962222
-1.72 -0.913333
-1.77778 -0.922222
-1.76444 -0.908889
-1.72444 -0.915556
-1.72 -0.917778
-1.76 -0.933333
-1.76444 -0.933333
-1.8 -0.931111
-1.78667 -0.926667
-1.77778 -0.937778
-1.67111 -0.868889
-1.76 -0.911111
-1.70667 -0.904444
-1.68889 -0.9
-1.74222 -0.922222
-1.76889 -0.917778
-1.78667 -0.937778
-1.77778 -0.924444
-1.75111 -0.915556
-1.80889 -0.926667
-1.79556 -0.931111
-1.71556 -0.893333
-1.70222 -0.877778
-1.73333 -0.882222
-1.68 -0.857778
-1.54667 -0.8
-1.71111 -0.871111
-1.66667 -0.855556
-1.76 -0.915556
-1.79111 -0.937778
-1.79111 -0.937778
-1.73778 -0.917778
-1.77778 -0.933333
-1.72 -0.911111
-1.79556 -0.937778
-1.69333 -0.844444
-1.65778 -0.815556
-1.58667 -0.782222
-1.64444 -0.786667
-1.62667 -0.813333
-1.62222 -0.811111
-1.68889 -0.853333
-1.75111 -0.924444
-1.64444 -0.873333
-1.77333 -0.915556
-1.72444 -0.904444
-1.76444 -0.922222
-1.72 -0.904444
-1.73333 -0.92
-1.79111 -0.935556
-1.76 -0.911111
-1.75111 -0.922222
-1.69333 -0.9
-1.70222 -0.884444
-1.72444 -0.913333
-1.72 -0.906667
-1.79111 -0.933333
-1.74667 -0.911111
-1.70667 -0.893333
-1.61333 -0.844444
-1.71111 -0.884444
-1.72444 -0.913333
-1.71111 -0.877778
-1.63556 -0.855556
-1.68444 -0.891111
-1.8 -0.928889
-1.80444 -0.942222
-1.76889 -0.92
-1.65333 -0.855556
-1.65778 -0.871111
-1.72889 -0.893333
-1.68 -0.886667
-1.83111 -0.951111
-1.68 -0.893333
-1.67111 -0.866667
-1.68444 -0.893333
-1.70667 -0.893333
-1.75111 -0.897778
-1.78222 -0.922222
-1.73333 -0.897778
-1.76889 -0.926667
-1.77778 -0.922222
-1.81333 -0.933333
-1.71111 -0.906667
-1.75556 -0.924444
-1.67111 -0.864444
-1.66222 -0.873333
-1.64 -0.871111
-1.72 -0.893333
-1.81778 -0.944444
-1.70222 -0.902222
-1.70222 -0.906667
-1.66667 -0.846667
-1.6 -0.842222
-1.64889 -0.8
-1.62667 -0.795556
-1.70222 -0.857778
-1.64444 -0.884444
-1.79556 -0.942222
-1.78667 -0.937778
-1.86222 -0.964444
-1.78667 -0.937778
-1.78222 -0.937778
-1.70222 -0.915556
-1.73333 -0.904444
-1.69333 -0.884444
-1.72444 -0.886667
-1.65778 -0.886667
-1.72444 -0.911111
-1.75556 -0.92
-1.70222 -0.915556
-1.77778 -0.933333
-1.77333 -0.917778
-1.71111 -0.902222
-1.78222 -0.937778
-1.69778 -0.877778
-1.69333 -0.884444
-1.71111 -0.897778
-1.79111 -0.928889
-1.81778 -0.948889
-1.74667 -0.922222
-1.69778 -0.871111
-1.60444 -0.817778
-1.66222 -0.84
-1.67556 -0.853333
-1.62222 -0.866667
-1.72 -0.877778
-1.52444 -0.817778
-1.68444 -0.837778
-1.67556 -0.851111
-1.62667 -0.853333
-1.67111 -0.871111
-1.72444 -0.895556
-1.76 -0.92
-1.76889 -0.937778
-1.81778 -0.942222
-1.82222 -0.942222
-1.84889 -0.957778
-1.71556 -0.904444
-1.81778 -0.944444
-1.82222 -0.933333
-1.76889 -0.928889
-1.75111 -0.92
-1.76889 -0.926667
-1.74222 -0.917778
-1.72889 -0.92
-1.73333 -0.891111
-1.72444 -0.857778
-1.75111 -0.908889
-1.70667 -0.891111
-1.63111 -0.871111
-1.72 -0.893333
-1.75556 -0.9
-1.71111 -0.9
-1.76444 -0.926667
-1.73333 -0.924444
-1.83556 -0.942222
-1.69333 -0.897778
-1.71556 -0.891111
-1.69333 -0.875556
-1.68 -0.884444
-1.67556 -0.871111
-1.64889 -0.857778
-1.65333 -0.886667
-1.67556 -0.882222
-1.82667 -0.953333
-1.83111 -0.948889
-1.75556 -0.92
-1.76 -0.922222
-1.80444 -0.933333
-1.76444 -0.92
-1.76889 -0.926667
-1.70222 -0.911111
-1.76444 -0.902222
-1.76444 -0.915556
-1.67111 -0.893333
-1.72889 -0.897778
-1.67556 -0.871111
-1.68444 -0.882222
-1.74667 -0.924444
-1.71556 -0.897778
-1.71556 -0.888889
-1.74222 -0.913333
-1.63111 -0.846667
-1.71556 -0.9
-1.79111 -0.908889
-1.81333 -0.935556
-1.68444 -0.882222
-1.79556 -0.942222
-1.86667 -0.962222
-1.66222 -0.875556
-1.74222 -0.931111
-1.75111 -0.92
-1.8 -0.937778
-1.64889 -0.891111
-1.72889 -0.891111
-1.65778 -0.868889
-1.73333 -0.9
-1.77333 -0.924444
-1.73778 -0.92
-1.78667 -0.931111
-1.76 -0.926667
-1.73333 -0.908889
-1.74667 -0.92
-1.77778 -0.937778
-1.76889 -0.931111
-1.81333 -0.948889
-1.72889 -0.904444
-1.78222 -0.926667
-1.76 -0.931111
-1.71111 -0.904444
-1.72444 -0.906667
-1.68444 -0.897778
-1.76889 -0.917778
-1.8 -0.944444
-1.75111 -0.926667
-1.79111 -0.937778
-1.74222 -0.917778
-1.72889 -0.9
-1.74222 -0.915556
-1.79111 -0.933333
-1.72 -0.897778
-1.80889 -0.944444
-1.77333 -0.931111
-1.76444 -0.926667
-1.66667 -0.875556
-1.73778 -0.915556
-1.76889 -0.926667
-1.79111 -0.937778
-1.74222 -0.897778
-1.76 -0.917778
-1.67111 -0.871111
-1.78667 -0.915556
-1.74667 -0.933333
-1.8 -0.94
-1.79111 -0.937778
-1.71111 -0.9
-1.75556 -0.915556
-1.82667 -0.951111
-1.69778 -0.915556
-1.77778 -0.926667
-1.68889 -0.895556
-1.72889 -0.915556
-1.72 -0.897778
-1.70222 -0.871111
-1.71111 -0.9
-1.85333 -0.96
-1.68444 -0.891111
-1.64444 -0.873333
-1.71111 -0.9
-1.87111 -0.962222
-1.70667 -0.9
-1.76 -0.92
-1.82222 -0.951111
-1.69778 -0.873333
-1.70222 -0.895556
-1.68 -0.882222
-1.84889 -0.951111
-1.69778 -0.895556
-1.76889 -0.917778
-1.70222 -0.893333
-1.68444 -0.882222
-1.79556 -0.928889
-1.79556 -0.937778
-1.72889 -0.891111
-1.77333 -0.928889
-1.70222 -0.873333
-1.67556 -0.884444
-1.77778 -0.928889
-1.82667 -0.94
-1.72889 -0.897778
-1.72889 -0.893333
-1.72 -0.853333
-1.73333 -0.904444
-1.70667 -0.893333
-1.68444 -0.877778
-1.69333 -0.875556
-1.71111 -0.891111
-1.70222 -0.891111
-1.71556 -0.908889
-1.82222 -0.946667
-1.72 -0.904444
-1.77778 -0.931111
-1.77778 -0.926667
-1.77333 -0.915556
-1.67556 -0.864444
-1.74667 -0.9
-1.69333 -0.877778
-1.82667 -0.951111
-1.75111 -0.924444
-1.72 -0.902222
-1.72444 -0.908889
-1.72889 -0.917778
-1.67111 -0.888889
-1.76444 -0.922222
-1.70222 -0.908889
-1.74667 -0.913333
-1.82667 -0.953333
-1.76889 -0.92
-1.66667 -0.897778
-1.72889 -0.913333
-1.76444 -0.922222
-1.70222 -0.895556
-1.71111 -0.884444
-1.64889 -0.835556
-1.70667 -0.862222
-1.72444 -0.904444
-1.71556 -0.871111
-1.78222 -0.92
-1.73778 -0.904444
-1.67111 -0.873333
-1.71556 -0.902222
-1.61778 -0.857778
-1.66667 -0.875556
-1.61778 -0.842222
-1.73333 -0.913333
-1.81778 -0.935556
-1.82222 -0.937778
-1.71556 -0.888889
-1.68 -0.906667
-1.76444 -0.931111
-1.80889 -0.933333
-1.77778 -0.906667
-1.70222 -0.851111
-1.66667 -0.873333
-1.66667 -0.902222
-1.77333 -0.933333
-1.89778 -0.973333
-1.80889 -0.946667
-1.79111 -0.933333
-1.75556 -0.915556
-1.66667 -0.891111
-1.77333 -0.92
-1.70222 -0.902222
-1.71111 -0.906667
-1.70222 -0.873333
-1.83111 -0.953333
-1.73333 -0.884444
-1.65778 -0.86
-1.72444 -0.888889
