-1.08889 -0.284444
-1.23111 -0.271111
-1.23111 -0.146667
-1.15556 -0.155556
-1.16 -0.255556
-1.22667 -0.32
-1.04889 -0.215556
-1.20889 -0.306667
-1.2 -0.166667
-1.21333 -0.164444
-1.20889 -0.0355556
-1.22222 -0.0133333
-1.15111 0.02
-1.18222 -0.0111111
-1.21778 0.0155556
-1.17778 -0.0288889
-1.21778 0.113333
-1.31556 0.108889
-1.23556 0.193333
-1.12444 0.202222
-1.20889 0.364444
-1.24444 0.422222
-1.24444 0.437778
-1.20889 0.391111
-1.09778 0.346667
-1.21333 0.482222
-1.24444 0.5
-1.30667 0.52
-1.14667 0.486667
-1.14667 0.393333
-1.11111 0.42
-1.18222 0.342222
-1.19111 0.293333
-1.22667 0.313333
-1.17333 0.262222
-1.18667 0.164444
-1.16889 0.0755556
-1.21778 0.211111
-1.22222 0.242222
-1.29778 0.257778
-1.28889 0.315556
-1.28444 0.32
-1.26667 0.204444
-1.28 0.235556
-1.24889 0.317778
-1.28889 0.28
-1.26667 0.288889
-1.28444 0.273333
-1.20889 0.231111
-1.16444 0.113333
-1.19111 0.144444
-1.18667 0.186667
-1.20444 0.231111
-1.26222 0.262222
-1.12444 0.266667
-1.17333 0.197778
-1.23556 0.175556
-1.20889 0.0533333
-1.18222 0.0222222
-1.09778 -0.0488889
-1.21333 -0.0733333
-1.22667 -0.0377778
-1.19556 0.0222222
-1.26667 0.0688889
-1.21333 0.0177778
-1.17333 -0.04
-1.06222 -0.00222222
-1.21778 -0.0111111
-1.18667 0.04
-1.14667 -0.12
-1.29333 -0.155556
-1.28889 -0.246667
-1.24 -0.171111
-1.28444 -0.208889
-1.13333 -0.184444
-1.04444 -0.137778
-1.14222 -0.153333
-1.22667 -0.0377778
-1.25333 -0.0533333
-1.19556 -0.0133333
-1.22222 -0.00888889
-1.19556 -0.00444444
-1.26667 -0.0111111
-1.13333 0.0111111
-1.13333 0.0711111
-1.22222 0.186667
-1.18222 0.177778
-1.25333 0.16
-1.16444 0.0711111
-1.16 0.00444444
-1.19556 -0.0222222
-1.12 0.00666667
-1.16889 0.0688889
-1.21333 0.102222
-1.07111 0.173333
-1.18667 0.195556
-1.26222 0.228889
-1.17778 0.186667
-1.25778 0.231111
-1.22222 0.242222
-1.23111 0.171111
-1.23556 0.217778
-1.30667 0.273333
-1.17333 0.168889
-1.36 0.175556
-1.16889 0.0355556
-1.24444 0.0533333
-1.12889 0.0888889
-1.13333 0.08
-1.2 -0.04
-1.12444 -0.144444
-1.23111 -0.0955556
-1.21333 -0.193333
-1.18222 -0.117778
-1.09333 -0.0711111
-1.27111 -0.0844444
-1.18667 0.108889
-1.16 0.193333
-1.18667 0.3
-1.32444 0.313333
-1.23556 0.175556
-1.35556 0.3
-1.31111 0.228889
-1.21333 0.308889
-1.28889 0.36
-1.30667 0.408889
-1.28 0.388889
-1.24 0.351111
-1.26222 0.34
-1.22222 0.48
-1.46667 0.531111
-1.33333 0.5
-1.33333 0.417778
-1.39556 0.533333
-1.42222 0.628889
-1.41778 0.575556
-1.32889 0.575556
-1.29778 0.595556
-1.31556 0.582222
-1.44444 0.597778
-1.35111 0.557778
-1.32889 0.586667
-1.35111 0.568889
-1.38667 0.504444
-1.34667 0.595556
-1.4 0.595556
-1.30667 0.535556
-1.36 0.604444
-1.33333 0.655556
-1.29778 0.648889
-1.31556 0.633333
-1.31111 0.695556
-1.41778 0.751111
-1.32444 0.715556
-1.44444 0.748889
-1.36 0.695556
-1.46222 0.757778
-1.43556 0.693333
-1.36889 0.711111
-1.36444 0.657778
-1.33333 0.688889
-1.24 0.635556
-1.30667 0.62
-1.29778 0.54
-1.39111 0.564444
-1.43111 0.637778
-1.30667 0.551111
-1.27111 0.417778
-1.17778 0.333333
-1.14667 0.286667
-1.12889 0.228889
-1.27556 0.148889
-1.14667 0.173333
-1.29333 0.191111
-1.26222 0.102222
-1.21333 0.0844444
-1.34667 0.0666667
-1.17778 0.02
-1.12444 0.0711111
-1.19556 -0.1
-1.23556 -0.00666667
-1.01778 -0.0644444
-1.20889 -0.16
-1.22667 -0.173333
-1.20889 -0.168889
-1.22667 -0.215556
-1.23111 -0.208889
-1.24 -0.22
-1.07111 -0.193333
-1.28889 -0.168889
-1.34222 -0.251111
-1.29778 -0.275556
-1.25778 -0.173333
-1.25333 -0.224444
-1.12889 -0.153333
-1.09778 -0.224444
-1.19111 -0.271111
-1.13333 -0.191111
-1.21778 -0.3
-1.16 -0.28
-1.24444 -0.308889
-1.19556 -0.304444
-1.16444 -0.282222
-1.24889 -0.304444
-1.24889 -0.237778
-1.13333 -0.206667
-1.23556 -0.364444
-1.25333 -0.362222
-1.19111 -0.317778
-1.20444 -0.351111
-1.33333 -0.422222
-1.2 -0.297778
-1.12 -0.36
-1.27111 -0.44
-1.22222 -0.508889
-1.32889 -0.508889
-1.26667 -0.442222
-1.23556 -0.457778
-1.24889 -0.397778
-1.26667 -0.388889
-1.36889 -0.491111
-1.33778 -0.495556
-1.41778 -0.426667
-1.38222 -0.466667
-1.24 -0.502222
-1.32 -0.624444
-1.45778 -0.711111
-1.48444 -0.673333
-1.47556 -0.702222
-1.43111 -0.711111
-1.41333 -0.7
-1.29778 -0.606667
-1.32 -0.593333
-1.34222 -0.655556
-1.48889 -0.742222
-1.45778 -0.695556
-1.46667 -0.655556
-1.50222 -0.708889
-1.39556 -0.655556
-1.33333 -0.591111
-1.30222 -0.544444
-1.31556 -0.584444
-1.33778 -0.646667
-1.36 -0.646667
-1.32444 -0.635556
-1.20444 -0.575556
-1.36889 -0.637778
-1.36444 -0.575556
-1.36 -0.595556
-1.25333 -0.511111
-1.28 -0.597778
-1.31556 -0.613333
-1.34222 -0.68
-1.39111 -0.691111
-1.32444 -0.682222
-1.28444 -0.611111
-1.23556 -0.575556
-1.32889 -0.597778
-1.28444 -0.575556
-1.32889 -0.551111
-1.22667 -0.54
-1.16 -0.477778
-1.03111 -0.386667
-1.10667 -0.337778
-1.15111 -0.293333
-1.28889 -0.284444
-1.20444 -0.211111
-1.18667 -0.135556
-1.21333 -0.104444
-1.25333 -0.14
-1.25333 -0.12
-1.26667 -0.155556
-1.37778 -0.153333
-1.35556 -0.0733333
-1.4 -0.206667
-1.34222 -0.162222
-1.26667 0.0466667
-1.19111 0.0911111
-1.16 0.188889
-1.12889 0.331111
-1.15111 0.317778
-1.33333 0.293333
-1.24 0.315556
-1.13333 0.242222
-1.19556 0.264444
-1.16 0.277778
-1.32 0.308889
-1.25778 0.264444
-1.16 0.322222
-1.20444 0.322222
-1.35111 0.295556
-1.24444 0.32
-1.18667 0.315556
-1.25778 0.451111
-1.28444 0.417778
-1.23111 0.4
-1.22667 0.368889
-1.14667 0.3
-1.15111 0.337778
-1.25778 0.331111
-1.31556 0.308889
-1.29778 0.304444
-1.13778 0.211111
-1.04 0.317778
-1.16444 0.342222
-1.12444 0.306667
-1.15556 0.362222
-1.20889 0.164444
-1.21778 0.155556
-1.15556 0.277778
-1.2 0.26
-1.24 0.442222
-1.27556 0.466667
-1.36444 0.457778
-1.36889 0.377778
-1.24889 0.446667
-1.24 0.462222
-1.36444 0.575556
-1.37333 0.622222
-1.36889 0.617778
-1.38222 0.544444
-1.52 0.651111
-1.46222 0.695556
-1.31111 0.613333
-1.24444 0.528889
-1.32889 0.522222
-1.29333 0.575556
-1.34667 0.631111
-1.32444 0.642222
-1.36 0.646667
-1.27556 0.615556
-1.38222 0.555556
-1.27556 0.564444
-1.28 0.593333
-1.42667 0.666667
-1.36444 0.597778
-1.31111 0.591111
-1.46667 0.735556
-1.37778 0.648889
-1.23556 0.608889
-1.32444 0.577778
-1.24889 0.586667
-1.50667 0.762222
-1.45778 0.746667
-1.35111 0.615556
-1.36889 0.626667
-1.33778 0.584444
-1.26667 0.48
-1.27111 0.431111
-1.25778 0.368889
-1.21333 0.366667
-1.20889 0.326667
-1.22222 0.435556
-1.31556 0.493333
-1.34667 0.433333
-1.22667 0.406667
-1.36889 0.513333
-1.39111 0.64
-1.4 0.72
-1.30667 0.706667
-1.32 0.597778
-1.30667 0.635556
-1.37778 0.688889
-1.32444 0.693333
-1.44444 0.713333
-1.29778 0.637778
-1.43111 0.693333
-1.36 0.695556
-1.43111 0.753333
-1.38222 0.717778
-1.33778 0.715556
-1.41778 0.717778
-1.44 0.704444
-1.39556 0.702222
-1.41333 0.768889
-1.47556 0.811111
-1.46222 0.786667
-1.40889 0.773333
-1.61778 0.855556
-1.28889 0.713333
-1.35556 0.66
-1.39556 0.657778
-1.38222 0.648889
-1.30667 0.602222
-1.33778 0.591111
-1.30667 0.597778
-1.26222 0.531111
-1.24444 0.58
-1.39111 0.675556
-1.36 0.675556
-1.40444 0.755556
-1.43556 0.773333
-1.28889 0.691111
-1.43556 0.722222
-1.30222 0.615556
-1.24 0.593333
-1.32 0.566667
-1.28889 0.584444
-1.25333 0.546667
-1.21333 0.502222
-1.32889 0.577778
-1.35111 0.606667
-1.24889 0.506667
-1.33778 0.506667
-1.25333 0.32
-1.29333 0.382222
-1.29778 0.368889
-1.22667 0.386667
-1.30222 0.371111
-1.28 0.404444
-1.31111 0.248889
-1.24444 0.284444
-1.20444 0.168889
-1.24444 0.226667
-1.33778 0.162222
-1.24889 0.106667
-1.28889 0.0355556
-1.25333 0.0777778
-1.17778 0.0755556
-1.24 0.102222
-1.12889 0.0822222
-1.26667 0.0911111
-1.18667 0.122222
-1.32 0.317778
-1.24444 0.153333
-1.26667 0.126667
-1.27556 0.02
-1.33333 0.0177778
-1.25778 0.18
-1.23111 0.122222
-1.21333 0.157778
-1.18667 0.186667
-1.25778 0.182222
-1.18222 0.168889
-1.18667 -0.0155556
-1.20889 0.0622222
-1.18222 -0.0111111
-1.28889 -0.0866667
-1.18667 -0.0977778
-1.20889 -0.0177778
-1.2 0.0733333
-1.28 0.0666667
-1.21778 0.173333
-1.27556 0.284444
-1.28 0.284444
-1.33333 0.302222
-1.37333 0.417778
-1.34222 0.42
-1.32 0.368889
-1.26222 0.315556
-1.18667 0.288889
-1.24444 0.308889
-1.28444 0.168889
-1.28 0.244444
-1.29333 0.262222
-1.20444 0.351111
-1.27556 0.311111
-1.25778 0.0933333
-1.24889 0.0177778
-1.16889 0.00222222
-1.17778 -0.117778
-1.09778 -0.08
-1.15556 -0.00222222
-1.24444 0.0155556
-1.25778 -0.144444
-1.17778 -0.22
-1.28 -0.271111
-1.24889 -0.275556
-1.13778 -0.182222
-1.26222 -0.202222
-1.05333 -0.0422222
-1.15111 0.195556
-1.19556 0.168889
-1.07111 0.0933333
-1.08444 0.113333
-1.16444 0.188889
-1.18667 0.166667
-1.24444 0.18
-1.23111 0.142222
-1.21333 0.193333
-1.17333 0.206667
-1.24444 0.284444
-1.33333 0.351111
-1.32444 0.335556
-1.25333 0.333333
-1.26667 0.448889
-1.34222 0.453333
-1.25333 0.457778
-1.08444 0.397778
-1.2 0.442222
-1.34667 0.5
-1.26222 0.406667
-1.2 0.366667
-1.31556 0.342222
-1.34667 0.382222
-1.32 0.415556
-1.32 0.457778
-1.29778 0.462222
-1.24444 0.533333
-1.48444 0.631111
-1.31111 0.611111
-1.28 0.597778
-1.31556 0.593333
-1.48444 0.753333
-1.46222 0.742222
-1.34667 0.617778
-1.28444 0.573333
-1.25778 0.608889
-1.42222 0.564444
-1.31111 0.495556
-1.33333 0.562222
-1.43556 0.602222
-1.33778 0.548889
-1.36889 0.651111
-1.33778 0.708889
-1.46222 0.706667
-1.29333 0.56
-1.28 0.546667
-1.22667 0.571111
-1.22222 0.602222
-1.34667 0.573333
-1.40444 0.546667
-1.32889 0.597778
-1.27556 0.651111
-1.31556 0.606667
-1.26222 0.591111
-1.33333 0.688889
-1.39556 0.684444
-1.43556 0.653333
-1.46222 0.673333
-1.24 0.54
-1.28444 0.584444
-1.25333 0.631111
-1.35111 0.682222
-1.33778 0.702222
-1.48 0.748889
-1.48444 0.786667
-1.44889 0.746667
-1.35556 0.688889
-1.41778 0.715556
-1.33778 0.662222
-1.32889 0.631111
-1.35556 0.637778
-1.32444 0.682222
-1.31111 0.651111
-1.37333 0.697778
-1.40889 0.662222
-1.42667 0.666667
-1.42667 0.671111
-1.40889 0.688889
-1.36889 0.737778
-1.33333 0.735556
-1.34222 0.726667
-1.44 0.793333
-1.56 0.835556
-1.46222 0.757778
-1.30222 0.655556
-1.42667 0.748889
-1.46667 0.782222
-1.49333 0.768889
-1.39111 0.728889
-1.48 0.777778
-1.54667 0.826667
-1.50667 0.786667
-1.43556 0.744444
-1.44444 0.751111
-1.32889 0.668889
-1.22222 0.593333
-1.4 0.686667
-1.40444 0.68
-1.46667 0.608889
-1.27111 0.506667
-1.26667 0.52
-1.4 0.604444
-1.35556 0.602222
-1.40444 0.62
-1.43111 0.653333
-1.40889 0.664444
-1.39111 0.706667
-1.43556 0.722222
-1.48 0.708889
-1.43556 0.737778
-1.46222 0.768889
-1.44 0.773333
-1.36 0.697778
-1.35111 0.631111
-1.41333 0.753333
-1.46222 0.764444
-1.41778 0.768889
-1.56889 0.82
-1.38222 0.713333
-1.38667 0.731111
-1.42667 0.726667
-1.39556 0.708889
-1.49778 0.804444
-1.42667 0.768889
-1.54222 0.788889
-1.42667 0.735556
-1.32 0.675556
-1.25778 0.566667
-1.35111 0.584444
-1.40889 0.7
-1.37333 0.691111
-1.40444 0.737778
-1.37778 0.708889
-1.46667 0.795556
-1.44444 0.784444
-1.50222 0.786667
-1.51556 0.753333
-1.38667 0.702222
-1.40889 0.693333
-1.41778 0.708889
-1.41333 0.702222
-1.50667 0.777778
-1.45778 0.766667
-1.43111 0.7
-1.28889 0.62
-1.27556 0.644444
-1.44 0.693333
-1.32 0.635556
-1.29778 0.617778
-1.38222 0.74
-1.36444 0.677778
-1.43111 0.691111
-1.38222 0.693333
-1.29333 0.595556
-1.41333 0.54
-1.37778 0.62
-1.21333 0.546667
-1.26667 0.584444
-1.24 0.484444
-1.30222 0.502222
-1.38222 0.693333
-1.53333 0.817778
-1.21778 0.633333
-1.35111 0.682222
-1.39111 0.74
-1.35556 0.695556
-1.43556 0.704444
-1.33333 0.675556
-1.47556 0.753333
-1.44444 0.735556
-1.45333 0.755556
-1.50222 0.811111
-1.55111 0.837778
-1.50222 0.82
-1.44889 0.8
-1.33778 0.682222
-1.28889 0.666667
-1.4 0.746667
-1.33333 0.64
-1.32889 0.615556
-1.32444 0.591111
-1.37333 0.575556
-1.21333 0.442222
-1.22222 0.422222
-1.25333 0.451111
-1.36444 0.493333
-1.24 0.48
-1.11556 0.497778
-1.21333 0.526667
-1.24444 0.517778
-1.40889 0.613333
-1.35556 0.6
-1.38222 0.613333
-1.42222 0.548889
-1.38667 0.651111
-1.44 0.717778
-1.40889 0.737778
-1.37333 0.68
-1.39111 0.68
-1.34667 0.66
-1.43556 0.686667
-1.44889 0.735556
-1.44444 0.742222
-1.43111 0.735556
-1.40444 0.708889
-1.32444 0.693333
-1.45333 0.786667
-1.45333 0.742222
-1.37333 0.728889
-1.22222 0.6
-1.38222 0.686667
-1.43556 0.726667
-1.33333 0.646667
-1.34222 0.584444
-1.41333 0.633333
-1.44444 0.691111
-1.31111 0.6
-1.31111 0.588889
-1.23111 0.475556
-1.17333 0.424444
-1.23556 0.337778
-1.2 0.34
-1.32889 0.291111
-1.26222 0.271111
-1.33333 0.217778
-1.27556 0.248889
-1.29333 0.204444
-1.23556 0.34
-1.25333 0.371111
-1.21333 0.364444
-1.37778 0.346667
-1.27111 0.184444
-1.30222 0.293333
-1.42667 0.24
-1.25333 0.328889
-1.25333 0.242222
-1.17333 0.222222
-1.18667 0.284444
-1.16 0.204444
-1.13333 0.173333
-1.20444 0.0222222
-1.28444 -0.0755556
-1.35556 -0.128889
-1.17333 -0.195556
-1.26667 -0.137778
-1.16444 -0.0311111
-1.16889 -0.0688889
-1.14222 -0.0222222
-1.08444 0.00888889
-1.2 0.146667
-1.16 0.153333
-1.19556 0.146667
-1.20444 0.166667
-1.19111 0.246667
-1.18667 0.282222
-1.21778 0.217778
-1.18667 0.226667
-1.23111 0.133333
-1.28444 0.0644444
-1.20444 0.0288889
-1.16 -0.00222222
-1.30222 0.00666667
-1.35556 0.0666667
-1.23556 0.1
-1.32444 0.0911111
-1.41333 -0.00666667
-1.27111 0.0533333
-1.19556 0.0822222
-1.20444 0.184444
-1.26222 0.128889
-1.31111 0.111111
-1.20444 0.0533333
-1.17778 0.02
-1.14222 -0.0866667
-1.07111 0.122222
-1.28 0.248889
-1.28889 0.262222
-1.15111 0.273333
-1.23556 0.28
-1.30667 0.404444
-1.25778 0.453333
-1.25778 0.437778
-1.28889 0.42
-1.21778 0.415556
-1.13778 0.38
-1.24889 0.346667
-1.17778 0.324444
-1.35556 0.426667
-1.28889 0.462222
-1.23556 0.593333
-1.43556 0.684444
-1.40444 0.686667
-1.34667 0.633333
-1.30222 0.584444
-1.49778 0.708889
-1.40444 0.631111
-1.41333 0.608889
-1.30222 0.584444
-1.48444 0.706667
-1.39111 0.653333
-1.39556 0.706667
-1.30222 0.713333
-1.41778 0.731111
-1.50667 0.762222
-1.47111 0.746667
-1.48 0.786667
-1.35111 0.702222
-1.34222 0.655556
-1.24 0.631111
-1.28 0.662222
-1.25778 0.635556
-1.32444 0.704444
-1.36889 0.728889
-1.42222 0.722222
-1.36444 0.686667
-1.38222 0.666667
-1.43556 0.686667
-1.41778 0.7
-1.28889 0.624444
-1.23556 0.535556
-1.36 0.64
-1.43556 0.733333
-1.38222 0.715556
-1.51111 0.735556
-1.47111 0.706667
-1.40889 0.733333
-1.44889 0.724444
-1.43111 0.748889
-1.40889 0.742222
-1.48 0.728889
-1.50222 0.742222
-1.38222 0.704444
-1.48889 0.755556
-1.43556 0.717778
-1.35111 0.664444
-1.36444 0.597778
-1.30222 0.584444
-1.31111 0.537778
-1.33333 0.542222
-1.24889 0.522222
-1.34222 0.62
-1.29778 0.526667
-1.20889 0.495556
-1.18222 0.426667
-1.2 0.362222
-1.14667 0.131111
-1.17778 0.226667
-1.24444 0.246667
-1.11556 0.133333
-1.18222 0.173333
-1.32444 0.14
-1.24 0.157778
-1.20889 0.246667
-1.17333 0.173333
-1.12 0.124444
-1.15111 0.131111
-1.10667 0.168889
-1.26222 0.0444444
-1.23111 0.0422222
-1.19556 0.0333333
-1.22667 0.0977778
-1.08 0.191111
-1.28444 0.311111
-1.29333 0.335556
-1.33778 0.355556
-1.30222 0.357778
-1.27556 0.353333
-1.31111 0.24
-1.31111 0.226667
-1.15556 0.131111
-1.17333 0.211111
-1.21778 0.262222
-1.34222 0.355556
-1.24444 0.26
-1.12889 0.184444
-1.24 0.222222
-1.18222 0.202222
-1.23556 0.28
-1.10667 0.153333
-1.16444 0.277778
-1.24889 0.304444
-1.29333 0.393333
-1.19556 0.335556
-1.25778 0.373333
-1.32 0.357778
-1.40889 0.368889
-1.28889 0.293333
-1.28889 0.264444
-1.25333 0.317778
-1.23111 0.393333
-1.14222 0.395556
-1.24444 0.38
-1.25333 0.431111
-1.30222 0.517778
-1.27556 0.56
-1.24444 0.515556
-1.14667 0.495556
-1.18222 0.402222
-1.32444 0.435556
-1.24889 0.442222
-1.30667 0.564444
-1.24 0.553333
-1.28444 0.688889
-1.35111 0.664444
-1.42222 0.686667
-1.30667 0.586667
-1.23111 0.531111
-1.23111 0.506667
-1.07556 0.34
-1.26222 0.533333
-1.32 0.508889
-1.23111 0.413333
-1.21333 0.397778
-1.12 0.335556
-1.15556 0.488889
-1.21778 0.6
-1.27556 0.573333
-1.24 0.475556
-1.28444 0.535556
-1.42667 0.577778
-1.32444 0.586667
-1.32444 0.568889
-1.34667 0.657778
-1.28 0.633333
-1.19556 0.56
-1.30222 0.622222
-1.20444 0.564444
-1.35556 0.666667
-1.27111 0.611111
-1.30667 0.637778
-1.34667 0.684444
-1.37333 0.691111
-1.39556 0.66
-1.31556 0.628889
-1.31556 0.56
-1.31111 0.573333
-1.34667 0.571111
-1.30667 0.482222
-1.32889 0.391111
-1.13778 0.228889
-1.11111 0.266667
-1.19556 0.313333
-1.17778 0.244444
-1.27556 0.322222
-1.31111 0.344444
-1.24444 0.324444
-1.35111 0.397778
-1.23111 0.391111
-1.22222 0.38
-1.26222 0.42
-1.44889 0.584444
-1.4 0.497778
-1.37333 0.495556
-1.25333 0.386667
-1.35111 0.555556
-1.37333 0.52
-1.35556 0.533333
-1.40444 0.611111
-1.32 0.586667
-1.36889 0.62
-1.40444 0.704444
-1.31556 0.691111
-1.4 0.682222
-1.34667 0.644444
-1.38667 0.691111
-1.28 0.604444
-1.22667 0.491111
-1.24 0.593333
-1.33333 0.511111
-1.36889 0.588889
-1.28444 0.595556
-1.28889 0.466667
-1.33333 0.497778
-1.35111 0.522222
-1.37333 0.591111
-1.27556 0.511111
-1.36444 0.546667
-1.25778 0.495556
-1.18222 0.448889
-1.36889 0.604444
-1.2 0.584444
-1.35111 0.582222
-1.22667 0.522222
-1.35556 0.617778
-1.39111 0.586667
-1.34222 0.48
-1.34222 0.437778
-1.36 0.508889
-1.43556 0.486667
-1.4 0.5
-1.28889 0.306667
-1.16444 0.226667
-1.22667 0.248889
-1.32889 0.271111
-1.22667 0.284444
-1.22667 0.386667
-1.32444 0.426667
-1.34222 0.4
-1.24889 0.404444
-1.26222 0.453333
-1.34222 0.573333
-1.22667 0.608889
-1.21778 0.602222
-1.53778 0.791111
-1.59556 0.842222
-1.50222 0.828889
-1.51111 0.802222
-1.42667 0.753333
-1.37778 0.722222
-1.44 0.691111
-1.39556 0.695556
-1.38222 0.646667
-1.40444 0.662222
-1.37333 0.72
-1.35111 0.677778
-1.38667 0.655556
-1.35556 0.58
-1.30222 0.515556
-1.35111 0.468889
-1.33778 0.402222
-1.40889 0.46
-1.33333 0.455556
-1.36889 0.457778
-1.42222 0.522222
-1.33333 0.466667
-1.35111 0.424444
-1.19556 0.42
-1.19556 0.315556
