-1.05 0.155
-1.01 -0.02
-0.83 0.045
-0.87 -0.095
-0.98 -0.265
-0.99 -0.155
-1.04 -0.29
-1.08 -0.34
-1.09 -0.155
-1.13 0.03
-0.83 -0.045
-1.01 -0.04
-1.03 -0.355
-1.09 -0.215
-0.93 -0.19
-1.01 -0.07
-1.22 0.105
-1.06 0.025
-1.03 -0.165
-1.02 0
-1.01 0.005
-0.91 0.08
-0.97 0.14
-0.92 0.215
-0.98 0.265
-1.03 0.33
-0.94 0.28
-0.95 0.175
-0.78 0.12
-0.9 0.045
-0.91 -0.065
-0.84 -0.1
-0.86 -0.145
-0.78 -0.105
-0.88 0.035
-1.05 0.18
-0.96 0.045
-1 0.01
-0.97 0.135
-0.96 0.125
-1.14 0.1
-1.09 0.35
-1.02 0.27
-0.93 0.31
-0.96 0.28
-0.86 0.26
-0.82 0.285
-1.12 0.31
-1.11 0.29
-1.12 0.32
-1.1 0.325
-1.09 0.27
-0.83 0.155
-0.81 0.185
-0.83 -0.04
-1.01 -0.03
-1.06 -0.115
-1.09 -0.16
-1.15 -0.17
-1.15 -0.11
-0.82 -0.235
-1.02 -0.305
-0.92 -0.39
-1.11 -0.56
-1.22 -0.64
-1.06 -0.51
-1.31 -0.55
-1.39 -0.59
-1.24 -0.59
-1.31 -0.69
-1.24 -0.71
-1.07 -0.44
-1.15 -0.375
-1.09 -0.515
-1.21 -0.535
-1.23 -0.62
-1.15 -0.65
-1.21 -0.64
-1.01 -0.5
-1.04 -0.225
-1.11 -0.415
-1.35 -0.37
-0.87 -0.265
-1.1 -0.485
-1.06 -0.365
-0.93 -0.26
-1.02 -0.21
-1.1 -0.24
-1.02 -0.135
-1.08 -0.34
-1.19 -0.325
-1.05 -0.36
-1.13 -0.42
-0.98 -0.13
-0.88 0.065
-1.08 -0.14
-1.01 -0.24
-1.21 -0.215
-1 -0.075
-0.96 -0.09
-0.85 -0.1
-0.85 -0.09
-0.97 -0.025
-0.86 0.085
-0.86 0.03
-0.87 0.01
-0.96 0.095
-0.89 0.24
-0.91 -0.01
-0.95 0.05
-0.8 0.075
-1.02 0.255
-0.95 0.035
-1.11 0.125
-1.04 -0.05
-0.89 -0.31
-0.87 -0.055
-1.11 0.12
-1 0.065
-0.92 -0.04
-1.05 -0.015
-1.12 0.18
-1.17 0.265
-0.99 0.125
-0.93 -0.12
-1.16 -0.275
-1.02 -0.28
-1 -0.27
-1.07 -0.285
-1.02 -0.33
-1.03 -0.37
-0.84 -0.17
-0.9 -0.115
-1 -0.285
-0.93 -0.085
-0.93 0.065
-1.07 0.4
-1.02 0.31
-0.93 0.03
-1.18 0.17
-1.16 0.1
-0.87 0.065
-1.2 0.22
-1.03 0.17
-0.96 0.045
-1.13 0.015
-1.1 0.12
-0.91 0.295
-1.05 0.12
-1 -0.025
-1.06 -0.05
-0.98 0.035
-0.84 -0.165
-0.85 0.04
-0.97 -0.14
-1.02 -0.33
-0.79 -0.25
-0.87 -0.045
-0.94 0.115
-1.06 0.385
-0.95 0.09
-0.87 0.16
-1.16 0.27
-1.07 0.49
-0.92 0.33
-0.93 0.13
-0.88 -0.115
-1.04 -0.23
-0.97 -0.435
-1.16 -0.53
-1.1 -0.525
-1.28 -0.77
-1.03 -0.485
-1.14 -0.445
-0.93 -0.335
-0.82 -0.255
-1.02 -0.09
-0.98 -0.25
-0.87 -0.195
-0.66 -0.075
-0.86 -0.045
-0.92 0.15
-0.9 0.01
-0.94 0.005
-0.95 -0.11
-0.99 -0.135
-0.87 -0.275
-0.99 -0.16
-0.9 -0.045
-1.02 0.05
-0.98 -0.135
-0.99 -0.15
-0.97 -0.2
-0.96 -0.02
-0.93 -0.1
-1.01 -0.095
-0.99 -0.12
-1.05 -0.21
-1.01 0.05
-0.89 0.025
-1.05 0.015
-0.96 0.225
-0.9 0.26
-1.01 0.13
-1.2 0.42
-1.08 0.41
-1.07 0.5
-1.19 0.43
-1.03 0.325
-1.05 0.355
-1.1 0.2
-1.04 0.085
-0.93 0.095
-0.94 0
-1.03 0.055
-0.92 0.045
-0.86 0.04
-0.97 0.135
-1.05 0.02
-1.08 -0.02
-0.86 0.01
-1.06 0.085
-0.97 0.03
-0.9 0.005
-0.87 -0.11
-0.97 -0.065
-1.05 -0.195
-1.03 -0.075
-1.11 -0.15
-1 -0.03
-0.85 -0.135
-0.88 -0.015
-0.97 -0.075
-1.03 -0.02
-0.9 0
-0.97 -0.145
-1.07 -0.07
-0.94 -0.17
-0.96 -0.14
-0.79 -0.25
-0.83 -0.36
-0.99 -0.295
-0.92 -0.225
-1.01 -0.34
-1.06 -0.39
-1.01 -0.34
-0.9 -0.185
-0.98 -0.285
-0.96 -0.2
-0.95 -0.425
-0.97 -0.34
-0.94 -0.095
-0.86 -0.22
-0.99 -0.31
-0.69 -0.145
-0.89 -0.2
-0.84 -0.15
-0.99 -0.13
-0.96 -0.1
-0.93 0.135
-0.95 0.095
-0.99 -0.035
-0.91 0.01
-0.96 0.08
-0.98 0.06
-0.87 0.035
-0.79 -0.065
-0.8 0.01
-0.86 0.165
-0.94 -0.135
-0.98 -0.095
-1.07 -0.02
-1.2 0.11
-1.11 0.425
-1.17 0.36
-1.08 0.33
-1.1 0.085
-1.03 -0.08
-1.04 -0.19
-0.95 -0.315
-1.04 -0.265
-1.11 -0.465
-1.08 -0.455
-1.14 -0.405
-1.15 -0.505
-0.93 -0.35
-1 -0.395
-0.97 -0.44
-1.22 -0.565
-0.99 -0.185
-1.01 -0.325
-1.23 -0.56
-1.17 -0.43
-1.13 -0.46
-1.18 -0.445
-1.1 -0.39
-0.93 -0.3
-0.83 0.065
-1.04 0.225
-1.01 0.33
-1.16 0.38
-1.08 0.25
-1.02 0.285
-1.09 0.22
-0.99 0.2
-1.05 0.045
-0.93 0
-1.06 -0.07
-1.04 0.085
-0.96 0.04
-0.91 0.115
-1.01 0.065
-1.15 0.03
-0.95 -0.1
-0.81 -0.055
-0.92 -0.045
-0.94 0.06
-1.1 0.355
-1.07 0.215
-0.98 0.305
-1.07 0.265
-1.12 0.29
-1.03 0.205
-0.95 0.26
-1 0.435
-1.03 0.495
-1.06 0.295
-0.97 0.29
-0.97 0.29
-1.09 0.445
-0.95 0.2
-1.2 0.005
-0.93 -0.105
-0.93 0.01
-0.98 -0.22
-1.02 -0.05
-0.98 0.075
-0.93 0.025
-1.05 0.065
-0.92 0.055
-0.97 0.215
-1.05 0.375
-0.87 0.39
-1.17 0.62
-1.34 0.76
-1.05 0.455
-1.12 0.325
-1 0.325
-1.01 0.26
-0.93 0.445
-1.1 0.345
-0.98 0.325
-0.91 0.105
-1.03 0.235
-1.15 0.05
-0.98 0.01
-1.03 -0.025
-0.99 0.01
-0.91 -0.05
-0.92 0.07
-1.06 0.055
-0.99 -0.03
-0.93 -0.18
-0.95 -0.37
-1.05 -0.135
-0.77 0.195
-0.63 -0.015
-0.86 0.13
-0.69 0.045
-0.83 0.085
-0.79 0.155
-0.81 0.01
-0.9 0.14
-0.85 0.23
-0.92 0.34
-1.1 0.35
-1.23 0.2
-1.14 0.28
-0.92 0.175
-1.05 0.265
-0.95 0.28
-1.02 0.245
-0.9 0.14
-1.03 -0.07
-1.07 -0.27
-0.92 -0.36
-1.13 -0.435
-1.27 -0.42
-1.16 -0.335
-0.98 -0.415
-0.95 -0.385
-0.96 -0.315
-0.87 -0.34
-1.19 -0.415
-1.16 -0.515
-0.95 -0.395
-1.05 -0.34
-0.93 -0.425
-1.12 -0.495
-0.97 -0.39
-1.05 -0.03
-0.85 0.085
-0.88 0.11
-1 -0.12
-0.92 -0.035
-0.89 -0.115
-0.96 0.015
-0.97 -0.035
-1.12 0.04
-0.9 0.025
-0.98 0.22
-1.02 0.2
-1.03 0.31
-0.97 0.315
-1.19 0.37
-1.02 -0.07
-1.06 0.2
-1.18 0.345
-1.08 0.34
-0.97 0.275
-1.06 -0.05
-0.8 -0.095
-1.07 -0.06
-1.04 -0.045
-0.89 -0.17
-0.96 -0.175
-0.8 -0.085
-0.79 0.01
-0.87 -0.04
-1.08 -0.255
-0.79 -0.02
-0.95 -0.05
-0.99 -0.105
-0.97 0.05
-0.9 0.19
-1.01 0.375
-1.16 0.34
-0.99 0.275
-1.03 0.215
-1.19 -0.04
-0.85 -0.07
-0.96 -0.065
-1.08 -0.09
-1.13 -0.015
-0.95 0.225
-1.08 0.355
-1.17 0.245
-0.94 0.265
-0.86 0.275
-0.91 0.14
-1.1 0.38
-1.1 0.42
-1.31 0.565
-1 0.36
-0.96 0.275
-0.88 0.455
-1.21 0.425
-1.06 0.3
-1.01 0.275
-0.94 0.285
-1.02 0.42
-1.22 0.54
-1.24 0.57
-1 0.52
-0.97 0.51
-1.2 0.58
-1.06 0.43
-1.18 0.405
-1.03 0.43
-0.9 0.34
-1.17 0.475
-1.03 0.26
-0.97 0.135
-0.98 0.145
-0.95 0.1
-0.86 0.01
-0.98 -0.045
-0.98 -0.14
-0.91 0.025
-0.93 0.18
-1.09 0.165
-1.05 0.245
-1.08 0.05
-0.87 -0.09
-0.85 -0.12
-0.88 0.005
-0.92 -0.165
-0.93 -0.185
-0.95 -0.28
-1.05 -0.285
-0.83 -0.21
-0.87 -0.24
-0.97 -0.22
-1.12 -0.24
-0.98 -0.18
-1.06 -0.185
-1.1 -0.03
-0.98 -0.075
-0.92 0.055
-0.9 -0.135
-0.94 -0.125
-0.93 -0.135
-1.1 -0.2
-1.02 -0.2
-1 -0.305
-0.99 -0.26
-0.97 -0.275
-1.01 -0.09
-1.14 -0.025
-0.73 -0.08
-0.94 0.005
-1.05 -0.155
-0.94 0.03
-1.02 -0.16
-0.98 0.05
-0.95 0.095
-1.03 0.46
-0.93 0.4
-0.97 0.395
-0.93 0.275
-0.99 0.125
-1.04 -0.065
-1.09 -0.025
-0.91 -0.06
-1.01 -0.15
-0.86 -0.08
-0.92 -0.075
-0.91 -0.125
-1.03 -0.04
-0.88 -0.1
-1.07 0.13
-1.04 0.24
-1.1 0.115
-0.96 0.245
-1.03 0.115
-0.94 0.315
-1.05 0.125
-1.05 0.155
-1.09 0.38
-1.27 0.555
-1.04 0.44
-1.06 0.42
-0.82 0.275
-1.04 0.225
-1.09 0.4
-1.05 0.33
-0.99 0.335
-0.85 0.095
-0.93 0.13
-0.97 0.175
-0.89 0.11
-0.77 0.255
-0.95 0.165
-0.95 0.135
-0.79 0.095
-1.08 -0.055
-1.04 -0.05
-1.05 -0.17
-1.05 -0.175
-1.1 -0.21
-1.01 -0.1
-0.97 -0.065
-0.94 -0.08
-0.99 -0.02
-0.87 -0.085
-0.77 0.09
-0.81 0.11
-0.88 -0.03
-1.1 -0.165
-1.07 -0.125
-0.89 -0.095
-1.06 0.095
-0.96 0.215
-0.82 0.06
-0.85 0.125
-0.94 -0.085
-1.09 -0.115
-0.97 -0.265
-1.09 -0.135
-0.98 -0.175
-1.04 0.015
-1.02 -0.235
-0.99 -0.205
-1.13 -0.235
-1.08 -0.185
-0.93 -0.145
-0.96 -0.085
-0.92 0.1
-0.87 0.105
-0.9 0.145
-1.03 0.27
-0.78 0.065
-0.9 -0.115
-1.01 -0.14
-0.9 -0.09
-0.8 0.03
-0.79 0.045
-1 0.125
-0.97 0.125
-1.08 0.23
-1.01 0.08
-1.17 -0.12
-1.04 0.13
-1.09 0.095
-1.11 0.205
-0.89 0.07
-0.91 0.125
-1.06 0.43
-0.85 0.4
-1.3 0.47
-1.21 0.6
-1.01 0.515
-1.03 0.36
-1.03 0.235
-1.1 0.33
-1.03 0.21
-0.95 0.35
-0.96 0.215
-0.98 0.285
-0.93 0.31
-1.04 0.27
-0.96 0.31
-1.01 0.36
-1.12 0.285
-0.98 0.09
-0.91 0.145
-0.98 0.07
-1.09 0.125
-1.09 -0.045
-1.16 -0.095
-1.08 -0.07
-0.93 0.04
-0.76 -0.055
-0.99 -0.15
-1.07 -0.12
-1.09 -0.245
-1.08 -0.355
-1.09 -0.325
-1.12 -0.485
-0.85 -0.245
-0.98 -0.2
-1 -0.2
-1.02 -0.09
-0.99 -0.12
-0.91 0.05
-0.96 -0.145
-1.13 -0.295
-0.77 -0.125
-0.98 -0.05
-1.11 -0.41
-1.14 -0.27
-0.95 -0.065
-0.98 -0.085
-0.96 0.11
-0.86 0.205
-0.9 0.295
-0.96 0.31
-0.88 -0.065
-0.87 -0.21
-0.96 0.04
-0.89 0.13
-0.87 0.075
-0.9 -0.06
-1.07 0
-0.97 0.045
-0.92 -0.005
-1.07 0.075
-1.03 0.125
-1.01 -0.05
-0.98 0.105
-0.98 0.17
-0.75 -0.09
-0.99 0.01
-0.76 -0.17
-0.89 -0.125
-0.84 -0.175
-0.77 0.065
-1.07 0.14
-0.88 0.19
-0.96 0.305
-1.15 0.395
-1.08 0.35
-0.95 0.405
-0.88 0.125
-1.06 -0.01
-0.89 0.03
-0.93 0.015
-1.04 0.205
-0.98 0.25
-0.98 0.15
-0.93 0.11
-0.99 0.15
-0.91 -0.035
-0.76 -0.03
-0.98 0.025
-0.98 -0.085
-0.94 -0.315
-1.05 -0.09
-0.93 -0.12
-0.91 0.195
-1.05 0.155
-1.1 0.37
-0.95 0.245
-1.02 0.17
-1.09 0.295
-0.99 0.425
-0.85 0.27
-0.96 0.22
-1.06 0.21
-1.02 0.02
-1.01 0.21
-0.94 0.195
-1.02 0.215
-0.99 0.15
-0.93 0.29
-1.05 0.005
-0.97 -0.195
-0.96 -0.255
-1.02 -0.415
-1.01 -0.35
-1.14 -0.555
-0.96 -0.435
-1.16 -0.41
-0.94 -0.36
-1.17 -0.495
-1.1 -0.485
-1.03 -0.48
-0.94 -0.47
-0.9 -0.315
-0.82 -0.105
-0.92 -0.21
-1.02 -0.025
-0.91 0.02
-0.87 0.03
-0.9 0.005
-0.82 0.105
-0.81 0
-0.91 0.045
-1.03 0.05
-1.14 0.105
-1.17 0.06
-1.08 0.145
-1.15 0.165
-1.03 0.215
-1.06 0.34
-1.14 0.215
-0.96 0.235
-0.85 0.25
-0.93 0.385
-1.06 0.345
-0.87 0.195
-1.08 0.075
-0.94 0.215
-0.93 -0.025
-0.96 0.06
-0.83 -0.025
-0.89 0.02
-0.93 0.1
-0.93 0.135
-0.77 0.175
-0.98 0.09
-0.92 0.32
-0.86 0.07
-0.76 0.125
-0.94 0.19
-1.04 0.45
-1.02 0.41
-1.17 0.435
-1.04 0.36
-1.06 0.37
-1.22 0.515
-1.16 0.5
-1.28 0.47
-1.18 0.29
-1.12 0.425
-1.17 0.41
-1.23 0.415
-1.26 0.375
-1.05 0.17
-1.06 0.46
-1.11 0.51
-0.97 0.43
-0.84 0.415
-1.13 0.395
-1.05 0.395
-1.03 0.36
-1.21 0.17
-1.08 0.04
-1 0.07
-0.92 -0.065
-1 0.05
-1 0.02
-1 0.075
-1.09 0.095
-0.92 0.05
-0.93 -0.055
-0.97 -0.11
-0.93 -0.205
-1.16 -0.54
-1.21 -0.4
-1.1 -0.345
-1.12 -0.29
-1.08 -0.3
-0.93 -0.075
-0.85 0.025
-1.11 0.01
-0.82 0.03
-1.01 0.335
-1.01 0.165
-1.02 0.155
-0.91 -0.02
-0.83 0.06
-0.95 0.065
-0.84 0.125
-1.05 0.15
-1.13 0.14
-1.02 0.345
-1.02 0.405
-1 0.44
-1.07 0.33
-1.01 0.295
-1.02 0.115
-1.18 0.19
-0.98 -0.145
-0.87 -0.18
-0.95 -0.015
-1 0.015
-0.84 -0.065
-0.98 -0.15
-1.08 -0.255
-1.05 -0.305
-1.13 -0.395
-1.34 -0.56
-1.2 -0.67
-1.12 -0.51
-0.93 -0.385
-0.98 -0.195
-0.82 0.01
-0.99 -0.055
-1.01 -0.095
-0.97 -0.075
-0.95 -0.205
-0.97 -0.005
-0.97 -0.055
-0.9 -0.035
-0.84 -0.025
-1.07 -0.275
-1.03 -0.22
-0.94 -0.365
-1.13 -0.37
-1.14 -0.375
-1.05 -0.405
-1.14 -0.115
-1.14 -0.25
-0.98 -0.09
-0.88 -0.17
-0.88 -0.115
-0.75 0.13
-0.93 -0.175
-0.91 -0.08
-0.83 -0.185
-0.93 -0.205
-1.02 -0.22
-1.22 0.09
-1.01 -0.095
-1.02 -0.11
-0.96 -0.045
-1.07 -0.035
-0.87 0.12
-0.9 0.25
-0.96 0.045
-0.77 0.19
-1.08 0.02
-1.1 0.04
-1.15 -0.1
-0.89 0.07
-1.03 0.16
-0.79 -0.065
-1.19 -0.37
-1.3 -0.415
-1.1 -0.2
-1.03 -0.14
-1.03 0.14
-0.92 0.005
-0.98 -0.255
-0.93 -0.2
-0.95 -0.385
-0.96 -0.39
-1 -0.49
-0.99 -0.4
-1.05 -0.05
-0.94 0.115
-0.86 0.06
-0.7 0.17
-0.91 0.12
-0.97 0.185
-1.01 0.145
-0.89 0.335
-0.91 0.295
-1.13 0.235
-0.93 -0.13
-0.86 -0.235
-0.9 -0.125
-0.95 -0.055
-0.97 -0.24
-0.94 -0.335
-0.89 -0.145
-1.11 0.06
-0.94 0.17
-0.91 0.22
-0.92 0.22
-0.85 0.015
-0.97 -0.005
-0.96 -0.08
-0.8 -0.005
-1.15 0.095
-1.09 -0.005
-1.08 -0.265
-1.08 -0.065
-1.1 -0.13
-0.89 0.07
-0.91 -0.105
-0.92 -0.17
-0.95 -0.025
-0.89 -0.225
-0.85 -0.07
-0.97 -0.065
-0.78 -0.185
-0.81 -0.05
-0.99 -0.015
-0.82 -0.12
-0.81 -0.14
-0.98 0.03
-1.03 0.11
-1.14 0.025
-1.05 0.09
-0.89 0.065
-0.93 -0.02
-0.76 -0.19
-0.84 -0.065
-0.93 -0.04
-1.1 -0.035
-0.98 -0.145
-1 -0.2
-0.88 -0.2
-0.86 0.075
-0.99 0.135
-1.06 0.11
-0.97 0.16
-0.91 0.15
-0.74 0.045
-1.03 0.095
-0.9 0.03
-1.15 -0.17
-1.07 -0.37
-1 -0.325
-1.11 -0.4
-1.16 -0.47
-1.03 -0.485
-1.2 -0.29
-0.81 -0.25
-1.02 -0.08
-1.09 -0.35
-0.92 -0.165
-0.95 -0.255
-1.03 -0.2
-0.93 -0.085
-1.01 -0.14
-0.88 -0.255
-0.99 -0.325
-0.97 -0.1
-0.92 0
-0.89 -0.15
-0.98 -0.07
-0.99 -0.11
-1.09 -0.085
-1.02 -0.145
-1.09 -0.085
-1.08 -0.315
-1.02 -0.305
-0.77 -0.13
-0.9 -0.205
-0.89 -0.285
-1.03 -0.31
-0.99 -0.285
-1 -0.06
-0.96 -0.165
-0.99 -0.36
-0.99 -0.415
-1.29 -0.635
-1.24 -0.65
-1.11 -0.575
-1.25 -0.645
-1.21 -0.57
-1.06 -0.485
-1.03 -0.515
-1.18 -0.465
-0.89 -0.255
-0.96 -0.195
-0.98 0.04
