-1.65 0.885
-1.64 0.88
-1.79 0.945
-1.68 0.89
-1.9 0.975
-1.8 0.945
-1.71 0.905
-1.86 0.96
-1.79 0.92
-1.65 0.895
-1.79 0.93
-1.65 0.9
-1.75 0.93
-1.7 0.89
-1.72 0.915
-1.81 0.94
-1.64 0.88
-1.75 0.9
-1.72 0.915
-1.69 0.89
-1.59 0.855
-1.74 0.91
-1.7 0.89
-1.7 0.85
-1.74 0.925
-1.69 0.875
-1.66 0.81
-1.56 0.81
-1.89 0.965
-1.73 0.915
-1.83 0.95
-1.72 0.905
-1.75 0.915
-1.63 0.86
-1.6 0.87
-1.71 0.915
-1.73 0.925
-1.86 0.945
-1.84 0.95
-1.69 0.9
-1.67 0.895
-1.56 0.87
-1.67 0.875
-1.76 0.925
-1.6 0.875
-1.75 0.9
-1.74 0.905
-1.85 0.945
-1.76 0.92
-1.7 0.91
-1.52 0.8
-1.44 0.73
-1.54 0.775
-1.55 0.84
-1.55 0.79
-1.61 0.775
-1.62 0.86
-1.62 0.835
-1.74 0.925
-1.83 0.945
-1.7 0.905
-1.78 0.925
-1.57 0.85
-1.61 0.865
-1.71 0.91
-1.61 0.875
-1.84 0.955
-1.66 0.9
-1.62 0.87
-1.66 0.85
-1.67 0.89
-1.79 0.94
-1.83 0.955
-1.73 0.915
-1.68 0.895
-1.47 0.765
-1.73 0.9
-1.69 0.885
-1.72 0.87
-1.73 0.905
-1.78 0.93
-1.62 0.875
-1.74 0.925
-1.77 0.925
-1.85 0.955
-1.68 0.885
-1.75 0.925
-1.81 0.95
-1.79 0.935
-1.55 0.84
-1.73 0.9
-1.65 0.875
-1.68 0.88
-1.7 0.905
-1.69 0.9
-1.75 0.93
-1.73 0.905
-1.77 0.935
-1.75 0.93
-1.73 0.92
-1.71 0.895
-1.68 0.89
-1.63 0.855
-1.59 0.825
-1.49 0.8
-1.6 0.81
-1.63 0.85
-1.59 0.765
-1.56 0.77
-1.71 0.89
-1.6 0.845
-1.6 0.825
-1.59 0.84
-1.72 0.905
-1.72 0.905
-1.79 0.92
-1.54 0.845
-1.5 0.76
-1.6 0.825
-1.74 0.92
-1.76 0.93
-1.63 0.865
-1.7 0.895
-1.73 0.895
-1.8 0.935
-1.61 0.795
-1.72 0.9
-1.72 0.915
-1.74 0.92
-1.72 0.9
-1.55 0.82
-1.68 0.865
-1.66 0.865
-1.6 0.88
-1.63 0.82
-1.68 0.885
-1.54 0.865
-1.65 0.885
-1.7 0.89
-1.65 0.89
-1.64 0.895
-1.6 0.865
-1.62 0.84
-1.58 0.805
-1.75 0.93
-1.73 0.92
-1.74 0.925
-1.74 0.93
-1.84 0.955
-1.86 0.96
-1.72 0.925
-1.65 0.9
-1.67 0.885
-1.88 0.965
-1.8 0.94
-1.61 0.85
-1.57 0.85
-1.68 0.9
-1.73 0.92
-1.73 0.905
-1.92 0.975
-1.86 0.96
-1.81 0.94
-1.72 0.88
-1.68 0.805
-1.6 0.86
-1.52 0.82
-1.7 0.86
-1.54 0.825
-1.71 0.865
-1.65 0.86
-1.78 0.905
-1.68 0.895
-1.67 0.905
-1.68 0.905
-1.8 0.95
-1.75 0.935
-1.51 0.775
-1.48 0.825
-1.63 0.885
-1.7 0.88
-1.83 0.95
-1.81 0.95
-1.79 0.94
-1.75 0.9
-1.51 0.835
-1.65 0.88
-1.76 0.92
-1.7 0.88
-1.7 0.88
-1.71 0.92
-1.67 0.905
-1.73 0.92
-1.67 0.875
-1.59 0.85
-1.63 0.855
-1.68 0.895
-1.77 0.92
-1.63 0.865
-1.52 0.825
-1.67 0.875
-1.72 0.9
-1.63 0.855
-1.65 0.845
-1.64 0.865
-1.75 0.83
-1.29 0.725
-1.44 0.74
-1.71 0.885
-1.71 0.9
-1.57 0.875
-1.73 0.925
-1.77 0.925
-1.69 0.895
-1.64 0.865
-1.69 0.915
-1.74 0.865
-1.66 0.855
-1.67 0.895
-1.82 0.95
-1.58 0.825
-1.73 0.905
-1.72 0.915
-1.77 0.935
-1.77 0.92
-1.74 0.92
-1.62 0.835
-1.63 0.835
-1.72 0.91
-1.6 0.88
-1.6 0.86
-1.56 0.815
-1.47 0.8
-1.54 0.765
-1.67 0.895
-1.72 0.91
-1.75 0.92
-1.71 0.86
-1.73 0.915
-1.78 0.93
-1.65 0.9
-1.42 0.73
-1.73 0.87
-1.5 0.825
-1.66 0.86
-1.61 0.85
-1.63 0.89
-1.62 0.885
-1.82 0.955
-1.74 0.865
-1.75 0.92
-1.73 0.9
-1.76 0.915
-1.64 0.88
-1.87 0.965
-1.59 0.855
-1.65 0.885
-1.66 0.88
-1.62 0.835
-1.52 0.84
-1.61 0.84
-1.61 0.88
-1.64 0.88
-1.73 0.915
-1.92 0.98
-1.72 0.92
-1.59 0.86
-1.6 0.86
-1.66 0.865
-1.55 0.815
-1.53 0.805
-1.61 0.75
-1.5 0.745
-1.38 0.68
-1.47 0.73
-1.49 0.81
-1.42 0.765
-1.47 0.76
-1.72 0.9
-1.63 0.88
-1.63 0.875
-1.49 0.735
-1.46 0.765
-1.5 0.795
-1.54 0.855
-1.74 0.925
-1.59 0.84
-1.51 0.79
-1.46 0.715
-1.71 0.84
-1.64 0.75
-1.51 0.685
-1.61 0.705
-1.58 0.77
-1.5 0.765
-1.58 0.85
-1.56 0.825
-1.62 0.86
-1.75 0.905
-1.77 0.93
-1.65 0.905
-1.77 0.88
-1.56 0.825
-1.74 0.9
-1.73 0.915
-1.45 0.755
-1.49 0.77
-1.84 0.94
-1.64 0.87
-1.6 0.835
-1.54 0.82
-1.56 0.835
-1.8 0.945
-1.79 0.92
-1.7 0.91
-1.57 0.86
-1.52 0.815
-1.43 0.765
-1.63 0.88
-1.71 0.89
-1.69 0.9
-1.7 0.89
-1.5 0.78
-1.56 0.745
-1.46 0.78
-1.75 0.92
-1.68 0.88
-1.86 0.955
-1.8 0.94
-1.71 0.905
-1.77 0.93
-1.73 0.92
-1.75 0.93
-1.73 0.92
-1.74 0.925
-1.72 0.915
-1.83 0.95
-1.64 0.85
-1.69 0.89
-1.83 0.945
-1.74 0.92
-1.68 0.89
-1.78 0.935
-1.64 0.87
-1.72 0.895
-1.65 0.875
-1.66 0.9
-1.5 0.805
-1.56 0.82
-1.57 0.81
-1.74 0.915
-1.57 0.86
-1.53 0.795
-1.53 0.76
-1.74 0.915
-1.77 0.935
-1.74 0.92
-1.74 0.91
-1.78 0.935
-1.46 0.805
-1.76 0.91
-1.54 0.835
-1.73 0.915
-1.75 0.93
-1.6 0.855
-1.49 0.795
-1.75 0.91
-1.62 0.825
-1.69 0.865
-1.66 0.885
-1.84 0.95
-1.63 0.88
-1.64 0.88
-1.7 0.875
-1.68 0.895
-1.69 0.855
-1.7 0.905
-1.75 0.925
-1.65 0.86
-1.62 0.86
-1.8 0.94
-1.69 0.88
-1.54 0.83
-1.55 0.825
-1.53 0.775
-1.61 0.88
-1.82 0.94
-1.65 0.88
-1.6 0.88
-1.82 0.94
-1.77 0.93
-1.54 0.825
-1.59 0.855
-1.57 0.83
-1.59 0.84
-1.69 0.89
-1.72 0.915
-1.72 0.92
-1.57 0.84
-1.67 0.885
-1.56 0.835
-1.69 0.875
-1.69 0.885
-1.61 0.855
-1.71 0.89
-1.83 0.95
-1.72 0.905
-1.67 0.88
-1.62 0.86
-1.63 0.89
-1.67 0.9
-1.62 0.865
-1.7 0.885
-1.68 0.895
-1.78 0.935
-1.72 0.91
-1.78 0.915
-1.7 0.895
-1.62 0.89
-1.67 0.89
-1.64 0.87
-1.58 0.855
-1.61 0.88
-1.64 0.89
-1.62 0.825
-1.74 0.925
-1.79 0.925
-1.81 0.945
-1.71 0.89
-1.67 0.905
-1.62 0.88
-1.73 0.92
-1.7 0.91
-1.62 0.84
-1.69 0.87
-1.58 0.84
-1.74 0.905
-1.61 0.88
-1.85 0.955
-1.84 0.935
-1.63 0.89
-1.7 0.905
-1.61 0.86
-1.67 0.875
-1.59 0.875
-1.56 0.865
-1.72 0.9
-1.69 0.865
-1.69 0.905
-1.64 0.845
-1.69 0.86
-1.69 0.89
-1.72 0.9
-1.73 0.91
-1.62 0.89
-1.53 0.825
-1.76 0.92
-1.76 0.93
-1.81 0.94
-1.76 0.93
-1.6 0.815
-1.69 0.875
-1.68 0.89
-1.78 0.935
-1.75 0.93
-1.7 0.895
-1.7 0.89
-1.66 0.9
-1.61 0.875
-1.74 0.925
-1.68 0.88
-1.74 0.915
-1.74 0.905
-1.68 0.91
-1.76 0.935
-1.8 0.935
-1.83 0.955
-1.66 0.89
-1.61 0.845
-1.62 0.865
-1.7 0.885
-1.72 0.89
-1.63 0.87
-1.69 0.91
-1.65 0.895
-1.49 0.78
-1.76 0.915
-1.81 0.93
-1.64 0.87
-1.79 0.94
-1.61 0.885
-1.66 0.88
-1.56 0.845
-1.59 0.845
-1.62 0.88
-1.67 0.895
-1.76 0.92
-1.54 0.835
-1.72 0.92
-1.66 0.875
-1.61 0.87
-1.61 0.865
-1.68 0.865
-1.7 0.905
-1.79 0.94
-1.44 0.775
-1.65 0.83
-1.37 0.69
-1.41 0.64
-1.37 0.54
-1.23 0.46
-1.4 0.655
-1.47 0.71
-1.64 0.82
-1.7 0.9
-1.67 0.895
-1.58 0.815
-1.68 0.83
-1.79 0.925
-1.72 0.91
-1.64 0.88
-1.68 0.875
-1.59 0.865
-1.69 0.85
-1.64 0.88
-1.71 0.905
-1.57 0.87
-1.72 0.895
-1.5 0.79
-1.91 0.97
-1.75 0.915
-1.63 0.87
-1.59 0.835
-1.67 0.89
-1.66 0.855
-1.63 0.845
-1.67 0.885
-1.83 0.95
-1.72 0.92
-1.74 0.91
-1.71 0.905
-1.63 0.875
-1.67 0.91
-1.76 0.93
-1.59 0.85
-1.77 0.91
-1.62 0.87
-1.72 0.895
-1.82 0.945
-1.57 0.865
-1.74 0.93
-1.77 0.93
-1.69 0.89
-1.58 0.84
-1.66 0.855
-1.49 0.79
-1.48 0.785
-1.62 0.885
-1.58 0.795
-1.78 0.94
-1.81 0.945
-1.63 0.885
-1.63 0.845
-1.66 0.9
-1.81 0.94
-1.7 0.9
-1.7 0.915
-1.71 0.915
-1.81 0.94
-1.78 0.94
-1.71 0.895
-1.65 0.89
-1.5 0.825
-1.74 0.93
-1.54 0.845
-1.65 0.88
-1.69 0.885
-1.76 0.925
-1.58 0.865
-1.6 0.835
-1.63 0.78
-1.66 0.795
-1.72 0.79
-1.63 0.85
-1.65 0.82
-1.5 0.73
-1.57 0.62
-1.45 0.56
-1.33 0.485
-1.52 0.405
-1.28 0.32
-1.26 0.155
-1.34 0.285
-1.57 0.425
-1.32 0.48
-1.36 0.41
-1.35 0.385
-1.28 0.485
-1.38 0.545
-1.55 0.595
-1.32 0.635
-1.44 0.65
-1.46 0.615
-1.58 0.7
-1.59 0.78
-1.66 0.78
-1.59 0.85
-1.67 0.875
-1.81 0.945
-1.62 0.88
-1.64 0.875
-1.58 0.775
-1.65 0.805
-1.54 0.815
-1.53 0.815
-1.8 0.92
-1.74 0.92
-1.71 0.885
-1.52 0.81
-1.65 0.875
-1.5 0.81
-1.5 0.765
-1.58 0.815
-1.61 0.88
-1.52 0.775
-1.63 0.87
-1.5 0.825
-1.63 0.725
-1.45 0.585
-1.51 0.615
-1.39 0.675
-1.45 0.63
-1.71 0.775
-1.42 0.645
-1.53 0.77
-1.55 0.78
-1.74 0.795
-1.63 0.885
-1.79 0.94
-1.62 0.88
-1.59 0.83
-1.64 0.88
-1.76 0.935
-1.73 0.9
-1.78 0.93
-1.78 0.94
-1.61 0.87
-1.53 0.81
-1.66 0.88
-1.73 0.915
-1.76 0.91
-1.7 0.91
-1.76 0.935
-1.73 0.92
-1.7 0.9
-1.61 0.875
-1.59 0.845
-1.74 0.925
-1.69 0.85
-1.55 0.845
-1.86 0.96
-1.69 0.915
-1.72 0.9
-1.43 0.825
-1.63 0.88
-1.51 0.805
-1.42 0.605
-1.57 0.77
-1.46 0.77
-1.75 0.93
-1.74 0.91
-1.72 0.92
-1.81 0.945
-1.92 0.98
-1.68 0.88
-1.7 0.88
-1.55 0.825
-1.77 0.93
-1.75 0.92
-1.69 0.9
-1.67 0.895
-1.66 0.885
-1.72 0.895
-1.5 0.785
-1.59 0.82
-1.53 0.815
-1.59 0.84
-1.63 0.875
-1.64 0.845
-1.58 0.74
-1.52 0.775
-1.31 0.65
-1.61 0.79
-1.51 0.785
-1.66 0.885
-1.62 0.875
-1.71 0.905
-1.51 0.75
-1.68 0.83
-1.69 0.84
-1.73 0.91
-1.63 0.84
-1.68 0.895
-1.75 0.915
-1.61 0.805
-1.67 0.885
-1.8 0.945
-1.78 0.925
-1.67 0.905
-1.83 0.95
-1.74 0.905
-1.7 0.875
-1.62 0.85
-1.61 0.815
-1.62 0.85
-1.63 0.87
-1.78 0.94
-1.75 0.925
-1.73 0.885
-1.63 0.8
-1.67 0.865
-1.66 0.835
-1.67 0.875
-1.72 0.925
-1.88 0.96
-1.77 0.93
-1.62 0.88
-1.83 0.945
-1.63 0.87
-1.75 0.91
-1.68 0.885
-1.59 0.825
-1.68 0.755
-1.75 0.89
-1.48 0.74
-1.55 0.81
-1.54 0.785
-1.59 0.82
-1.64 0.85
-1.59 0.77
-1.57 0.815
-1.62 0.805
-1.53 0.8
-1.72 0.91
-1.64 0.89
-1.76 0.925
-1.63 0.87
-1.49 0.775
-1.65 0.88
-1.58 0.835
-1.66 0.885
-1.72 0.87
-1.67 0.855
-1.53 0.84
-1.6 0.86
-1.58 0.83
-1.59 0.815
-1.7 0.895
-1.67 0.9
-1.58 0.865
-1.66 0.875
-1.48 0.825
-1.8 0.935
-1.75 0.935
-1.56 0.865
-1.78 0.93
-1.68 0.89
-1.76 0.925
-1.79 0.92
-1.76 0.91
-1.74 0.895
-1.64 0.84
-1.52 0.765
-1.63 0.855
-1.6 0.865
-1.55 0.835
-1.59 0.87
-1.68 0.9
-1.63 0.89
-1.77 0.925
-1.74 0.915
-1.58 0.86
-1.59 0.835
-1.62 0.865
-1.6 0.825
-1.63 0.855
-1.76 0.93
-1.81 0.94
-1.63 0.895
-1.73 0.92
-1.6 0.86
-1.81 0.95
-1.82 0.94
-1.86 0.955
-1.67 0.89
-1.67 0.88
-1.61 0.85
-1.77 0.93
-1.64 0.87
-1.63 0.885
-1.79 0.94
-1.65 0.88
-1.52 0.81
-1.69 0.82
-1.42 0.725
-1.73 0.895
-1.56 0.855
-1.76 0.935
-1.75 0.925
-1.79 0.935
-1.69 0.91
-1.72 0.915
-1.56 0.79
-1.73 0.91
-1.72 0.925
-1.73 0.915
-1.77 0.93
-1.66 0.905
-1.7 0.91
-1.66 0.865
-1.66 0.875
-1.64 0.875
-1.72 0.91
-1.66 0.89
-1.52 0.81
-1.59 0.87
-1.46 0.8
-1.52 0.81
-1.61 0.86
-1.58 0.86
-1.81 0.945
-1.87 0.955
-1.73 0.91
-1.52 0.815
-1.74 0.91
-1.61 0.83
-1.69 0.85
-1.61 0.86
-1.75 0.91
-1.7 0.905
-1.71 0.92
-1.63 0.88
-1.78 0.93
-1.74 0.925
-1.78 0.93
-1.73 0.91
-1.76 0.925
-1.81 0.945
-1.58 0.84
-1.59 0.805
-1.65 0.87
-1.78 0.92
-1.66 0.885
-1.77 0.94
-1.76 0.925
-1.68 0.895
-1.73 0.895
-1.71 0.895
-1.61 0.855
-1.79 0.94
-1.62 0.885
-1.57 0.865
-1.68 0.9
-1.62 0.86
-1.77 0.92
-1.89 0.97
-1.74 0.9
-1.62 0.865
-1.62 0.875
-1.51 0.83
-1.6 0.835
-1.54 0.785
-1.67 0.895
-1.78 0.935
-1.75 0.935
-1.6 0.865
-1.72 0.92
-1.52 0.815
-1.64 0.805
-1.56 0.825
-1.71 0.91
-1.7 0.91
-1.71 0.915
-1.8 0.935
-1.66 0.895
-1.67 0.88
-1.76 0.92
-1.68 0.91
-1.76 0.925
-1.58 0.865
-1.55 0.855
-1.59 0.83
-1.66 0.845
-1.64 0.895
-1.8 0.945
-1.65 0.88
-1.61 0.87
-1.59 0.825
-1.37 0.685
-1.55 0.82
-1.66 0.865
-1.77 0.935
-1.66 0.89
-1.57 0.87
-1.82 0.945
-1.68 0.9
-1.63 0.87
-1.7 0.905
-1.75 0.93
-1.66 0.85
-1.59 0.755
-1.5 0.7
-1.56 0.785
-1.62 0.84
-1.76 0.9
-1.58 0.87
-1.6 0.875
-1.59 0.81
-1.56 0.71
-1.57 0.745
-1.57 0.8
-1.64 0.775
-1.48 0.72
-1.5 0.79
-1.65 0.875
-1.58 0.845
-1.66 0.9
-1.55 0.79
-1.69 0.89
-1.64 0.885
-1.56 0.855
-1.79 0.945
-1.73 0.925
-1.79 0.935
-1.6 0.845
-1.61 0.87
-1.79 0.945
-1.64 0.86
-1.75 0.91
-1.55 0.845
-1.74 0.93
-1.66 0.88
-1.63 0.885
-1.8 0.945
-1.64 0.855
-1.74 0.9
-1.59 0.875
-1.64 0.89
-1.71 0.885
-1.77 0.925
-1.73 0.915
-1.71 0.88
-1.61 0.845
-1.63 0.855
-1.69 0.875
-1.65 0.86
-1.71 0.905
-1.56 0.845
-1.67 0.895
-1.76 0.935
-1.76 0.935
-1.73 0.91
-1.56 0.8
-1.5 0.845
-1.55 0.835
-1.58 0.875
-1.7 0.88
-1.62 0.87
-1.72 0.885
-1.71 0.87
-1.43 0.755
-1.64 0.845
-1.53 0.785
-1.6 0.865
-1.66 0.86
-1.71 0.91
-1.85 0.955
-1.76 0.91
-1.69 0.87
-1.82 0.945
-1.62 0.88
-1.57 0.835
-1.64 0.88
-1.73 0.92
-1.64 0.87
-1.69 0.905
-1.75 0.915
-1.76 0.925
-1.71 0.885
-1.56 0.815
-1.68 0.885
-1.63 0.86
-1.65 0.89
-1.57 0.825
-1.66 0.855
-1.59 0.85
-1.57 0.83
-1.54 0.805
-1.58 0.835
-1.56 0.84
