-1.62 -0.88
-1.71 -0.915
-1.67 -0.89
-1.65 -0.865
-1.67 -0.885
-1.72 -0.91
-1.73 -0.895
-1.57 -0.865
-1.64 -0.895
-1.72 -0.915
-1.78 -0.935
-1.82 -0.955
-1.78 -0.93
-1.64 -0.88
-1.73 -0.895
-1.57 -0.875
-1.54 -0.855
-1.57 -0.835
-1.57 -0.86
-1.56 -0.815
-1.66 -0.87
-1.59 -0.865
-1.58 -0.845
-1.66 -0.87
-1.46 -0.74
-1.59 -0.865
-1.77 -0.94
-1.54 -0.805
-1.47 -0.78
-1.36 -0.725
-1.64 -0.88
-1.7 -0.85
-1.6 -0.865
-1.83 -0.95
-1.72 -0.92
-1.51 -0.795
-1.54 -0.855
-1.6 -0.855
-1.57 -0.855
-1.68 -0.89
-1.63 -0.85
-1.57 -0.83
-1.61 -0.845
-1.81 -0.925
-1.71 -0.925
-1.93 -0.98
-1.78 -0.935
-1.57 -0.86
-1.59 -0.83
-1.61 -0.85
-1.72 -0.925
-1.61 -0.88
-1.68 -0.88
-1.52 -0.83
-1.55 -0.83
-1.57 -0.88
-1.55 -0.815
-1.69 -0.87
-1.65 -0.86
-1.65 -0.83
-1.69 -0.88
-1.77 -0.915
-1.83 -0.945
-1.79 -0.945
-1.64 -0.855
-1.56 -0.82
-1.59 -0.795
-1.7 -0.84
-1.62 -0.865
-1.74 -0.905
-1.56 -0.86
-1.8 -0.935
-1.65 -0.885
-1.71 -0.905
-1.77 -0.925
-1.68 -0.91
-1.64 -0.875
-1.61 -0.875
-1.68 -0.86
-1.54 -0.845
-1.83 -0.955
-1.82 -0.95
-1.63 -0.87
-1.66 -0.875
-1.58 -0.83
-1.64 -0.875
-1.63 -0.86
-1.66 -0.885
-1.71 -0.915
-1.79 -0.935
-1.78 -0.93
-1.53 -0.845
-1.71 -0.92
-1.76 -0.93
-1.6 -0.87
-1.58 -0.875
-1.63 -0.88
-1.78 -0.91
-1.55 -0.83
-1.53 -0.765
-1.41 -0.75
-1.8 -0.945
-1.61 -0.87
-1.71 -0.92
-1.68 -0.895
-1.77 -0.93
-1.75 -0.93
-1.68 -0.85
-1.55 -0.845
-1.7 -0.91
-1.57 -0.805
-1.65 -0.875
-1.72 -0.89
-1.72 -0.92
-1.44 -0.765
-1.78 -0.91
-1.5 -0.76
-1.62 -0.87
-1.6 -0.88
-1.61 -0.855
-1.74 -0.925
-1.81 -0.95
-1.7 -0.905
-1.84 -0.945
-1.63 -0.87
-1.78 -0.935
-1.71 -0.915
-1.54 -0.79
-1.7 -0.905
-1.71 -0.915
-1.81 -0.935
-1.8 -0.945
-1.86 -0.96
-1.65 -0.875
-1.68 -0.905
-1.64 -0.85
-1.61 -0.855
-1.64 -0.875
-1.61 -0.87
-1.69 -0.895
-1.58 -0.875
-1.49 -0.78
-1.65 -0.885
-1.51 -0.8
-1.58 -0.795
-1.36 -0.715
-1.7 -0.905
-1.74 -0.925
-1.65 -0.865
-1.65 -0.875
-1.62 -0.87
-1.66 -0.785
-1.59 -0.775
-1.46 -0.64
-1.47 -0.655
-1.56 -0.67
-1.36 -0.635
-1.59 -0.795
-1.56 -0.825
-1.61 -0.89
-1.84 -0.96
-1.71 -0.915
-1.68 -0.89
-1.62 -0.845
-1.55 -0.845
-1.56 -0.8
-1.49 -0.825
-1.45 -0.795
-1.7 -0.9
-1.64 -0.855
-1.62 -0.825
-1.49 -0.8
-1.56 -0.77
-1.51 -0.725
-1.52 -0.76
-1.62 -0.85
-1.71 -0.915
-1.76 -0.93
-1.73 -0.93
-1.67 -0.9
-1.72 -0.915
-1.79 -0.945
-1.7 -0.905
-1.7 -0.89
-1.62 -0.855
-1.58 -0.825
-1.45 -0.8
-1.64 -0.88
-1.84 -0.955
-1.6 -0.84
-1.71 -0.915
-1.79 -0.925
-1.77 -0.93
-1.71 -0.91
-1.77 -0.925
-1.69 -0.895
-1.67 -0.9
-1.49 -0.79
-1.49 -0.795
-1.66 -0.855
-1.45 -0.815
-1.79 -0.94
-1.39 -0.775
-1.46 -0.805
-1.86 -0.96
-1.61 -0.865
-1.66 -0.87
-1.71 -0.89
-1.77 -0.93
-1.62 -0.84
-1.68 -0.905
-1.65 -0.83
-1.63 -0.865
-1.69 -0.875
-1.78 -0.92
-1.59 -0.885
-1.71 -0.915
-1.75 -0.905
-1.73 -0.91
-1.52 -0.845
-1.51 -0.795
-1.62 -0.83
-1.7 -0.89
-1.66 -0.9
-1.85 -0.955
-1.66 -0.89
-1.77 -0.94
-1.62 -0.885
-1.74 -0.925
-1.82 -0.95
-1.56 -0.875
-1.66 -0.835
-1.68 -0.91
-1.8 -0.925
-1.72 -0.92
-1.82 -0.935
-1.75 -0.925
-1.49 -0.79
-1.54 -0.735
-1.64 -0.825
-1.63 -0.885
-1.75 -0.92
-1.6 -0.86
-1.6 -0.88
-1.79 -0.93
-1.62 -0.845
-1.67 -0.895
-1.66 -0.895
-1.68 -0.9
-1.53 -0.81
-1.57 -0.81
-1.6 -0.825
-1.77 -0.925
-1.64 -0.86
-1.68 -0.89
-1.49 -0.83
-1.6 -0.87
-1.71 -0.86
-1.5 -0.775
-1.5 -0.705
-1.45 -0.705
-1.46 -0.695
-1.59 -0.795
-1.55 -0.84
-1.48 -0.755
-1.4 -0.71
-1.52 -0.825
-1.59 -0.825
-1.67 -0.865
-1.71 -0.88
-1.56 -0.85
-1.68 -0.865
-1.54 -0.745
-1.4 -0.615
-1.53 -0.825
-1.7 -0.905
-1.72 -0.905
-1.56 -0.81
-1.6 -0.86
-1.58 -0.86
-1.72 -0.91
-1.71 -0.905
-1.66 -0.89
-1.63 -0.87
-1.65 -0.875
-1.83 -0.955
-1.76 -0.915
-1.71 -0.88
-1.76 -0.915
-1.74 -0.91
-1.65 -0.865
-1.65 -0.89
-1.71 -0.895
-1.67 -0.88
-1.48 -0.77
-1.41 -0.72
-1.73 -0.905
-1.51 -0.8
-1.59 -0.87
-1.46 -0.815
-1.54 -0.85
-1.6 -0.88
-1.55 -0.815
-1.68 -0.895
-1.67 -0.885
-1.63 -0.875
-1.55 -0.855
-1.57 -0.84
-1.62 -0.81
-1.82 -0.925
-1.47 -0.785
-1.65 -0.865
-1.62 -0.84
-1.78 -0.905
-1.74 -0.925
-1.68 -0.895
-1.77 -0.935
-1.73 -0.91
-1.66 -0.9
-1.74 -0.92
-1.47 -0.81
-1.54 -0.73
-1.41 -0.74
-1.45 -0.68
-1.5 -0.78
-1.39 -0.705
-1.61 -0.775
-1.66 -0.855
-1.56 -0.77
-1.47 -0.695
-1.52 -0.75
-1.45 -0.72
-1.5 -0.77
-1.75 -0.92
-1.72 -0.9
-1.7 -0.85
-1.66 -0.9
-1.58 -0.825
-1.56 -0.88
-1.68 -0.895
-1.57 -0.865
-1.67 -0.875
-1.64 -0.88
-1.77 -0.93
-1.58 -0.83
-1.51 -0.785
-1.65 -0.835
-1.61 -0.85
-1.72 -0.865
-1.61 -0.795
-1.55 -0.825
-1.6 -0.83
-1.69 -0.91
-1.58 -0.84
-1.47 -0.8
-1.58 -0.83
-1.6 -0.85
-1.78 -0.94
-1.75 -0.93
-1.8 -0.94
-1.86 -0.95
-1.65 -0.83
-1.53 -0.825
-1.71 -0.91
-1.71 -0.865
-1.78 -0.9
-1.53 -0.805
-1.57 -0.78
-1.8 -0.935
-1.54 -0.815
-1.71 -0.9
-1.61 -0.85
-1.65 -0.87
-1.65 -0.88
-1.69 -0.875
-1.69 -0.89
-1.54 -0.8
-1.48 -0.785
-1.83 -0.95
-1.56 -0.845
-1.74 -0.915
-1.77 -0.885
-1.62 -0.87
-1.6 -0.86
-1.63 -0.84
-1.67 -0.89
-1.57 -0.83
-1.52 -0.85
-1.62 -0.88
-1.62 -0.855
-1.5 -0.805
-1.53 -0.805
-1.5 -0.72
-1.63 -0.83
-1.61 -0.875
-1.62 -0.875
-1.66 -0.89
-1.77 -0.93
-1.68 -0.895
-1.57 -0.84
-1.66 -0.9
-1.54 -0.775
-1.6 -0.835
-1.57 -0.84
-1.79 -0.94
-1.7 -0.895
-1.72 -0.915
-1.58 -0.86
-1.55 -0.8
-1.6 -0.8
-1.75 -0.87
-1.68 -0.87
-1.62 -0.865
-1.7 -0.885
-1.67 -0.895
-1.72 -0.895
-1.51 -0.775
-1.46 -0.745
-1.53 -0.825
-1.64 -0.885
-1.74 -0.915
-1.45 -0.815
-1.6 -0.855
-1.72 -0.875
-1.82 -0.94
-1.72 -0.895
-1.53 -0.81
-1.58 -0.82
-1.66 -0.9
-1.81 -0.95
-1.51 -0.805
-1.68 -0.9
-1.77 -0.94
-1.68 -0.905
-1.63 -0.885
-1.47 -0.81
-1.66 -0.905
-1.56 -0.85
-1.67 -0.895
-1.77 -0.925
-1.79 -0.94
-1.85 -0.955
-1.65 -0.89
-1.67 -0.87
-1.66 -0.905
-1.71 -0.885
-1.62 -0.875
-1.72 -0.91
-1.73 -0.875
-1.58 -0.815
-1.56 -0.815
-1.53 -0.81
-1.55 -0.845
-1.7 -0.9
-1.66 -0.865
-1.69 -0.88
-1.61 -0.86
-1.56 -0.825
-1.74 -0.915
-1.7 -0.905
-1.53 -0.855
-1.58 -0.855
-1.62 -0.86
-1.62 -0.87
-1.62 -0.855
-1.48 -0.79
-1.59 -0.865
-1.69 -0.885
-1.66 -0.89
-1.59 -0.865
-1.6 -0.855
-1.51 -0.795
-1.54 -0.855
-1.71 -0.91
-1.72 -0.895
-1.57 -0.85
-1.73 -0.895
-1.52 -0.745
-1.54 -0.79
-1.68 -0.875
-1.53 -0.835
-1.58 -0.835
-1.62 -0.835
-1.62 -0.855
-1.65 -0.87
-1.84 -0.95
-1.52 -0.84
-1.72 -0.905
-1.65 -0.88
-1.49 -0.825
-1.56 -0.84
-1.54 -0.82
-1.8 -0.95
-1.75 -0.92
-1.67 -0.895
-1.82 -0.955
-1.8 -0.935
-1.71 -0.905
-1.82 -0.955
-1.86 -0.96
-1.78 -0.92
-1.58 -0.835
-1.67 -0.855
-1.74 -0.915
-1.61 -0.885
-1.45 -0.765
-1.55 -0.845
-1.51 -0.81
-1.62 -0.82
-1.51 -0.675
-1.41 -0.59
-1.52 -0.59
-1.51 -0.695
-1.47 -0.7
-1.51 -0.735
-1.49 -0.695
-1.45 -0.72
-1.73 -0.915
-1.7 -0.905
-1.75 -0.925
-1.6 -0.88
-1.77 -0.92
-1.72 -0.915
-1.71 -0.885
-1.58 -0.79
-1.5 -0.815
-1.6 -0.86
-1.47 -0.8
-1.55 -0.77
-1.69 -0.875
-1.39 -0.735
-1.61 -0.845
-1.6 -0.85
-1.69 -0.89
-1.53 -0.85
-1.79 -0.935
-1.76 -0.925
-1.59 -0.87
-1.66 -0.885
-1.73 -0.91
-1.69 -0.89
-1.57 -0.85
-1.69 -0.87
-1.78 -0.93
-1.79 -0.945
-1.66 -0.87
-1.58 -0.805
-1.61 -0.835
-1.67 -0.875
-1.67 -0.875
-1.58 -0.865
-1.69 -0.915
-1.82 -0.935
-1.64 -0.87
-1.66 -0.89
-1.75 -0.93
-1.9 -0.97
-1.75 -0.895
-1.48 -0.755
-1.38 -0.745
-1.74 -0.885
-1.67 -0.91
-1.67 -0.9
-1.54 -0.845
-1.45 -0.78
-1.41 -0.75
-1.45 -0.76
-1.6 -0.77
-1.43 -0.775
-1.66 -0.885
-1.76 -0.925
-1.76 -0.925
-1.7 -0.88
-1.6 -0.815
-1.45 -0.76
-1.66 -0.835
-1.62 -0.85
-1.69 -0.83
-1.7 -0.895
-1.69 -0.91
-1.54 -0.835
-1.54 -0.83
-1.59 -0.8
-1.69 -0.915
-1.69 -0.9
-1.57 -0.82
-1.66 -0.845
-1.55 -0.805
-1.59 -0.825
-1.47 -0.775
-1.56 -0.835
-1.58 -0.835
-1.6 -0.855
-1.45 -0.765
-1.47 -0.765
-1.48 -0.7
-1.49 -0.725
-1.65 -0.865
-1.69 -0.84
-1.7 -0.89
-1.72 -0.915
-1.71 -0.91
-1.54 -0.86
-1.57 -0.805
-1.56 -0.685
-1.51 -0.73
-1.68 -0.84
-1.77 -0.905
-1.62 -0.81
-1.65 -0.885
-1.68 -0.88
-1.47 -0.76
-1.54 -0.76
-1.52 -0.73
-1.66 -0.86
-1.69 -0.885
-1.71 -0.825
-1.56 -0.835
-1.7 -0.91
-1.76 -0.93
-1.74 -0.925
-1.82 -0.95
-1.6 -0.86
-1.58 -0.845
-1.55 -0.83
-1.67 -0.88
-1.72 -0.92
-1.74 -0.93
-1.76 -0.93
-1.77 -0.915
-1.59 -0.825
-1.48 -0.79
-1.41 -0.615
-1.53 -0.77
-1.54 -0.77
-1.49 -0.84
-1.69 -0.885
-1.72 -0.895
-1.65 -0.85
-1.67 -0.91
-1.71 -0.915
-1.67 -0.895
-1.68 -0.91
-1.53 -0.83
-1.43 -0.73
-1.78 -0.93
-1.74 -0.925
-1.71 -0.92
-1.48 -0.805
-1.69 -0.91
-1.64 -0.86
-1.53 -0.8
-1.48 -0.73
-1.57 -0.815
-1.81 -0.945
-1.72 -0.92
-1.65 -0.86
-1.48 -0.82
-1.6 -0.865
-1.57 -0.82
-1.65 -0.89
-1.62 -0.835
-1.56 -0.82
-1.81 -0.95
-1.7 -0.89
-1.56 -0.805
-1.58 -0.83
-1.65 -0.85
-1.63 -0.845
-1.66 -0.87
-1.69 -0.9
-1.58 -0.775
-1.57 -0.765
-1.52 -0.79
-1.58 -0.83
-1.72 -0.91
-1.68 -0.905
-1.53 -0.845
-1.75 -0.93
-1.86 -0.96
-1.68 -0.89
-1.65 -0.85
-1.48 -0.8
-1.74 -0.895
-1.81 -0.935
-1.83 -0.94
-1.56 -0.865
-1.61 -0.865
-1.57 -0.875
-1.72 -0.915
-1.61 -0.88
-1.59 -0.865
-1.57 -0.825
-1.63 -0.845
-1.71 -0.9
-1.64 -0.865
-1.55 -0.835
-1.57 -0.835
-1.56 -0.825
-1.67 -0.885
-1.43 -0.755
-1.59 -0.825
-1.71 -0.855
-1.53 -0.845
-1.54 -0.795
-1.62 -0.865
-1.67 -0.865
-1.63 -0.855
-1.72 -0.895
-1.8 -0.94
-1.75 -0.915
-1.59 -0.865
-1.68 -0.81
-1.67 -0.83
-1.65 -0.845
-1.61 -0.815
-1.52 -0.795
-1.54 -0.85
-1.54 -0.82
-1.59 -0.825
-1.62 -0.89
-1.68 -0.9
-1.8 -0.94
-1.47 -0.77
-1.53 -0.645
-1.48 -0.645
-1.5 -0.745
-1.69 -0.855
-1.65 -0.85
-1.53 -0.79
-1.5 -0.78
-1.46 -0.745
-1.49 -0.675
-1.6 -0.675
-1.48 -0.68
-1.49 -0.565
-1.42 -0.445
-1.42 -0.35
-1.38 -0.265
-1.37 -0.28
-1.32 -0.535
-1.41 -0.67
-1.36 -0.67
-1.51 -0.74
-1.7 -0.895
-1.76 -0.925
-1.66 -0.78
-1.5 -0.785
-1.67 -0.89
-1.51 -0.825
-1.53 -0.82
-1.57 -0.8
-1.54 -0.825
-1.45 -0.75
-1.49 -0.8
-1.5 -0.76
-1.58 -0.825
-1.54 -0.815
-1.62 -0.87
-1.54 -0.795
-1.68 -0.875
-1.77 -0.92
-1.72 -0.92
-1.71 -0.895
-1.79 -0.945
-1.7 -0.88
-1.66 -0.885
-1.57 -0.85
-1.6 -0.85
-1.71 -0.91
-1.81 -0.945
-1.6 -0.845
-1.52 -0.74
-1.61 -0.855
-1.88 -0.97
-1.6 -0.83
-1.6 -0.83
-1.6 -0.86
-1.6 -0.85
-1.69 -0.905
-1.73 -0.93
-1.66 -0.85
-1.76 -0.92
-1.62 -0.87
-1.59 -0.855
-1.79 -0.935
-1.7 -0.915
-1.71 -0.89
-1.58 -0.865
-1.6 -0.87
-1.62 -0.865
-1.53 -0.83
-1.57 -0.795
-1.56 -0.835
-1.65 -0.87
-1.41 -0.75
-1.55 -0.815
-1.49 -0.805
-1.58 -0.8
-1.72 -0.87
-1.56 -0.785
-1.58 -0.815
-1.68 -0.89
-1.58 -0.85
-1.79 -0.93
-1.73 -0.915
-1.62 -0.88
-1.53 -0.805
-1.39 -0.67
-1.42 -0.61
-1.54 -0.745
-1.41 -0.64
-1.54 -0.675
-1.48 -0.65
-1.4 -0.59
-1.32 -0.62
-1.49 -0.74
-1.44 -0.74
-1.67 -0.88
-1.52 -0.85
-1.69 -0.9
-1.71 -0.92
-1.7 -0.9
-1.56 -0.835
-1.66 -0.9
-1.76 -0.9
-1.73 -0.87
-1.69 -0.9
-1.66 -0.89
-1.73 -0.92
-1.52 -0.77
-1.42 -0.73
-1.52 -0.75
-1.45 -0.65
-1.36 -0.65
-1.47 -0.75
-1.46 -0.72
-1.51 -0.795
-1.39 -0.715
-1.57 -0.835
-1.58 -0.785
-1.73 -0.875
-1.58 -0.87
-1.62 -0.875
-1.69 -0.9
-1.76 -0.92
-1.67 -0.895
-1.69 -0.895
-1.63 -0.825
-1.76 -0.935
-1.63 -0.845
-1.55 -0.815
-1.73 -0.915
-1.56 -0.84
-1.64 -0.885
-1.68 -0.875
-1.64 -0.865
-1.65 -0.885
-1.62 -0.865
-1.6 -0.8
-1.62 -0.81
-1.69 -0.87
-1.77 -0.935
-1.75 -0.925
-1.69 -0.91
-1.6 -0.86
-1.77 -0.935
-1.49 -0.84
-1.72 -0.915
-1.57 -0.87
-1.51 -0.8
-1.59 -0.84
-1.72 -0.915
-1.51 -0.84
-1.67 -0.91
-1.77 -0.905
-1.85 -0.955
-1.71 -0.905
-1.78 -0.93
-1.69 -0.92
-1.59 -0.87
-1.87 -0.95
-1.58 -0.855
-1.59 -0.855
-1.53 -0.82
-1.7 -0.905
-1.74 -0.91
-1.77 -0.895
-1.69 -0.895
-1.74 -0.91
-1.66 -0.845
-1.62 -0.885
-1.68 -0.895
-1.59 -0.855
-1.63 -0.865
-1.85 -0.96
-1.54 -0.835
-1.71 -0.91
-1.58 -0.845
-1.56 -0.85
-1.65 -0.895
-1.68 -0.89
-1.62 -0.85
-1.62 -0.875
-1.6 -0.835
-1.61 -0.855
-1.57 -0.875
-1.64 -0.85
-1.51 -0.86
-1.6 -0.86
-1.73 -0.915
-1.67 -0.87
-1.66 -0.865
-1.48 -0.8
-1.58 -0.855
-1.79 -0.92
-1.61 -0.88
-1.67 -0.9
-1.69 -0.905
-1.68 -0.9
-1.75 -0.905
-1.73 -0.915
-1.65 -0.89
-1.79 -0.94
-1.71 -0.92
-1.55 -0.805
-1.6 -0.865
-1.66 -0.89
-1.58 -0.81
-1.57 -0.845
-1.6 -0.86
-1.63 -0.88
-1.68 -0.865
-1.65 -0.875
-1.55 -0.81
-1.35 -0.73
-1.6 -0.795
-1.53 -0.82
-1.67 -0.89
-1.71 -0.89
-1.83 -0.955
-1.67 -0.89
-1.67 -0.875
-1.64 -0.895
-1.65 -0.895
-1.68 -0.895
-1.55 -0.85
-1.62 -0.855
-1.63 -0.885
-1.77 -0.94
-1.74 -0.915
-1.73 -0.925
-1.63 -0.85
-1.44 -0.785
-1.28 -0.56
-1.2 -0.39
-1.26 -0.38
-1.55 -0.675
-1.63 -0.855
-1.54 -0.85
-1.69 -0.895
-1.71 -0.915
-1.72 -0.915
-1.5 -0.77
-1.51 -0.8
-1.57 -0.83
-1.65 -0.875
-1.76 -0.895
-1.62 -0.86
-1.76 -0.915
-1.68 -0.895
-1.62 -0.865
-1.64 -0.88
-1.59 -0.87
-1.57 -0.845
-1.78 -0.925
-1.8 -0.945
-1.78 -0.935
-1.63 -0.895
-1.64 -0.895
-1.68 -0.84
-1.71 -0.92
-1.7 -0.88
-1.61 -0.875
-1.63 -0.845
-1.73 -0.9
-1.67 -0.9
-1.71 -0.915
-1.69 -0.905
-1.77 -0.935
-1.71 -0.915
-1.61 -0.89
-1.69 -0.91
-1.68 -0.895
-1.68 -0.9
-1.8 -0.935
-1.63 -0.89
-1.66 -0.88
-1.43 -0.825
-1.65 -0.875
