-1.66 0.9
-1.4 0.76
-1.58 0.86
-1.77 0.925
-1.66 0.89
-1.68 0.905
-1.71 0.915
-1.8 0.92
-1.57 0.85
-1.63 0.895
-1.68 0.905
-1.62 0.87
-1.57 0.83
-1.58 0.835
-1.34 0.695
-1.32 0.655
-1.48 0.78
-1.58 0.835
-1.64 0.89
-1.49 0.82
-1.47 0.75
-1.45 0.78
-1.52 0.74
-1.46 0.755
-1.32 0.705
-1.58 0.86
-1.48 0.785
-1.47 0.78
-1.49 0.825
-1.61 0.875
-1.68 0.885
-1.66 0.905
-1.47 0.775
-1.59 0.875
-1.55 0.85
-1.57 0.82
-1.68 0.9
-1.65 0.895
-1.67 0.875
-1.66 0.86
-1.51 0.79
-1.42 0.78
-1.59 0.84
-1.6 0.87
-1.47 0.78
-1.55 0.83
-1.46 0.76
-1.58 0.815
-1.55 0.84
-1.75 0.925
-1.74 0.915
-1.47 0.805
-1.25 0.745
-1.54 0.775
-1.38 0.775
-1.65 0.885
-1.61 0.87
-1.69 0.91
-1.6 0.88
-1.66 0.87
-1.59 0.845
-1.56 0.845
-1.75 0.925
-1.63 0.885
-1.76 0.92
-1.44 0.76
-1.51 0.775
-1.5 0.84
-1.56 0.83
-1.48 0.75
-1.48 0.8
-1.38 0.67
-1.37 0.62
-1.42 0.63
-1.44 0.735
-1.48 0.785
-1.57 0.805
-1.61 0.79
-1.44 0.785
-1.47 0.805
-1.53 0.81
-1.42 0.735
-1.4 0.73
-1.34 0.695
-1.31 0.655
-1.19 0.565
-1.25 0.53
-1.26 0.535
-1.48 0.65
-1.38 0.635
-1.39 0.61
-1.45 0.605
-1.27 0.48
-1.21 0.435
-1.27 0.305
-1.28 0.325
-1.38 0.445
-1.31 0.535
-1.31 0.61
-1.36 0.69
-1.51 0.79
-1.35 0.755
-1.4 0.71
-1.56 0.84
-1.57 0.835
-1.62 0.83
-1.52 0.765
-1.43 0.71
-1.55 0.815
-1.52 0.75
-1.62 0.875
-1.41 0.725
-1.56 0.79
-1.63 0.88
-1.72 0.89
-1.49 0.765
-1.6 0.88
-1.54 0.79
-1.59 0.83
-1.62 0.85
-1.48 0.75
-1.48 0.755
-1.51 0.775
-1.12 0.53
-1.38 0.615
-1.41 0.645
-1.47 0.715
-1.48 0.645
-1.33 0.63
-1.42 0.69
-1.36 0.625
-1.42 0.735
-1.39 0.645
-1.51 0.74
-1.52 0.735
-1.52 0.68
-1.57 0.755
-1.51 0.765
-1.53 0.85
-1.72 0.91
-1.64 0.875
-1.65 0.895
-1.56 0.805
-1.6 0.845
-1.6 0.875
-1.63 0.87
-1.54 0.755
-1.29 0.63
-1.28 0.63
-1.36 0.52
-1.27 0.47
-1.33 0.545
-1.33 0.525
-1.37 0.655
-1.45 0.6
-1.55 0.735
-1.48 0.665
-1.49 0.705
-1.36 0.685
-1.36 0.695
-1.49 0.81
-1.53 0.79
-1.52 0.82
-1.45 0.8
-1.6 0.86
-1.76 0.93
-1.51 0.845
-1.69 0.9
-1.67 0.895
-1.74 0.905
-1.66 0.895
-1.46 0.81
-1.56 0.845
-1.23 0.64
-1.3 0.66
-1.4 0.7
-1.42 0.69
-1.27 0.375
-1.39 0.45
-1.42 0.305
-1.31 0.195
-1.26 0.325
-1.42 0.33
-1.4 0.285
-1.21 0.16
-1.29 0.185
-1.3 0.215
-1.12 0.26
-1.18 0.385
-1.38 0.455
-1.06 0.475
-1.19 0.535
-1.31 0.48
-1.31 0.445
-1.21 0.47
-1.35 0.6
-1.31 0.455
-1.28 0.56
-1.22 0.595
-1.45 0.755
-1.37 0.675
-1.43 0.565
-1.19 0.53
-1.37 0.52
-1.24 0.565
-1.44 0.695
-1.5 0.79
-1.63 0.87
-1.49 0.775
-1.4 0.735
-1.37 0.705
-1.47 0.82
-1.58 0.86
-1.64 0.885
-1.47 0.81
-1.6 0.865
-1.52 0.845
-1.63 0.89
-1.69 0.89
-1.51 0.835
-1.57 0.815
-1.48 0.81
-1.37 0.76
-1.52 0.795
-1.58 0.82
-1.44 0.755
-1.38 0.685
-1.38 0.6
-1.56 0.61
-1.47 0.58
-1.48 0.65
-1.51 0.745
-1.43 0.635
-1.11 0.445
-1.43 0.58
-1.35 0.415
-1.32 0.515
-1.36 0.58
-1.4 0.645
-1.42 0.735
-1.41 0.675
-1.55 0.79
-1.44 0.805
-1.53 0.82
-1.51 0.735
-1.45 0.715
-1.58 0.83
-1.58 0.86
-1.49 0.81
-1.58 0.845
-1.58 0.8
-1.42 0.73
-1.47 0.76
-1.44 0.74
-1.51 0.76
-1.43 0.65
-1.43 0.745
-1.69 0.885
-1.57 0.84
-1.63 0.835
-1.63 0.885
-1.76 0.925
-1.61 0.88
-1.63 0.87
-1.63 0.88
-1.63 0.88
-1.55 0.82
-1.66 0.865
-1.59 0.865
-1.65 0.88
-1.57 0.87
-1.47 0.785
-1.42 0.78
-1.31 0.76
-1.43 0.825
-1.6 0.845
-1.66 0.855
-1.66 0.84
-1.34 0.75
-1.57 0.87
-1.87 0.95
-1.6 0.875
-1.66 0.885
-1.71 0.91
-1.64 0.875
-1.62 0.885
-1.52 0.84
-1.63 0.875
-1.6 0.825
-1.41 0.695
-1.34 0.57
-1.37 0.705
-1.67 0.865
-1.75 0.925
-1.64 0.885
-1.54 0.85
-1.46 0.69
-1.3 0.595
-1.36 0.665
-1.33 0.675
-1.47 0.72
-1.63 0.88
-1.65 0.85
-1.51 0.785
-1.3 0.705
-1.52 0.8
-1.57 0.79
-1.5 0.795
-1.56 0.795
-1.51 0.76
-1.57 0.76
-1.57 0.775
-1.37 0.655
-1.31 0.6
-1.31 0.55
-1.43 0.66
-1.39 0.69
-1.42 0.65
-1.34 0.665
-1.42 0.67
-1.39 0.705
-1.56 0.795
-1.45 0.755
-1.48 0.805
-1.47 0.82
-1.52 0.835
-1.5 0.78
-1.58 0.87
-1.47 0.79
-1.72 0.915
-1.67 0.9
-1.75 0.92
-1.58 0.835
-1.63 0.865
-1.47 0.81
-1.47 0.77
-1.6 0.82
-1.64 0.77
-1.53 0.81
-1.49 0.82
-1.52 0.805
-1.71 0.88
-1.81 0.945
-1.84 0.955
-1.61 0.85
-1.59 0.87
-1.56 0.845
-1.72 0.905
-1.48 0.79
-1.51 0.72
-1.51 0.785
-1.62 0.86
-1.54 0.815
-1.48 0.795
-1.39 0.74
-1.4 0.775
-1.62 0.875
-1.62 0.855
-1.43 0.785
-1.37 0.785
-1.41 0.775
-1.5 0.735
-1.58 0.85
-1.63 0.855
-1.53 0.815
-1.48 0.805
-1.38 0.73
-1.55 0.74
-1.61 0.82
-1.4 0.72
-1.54 0.835
-1.71 0.895
-1.63 0.86
-1.7 0.89
-1.57 0.8
-1.52 0.77
-1.57 0.815
-1.42 0.785
-1.53 0.835
-1.47 0.79
-1.54 0.835
-1.49 0.795
-1.61 0.89
-1.66 0.88
-1.56 0.83
-1.5 0.745
-1.39 0.73
-1.58 0.805
-1.67 0.835
-1.35 0.69
-1.39 0.775
-1.43 0.66
-1.32 0.48
-1.45 0.555
-1.31 0.57
-1.41 0.535
-1.35 0.66
-1.43 0.61
-1.29 0.58
-1.49 0.685
-1.41 0.655
-1.48 0.715
-1.5 0.725
-1.45 0.765
-1.45 0.695
-1.5 0.74
-1.42 0.755
-1.56 0.785
-1.55 0.835
-1.55 0.795
-1.55 0.755
-1.49 0.785
-1.41 0.7
-1.4 0.695
-1.43 0.77
-1.65 0.825
-1.32 0.715
-1.29 0.64
-1.38 0.71
-1.25 0.505
-1.24 0.46
-1.21 0.455
-1.44 0.59
-1.58 0.785
-1.76 0.925
-1.65 0.89
-1.56 0.865
-1.68 0.9
-1.64 0.87
-1.56 0.845
-1.71 0.895
-1.51 0.79
-1.56 0.82
-1.34 0.74
-1.44 0.74
-1.38 0.67
-1.43 0.64
-1.31 0.54
-1.47 0.615
-1.53 0.695
-1.37 0.63
-1.51 0.67
-1.4 0.675
-1.4 0.72
-1.43 0.73
-1.46 0.7
-1.51 0.76
-1.37 0.665
-1.58 0.75
-1.44 0.72
-1.33 0.655
-1.45 0.66
-1.42 0.69
-1.56 0.775
-1.4 0.745
-1.42 0.64
-1.45 0.735
-1.57 0.735
-1.53 0.7
-1.31 0.625
-1.55 0.735
-1.42 0.715
-1.28 0.62
-1.27 0.63
-1.53 0.785
-1.47 0.77
-1.47 0.83
-1.54 0.825
-1.62 0.885
-1.58 0.825
-1.55 0.84
-1.65 0.87
-1.65 0.885
-1.69 0.9
-1.62 0.88
-1.69 0.89
-1.84 0.955
-1.56 0.875
-1.68 0.91
-1.66 0.885
-1.72 0.885
-1.64 0.87
-1.57 0.805
-1.53 0.79
-1.49 0.795
-1.72 0.92
-1.61 0.82
-1.65 0.865
-1.6 0.855
-1.65 0.845
-1.6 0.88
-1.48 0.77
-1.57 0.83
-1.52 0.815
-1.44 0.795
-1.36 0.69
-1.52 0.78
-1.3 0.7
-1.39 0.795
-1.56 0.825
-1.49 0.83
-1.46 0.805
-1.64 0.875
-1.42 0.78
-1.41 0.74
-1.26 0.635
-1.26 0.64
-1.71 0.81
-1.61 0.83
-1.66 0.895
-1.51 0.835
-1.59 0.825
-1.48 0.85
-1.67 0.89
-1.45 0.805
-1.52 0.84
-1.46 0.785
-1.24 0.535
-1.28 0.535
-1.45 0.605
-1.3 0.635
-1.37 0.585
-1.36 0.665
-1.34 0.575
-1.38 0.555
-1.46 0.625
-1.52 0.71
-1.28 0.59
-1.35 0.6
-1.34 0.54
-1.41 0.55
-1.34 0.585
-1.25 0.565
-1.08 0.58
-1.23 0.57
-1.35 0.6
-1.33 0.66
-1.19 0.515
-1.35 0.7
-1.4 0.74
-1.38 0.655
-1.26 0.575
-1.28 0.68
-1.41 0.67
-1.38 0.505
-1.46 0.37
-1.24 0.435
-1.49 0.395
-1.39 0.38
-1.32 0.42
-1.26 0.26
-1.42 0.34
-1.44 0.305
-1.25 0.27
-1.18 0.35
-1.33 0.49
-1.22 0.55
-1.3 0.625
-1.21 0.64
-1.29 0.63
-1.47 0.665
-1.28 0.61
-1.6 0.86
-1.64 0.885
-1.68 0.88
-1.6 0.825
-1.58 0.79
-1.64 0.845
-1.48 0.8
-1.42 0.735
-1.39 0.66
-1.42 0.635
-1.28 0.625
-1.45 0.795
-1.47 0.77
-1.43 0.77
-1.7 0.905
-1.62 0.875
-1.52 0.81
-1.68 0.795
-1.62 0.775
-1.54 0.825
-1.43 0.745
-1.45 0.69
-1.58 0.82
-1.48 0.81
-1.69 0.88
-1.6 0.84
-1.71 0.915
-1.62 0.865
-1.56 0.86
-1.57 0.855
-1.77 0.925
-1.67 0.89
-1.51 0.8
-1.58 0.835
-1.63 0.865
-1.58 0.855
-1.55 0.855
-1.6 0.835
-1.65 0.875
-1.49 0.805
-1.65 0.89
-1.26 0.65
-1.35 0.66
-1.18 0.495
-1.39 0.6
-1.36 0.585
-1.44 0.49
-1.32 0.565
-1.33 0.58
-1.28 0.59
-1.51 0.705
-1.22 0.525
-1.39 0.72
-1.25 0.48
-1.26 0.605
-1.36 0.645
-1.52 0.85
-1.66 0.845
-1.47 0.74
-1.34 0.655
-1.27 0.635
-1.28 0.6
-1.39 0.58
-1.45 0.64
-1.55 0.745
-1.67 0.86
-1.56 0.8
-1.6 0.86
-1.67 0.86
-1.67 0.89
-1.59 0.82
-1.49 0.815
-1.42 0.75
-1.36 0.73
-1.41 0.74
-1.59 0.755
-1.38 0.74
-1.76 0.925
-1.56 0.845
-1.6 0.88
-1.77 0.925
-1.54 0.82
-1.39 0.74
-1.7 0.885
-1.53 0.805
-1.57 0.85
-1.52 0.82
-1.56 0.87
-1.65 0.865
-1.65 0.875
-1.62 0.855
-1.43 0.705
-1.27 0.695
-1.54 0.85
-1.41 0.785
-1.4 0.75
-1.31 0.7
-1.52 0.71
-1.52 0.74
-1.5 0.715
-1.32 0.755
-1.59 0.8
-1.51 0.8
-1.39 0.73
-1.37 0.73
-1.49 0.835
-1.49 0.825
-1.57 0.82
-1.67 0.895
-1.53 0.845
-1.56 0.79
-1.56 0.74
-1.51 0.835
-1.59 0.855
-1.73 0.92
-1.51 0.79
-1.62 0.855
-1.57 0.845
-1.61 0.875
-1.59 0.85
-1.73 0.91
-1.71 0.9
-1.59 0.875
-1.58 0.845
-1.44 0.77
-1.52 0.815
-1.47 0.77
-1.62 0.835
-1.41 0.785
-1.48 0.79
-1.4 0.69
-1.44 0.67
-1.41 0.705
-1.41 0.74
-1.54 0.815
-1.41 0.775
-1.59 0.845
-1.45 0.81
-1.63 0.875
-1.72 0.91
-1.67 0.905
-1.56 0.865
-1.53 0.785
-1.68 0.875
-1.62 0.85
-1.47 0.775
-1.67 0.885
-1.52 0.77
-1.5 0.8
-1.58 0.855
-1.62 0.875
-1.6 0.86
-1.42 0.715
-1.42 0.76
-1.63 0.865
-1.58 0.82
-1.47 0.83
-1.56 0.84
-1.62 0.835
-1.69 0.895
-1.48 0.76
-1.33 0.73
-1.3 0.62
-1.35 0.67
-1.42 0.575
-1.3 0.465
-1.29 0.585
-1.28 0.615
-1.45 0.76
-1.48 0.73
-1.49 0.79
-1.72 0.925
-1.63 0.865
-1.7 0.9
-1.51 0.775
-1.62 0.755
-1.58 0.835
-1.47 0.745
-1.65 0.895
-1.55 0.835
-1.55 0.845
-1.42 0.735
-1.38 0.575
-1.39 0.54
-1.45 0.595
-1.37 0.6
-1.17 0.51
-1.25 0.65
-1.43 0.79
-1.62 0.875
-1.56 0.805
-1.43 0.79
-1.52 0.845
-1.66 0.89
-1.61 0.845
-1.72 0.87
-1.51 0.76
-1.3 0.705
-1.58 0.84
-1.64 0.88
-1.64 0.865
-1.46 0.77
-1.49 0.725
-1.58 0.855
-1.48 0.775
-1.5 0.82
-1.46 0.815
-1.7 0.9
-1.69 0.835
-1.63 0.88
-1.62 0.875
-1.65 0.895
-1.65 0.89
-1.52 0.795
-1.43 0.765
-1.48 0.76
-1.53 0.835
-1.65 0.87
-1.54 0.84
-1.71 0.92
-1.62 0.87
-1.58 0.865
-1.61 0.86
-1.52 0.805
-1.6 0.8
-1.44 0.725
-1.34 0.71
-1.54 0.8
-1.44 0.74
-1.45 0.71
-1.47 0.725
-1.19 0.505
-1.29 0.5
-1.26 0.455
-1.4 0.625
-1.32 0.615
-1.54 0.58
-1.29 0.405
-1.26 0.375
-1.54 0.595
-1.46 0.585
-1.38 0.455
-1.29 0.495
-1.22 0.55
-1.33 0.51
-1.32 0.56
-1.43 0.74
-1.69 0.82
-1.47 0.685
-1.47 0.635
-1.39 0.595
-1.56 0.81
-1.42 0.78
-1.43 0.745
-1.43 0.64
-1.39 0.54
-1.44 0.685
-1.43 0.67
-1.24 0.64
-1.48 0.66
-1.47 0.73
-1.48 0.825
-1.35 0.725
-1.58 0.815
-1.56 0.84
-1.59 0.825
-1.47 0.805
-1.66 0.885
-1.56 0.8
-1.44 0.74
-1.6 0.83
-1.71 0.915
-1.62 0.89
-1.61 0.84
-1.39 0.76
-1.73 0.9
-1.52 0.825
-1.63 0.85
-1.43 0.805
-1.46 0.715
-1.49 0.735
-1.48 0.78
-1.59 0.885
-1.74 0.915
-1.62 0.875
-1.49 0.805
-1.76 0.93
-1.59 0.825
-1.48 0.77
-1.61 0.81
-1.59 0.855
-1.51 0.83
-1.63 0.87
-1.51 0.825
-1.56 0.815
-1.34 0.775
-1.66 0.885
-1.55 0.825
-1.43 0.68
-1.51 0.785
-1.47 0.75
-1.58 0.845
-1.48 0.78
-1.52 0.805
-1.46 0.83
-1.48 0.785
-1.56 0.825
-1.68 0.855
-1.43 0.79
-1.63 0.89
-1.63 0.875
-1.51 0.8
-1.55 0.815
-1.5 0.745
-1.59 0.845
-1.43 0.8
-1.62 0.84
-1.44 0.76
-1.59 0.845
-1.55 0.84
-1.66 0.88
-1.44 0.76
-1.54 0.805
-1.55 0.855
-1.52 0.79
-1.41 0.765
-1.54 0.8
-1.34 0.67
-1.46 0.75
-1.47 0.79
-1.4 0.76
-1.28 0.66
-1.5 0.75
-1.6 0.87
-1.61 0.86
-1.44 0.77
-1.29 0.68
-1.35 0.695
-1.61 0.86
-1.7 0.915
-1.62 0.86
-1.58 0.84
-1.6 0.83
-1.58 0.81
-1.49 0.825
-1.49 0.815
-1.42 0.77
-1.57 0.825
-1.52 0.795
-1.58 0.82
-1.57 0.86
-1.6 0.875
-1.91 0.975
-1.52 0.83
-1.47 0.755
-1.38 0.75
-1.35 0.73
-1.49 0.845
-1.45 0.78
-1.63 0.86
-1.61 0.835
-1.51 0.78
-1.4 0.665
-1.51 0.75
-1.22 0.605
-1.36 0.64
-1.46 0.61
-1.41 0.645
-1.2 0.48
-1.3 0.59
-1.13 0.58
-1.5 0.7
-1.43 0.63
-1.27 0.66
-1.28 0.58
-1.38 0.615
-1.52 0.81
-1.46 0.795
-1.52 0.845
-1.69 0.88
-1.76 0.925
-1.47 0.72
-1.32 0.67
-1.59 0.735
-1.29 0.56
-1.26 0.505
-1.33 0.685
-1.42 0.735
-1.39 0.72
-1.52 0.83
-1.55 0.81
-1.45 0.77
-1.38 0.675
-1.36 0.69
-1.52 0.83
-1.48 0.79
-1.57 0.825
-1.52 0.82
-1.46 0.765
-1.48 0.715
-1.4 0.68
-1.5 0.79
-1.52 0.81
-1.51 0.795
-1.54 0.845
-1.46 0.715
-1.5 0.785
-1.65 0.88
-1.48 0.77
-1.5 0.76
-1.49 0.79
-1.69 0.855
-1.38 0.75
-1.32 0.71
-1.57 0.85
-1.63 0.87
-1.68 0.895
-1.71 0.915
-1.7 0.875
-1.8 0.935
-1.72 0.925
-1.83 0.955
-1.52 0.815
-1.47 0.78
-1.66 0.8
-1.51 0.655
-1.39 0.67
-1.16 0.52
-1.15 0.57
-1.37 0.66
-1.48 0.735
-1.49 0.79
-1.55 0.84
-1.58 0.88
-1.48 0.74
-1.36 0.715
-1.33 0.665
-1.39 0.695
