-0.99 -0.155
-0.72 -0.255
-0.83 -0.29
-0.94 -0.205
-0.95 -0.105
-0.87 0.14
-0.99 0.17
-1 0.045
-0.88 -0.16
-0.98 -0.175
-0.88 0.055
-0.91 -0.04
-0.99 -0.105
-0.92 0.02
-0.76 -0.03
-0.95 -0.14
-0.75 -0.035
-0.88 -0.115
-0.83 -0.095
-0.92 -0.075
-0.83 -0.155
-0.94 -0.03
-1.01 0.005
-1.01 0.075
-0.88 0.055
-0.99 -0.07
-1.16 -0.155
-0.91 -0.07
-0.92 0.04
-0.96 -0.04
-0.97 -0.18
-0.87 -0.185
-0.9 -0.03
-0.99 0.225
-1.1 0.335
-1.03 0.52
-0.9 0.435
-1.03 0.35
-0.89 0.345
-1 0.25
-0.82 0.235
-1.02 0.37
-1.03 0.37
-0.89 -0.01
-1.07 0.1
-0.99 -0.1
-1.01 -0.165
-1.02 -0.505
-1.06 -0.4
-1.02 -0.4
-0.8 -0.255
-0.82 -0.255
-0.97 -0.355
-1.09 -0.5
-0.97 -0.48
-1.24 -0.575
-1.14 -0.525
-1.01 -0.35
-1.05 -0.48
-1.15 -0.26
-0.91 -0.25
-0.87 0.055
-0.86 0.055
-0.99 0.02
-0.77 0.06
-0.83 -0.015
-0.76 -0.14
-0.83 -0.185
-0.99 -0.32
-1.14 -0.4
-1.06 -0.355
-0.92 -0.41
-0.99 -0.3
-0.89 -0.33
-0.92 -0.33
-0.92 -0.115
-0.92 -0.03
-0.89 0.015
-0.95 0.055
-0.83 0.065
-1 -0.055
-0.91 -0.065
-0.82 -0.325
-0.98 -0.485
-1.22 -0.525
-0.8 -0.385
-0.9 -0.125
-1.09 -0.2
-0.82 -0.135
-1.03 0.335
-0.95 0.165
-1.02 0.095
-0.87 0.05
-0.77 0.015
-1.03 -0.02
-0.91 -0.205
-0.9 -0.02
-1.02 -0.2
-0.96 -0.11
-0.96 0.065
-0.92 0.34
-1.02 0.325
-1.05 0.345
-1.01 0.325
-0.82 0.12
-0.95 0.34
-0.8 0.355
-0.88 0.125
-0.85 0.1
-0.95 0.185
-0.94 -0.005
-0.88 -0.01
-1.02 -0.03
-0.87 -0.1
-0.82 -0.125
-0.89 -0.03
-0.91 0.03
-0.86 0.06
-0.76 0.01
-0.79 -0.12
-0.84 -0.19
-0.89 -0.045
-0.85 0.09
-1.06 0.115
-1.08 0.125
-0.99 0.085
-0.85 0.025
-0.74 0.045
-0.92 -0.125
-0.91 -0.045
-1 0.165
-0.98 0.06
-0.87 0.27
-1.06 0.315
-1.05 0.18
-0.84 0.325
-1.02 0.265
-0.88 0.225
-0.85 0.28
-1.03 0.13
-0.84 0.115
-0.82 0.23
-0.91 0.145
-0.9 0.05
-0.89 -0.02
-0.76 -0.125
-0.88 0.06
-0.86 0.26
-0.95 0.21
-0.89 0.26
-0.98 0.33
-0.91 0.25
-0.93 -0.1
-1 -0.41
-0.97 -0.395
-0.86 -0.26
-0.89 -0.235
-1.05 -0.08
-1.06 -0.085
-0.99 -0.01
-0.97 -0.015
-0.92 0.145
-1 0.245
-1.02 0.245
-1.08 0.295
-1.02 0.295
-1.2 0.485
-0.91 0.33
-0.95 0.35
-0.88 0.355
-0.82 0.115
-0.82 0.065
-0.79 0.145
-0.97 0.025
-0.96 0.085
-0.93 -0.045
-0.82 0.01
-0.82 0.08
-1.01 0.065
-0.97 0.065
-0.97 0.02
-1.01 0.215
-1 0.2
-0.97 0.075
-1.07 0.235
-0.87 0.185
-0.94 0.19
-0.85 0.225
-0.79 0.19
-0.82 0.005
-0.92 -0.185
-1 -0.115
-0.94 -0.18
-1.08 -0.115
-1.04 0.065
-0.81 -0.1
-0.83 -0.06
-0.98 0.185
-1.15 0.17
-1 0.09
-1.02 0.04
-0.95 -0.07
-0.89 0.11
-0.87 -0.02
-0.79 -0.245
-0.99 -0.245
-0.97 -0.105
-1.02 0.045
-0.9 0.015
-1.06 -0.055
-0.98 0.015
-0.88 -0.07
-0.76 -0.005
-1.04 -0.135
-0.76 0.105
-0.89 -0.135
-0.87 0.085
-0.94 0.045
-0.81 0.145
-0.9 0.13
-1.12 0.155
-0.82 0.075
-0.91 0.025
-1 0.16
-0.97 0.21
-0.96 0.22
-0.98 0.245
-0.94 0.35
-1.04 0.27
-1.12 0.385
-0.88 0.15
-1.02 0.355
-1.06 0.24
-1.03 0.325
-0.95 0.19
-0.84 0.055
-0.67 0.135
-0.79 0.24
-0.87 0.21
-1 -0.045
-0.92 -0.285
-0.99 -0.36
-0.99 -0.295
-1.03 -0.385
-1.06 -0.415
-0.93 -0.245
-0.99 -0.265
-1.07 -0.445
-0.99 -0.475
-0.88 -0.335
-1.02 -0.29
-1.04 -0.23
-0.97 -0.06
-0.86 -0.205
-0.75 -0.14
-0.76 -0.075
-0.78 -0.04
-1.05 0.015
-1.05 -0.11
-0.88 -0.09
-0.89 -0.07
-0.92 -0.1
-0.88 -0.01
-0.98 0.04
-1.01 0.02
-0.94 -0.045
-0.94 -0.05
-0.85 0.045
-0.74 -0.04
-0.97 -0.105
-1 -0.19
-0.81 -0.06
-0.78 0.175
-0.8 0.305
-0.75 0.24
-1.07 0.255
-0.91 0.05
-0.88 -0.085
-0.79 -0.075
-0.79 -0.01
-0.78 0.17
-0.86 0.18
-0.74 0.22
-0.79 0.225
-0.85 0.175
-0.93 0.12
-0.83 -0.045
-0.72 -0.115
-0.81 -0.035
-0.88 0.055
-0.93 0.22
-0.82 0.02
-1 0.03
-0.85 0.07
-0.86 -0.08
-0.81 0.115
-0.85 0.09
-0.77 -0.045
-0.72 0.14
-0.93 0.11
-1.01 0.1
-1.07 0.09
-1 0.17
-0.95 0.06
-0.91 0.31
-0.76 0.11
-0.76 0.25
-0.78 0.19
-0.97 -0.17
-0.96 -0.36
-0.82 -0.295
-1 -0.215
-0.91 -0.285
-0.92 -0.27
-0.92 -0.24
-0.91 -0.28
-0.94 -0.265
-1.01 -0.105
-0.88 0.015
-0.84 -0.035
-1.06 -0.21
-0.96 -0.175
-0.92 -0.145
-0.83 0.14
-1.09 -0.035
-0.98 -0.135
-1.01 0.02
-0.85 0.195
-0.87 0.24
-0.87 0.095
-0.66 0.045
-0.84 -0.09
-0.86 -0.125
-1.02 -0.06
-0.95 -0.075
-0.86 -0.02
-0.89 -0.13
-0.76 0.05
-0.78 0.09
-0.88 0.145
-0.97 0.28
-0.96 0.355
-1.07 0.31
-0.93 0.305
-1.01 0.14
-0.93 0.125
-0.94 0.145
-1 0.105
-0.88 -0.05
-0.77 -0.295
-0.84 -0.07
-0.83 -0.165
-0.9 -0.12
-0.88 -0.025
-0.78 -0.08
-0.83 -0.255
-0.93 0.135
-1.02 0.185
-0.83 -0.215
-0.99 0.01
-0.87 0.06
-0.92 -0.195
-0.8 -0.225
-0.75 -0.05
-0.93 -0.3
-0.76 -0.165
-1.08 -0.23
-0.98 -0.075
-0.91 0.02
-0.77 0.04
-0.89 0.145
-0.83 0.01
-0.85 -0.095
-0.94 -0.175
-0.76 0.175
-0.87 0.195
-0.82 0.125
-0.9 0.11
-0.88 0.18
-0.98 0.11
-0.92 0.105
-0.79 0.095
-0.83 0.135
-0.91 0.14
-0.86 -0.165
-0.89 -0.175
-0.79 -0.13
-0.99 0.04
-0.96 0.105
-0.9 -0.04
-0.95 -0.235
-1.05 0.09
-0.91 -0.225
-0.8 -0.08
-0.89 0.08
-0.83 0.085
-0.95 0.145
-0.75 -0.04
-0.91 -0.15
-0.97 -0.08
-0.86 -0.17
-0.88 -0.13
-0.96 0.135
-0.81 0.125
-0.78 0.13
-1.07 0.385
-1.08 0.34
-1.08 0.445
-0.81 0.265
-1.03 0.395
-0.95 0.26
-1.1 0.53
-1 0.49
-0.97 0.485
-1.04 0.48
-1.05 0.405
-0.88 0.215
-0.87 -0.325
-0.89 -0.245
-0.89 -0.235
-0.96 -0.29
-1.01 -0.455
-0.91 -0.395
-1.1 -0.52
-0.96 -0.465
-0.91 -0.37
-0.95 -0.43
-0.91 -0.35
-0.95 -0.27
-1 -0.33
-0.83 -0.37
-0.96 -0.31
-0.98 -0.28
-0.91 -0.21
-0.81 -0.04
-0.94 -0.02
-0.86 -0.125
-1.05 -0.125
-0.62 -0.06
-0.84 -0.075
-0.88 -0.16
-0.83 0.055
-0.92 -0.105
-0.77 -0.135
-0.96 -0.22
-0.85 -0.205
-0.88 0.065
-0.91 -0.005
-1.08 -0.22
-1 -0.225
-1.04 -0.415
-0.94 -0.2
-0.96 -0.135
-0.77 -0.2
-0.88 -0.105
-0.91 -0.195
-0.84 -0.035
-0.92 -0.245
-0.86 -0.065
-0.9 0.005
-0.86 -0.06
-0.8 -0.175
-0.77 0.09
-0.74 0.055
-1.05 -0.08
-0.96 -0.22
-1.01 -0.045
-0.84 -0.095
-1.04 -0.01
-1.03 -0.115
-0.83 -0.235
-0.81 0.01
-0.79 0.175
-0.93 0.145
-1.03 0.02
-1.01 0.185
-1 0.415
-0.91 0.275
-0.95 0.185
-0.96 0.28
-0.75 0.115
-0.86 0.215
-0.86 0.16
-0.8 0.08
-0.94 0.38
-1 0.44
-0.87 0.385
-0.9 0.345
-1.04 0.45
-0.85 0.33
-0.89 0.205
-1.06 0.255
-0.91 0.08
-1 -0.065
-0.94 -0.105
-1.03 -0.155
-1.02 -0.34
-0.86 -0.14
-0.79 -0.085
-0.92 -0.075
-0.95 -0.01
-0.89 -0.005
-1.01 -0.085
-0.96 0.025
-0.91 0.05
-0.94 0.17
-0.93 -0.07
-1.06 -0.05
-1.12 0.185
-1.04 0.355
-0.89 0.345
-0.85 0.105
-0.87 0.135
-0.73 0.18
-0.73 0.05
-1 0.315
-0.99 0.385
-0.9 0.19
-0.77 0.06
-0.82 -0.09
-0.85 -0.125
-0.83 -0.11
-0.7 0.035
-0.79 -0.02
-1.01 0.265
-1.1 0.44
-1.06 0.32
-1.1 0.355
-0.96 0.15
-0.87 0.19
-0.99 0.235
-1.09 0.055
-1.01 0.28
-1.06 0.425
-1 0.27
-1.05 0.2
-0.98 0.24
-0.97 0.495
-0.95 0.49
-1.06 0.43
-0.94 0.255
-0.95 0.22
-0.97 0.03
-0.92 0.03
-0.87 -0.015
-0.85 -0.02
-0.83 -0.125
-0.93 -0.1
-0.87 -0.13
-0.97 -0.03
-1.08 -0.1
-1.01 -0.165
-0.81 -0.125
-0.71 -0.145
-0.88 -0.205
-0.92 -0.155
-1.01 -0.155
-0.93 -0.08
-0.91 0.015
-0.93 -0.165
-0.86 -0.165
-0.97 0.02
-0.81 -0.125
-0.91 -0.305
-0.74 -0.13
-0.99 0.02
-0.83 0.04
-0.95 0.05
-0.8 0.09
-0.87 0.12
-1.03 0.36
-1.05 0.17
-0.98 0.095
-0.75 -0.06
-0.76 -0.075
-0.74 0.015
-0.77 0.02
-0.78 0.15
-0.91 0.19
-0.91 0.065
-0.89 0.185
-0.92 -0.125
-0.88 -0.03
-0.63 0.05
-0.96 0.07
-0.88 -0.07
-0.99 -0.01
-0.93 0.055
-0.87 -0.09
-1.01 0.225
-0.79 0.055
-0.86 0.05
-1.03 -0.255
-0.97 -0.21
-0.93 -0.115
-0.83 -0.14
-0.94 0.1
-0.93 0.195
-0.83 0.19
-1 0.24
-0.86 0.195
-0.89 0.285
-0.81 0.26
-0.88 0.165
-0.82 0.26
-0.82 0.185
-0.93 0.105
-0.98 0.205
-1.05 0.155
-1.15 0.29
-1.1 0.18
-0.95 0.105
-1.01 0.14
-0.93 0.345
-1.17 0.525
-1.15 0.615
-1.1 0.605
-0.91 0.435
-0.85 0.22
-0.93 0.14
-0.8 0.04
-0.9 -0.2
-1.15 -0.135
-0.92 -0.065
-1.02 -0.005
-0.91 0.2
-0.94 -0.065
-0.93 0.03
-0.86 0.11
-0.8 0.22
-0.95 0.025
-1.01 0.025
-1.03 -0.09
-0.97 0.03
-0.91 0.255
-1.05 0.215
-1.1 0.23
-1.13 0.275
-0.93 0.26
-1.03 0.445
-1.07 0.5
-1 0.46
-0.97 0.45
-0.95 0.21
-0.84 0.09
-0.91 0.08
-0.76 -0.135
-0.72 -0.09
-0.8 -0.085
-0.98 -0.025
-0.94 -0.04
-0.92 -0.295
-0.94 -0.155
-0.94 0.08
-0.95 0.14
-0.98 0.14
-1 0.145
-1.09 0.155
-0.86 0.26
-0.87 0.25
-0.79 0.145
-0.86 0.205
-0.89 0.185
-0.98 0.005
-0.93 0.195
-0.9 0.23
-0.87 0.245
-0.97 0.14
-1.09 0.16
-0.9 0.175
-0.84 -0.045
-0.83 0.01
-0.84 0.105
-0.72 -0.03
-0.84 -0.095
-1.01 0.075
-1.1 0.295
-0.98 0.325
-1.14 0.4
-0.89 0.37
-1.06 0.34
-0.93 0.24
-0.89 0.295
-0.8 0.145
-0.8 0.17
-0.94 -0.055
-0.89 0.02
-0.8 -0.06
-0.99 -0.075
-0.91 -0.31
-1.05 -0.25
-0.92 -0.345
-1.11 -0.445
-0.9 -0.23
-0.72 -0.2
-0.89 -0.125
-0.97 -0.065
-0.78 0.06
-0.92 -0.135
-0.87 0.305
-0.98 0.19
-1.06 0.23
-1.06 0.12
-0.93 0.1
-1.02 -0.025
-0.83 0.025
-0.77 0.155
-0.74 0.115
-0.93 0.01
-0.95 0.1
-0.9 0.17
-0.89 0.095
-0.81 -0.015
-0.9 -0.105
-0.81 0.155
-0.96 0.145
-0.93 0.17
-0.93 0.09
-0.96 0.17
-0.86 0.22
-0.97 0.23
-0.74 0.11
-0.85 0.21
-0.66 0.065
-0.61 -0.045
-0.97 0.045
-0.99 0.235
-0.93 -0.135
-0.85 0.09
-0.99 0.285
-1.01 0.265
-0.92 0.18
-0.8 0.015
-0.79 -0.04
-0.77 0.005
-0.8 -0.09
-0.98 0.125
-0.86 0.32
-1.02 0.2
-0.84 0.105
-0.82 -0.075
-1.08 -0.375
-1.03 -0.425
-0.89 -0.38
-0.83 -0.235
-1.08 0.02
-0.7 -0.085
-0.9 0.03
-1.09 0.08
-0.88 -0.01
-0.93 -0.15
-0.94 -0.055
-1.03 0.195
-1 0.38
-0.83 0.115
-0.85 0.07
-0.97 0.17
-0.85 0.195
-0.91 0.295
-1.07 0.25
-0.9 0.265
-1.01 0.35
-0.97 0.355
-1.01 0.35
-0.93 0.255
-1.06 0.145
-1.02 0.22
-0.89 0.18
-0.77 0.02
-1.04 -0.05
-0.92 -0.055
-0.72 0.2
-0.86 0.06
-0.78 -0.09
-0.88 -0.04
-0.8 -0.025
-0.86 -0.14
-0.97 -0.19
-0.93 -0.15
-0.94 -0.14
-0.95 -0.14
-0.87 0.115
-0.84 0.115
-1.04 0.125
-0.88 0.315
-0.98 0.275
-0.94 0.16
-0.89 0.205
-0.92 0.35
-0.85 0.305
-0.89 0.43
-0.98 0.39
-1.06 0.505
-1.1 0.575
-0.92 0.225
-0.96 0.005
-0.93 -0.005
-0.87 -0.08
-0.92 -0.275
-0.77 -0.005
-0.7 0.025
-0.84 -0.07
-0.83 0.1
-0.92 -0.01
-0.89 -0.125
-0.77 -0.075
-0.89 -0.105
-0.91 0.075
-0.86 0.055
-1.09 -0.245
-0.81 -0.09
-0.86 0.03
-0.91 0.17
-0.81 0.21
-0.8 0.135
-0.94 0.04
-0.91 0.04
-0.86 0.02
-1.03 -0.135
-0.98 -0.28
-0.84 -0.235
-0.92 -0.365
-0.89 -0.215
-0.84 -0.34
-0.86 -0.24
-0.87 -0.31
-0.97 -0.265
-0.87 -0.02
-0.9 0.085
-0.9 0.065
-0.69 0.16
-0.67 0.205
-1.04 0.31
-0.95 0.25
-0.88 0.25
-1.02 0.41
-1.16 0.63
-1.03 0.31
-0.96 0.285
-0.72 0.215
-0.7 0.305
-0.81 0.115
-0.83 0.16
-1 0.12
-0.95 0.09
-0.87 0.12
-0.94 0.01
-1.02 -0.05
-0.69 -0.165
-0.83 -0.015
-1.07 -0.15
-0.78 -0.185
-1.13 -0.475
-1.1 -0.55
-1.09 -0.415
-0.89 -0.255
-0.88 -0.13
-0.95 0.165
-0.85 0.13
-1.06 -0.09
-0.91 -0.135
-0.76 0.01
-0.78 0.015
-0.84 0.145
-0.85 0.135
-0.81 0.165
-1.01 0.33
-0.99 0.425
-0.98 0.14
-0.96 0.08
-0.92 0.015
-0.86 -0.085
-0.85 -0.22
-0.73 -0.11
-0.86 0
-1.07 -0.05
-1.05 -0.17
-0.97 0.02
-0.8 0.065
-0.68 -0.105
-1.06 -0.285
-0.84 -0.365
-1.18 -0.49
-1.03 -0.455
-0.93 -0.475
-0.82 -0.175
-0.88 -0.12
-0.88 -0.31
-0.89 -0.29
-0.82 -0.27
-1 -0.325
-1.05 -0.495
-0.82 -0.31
-1 -0.345
-0.97 -0.22
-0.92 -0.11
-0.9 -0.105
-0.94 -0.14
-0.97 -0.065
-0.9 -0.12
-0.88 0.15
-0.89 -0.07
-0.87 -0.245
-0.92 -0.285
-1.11 -0.185
-0.9 0.1
-0.9 0.165
-0.94 0.085
-0.9 -0.065
-0.91 -0.245
-0.92 -0.115
-1.05 -0.175
-0.99 -0.145
-1.01 -0.215
-0.84 -0.13
-0.86 0.02
-1 0.08
-1 -0.01
-0.93 -0.065
-0.9 -0.09
-0.88 -0.165
-0.84 -0.055
-0.87 0.22
-0.9 0.195
-1.05 0.085
-0.79 0.06
-1.05 0.14
-1.03 0.135
-0.87 0.015
-0.89 -0.225
-0.89 -0.34
-0.98 -0.425
-0.99 -0.395
-0.84 -0.18
-0.96 -0.05
-0.85 -0.18
-0.75 -0.1
-0.82 0.15
-1.12 -0.015
-0.88 -0.04
-0.88 -0.075
-0.87 0.08
-0.88 0.235
-0.86 0.37
-0.89 0.19
-1.07 0.24
-1.02 0.42
-0.85 0.12
-0.87 -0.01
-0.83 -0.12
-0.9 -0.275
-0.93 -0.31
-0.88 -0.215
-1 -0.27
-0.95 -0.325
-1.19 -0.335
-0.77 -0.16
-0.8 -0.25
-0.96 -0.19
-0.99 -0.245
-1.11 -0.315
-1.01 -0.515
-1.33 -0.625
-0.97 -0.45
-1 -0.345
-1.02 -0.49
-1.05 -0.44
-0.98 -0.245
-0.94 -0.15
-1.06 -0.24
-0.95 -0.255
-0.95 -0.26
-0.96 -0.3
-0.96 -0.31
-0.83 0.005
-0.98 0.015
-0.92 -0.045
-0.84 0.17
-0.8 0.035
-0.94 -0.185
-0.98 -0.065
-0.96 0.095
-0.81 0.33
-0.96 0.31
-0.88 0.36
-0.91 0.29
-0.67 0.24
-0.94 0.215
-0.93 0.375
-0.86 0.32
-1.01 0.275
-0.93 0.42
-0.81 0.24
-0.9 0.435
-1.13 0.57
-0.99 0.45
-0.95 0.455
-1.16 0.365
-0.94 0.28
-0.83 0.155
