-0.84 -0.1
-0.97 0.05
-0.94 0.025
-1.04 0.09
-1 0.135
-0.81 0.185
-1.02 0.305
-0.82 0.135
-0.92 0.17
-1.03 0.15
-0.73 0.08
-0.78 -0.01
-0.96 -0.15
-1.06 -0.27
-1.2 -0.275
-1.15 -0.095
-1.05 -0.015
-1 0.005
-0.87 0.01
-1.16 0.19
-1.12 0.175
-1 0.155
-0.97 -0.035
-1 -0.07
-1.08 -0.195
-0.83 0.04
-0.95 0.08
-0.85 0.07
-0.94 0.085
-0.86 0.225
-1.02 0.325
-0.91 0.165
-0.95 -0.08
-1 -0.03
-0.99 -0.125
-0.74 0.035
-0.94 -0.07
-0.99 -0.05
-0.97 -0.395
-1.2 -0.405
-1 -0.245
-1.01 0.015
-0.97 -0.035
-0.95 0.09
-0.88 -0.075
-0.94 -0.035
-0.97 -0.04
-0.99 0.145
-0.98 0.125
-0.99 0.09
-0.99 0.175
-1.28 0.33
-1.05 0.29
-0.98 0.3
-1.06 0.405
-1.18 0.5
-1.09 0.55
-1.16 0.585
-1.03 0.49
-1.42 0.74
-1.22 0.57
-0.86 0.49
-0.95 0.41
-1.09 0.495
-1.04 0.44
-1.06 0.375
-0.88 0.115
-1 0.19
-1.01 0.155
-0.91 0.015
-1.01 -0.195
-0.88 0.15
-1.1 0.185
-1.09 0.3
-1.11 0.255
-1.08 0.17
-0.94 0.08
-0.86 0.22
-1.1 0.175
-1.2 0.17
-1.11 0.16
-0.97 0.21
-1.12 0.175
-1 0.285
-1.08 0.265
-0.78 0.175
-1 0.055
-1.04 0.02
-1.19 0.025
-0.93 0
-1.04 -0.075
-1.02 0.075
-1.05 0.07
-0.97 0.065
-0.97 -0.03
-0.91 -0.09
-1.07 -0.005
-1.03 0.19
-0.98 0.32
-1.06 0.345
-0.93 0.25
-1 0.22
-0.91 0.325
-1.09 0.295
-1.12 0.32
-0.95 0.27
-1 0.215
-1.05 -0.1
-1.01 -0.095
-0.91 -0.15
-0.93 0.045
-1.12 0.04
-0.94 0.105
-0.91 0.165
-0.98 0.25
-1.08 0.23
-0.92 0.19
-1.07 0.395
-1.18 0.355
-0.99 0.345
-1.21 0.575
-1.15 0.505
-1.15 0.57
-0.94 0.25
-1.05 0.165
-0.96 0.155
-1.02 0.215
-0.88 0.06
-1.06 0.125
-0.84 0.085
-1.02 0.055
-1.05 -0.09
-0.96 -0.1
-1.1 -0.09
-1.01 -0.18
-1.06 -0.18
-0.91 -0.19
-1.06 -0.305
-1.14 -0.415
-1.09 -0.535
-1.13 -0.605
-1.02 -0.33
-1.05 -0.27
-1.17 -0.43
-1.07 -0.2
-0.91 -0.08
-1.03 -0.405
-0.91 -0.415
-1.17 -0.48
-1.12 -0.585
-1.15 -0.515
-1.05 -0.38
-1 -0.37
-0.86 -0.33
-1.04 -0.42
-1.14 -0.46
-1.14 -0.41
-1.01 -0.245
-0.81 -0.15
-1.11 -0.345
-1.18 -0.445
-1.03 -0.48
-1.08 -0.39
-0.76 -0.15
-0.98 -0.015
-1.03 -0.04
-1.11 0.185
-0.91 0.06
-0.87 -0.115
-1.14 -0.165
-1.04 -0.155
-1.08 -0.305
-1.06 -0.185
-0.99 -0.095
-0.95 -0.205
-1.14 -0.285
-0.89 -0.185
-1.1 -0.445
-1.12 -0.435
-1.08 -0.34
-0.85 -0.13
-0.79 -0.125
-0.86 0.12
-0.9 0.185
-1.17 0.425
-1.06 0.395
-1.15 0.375
-0.95 0.36
-0.93 0.1
-0.91 0.205
-0.81 0.065
-0.95 0.05
-0.86 0.255
-1.1 0.395
-1.11 0.285
-1.02 0.33
-0.91 0.225
-0.95 0.46
-1.22 0.51
-1.33 0.455
-1.18 0.42
-1.07 0.25
-0.97 0.245
-1 -0.16
-1.01 -0.095
-0.94 -0.24
-1.08 -0.345
-1.15 -0.31
-1 -0.255
-0.82 -0.175
-0.8 -0.15
-0.96 -0.315
-1.01 -0.385
-1.12 -0.615
-1.05 -0.44
-1.22 -0.575
-1.22 -0.53
-1.02 -0.335
-1.05 -0.54
-1.04 -0.395
-0.95 -0.375
-1.07 -0.375
-0.96 -0.375
-0.91 -0.195
-0.88 -0.16
-0.7 0.155
-1 0.13
-0.72 0.05
-1.03 0.09
-0.91 0.035
-1.02 0.05
-0.93 0.035
-0.97 0.225
-1.26 0.385
-1.03 0.4
-1.09 0.55
-1.31 0.585
-1 0.37
-1.02 0.28
-1.04 0.32
-1.18 0.455
-0.98 0.145
-0.86 0.16
-1.1 -0.155
-0.88 0.025
-0.92 0.1
-1.03 0.185
-1.03 0.29
-1.07 0.325
-0.85 0.28
-0.96 0.27
-0.92 0.145
-1.23 0.2
-0.94 0.305
-1.05 0.09
-0.88 -0.01
-0.7 0.045
-0.96 -0.01
-0.87 -0.11
-0.92 0.045
-0.98 0.09
-1.02 -0.01
-0.96 -0.075
-0.87 0.01
-0.89 0.085
-0.94 0.06
-1.04 -0.14
-1.17 -0.325
-1.05 -0.375
-0.97 -0.29
-0.9 -0.395
-1.03 -0.405
-1.02 -0.305
-0.99 -0.12
-0.8 -0.235
-1.03 -0.33
-1.16 -0.49
-1.16 -0.57
-1.1 -0.51
-1.11 -0.595
-1.14 -0.555
-1.15 -0.45
-1.15 -0.45
-1.14 -0.5
-1.18 -0.54
-1.06 -0.525
-1.07 -0.385
-0.97 -0.41
-1.24 -0.675
-1.24 -0.685
-1.14 -0.605
-1.21 -0.545
-1.12 -0.28
-1.14 -0.36
-0.97 -0.395
-1 -0.09
-1.07 -0.085
-0.93 0.03
-1.01 0.02
-0.83 -0.12
-0.97 -0.275
-1.08 -0.35
-1.06 -0.45
-1.04 -0.39
-1.14 -0.31
-1.06 -0.255
-0.87 -0.085
-0.87 0.09
-0.98 0.23
-0.88 0.085
-1.2 -0.035
-1.04 -0.145
-1.05 -0.325
-0.97 -0.375
-0.93 -0.25
-0.88 -0.175
-0.93 -0.145
-0.77 0.055
-1.05 0.035
-1.15 0.15
-1.13 0.325
-1.02 0.29
-1.12 0.28
-0.97 0.37
-1.13 0.335
-1.21 0.525
-1.25 0.645
-1.22 0.6
-1.16 0.51
-1.07 0.42
-1.06 0.17
-1.01 0.115
-1.02 -0.005
-1.21 0.145
-1.04 0.135
-0.91 0.26
-1.09 0.295
-1.09 0.09
-1.1 0.17
-1.03 0.01
-0.98 0.05
-1.06 0.02
-0.96 -0.005
-1.04 0.06
-1.1 0.21
-0.92 0.105
-1.03 -0.05
-1.02 0.115
-1.04 -0.015
-0.89 -0.09
-0.87 -0.17
-0.83 -0.26
-1.02 -0.325
-0.99 -0.32
-1.18 -0.46
-1.02 -0.365
-1.2 -0.29
-1.13 -0.32
-1.06 -0.295
-1.02 -0.22
-1.09 -0.33
-0.88 -0.085
-1.07 -0.205
-0.82 -0.025
-0.93 -0.14
-0.87 -0.26
-0.94 -0.27
-1.13 -0.32
-0.99 -0.21
-1.07 -0.115
-1.04 -0.06
-1.05 -0.19
-1.09 -0.25
-1.02 -0.39
-0.89 -0.365
-1.1 -0.54
-1.22 -0.665
-1.15 -0.535
-1.14 -0.585
-1.05 -0.435
-1.07 -0.395
-1.05 -0.34
-0.96 -0.295
-1 -0.365
-1.18 -0.56
-1.05 -0.51
-1.03 -0.455
-0.88 -0.365
-0.93 -0.19
-0.8 -0.135
-0.95 0.06
-0.91 -0.02
-0.96 -0.01
-1.24 0.02
-1.16 -0.155
-0.83 -0.155
-1.09 -0.285
-0.95 -0.32
-1 -0.39
-1.02 -0.365
-0.95 -0.3
-0.88 -0.08
-0.98 -0.2
-0.96 -0.2
-1.02 -0.175
-1.15 -0.295
-1.18 -0.465
-1.15 -0.615
-1.24 -0.665
-1.44 -0.705
-1.22 -0.595
-1.02 -0.46
-1.05 -0.385
-0.87 -0.14
-0.94 -0.24
-0.95 -0.275
-1.04 -0.195
-1 -0.09
-1.06 -0.18
-1.05 -0.035
-0.86 -0.125
-0.96 -0.23
-0.91 -0.425
-0.97 -0.23
-0.97 -0.035
-1.11 -0.05
-0.96 0.005
-0.9 -0.16
-0.71 -0.055
-0.96 0.075
-1.02 0.075
-0.97 -0.165
-0.93 -0.19
-0.89 -0.12
-1.02 -0.105
-0.94 -0.045
-1.02 -0.16
-0.88 -0.335
-1.04 -0.375
-1.01 -0.315
-1.01 -0.28
-0.88 -0.155
-1.12 -0.07
-1.09 0
-1.19 0.065
-1.05 0.025
-1.01 -0.09
-0.83 0.1
-0.86 0.085
-0.96 0.19
-1.08 0.4
-1.16 0.515
-1.29 0.59
-1.26 0.6
-1.16 0.475
-1.15 0.335
-0.84 0.215
-1.01 0.235
-1.14 0.315
-0.95 0.405
-1.12 0.465
-1.18 0.515
-0.85 0.36
-1.01 0.225
-1.01 0.17
-0.91 0.185
-1.27 0.25
-1 0.085
-1.2 0.055
-1.15 0.12
-1.16 0.09
-1.09 0.095
-0.84 0.045
-0.84 -0.29
-0.92 -0.125
-0.97 -0.23
-0.94 -0.255
-0.99 -0.135
-0.81 0.005
-1 0.25
-1 0.085
-0.67 0.095
-1 -0.04
-0.84 0.11
-1.14 0.16
-0.88 -0.185
-0.77 -0.085
-0.84 -0.01
-0.97 0.075
-1 0.17
-1.01 0.095
-1.03 0.16
-1.03 0.185
-1.11 0.37
-0.84 0.175
-0.95 0.2
-0.99 0.135
-1.18 0.155
-1.14 0.195
-1.02 0.115
-0.95 0.045
-1 0.18
-1 0.16
-0.78 -0.01
-0.96 -0.06
-0.88 -0.04
-1.04 -0.15
-1.02 -0.28
-1.03 -0.25
-1.17 -0.45
-0.86 -0.42
-1.08 -0.49
-1.04 -0.25
-0.99 -0.29
-1.12 -0.23
-0.9 -0.165
-0.95 -0.045
-1.03 -0.13
-0.86 0.125
-0.89 0.12
-0.92 0.19
-1.04 0.165
-0.98 0.14
-1.04 0.27
-0.79 0.145
-1.03 0.075
-1.15 0.145
-1.03 -0.015
-0.98 0.06
-0.95 -0.07
-0.93 -0.025
-1.07 0.05
-0.92 0.01
-1 -0.145
-0.91 -0.16
-1.06 0.005
-1.05 0.005
-1.03 -0.215
-0.9 -0.32
-1.13 -0.4
-0.96 -0.26
-0.94 -0.155
-1.03 0.005
-0.92 0.23
-1.15 0.335
-0.87 0.185
-0.97 0.185
-1.05 0.24
-0.82 0.11
-0.81 0.01
-1.03 -0.035
-0.78 -0.1
-0.73 0.005
-0.94 -0.16
-1.11 -0.38
-0.93 -0.355
-1.05 -0.22
-1.12 -0.505
-1.07 -0.46
-1.06 -0.39
-1.16 -0.555
-1.01 -0.47
-1.2 -0.58
-1.1 -0.45
-0.98 -0.345
-1.01 -0.255
-1 -0.34
-0.88 -0.34
-1.05 -0.38
-1.05 -0.455
-1.17 -0.535
-1.45 -0.68
-1.14 -0.57
-1.04 -0.3
-0.99 -0.095
-0.95 0.01
-1.03 0.025
-1.03 -0.115
-1.01 -0.19
-0.77 -0.145
-0.92 0.185
-1.23 0.375
-1.05 0.26
-0.96 0.285
-0.94 0.08
-1.06 0.125
-0.94 0.12
-1 0.205
-0.87 0.025
-0.98 -0.17
-1.03 0.075
-0.91 -0.055
-0.94 -0.1
-0.92 -0.17
-0.91 -0.335
-0.88 -0.195
-0.99 -0.315
-0.91 -0.31
-0.97 -0.23
-1.09 -0.365
-1.13 -0.345
-1.06 -0.29
-0.92 -0.005
-1.06 0.05
-1 0.28
-0.98 0.23
-0.75 0.225
-0.88 0.035
-0.91 0.135
-0.91 0.185
-0.89 -0.11
-0.83 -0.185
-0.98 -0.34
-0.93 -0.225
-1.11 -0.29
-0.97 -0.19
-0.92 -0.225
-1 -0.375
-0.89 -0.4
-1.04 -0.455
-1.06 -0.495
-0.97 -0.49
-0.99 -0.395
-1.03 -0.275
-0.93 -0.085
-1.17 -0.485
-0.96 -0.385
-1.24 -0.335
-1.03 -0.295
-1.13 -0.55
-1.26 -0.535
-1.01 -0.47
-0.96 -0.53
-1.2 -0.64
-1.05 -0.5
-1.05 -0.305
-0.82 -0.09
-1.04 0.01
-0.98 -0.035
-0.94 0.015
-1 0.085
-1.06 0.325
-1.07 0.39
-0.83 0.295
-0.95 0.355
-0.99 0.385
-1.06 0.48
-1.09 0.43
-1.04 0.245
-1.06 0.315
-0.97 0.355
-1.1 0.405
-1.19 0.48
-1.32 0.555
-1.08 0.505
-1.08 0.36
-0.95 0.29
-1 0.25
-0.99 0.365
-1.26 0.49
-1.01 0.205
-1.24 0.34
-1.11 0.26
-1.13 0.385
-0.86 0.27
-1.22 0.585
-0.99 0.48
-0.71 0.215
-1 0.43
-0.9 0.235
-0.79 0.23
-1.16 0.42
-0.83 0.35
-1.09 0.085
-0.88 -0.015
-1.1 -0.155
-1.06 -0.11
-0.95 -0.035
-0.92 -0.08
-0.79 0.045
-0.75 0.085
-0.93 0.005
-1 0.14
-1.24 0.17
-1.01 0.13
-0.99 -0.03
-1.09 0.05
-1.01 0.09
-0.8 0.02
-0.93 0.01
-0.95 -0.145
-0.97 -0.35
-0.85 -0.095
-0.88 -0.195
-0.99 0.025
-1.14 0.025
-1.03 -0.14
-1.11 -0.2
-1.02 -0.295
-1.08 -0.32
-0.95 -0.37
-1.04 -0.135
-1.05 -0.275
-1.19 -0.515
-0.97 -0.465
-0.95 -0.505
-0.93 -0.405
-1.2 -0.56
-1.16 -0.605
-1.23 -0.65
-1.44 -0.7
-1.21 -0.605
-1.18 -0.58
-0.99 -0.555
-1.18 -0.555
-1.19 -0.63
-1.01 -0.535
-1.15 -0.615
-1.02 -0.52
-1.08 -0.5
-1.12 -0.375
-1 -0.065
-0.91 0.025
-0.86 -0.03
-1.04 -0.14
-1.02 -0.145
-1.1 -0.26
-0.96 -0.155
-1.1 -0.315
-1.07 -0.315
-1.09 -0.14
-0.89 0.02
-1.07 0.14
-0.77 0.005
-1 -0.115
-0.78 -0.12
-0.91 0.02
-0.95 0.135
-0.79 0.07
-0.78 -0.185
-0.98 -0.175
-1.19 -0.205
-1.08 -0.18
-1.15 -0.135
-1.01 -0.05
-1.08 -0.12
-1.07 -0.105
-1.1 -0.245
-1.01 -0.185
-0.95 -0.245
-0.9 -0.2
-1.04 -0.255
-1.04 -0.24
-1 -0.17
-1.05 -0.055
-0.96 -0.065
-1.04 -0.08
-1.13 -0.09
-1.1 -0.295
-1.03 -0.075
-1.11 -0.16
-1.09 -0.15
-0.91 -0.29
-0.94 -0.24
-0.99 -0.06
-1 0.105
-0.95 0.165
-1.07 0.025
-0.84 0.135
-0.82 0.125
-0.9 -0.15
-1.03 -0.1
-0.89 -0.055
-0.97 0.055
-0.99 0.095
-0.78 0
-0.89 -0.04
-1.02 0.025
-0.84 -0.125
-0.97 -0.235
-1.01 -0.225
-1.13 -0.32
-1 -0.265
-0.97 -0.2
-0.92 -0.055
-0.88 -0.185
-0.85 -0.03
-1.13 -0.195
-0.96 -0.215
-0.81 -0.16
-0.71 -0.16
-0.88 -0.26
-1.03 -0.23
-0.9 -0.13
-0.94 0.055
-0.96 0.035
-0.8 0.035
-0.83 0.01
-0.95 -0.19
-0.97 0.105
-1.05 0.115
-0.94 0.03
-1.01 0.185
-0.94 0.21
-0.99 0.075
-1.15 0.1
-1 0.105
-1.08 0.145
-0.99 0.115
-0.96 0.26
-0.85 0.16
-1.09 -0.145
-1 -0.145
-0.85 -0.025
-0.93 0.055
-0.91 0.17
-0.93 0.23
-0.9 0.325
-1.06 0.49
-1.24 0.665
-1.13 0.565
-1.19 0.505
-0.99 0.43
-0.85 0.28
-0.86 0.13
-0.98 0.185
-1 0.21
-1.24 0.17
-1.05 0.215
-1.05 0.21
-0.7 0.13
-0.79 -0.145
-1.05 -0.055
-0.88 -0.015
-0.95 0.045
-0.99 0.395
-1.04 0.35
-1.34 0.385
-1 0.39
-1.14 0.06
-0.96 0.06
-0.86 -0.085
-0.97 -0.015
-0.98 0.11
-1.11 -0.155
-1.07 0.015
-1.08 0.195
-0.94 0.19
-1.04 0.385
-1 0.085
-1.14 0.33
-1.06 0.245
-1.08 0.375
-1.1 0.3
-0.92 0.245
-1.06 0.22
-0.95 0.16
-1.18 0.175
-1.07 0.17
-1.17 0.14
-1.19 0.07
-1.08 0.21
-1.26 0.085
-0.95 0.06
-0.99 -0.035
-0.75 0.07
-1 -0.045
-1.12 -0.015
-0.99 -0.035
-0.88 -0.03
-0.83 0.045
-0.99 0.18
-1.07 0.445
-1.07 0.355
-1.02 0.25
-1.09 0.285
-1.16 0.22
-0.99 0.045
-1.03 -0.205
-1.08 -0.31
-0.91 -0.27
-0.91 -0.265
-0.86 -0.105
-0.9 -0.165
-1.1 -0.33
-1.06 -0.315
-1 -0.465
-1.07 -0.41
-1.08 -0.475
-1.17 -0.515
-1.24 -0.555
-0.99 -0.415
-0.98 -0.345
-1.01 -0.34
-1.09 -0.445
-1.07 -0.18
-1.06 -0.255
-0.95 -0.17
-1.06 -0.135
-0.96 -0.14
-1.05 -0.06
-0.86 0
-1.04 0.235
-1.09 0.275
-0.99 0.185
-1.03 0.2
-1.12 0.15
-0.99 0.24
-0.99 0.28
-1.14 0.495
-1.2 0.42
-1.11 0.54
-0.87 0.39
-0.96 0.33
-1.1 0.3
-1.04 0.25
-1.14 0.515
-1.01 0.315
-0.91 0.23
-0.83 0.13
-0.89 0.075
-0.84 0.315
-1.11 0.48
-0.9 0.325
-0.78 0.07
-0.92 0.09
-1.02 0.205
-0.91 0.075
-0.8 0.225
-1.01 0.335
-0.98 0.495
-0.86 0.365
-0.86 0.27
-0.98 0.355
-0.9 0.29
-0.98 0.175
-0.91 0.05
-1.07 0.19
-0.98 0.185
-0.89 0.145
-1.18 0.26
-1.01 -0.055
-1.09 0.095
-0.88 0.195
-0.88 0.26
-1 0.41
-1.23 0.52
-1.13 0.565
-1.01 0.41
-0.94 0.18
-1.14 0.235
-1.11 0.255
-0.95 0.28
-1.14 0.44
-1.03 0.41
-1.16 0.56
-1.25 0.415
-1.21 0.56
-1.16 0.495
-1.06 0.365
-1.01 0.47
-1.01 0.305
-1.03 0.415
-1.06 0.475
-1.01 0.47
-1.08 0.38
-1.17 0.475
-1.08 0.29
-1.05 0.205
-0.87 0.115
-1.02 0.075
-1.12 0.08
-1.08 -0.02
-0.99 0.105
-1.06 0.11
-1.06 0.175
-0.93 -0.02
-0.87 -0.12
-0.83 -0.18
-1.02 -0.065
-1.04 -0.065
-1.05 -0.14
-0.78 0.225
-1.17 0.32
-1.15 0.335
-0.91 0.25
-0.97 0.08
-1.02 0.07
-0.91 0.035
-0.8 0.225
-1.02 0.045
-0.97 -0.165
-1.13 -0.16
-0.94 -0.165
-0.94 -0.205
-0.84 -0.065
-0.91 -0.135
-0.84 -0.005
-1.03 -0.085
-0.94 -0.165
