-0.85 -0.39
-1.1 -0.445
-1.28 -0.63
-1.24 -0.565
-1.14 -0.46
-1.06 -0.42
-1.4 -0.595
-1.27 -0.39
-1.37 -0.43
-1.14 -0.44
-1.05 -0.345
-1.06 -0.395
-1.01 -0.455
-1.3 -0.495
-1.31 -0.47
-1.22 -0.355
-1.14 -0.485
-1.21 -0.62
-1.36 -0.525
-1.16 -0.475
-1.39 -0.575
-1.28 -0.475
-1.15 -0.42
-1.17 -0.48
-0.98 -0.495
-1.18 -0.54
-1.27 -0.59
-1.22 -0.435
-1.29 -0.58
-1.3 -0.63
-1.29 -0.61
-1.14 -0.525
-1.08 -0.5
-1.29 -0.57
-1.14 -0.52
-1.12 -0.51
-1.02 -0.415
-1.2 -0.605
-1.07 -0.55
-1.34 -0.67
-1.19 -0.495
-1.27 -0.55
-1.21 -0.455
-1.09 -0.42
-1.24 -0.505
-1.22 -0.595
-1.32 -0.63
-1.42 -0.77
-1.38 -0.775
-1.33 -0.71
-1.34 -0.545
-1.25 -0.47
-1.25 -0.485
-1.32 -0.63
-1.36 -0.655
-1.22 -0.63
-1.27 -0.7
-1.28 -0.69
-1.21 -0.375
-1.12 -0.515
-1.04 -0.395
-1.12 -0.555
-1.35 -0.67
-1.31 -0.595
-1.26 -0.65
-1.29 -0.665
-1.25 -0.515
-1.05 -0.3
-1.23 -0.47
-1.15 -0.535
-0.92 -0.4
-1.3 -0.605
-1.1 -0.535
-1.27 -0.48
-1.19 -0.495
-1.28 -0.525
-1.3 -0.535
-1.11 -0.24
-0.94 -0.16
-0.99 0.045
-1.06 0.165
-0.99 0.06
-1.12 0.04
-1.11 -0.02
-1.07 -0.08
-1.12 -0.12
-1.08 0.315
-1.12 0.26
-1.07 0.155
-1.02 0.32
-1.01 0.4
-1.09 0.51
-1.07 0.425
-1.06 0.255
-1.14 0.53
-1.15 0.585
-1.38 0.64
-1.37 0.665
-1.36 0.655
-1.31 0.69
-1.51 0.78
-1.22 0.58
-1.26 0.685
-1.19 0.62
-1.22 0.48
-1.26 0.6
-1.29 0.63
-1.22 0.555
-1.11 0.485
-1.26 0.585
-1.07 0.44
-1.25 0.47
-1.25 0.48
-1.13 0.355
-1.13 0.45
-1 0.45
-1.34 0.69
-1.34 0.675
-1.41 0.79
-1.28 0.72
-1.41 0.78
-1.46 0.745
-1.26 0.65
-1.29 0.665
-1.11 0.465
-1.1 0.5
-1.05 0.325
-1 0.275
-1.13 0.49
-1.12 0.385
-1.25 0.465
-1.13 0.495
-1.21 0.33
-1.29 0.395
-1.2 0.335
-0.95 0.29
-1.06 0.405
-1.22 0.445
-1.22 0.5
-1.18 0.575
-1.25 0.48
-1.17 0.485
-1.17 0.27
-1.04 0.225
-0.94 0.335
-1.01 0.355
-1.03 0.395
-1.21 0.485
-1.33 0.375
-1.22 0.455
-1.27 0.445
-1.13 0.41
-1.03 0.295
-1.09 0.125
-0.98 0.13
-1.14 0.175
-1.07 0.105
-0.92 0.125
-1.12 0.185
-1.09 0.11
-1.26 0.235
-1.17 0.265
-0.99 0.28
-1.11 0.41
-1 0.34
-1.35 0.465
-1.1 0.215
-0.96 0.255
-1 0.315
-1.22 0.335
-1.11 0.455
-1.14 0.41
-1.15 0.49
-1.15 0.57
-1.26 0.585
-1.12 0.595
-1.18 0.495
-1.18 0.39
-1.19 0.34
-1.16 0.075
-1.08 -0.025
-1.12 -0.125
-1.04 -0.145
-1.14 -0.175
-1.16 -0.12
-1.15 -0.235
-1.31 -0.315
-0.99 -0.2
-1.29 -0.24
-1.23 -0.165
-1.24 -0.275
-1.13 -0.21
-1.12 0.095
-1.05 0.25
-1.13 0.175
-1.28 0.325
-1.15 0.435
-1.07 0.405
-1.13 0.365
-1.17 0.375
-1.31 0.46
-1.12 0.365
-1.19 0.36
-1.2 0.385
-1.11 0.37
-1.09 0.31
-1.17 0.31
-1.12 0.2
-1.13 0.14
-1.11 0.08
-1 0.105
-1.03 0
-1.06 -0.045
-1.18 -0.055
-1.04 -0.235
-1.02 -0.145
-1.03 -0.055
-1.22 -0.165
-1.07 -0.145
-0.82 -0.275
-1.21 -0.365
-1.21 -0.31
-0.96 -0.27
-1.04 -0.27
-1.08 -0.075
-0.82 -0.12
-0.97 0
-0.99 0.055
-0.99 0.01
-1.03 -0.215
-1.16 -0.25
-1.11 -0.355
-0.91 -0.15
-1.13 -0.16
-1 -0.21
-1.03 -0.05
-0.91 -0.205
-0.97 -0.355
-1.24 -0.575
-1.41 -0.685
-1.14 -0.46
-1.35 -0.715
-1.28 -0.65
-1.14 -0.47
-1.02 -0.32
-0.97 -0.29
-0.96 -0.255
-0.85 -0.115
-0.94 -0.085
-1.11 -0.17
-0.97 -0.24
-1.01 -0.12
-1.12 -0.445
-1.06 -0.46
-1.17 -0.28
-1.23 -0.57
-1.25 -0.43
-1.09 -0.275
-1.18 -0.205
-1.13 -0.135
-0.99 -0.125
-1.07 -0.26
-1.13 -0.315
-1.32 -0.455
-1.22 -0.42
-1.16 -0.415
-1.03 -0.425
-1.16 -0.425
-1.12 -0.555
-0.98 -0.295
-1.12 -0.31
-1.2 -0.385
-1.09 -0.385
-1.11 -0.19
-1.05 -0.165
-1.06 -0.045
-1.01 -0.165
-1.11 -0.155
-1.13 -0.18
-1.07 -0.085
-1.08 -0.045
-1.3 0
-1.31 0.02
-1.1 -0.02
-1.13 0.11
-1.12 -0.1
-1.26 -0.17
-1.04 -0.06
-1.3 -0.035
-1.13 0.105
-0.99 -0.08
-1.08 0
-1.2 0
-1.15 -0.265
-1.04 0
-1.19 0.18
-0.94 0.045
-1.12 0.12
-1.02 0.17
-1.06 -0.05
-0.98 -0.06
-1.07 -0.11
-1.18 -0.03
-1.18 -0.05
-1 -0.005
-1.09 -0.235
-0.88 -0.13
-0.99 -0.06
-0.85 -0.04
-0.77 -0.125
-1.08 -0.015
-1.15 0.12
-1.24 0.45
-1.18 0.52
-1.2 0.365
-1.09 0.33
-1.19 0.545
-1.14 0.515
-1.01 0.435
-1.15 0.455
-1.13 0.33
-1.17 0.25
-1.17 0.4
-1.32 0.33
-1.23 0.3
-1.08 0.48
-0.97 0.31
-1.08 0.525
-1.26 0.365
-1.39 0.4
-1.33 0.48
-1.2 0.31
-1.15 0.295
-0.98 0.16
-1.18 0.125
-1.02 0.135
-1.01 0.075
-0.87 0.035
-1.15 0.05
-0.95 -0.045
-1.1 0.015
-1.07 0.035
-1.01 0.13
-1.04 -0.28
-0.92 -0.34
-0.99 -0.315
-1.06 -0.465
-1.23 -0.495
-1.21 -0.475
-1.16 -0.485
-1.2 -0.45
-1.11 -0.205
-1.02 -0.235
-1.2 -0.21
-1.07 -0.08
-1.06 -0.095
-1.17 0
-1.19 -0.095
-1.2 -0.21
-1.09 -0.2
-1.18 -0.35
-1.15 -0.445
-1.16 -0.5
-1.15 -0.42
-1.15 -0.32
-1.1 -0.32
-1.09 -0.38
-0.9 -0.395
-1.11 -0.435
-1.21 -0.575
-1.3 -0.68
-1.2 -0.63
-1.39 -0.675
-1.12 -0.345
-1.4 -0.605
-1.18 -0.555
-0.96 -0.345
-1.18 -0.505
-1.19 -0.41
-1.24 -0.37
-1.14 -0.585
-1.23 -0.675
-1.3 -0.675
-1.22 -0.64
-1.29 -0.585
-1.13 -0.67
-1.23 -0.555
-1.26 -0.57
-1.25 -0.5
-1.12 -0.295
-1.16 -0.33
-1.12 -0.375
-1.08 -0.36
-1.16 -0.385
-1.08 -0.38
-1.05 -0.38
-1.11 -0.555
-1.28 -0.565
-1.47 -0.645
-1.17 -0.555
-1.29 -0.615
-1.25 -0.51
-1.24 -0.585
-1.17 -0.455
-0.97 -0.43
-1.05 -0.325
-1.12 -0.25
-1.14 -0.225
-1.14 -0.08
-1.02 -0.025
-1.28 0.16
-1.21 0.185
-1.01 0.22
-1 0.115
-1.21 0.125
-1.07 0.14
-1.26 0.1
-1.21 0.175
-1.24 0.195
-1.2 0.185
-1.16 0.375
-1.11 0.51
-1.1 0.52
-1.16 0.52
-1.16 0.515
-1.33 0.63
-1.39 0.525
-1.11 0.275
-1.22 0.355
-1.05 0.28
-0.95 0.27
-1.16 0.31
-1.07 0.325
-1.14 0.285
-0.99 0.06
-1 0.13
-1.08 0.265
-1.01 0.275
-1.14 0.33
-1.15 0.42
-1.19 0.345
-1.08 0.445
-1.21 0.51
-1.13 0.52
-1.41 0.615
-1.27 0.58
-1.08 0.435
-1.02 0.41
-1.01 0.285
-1.13 0.365
-1.25 0.465
-1.23 0.49
-1.16 0.545
-1.06 0.48
-1.23 0.52
-1.38 0.605
-1.55 0.695
-1.33 0.52
-1.32 0.41
-1.31 0.56
-1.22 0.52
-1.34 0.62
-1.3 0.715
-1.23 0.685
-1.38 0.765
-1.35 0.73
-1.26 0.705
-1.09 0.465
-0.98 0.365
-1.31 0.435
-1.14 0.36
-1.08 0.465
-1.04 0.345
-1.03 0.385
-1.34 0.35
-1.32 0.35
-1.36 0.515
-1.17 0.41
-1.16 0.175
-1.06 0.46
-1.12 0.385
-1.2 0.365
-1.19 0.375
-1.3 0.465
-1.15 0.46
-1.12 0.515
-1.27 0.65
-1.2 0.57
-1.14 0.41
-1.09 0.125
-0.9 0.045
-1.07 0.175
-1.03 0.265
-1.11 0.355
-1.12 0.405
-1.12 0.345
-1.06 0.19
-1.14 0.31
-1.08 0.215
-1.07 0.27
-1.26 0.495
-1.1 0.425
-1.3 0.565
-0.97 0.285
-1.01 0.33
-1.12 0.385
-1.14 0.375
-1.03 0.3
-1.01 0.335
-1.18 0.295
-1.15 0.285
-0.93 0.31
-0.82 0.185
-0.98 -0.06
-1.21 0.105
-1.16 0.105
-1.09 0.105
-1.17 -0.005
-1.21 -0.015
-1.22 0.02
-1.14 0.13
-1.2 0.145
-1.18 0.345
-1.22 0.32
-1.13 0.345
-1.2 0.485
-1.53 0.76
-1.11 0.645
-1.38 0.72
-1.25 0.675
-1.22 0.55
-1.27 0.585
-1.1 0.52
-1.16 0.56
-1.29 0.59
-0.98 0.485
-1.1 0.365
-1.24 0.28
-1.33 0.435
-1.3 0.43
-1.22 0.51
-0.93 0.305
-1.14 0.39
-1.21 0.38
-1.2 0.16
-1.14 -0.04
-1.26 0.24
-1.17 0.34
-1.14 0.195
-1.17 0.03
-1 0.015
-1.26 0.02
-1.12 0.1
-1.11 0.05
-1.08 -0.215
-1.24 -0.28
-1.14 -0.25
-1.14 -0.02
-1.08 -0.07
-1.08 -0.11
-1.01 -0.075
-0.97 -0.145
-1.1 -0.38
-1.23 -0.49
-1.11 -0.505
-1 -0.37
-1.06 -0.37
-1.37 -0.595
-1.21 -0.5
-1.23 -0.6
-1.23 -0.55
-1.19 -0.565
-1.15 -0.535
-1.04 -0.42
-1.28 -0.43
-1.1 -0.37
-1.16 -0.56
-1.27 -0.71
-1.17 -0.59
-1.28 -0.735
-1.26 -0.735
-1.39 -0.74
-1.44 -0.72
-1.48 -0.765
-1.22 -0.64
-1.33 -0.69
-1.26 -0.595
-1.25 -0.64
-1.31 -0.745
-1.51 -0.81
-1.42 -0.755
-1.44 -0.76
-1.36 -0.74
-1.45 -0.73
-1.2 -0.53
-1.34 -0.415
-1.14 -0.355
-1.06 -0.13
-1.09 -0.01
-1.12 -0.13
-1.06 -0.02
-1.02 -0.105
-1.17 -0.105
-1.1 -0.245
-1.08 -0.325
-0.94 -0.155
-1.18 -0.365
-1.26 -0.33
-1.02 -0.225
-0.99 -0.265
-0.92 -0.06
-0.91 0.085
-0.86 0.03
-1.29 -0.29
-1.19 -0.41
-1.11 -0.385
-1.08 -0.435
-1.08 -0.375
-1.25 -0.355
-1.07 -0.35
-1 -0.385
-1.03 -0.205
-1.17 -0.22
-1.03 -0.165
-1.04 -0.335
-1.21 -0.595
-1.16 -0.475
-1.34 -0.52
-1.27 -0.395
-1.16 -0.305
-1.04 -0.345
-1.19 -0.635
-1.49 -0.815
-1.38 -0.74
-1.1 -0.42
-1.28 -0.595
-1.36 -0.605
-1.24 -0.44
-1.04 -0.235
-1.08 -0.39
-1.23 -0.565
-1.22 -0.555
-1.28 -0.385
-0.92 -0.345
-1.04 -0.355
-1.06 -0.33
-1.07 -0.47
-0.99 -0.39
-0.96 -0.335
-1.04 -0.27
-1.09 -0.3
-1.05 -0.33
-1.09 -0.395
-1.11 -0.35
-1.13 -0.335
-1.23 -0.52
-1.25 -0.625
-1.33 -0.64
-1.24 -0.54
-1.28 -0.415
-1.37 -0.475
-1.09 -0.57
-1.28 -0.545
-1.04 -0.355
-1.01 -0.26
-0.87 -0.165
-1.02 -0.165
-1.05 -0.11
-0.89 0.08
-0.99 0.02
-1.13 0.15
-1.17 0.3
-1.16 0.14
-1.21 0.29
-1.2 0.405
-1 0.345
-1.18 0.585
-1.26 0.575
-1.11 0.535
-1.25 0.68
-1.18 0.685
-1.22 0.55
-1.17 0.5
-1.15 0.395
-1.02 0.44
-1.22 0.405
-1.22 0.48
-0.96 0.395
-1.16 0.335
-1.25 0.435
-1.38 0.525
-1.16 0.605
-1.41 0.595
-1.34 0.685
-1.61 0.865
-1.39 0.705
-1.34 0.59
-1.28 0.56
-1.24 0.635
-1.2 0.57
-1.01 0.36
-1.19 0.335
-1.14 0.35
-1.16 0.41
-1.21 0.525
-0.92 0.315
-1.02 0.31
-1.1 0.52
-1.32 0.62
-1.43 0.745
-1.32 0.69
-1.37 0.57
-1.29 0.48
-1.19 0.405
-1.11 0.43
-1.3 0.505
-1.4 0.525
-1.36 0.565
-1.27 0.565
-1.13 0.445
-1.19 0.54
-1.11 0.415
-1.14 0.38
-1.28 0.42
-1.14 0.435
-1.19 0.555
-1.17 0.46
-1.16 0.5
-1.1 0.505
-1.2 0.56
-1.28 0.635
-1.34 0.745
-1.28 0.62
-1.3 0.675
-1.12 0.475
-1.03 0.295
-1.07 0.19
-1.29 0.44
-1 0.385
-1.15 0.385
-1.2 0.495
-1.19 0.535
-1.06 0.455
-1.2 0.635
-1.13 0.445
-1.22 0.545
-1.05 0.515
-1.31 0.66
-1.55 0.8
-1.25 0.66
-1.11 0.555
-1.28 0.605
-1.26 0.555
-1.38 0.745
-1.22 0.65
-1.02 0.48
-1.19 0.495
-1.14 0.625
-1.15 0.5
-1.23 0.51
-1.08 0.49
-1.24 0.6
-1 0.34
-0.83 0.23
-1.05 0.115
-1.22 -0.02
-1.03 0.24
-1.23 0.155
-1.23 -0.075
-1.09 -0.14
-1.17 -0.1
-1.22 -0.195
-1.09 -0.225
-0.97 -0.05
-0.79 0.01
-1.06 -0.08
-0.99 -0.185
-0.91 -0.02
-1.14 0.045
-1.14 0.205
-1.16 0.15
-1.08 -0.03
-1.07 -0.075
-1.05 -0.175
-0.87 -0.145
-1.06 -0.21
-1.15 -0.15
-0.97 -0.2
-0.86 -0.22
-1 -0.215
-1.19 -0.385
-1.24 -0.325
-1.25 -0.245
-1.24 -0.05
-1.07 -0.2
-1.03 -0.14
-0.99 -0.035
-1.01 -0.13
-1.03 -0.21
-0.92 -0.2
-1.03 -0.05
-1.01 0.14
-1.14 0.09
-1.16 0.12
-1.1 0.095
-0.96 0.025
-0.9 0.015
-1.11 0.02
-1 0.16
-1.08 0.255
-1.34 0.16
-1.3 0.225
-1.27 0.295
-1.25 0.34
-1.1 0.135
-1.29 0.25
-1.41 0.385
-1.16 0.24
-1.06 0.395
-1 0.285
-1.05 0.235
-1.15 0.28
-1.05 0.315
-0.82 0.3
-1.04 0.125
-0.99 0.08
-0.92 0.17
-1.09 0.335
-1.11 0.305
-1 0.255
-0.79 0.055
-0.97 0.08
-1.03 0.15
-0.99 0.15
-0.97 0.145
-1.02 0.315
-1.14 0.28
-1.25 0.61
-1.11 0.395
-1.03 0.29
-1.07 0.205
-0.99 0.015
-1.11 -0.16
-1.16 -0.36
-1 -0.35
-1.25 -0.51
-1.17 -0.51
-1.06 -0.415
-1.11 -0.21
-0.87 -0.2
-1.16 -0.325
-1.17 -0.285
-1.09 -0.315
-1.07 -0.075
-1.06 -0.03
-0.94 -0.115
-0.92 -0.01
-0.99 0.17
-0.98 0.255
-1.07 0.31
-1.29 0.475
-1.14 0.485
-1.22 0.43
-1.23 0.42
-1.16 0.325
-1.07 0.28
-1.08 0.19
-1.02 0.24
-1.18 0.44
-1.19 0.48
-1.27 0.635
-1.36 0.75
-0.98 0.535
-1.19 0.525
-1.07 0.465
-1.01 0.395
-1.09 0.44
-0.96 0.21
-1.13 0.27
-1.19 0.09
-1.05 -0.03
-1.2 -0.235
-1.07 -0.33
-1.19 -0.32
-1.16 -0.465
-1.27 -0.595
-1.38 -0.775
-1.29 -0.71
-1.44 -0.76
-1.27 -0.67
-1.19 -0.6
-1.19 -0.505
-1.23 -0.475
-0.85 -0.345
-1.02 -0.44
-1.27 -0.57
-1.32 -0.485
-1.27 -0.51
-1.31 -0.51
-1.13 -0.4
-0.92 -0.31
-0.9 -0.295
-0.86 -0.35
-0.92 -0.22
-1.12 -0.11
-1.13 -0.075
-1.03 0.04
-1.08 -0.085
-1.2 -0.02
-1.17 -0.105
-1.12 -0.1
-1.17 -0.135
-1.33 -0.12
-1.15 -0.07
-1.05 -0.005
-1.05 0.125
-0.98 0.015
-1.06 0
-1.15 -0.075
-1.17 -0.075
-1.16 -0.105
-0.92 -0.185
-1.07 0.085
-1.05 0.175
-1.02 0.255
-0.91 0.18
-0.99 -0.125
-0.97 -0.025
-0.99 0.04
-1.03 0.245
-0.98 0.42
-1.03 0.34
-1.17 0.41
-1.05 0.385
-1.18 0.295
-1.24 0.445
-1.09 0.365
-1.08 0.405
-0.98 0.305
-1.02 0.225
-1.28 0.335
-1.27 0.34
-1.27 0.48
-1.05 0.425
-1.19 0.34
-1.22 0.515
-1.13 0.53
-1.25 0.64
-1.24 0.69
-1.48 0.685
-1.41 0.68
-1.36 0.64
-1.12 0.46
-1.12 0.33
-1.13 0.46
-1.26 0.515
-1.15 0.575
-1.14 0.58
-1.36 0.65
-1.17 0.57
-1.24 0.65
-1.22 0.65
-1.31 0.675
-1.25 0.55
-1.12 0.42
-1.11 0.345
-1.01 0.31
-1.05 0.445
-1.2 0.62
-1.26 0.645
-1.38 0.74
-1.21 0.585
-1.25 0.55
-1.38 0.745
-1.58 0.81
-1.13 0.66
-1.27 0.645
-1.33 0.535
-1.17 0.51
-1.35 0.645
-1.14 0.575
-1.18 0.63
-1.23 0.65
-1.16 0.455
-1.28 0.575
-1.24 0.58
-1.21 0.6
-1.25 0.66
-1.22 0.705
-1.3 0.715
-1.23 0.59
-1.36 0.615
-1.09 0.5
-1.3 0.635
-1.22 0.55
-1.31 0.54
-1.43 0.735
-1.25 0.62
-1.28 0.695
-1.34 0.675
