-0.89 0.1
-0.93 0.28
-0.87 0.26
-1.05 0.085
-1.12 0.035
-1.09 -0.045
-1.07 -0.055
-0.97 0.03
-0.97 0.055
-1.06 -0.035
-0.75 -0.175
-1.01 -0.155
-1.02 -0.345
-1.08 -0.27
-0.98 -0.3
-0.99 -0.395
-0.95 -0.465
-1.06 -0.475
-0.91 -0.36
-1.03 -0.305
-0.96 -0.305
-0.96 -0.335
-0.99 -0.355
-0.93 -0.18
-1.01 -0.245
-0.92 -0.255
-0.87 -0.34
-0.81 -0.145
-0.92 -0.28
-1.01 -0.315
-1.12 -0.355
-1.07 -0.315
-0.97 -0.245
-0.89 -0.25
-1.01 -0.23
-1.16 -0.29
-1.08 -0.385
-0.89 -0.31
-0.93 -0.235
-0.98 -0.18
-1 0.05
-0.96 -0.02
-1.06 -0.13
-0.88 -0.18
-1.12 -0.205
-1.02 -0.17
-0.92 -0.275
-0.88 0.135
-0.85 0.105
-0.97 0.095
-0.92 0.285
-1 0.305
-1.04 0.35
-0.96 0.24
-0.99 0.33
-0.88 0.23
-0.95 0.09
-0.95 0.1
-0.9 0.11
-0.91 0.095
-0.95 0.2
-0.93 0.245
-1.02 0.42
-0.83 0.18
-0.92 0.315
-1.01 0.125
-0.83 0.015
-0.92 -0.045
-0.95 -0.315
-1.16 -0.525
-1.07 -0.44
-0.99 -0.495
-1.14 -0.24
-0.89 -0.08
-0.84 -0.015
-0.99 -0.115
-0.89 -0.12
-0.91 -0.115
-0.96 -0.1
-0.98 -0.09
-0.89 -0.06
-1.03 -0.035
-0.91 -0.12
-1.05 0.085
-0.75 -0.12
-0.86 -0.185
-0.86 -0.24
-0.84 -0.135
-1.19 -0.295
-1.06 -0.25
-0.84 -0.095
-0.85 0.005
-0.93 -0.015
-1.02 0.075
-0.81 -0.065
-0.85 0.05
-1.04 0.15
-0.85 0.055
-0.93 0.275
-1 0.255
-1.05 0.49
-1.02 0.3
-0.89 0.095
-0.88 -0.225
-0.89 -0.435
-1.01 -0.325
-1.16 -0.395
-1 -0.12
-0.99 -0.19
-0.96 0.06
-0.86 0.315
-0.8 0.275
-0.88 0.245
-1.03 -0.035
-0.86 0.095
-0.86 0.12
-0.82 -0.07
-0.78 0.005
-1 -0.01
-0.89 0.045
-0.84 -0.205
-0.87 -0.17
-0.79 0.09
-0.83 -0.055
-1.01 0
-0.8 0.025
-0.76 0.045
-0.95 0.03
-1.06 0.28
-1.01 0.345
-1.25 0.62
-1.04 0.36
-0.99 0.53
-1.11 0.535
-1.03 0.35
-0.99 0.405
-1.07 0.38
-1.18 0.465
-1.04 0.525
-1.12 0.435
-1.03 0.205
-0.97 0.17
-0.83 0.215
-1.01 0.34
-0.91 -0.175
-0.8 0.16
-0.96 0.2
-1.06 0.145
-1 0.09
-0.97 0.175
-0.95 0.3
-0.92 0.26
-0.86 0.2
-0.94 0.125
-0.88 0.19
-0.97 0.355
-0.87 0.11
-0.94 -0.025
-0.84 -0.05
-0.9 -0.22
-0.79 0.04
-0.87 -0.07
-0.92 -0.105
-0.93 -0.015
-0.88 -0.045
-0.95 0.19
-0.93 0.235
-0.94 0.18
-0.92 0.29
-1.06 0.5
-0.92 0.39
-0.88 0.175
-0.91 0.1
-0.89 0.12
-0.94 0.095
-0.98 -0.125
-0.97 0.01
-1.01 0.22
-0.8 0.055
-0.88 -0.16
-0.92 -0.105
-0.99 -0.01
-1.07 -0.09
-0.95 -0.13
-0.8 -0.015
-0.78 0.075
-0.84 0.075
-1.05 0.34
-1.11 0.105
-0.81 0.035
-1.13 0.37
-0.98 0.4
-0.96 0.35
-0.93 0.13
-0.92 0.035
-1.09 -0.065
-0.98 0.015
-0.88 0.045
-1.17 0.04
-0.99 0.15
-0.95 -0.015
-0.97 0.055
-0.91 -0.015
-0.86 0.09
-1 0.115
-0.75 -0.02
-0.84 0.105
-0.81 0.02
-0.83 -0.11
-0.79 -0.05
-1.1 -0.32
-0.86 -0.21
-1 -0.095
-1.14 0.09
-0.81 0.05
-1.04 -0.075
-0.96 -0.02
-0.95 -0.075
-1.04 0.07
-0.85 0.245
-0.97 0.305
-1.01 0.31
-0.9 0.37
-0.86 0.135
-0.69 0.2
-0.91 0.205
-1.02 0.065
-0.96 0.165
-0.98 0.22
-0.98 0.28
-1 0.22
-0.96 0.07
-0.84 0.15
-0.81 0.145
-0.85 0.23
-1.08 0.26
-0.84 0.175
-0.93 0.205
-1.01 0.43
-0.9 0.415
-1.19 0.575
-1.27 0.665
-1.07 0.54
-1.07 0.515
-0.98 0.55
-0.95 0.475
-1.03 0.255
-1.16 0.23
-0.87 -0.015
-0.9 0.095
-0.86 0.04
-1.03 0.06
-0.96 0.03
-1.05 0.13
-0.82 0.225
-0.84 0.255
-1.07 0.09
-1.2 0.315
-0.9 0.365
-1.13 0.25
-1.08 0.155
-0.95 0.165
-1.01 0.115
-0.78 0.275
-0.8 0.155
-1 0.065
-0.98 -0.07
-1.07 -0.035
-1.05 -0.27
-0.93 -0.215
-0.81 -0.245
-1.06 -0.155
-0.91 -0.035
-0.86 -0.025
-0.76 0.115
-0.76 0.135
-0.88 0.21
-1.02 0.335
-0.95 0.18
-0.94 0.22
-1.09 0.41
-0.91 0.37
-0.88 0.055
-1.05 0.225
-0.96 0.2
-0.8 0.15
-0.88 -0.02
-0.79 -0.065
-0.81 0.055
-0.85 0.01
-0.93 0.035
-0.82 0.17
-0.84 0.03
-0.85 0.09
-0.8 0.27
-0.91 0.39
-0.98 0.395
-1.16 0.52
-1.17 0.56
-1.05 0.47
-1.18 0.56
-1.06 0.61
-0.9 0.52
-1.23 0.31
-0.93 0.465
-0.71 0.215
-0.94 0.34
-1.08 0.44
-0.9 0.38
-0.93 0.365
-1.05 0.205
-1.15 0.315
-1.07 -0.08
-0.99 0.13
-1.11 0.14
-0.84 0.175
-0.98 0.325
-1.05 0.3
-1.04 0.2
-1 0.115
-0.99 0.04
-0.86 -0.15
-1.15 -0.305
-0.85 -0.25
-1.01 -0.24
-0.85 -0.215
-0.95 -0.22
-0.9 -0.085
-1.09 -0.185
-1.05 -0.32
-1.02 -0.43
-1.14 -0.465
-1 -0.23
-0.85 -0.225
-0.9 -0.22
-0.88 -0.14
-0.85 -0.075
-0.9 -0.04
-0.85 0.01
-0.95 -0.075
-1.03 -0.16
-0.98 0.03
-1.1 0.075
-0.97 0.035
-0.98 -0.065
-1.05 0.015
-0.88 -0.195
-0.88 -0.08
-0.83 -0.01
-0.97 -0.02
-0.79 -0.115
-0.89 0.325
-0.81 0.045
-0.78 0.075
-0.89 0.03
-0.96 -0.17
-0.9 -0.13
-1.16 -0.435
-0.87 -0.255
-0.97 0.14
-0.96 0.225
-0.94 -0.08
-0.94 -0.165
-0.95 -0.36
-1.08 -0.315
-0.99 -0.37
-1.04 -0.5
-1.11 -0.425
-1.14 -0.515
-1.07 -0.49
-1 -0.425
-0.96 -0.225
-0.81 -0.305
-1.06 -0.26
-0.95 -0.085
-1.1 -0.365
-1.1 -0.26
-1.1 -0.38
-1.16 -0.58
-1.19 -0.58
-1.06 -0.465
-1.06 -0.455
-0.98 -0.225
-0.97 -0.13
-0.79 -0.065
-0.78 -0.125
-0.89 -0.095
-0.95 -0.175
-0.85 -0.185
-0.95 -0.32
-1.06 -0.405
-1.04 -0.34
-0.91 -0.275
-0.77 -0.065
-0.74 -0.13
-0.97 -0.28
-0.94 -0.105
-0.96 -0.19
-0.88 -0.11
-0.81 0.005
-0.99 0.13
-1.01 0.115
-0.94 -0.09
-0.82 -0.035
-1.05 -0.3
-0.9 -0.37
-1.02 -0.34
-0.97 -0.21
-0.85 -0.13
-1.06 -0.44
-1.07 -0.19
-0.89 -0.135
-0.97 -0.05
-1.04 -0.225
-0.87 -0.145
-1.09 -0.37
-1.01 -0.215
-1.02 -0.38
-0.97 -0.365
-0.97 -0.215
-0.86 -0.115
-0.85 -0.085
-0.87 -0.055
-0.87 0.025
-1.04 -0.01
-0.9 -0.06
-0.91 -0.12
-0.83 -0.09
-0.83 0.02
-0.82 -0.195
-1.07 -0.16
-0.98 -0.245
-1 -0.235
-0.92 -0.08
-0.81 -0.075
-0.9 -0.18
-0.92 0.13
-0.85 0.08
-0.93 -0.05
-0.97 -0.215
-0.9 -0.25
-1.05 -0.41
-1.02 -0.285
-1.1 -0.45
-0.91 -0.37
-0.75 -0.24
-0.76 -0.06
-0.85 0.155
-0.95 0.17
-1.1 0.275
-1.04 0.18
-1.2 -0.05
-0.93 0.025
-0.87 -0.045
-0.99 0
-1.07 0.23
-0.96 0.24
-0.91 0.26
-1.15 0.48
-0.78 0.225
-0.88 -0.105
-0.92 0.33
-1.05 0.17
-0.84 -0.035
-0.86 -0.105
-0.88 0.08
-0.86 0.235
-0.94 -0.155
-0.89 -0.2
-1.02 -0.145
-0.92 0.1
-1.04 0.13
-1.02 0.12
-0.78 0.075
-0.73 0.16
-0.85 0.205
-1.02 0.38
-0.95 0.315
-1 0.385
-0.98 0.3
-0.83 0.27
-0.94 0.215
-0.86 0.25
-0.91 0.03
-0.97 0.015
-1.07 0.125
-1.14 0.325
-0.97 0.29
-0.93 0.2
-1.07 0.165
-0.91 0.24
-0.87 0.125
-0.84 0.025
-0.96 0.005
-1.04 -0.155
-1.04 -0.245
-1.01 -0.275
-0.84 -0.005
-0.94 -0.16
-0.74 -0.215
-1.11 -0.345
-0.76 -0.035
-0.78 0.08
-0.82 0.105
-0.73 0.23
-0.96 0.355
-0.93 0.14
-1.05 0.08
-0.92 -0.02
-0.9 -0.005
-1.07 0.045
-0.99 0.015
-0.79 -0.025
-0.93 0.23
-0.97 0.385
-0.98 0.26
-0.84 0.225
-1.02 0.175
-0.75 0.08
-0.87 -0.03
-0.81 0.04
-0.83 -0.1
-0.97 -0.27
-0.97 -0.225
-0.94 -0.165
-0.97 -0.365
-0.81 -0.205
-0.87 -0.21
-0.83 -0.3
-0.98 -0.455
-1.01 -0.335
-0.78 -0.085
-0.94 -0.05
-0.84 -0.175
-0.98 -0.27
-0.78 -0.3
-0.82 -0.32
-1.06 -0.39
-0.9 -0.14
-1.07 -0.26
-1.05 -0.42
-1.05 -0.195
-0.9 -0.1
-0.92 -0.11
-0.99 -0.25
-1.02 -0.355
-0.91 -0.215
-0.91 0.035
-1.02 0.135
-0.79 0.02
-1.12 0.1
-0.92 0.03
-0.96 -0.14
-0.69 -0.07
-0.92 0.01
-0.96 0.175
-1.06 0.23
-0.89 0.145
-0.89 0.195
-1.03 0.445
-0.91 0.39
-0.86 0.095
-0.9 0.035
-0.89 0.09
-0.93 0.21
-1.08 0.46
-1.04 0.415
-0.86 0.37
-1.05 0.385
-1.04 0.42
-1.13 0.455
-1.19 0.61
-1.24 0.585
-0.8 0.205
-0.91 0.395
-0.91 0.29
-0.85 0.38
-0.94 0.2
-0.94 -0.04
-0.91 -0.19
-0.98 -0.065
-1.08 0.11
-1.06 0.235
-0.88 0.125
-0.95 0.125
-1.01 0.075
-1.05 0.13
-0.89 0.135
-1 0.115
-1.01 0.235
-0.8 0.355
-1.17 0.555
-1.08 0.545
-1.15 0.425
-0.79 0.26
-0.87 0.22
-1.09 0.32
-0.85 0.055
-0.89 -0.22
-1.09 -0.3
-1.21 -0.3
-1.06 -0.275
-1.09 -0.41
-1.07 -0.385
-1.22 -0.485
-1.04 -0.165
-0.95 -0.185
-0.97 -0.07
-1 -0.135
-1.05 0.065
-1 0.08
-0.91 0.035
-0.89 0.1
-0.78 -0.165
-1.07 -0.22
-0.95 -0.205
-1.07 -0.43
-1.15 -0.57
-1.26 -0.58
-0.95 -0.575
-1.09 -0.475
-0.95 -0.28
-1.02 -0.45
-0.89 -0.39
-0.98 -0.465
-1.05 -0.39
-1.02 -0.225
-0.96 -0.15
-1.1 -0.09
-1.05 -0.195
-1.01 -0.23
-0.96 -0.345
-0.99 -0.37
-1.05 -0.38
-0.8 -0.205
-0.81 -0.02
-1 -0.2
-1.15 -0.165
-0.84 -0.175
-0.79 -0.18
-0.98 -0.045
-0.93 -0.02
-1.05 -0.085
-0.78 0.065
-0.88 0.18
-0.98 0.12
-0.96 -0.015
-0.97 0.015
-0.65 0.16
-0.88 -0.16
-0.98 -0.05
-0.98 -0.105
-0.94 -0.03
-0.94 0.035
-0.87 0.12
-1.05 0.165
-1.02 0.235
-1.01 0.23
-0.91 0.075
-0.94 -0.01
-1 -0.085
-0.89 -0.02
-0.93 -0.255
-0.78 -0.05
-0.72 0.035
-0.83 0.09
-0.97 -0.08
-0.88 0.065
-0.94 0.125
-0.88 -0.135
-0.89 -0.235
-0.92 -0.35
-1.09 -0.595
-1.12 -0.49
-1.23 -0.61
-1.13 -0.48
-1.16 -0.205
-1.01 -0.225
-0.95 -0.265
-0.8 -0.14
-1.04 -0.095
-0.81 -0.125
-0.81 -0.19
-0.95 -0.165
-1 0.085
-0.97 0.205
-0.95 0.27
-0.83 0.145
-0.78 0.1
-0.83 0.09
-1.03 -0.025
-0.97 -0.025
-0.81 -0.055
-0.76 -0.11
-0.98 -0.015
-0.89 0.005
-0.78 0.03
-0.8 0.24
-0.81 0.345
-0.86 0.195
-0.93 0.275
-0.75 0.28
-1.04 0.3
-0.97 0.325
-1.15 0.36
-0.95 0.2
-0.94 0.12
-1.06 0.16
-0.82 0.185
-0.93 0.095
-0.7 -0.135
-0.83 0.035
-0.82 0.09
-0.8 0.22
-0.87 0.415
-1.12 0.545
-0.99 0.53
-0.96 0.42
-1.2 0.405
-0.95 0.42
-1.17 0.265
-0.86 0.215
-0.86 0.3
-1.01 0.335
-0.76 0.065
-0.83 -0.05
-0.92 -0.24
-0.86 -0.18
-0.94 -0.2
-0.93 -0.055
-0.9 -0.095
-0.81 -0.085
-1.12 -0.33
-1.03 -0.165
-0.91 -0.365
-1.19 -0.52
-1.12 -0.545
-1.11 -0.455
-0.87 -0.28
-1.08 -0.39
-1.12 -0.45
-1.06 -0.49
-0.98 -0.175
-0.86 -0.17
-0.95 -0.155
-0.74 0.105
-0.94 0.15
-0.88 -0.01
-0.9 0.165
-0.95 0.03
-0.92 0.235
-0.85 0.385
-1.11 0.445
-1.03 0.325
-1.02 0.32
-0.83 0.11
-1.04 0.335
-0.95 0.255
-0.76 0.005
-1.01 -0.075
-0.91 -0.12
-1.02 -0.105
-0.97 -0.175
-0.67 -0.15
-0.8 0.18
-1.19 0.435
-1.05 0.465
-0.99 0.405
-0.92 0.53
-1 0.455
-0.88 0.305
-1.01 0.065
-0.91 -0.005
-0.87 -0.11
-1.04 -0.165
-0.83 -0.02
-0.94 -0.08
-1.01 -0.195
-0.89 -0.06
-0.86 -0.005
-1.08 0.11
-0.73 0.16
-1.05 -0.13
-0.84 -0.135
-0.88 -0.045
-0.86 0
-1.06 0.14
-1 0.15
-0.84 0.08
-1.02 0.195
-0.9 0.24
-1.04 0.215
-0.97 0.075
-0.82 -0.005
-0.82 -0.06
-0.91 0.035
-1.02 -0.145
-0.99 -0.05
-1.1 -0.375
-1.01 -0.31
-1.19 -0.515
-0.96 -0.305
-0.99 -0.205
-1.01 -0.245
-1.08 -0.155
-1 -0.2
-0.86 -0.19
-0.93 -0.185
-0.96 -0.205
-0.83 0.01
-0.76 0.205
-0.82 0.225
-0.83 0.145
-0.85 0.255
-0.96 0.285
-0.69 0.185
-1.14 0.1
-0.83 0.055
-0.91 -0.055
-0.88 0.005
-0.79 -0.11
-0.89 -0.065
-0.74 -0.06
-0.7 -0.055
-0.84 0.16
-0.81 0.29
-0.77 0.26
-0.74 0.25
-0.92 0.2
-0.99 0.175
-0.88 0.355
-0.98 0.145
-0.95 0.05
-0.94 0.07
-0.75 0.195
-0.97 0.045
-1.05 0.14
-0.85 -0.21
-0.85 -0.17
-0.86 -0.185
-0.99 -0.275
-0.93 -0.105
-1.08 -0.16
-0.87 -0.09
-1.05 -0.275
-0.98 -0.375
-1.05 -0.35
-0.96 -0.18
-1.09 -0.065
-0.83 -0.1
-0.88 -0.155
-0.92 0.025
-0.97 0.03
-0.96 0.235
-0.97 0.08
-1.03 0.25
-1.07 0.305
-1.01 0.35
-0.94 0.255
-0.93 0.21
-0.85 0.21
-1.01 0.14
-1.18 0.01
-1.06 -0.09
-1.15 -0.14
-0.96 -0.13
-0.85 -0.095
-0.98 0.095
-0.96 0.025
-0.94 -0.005
-0.93 -0.185
-0.97 -0.135
-0.89 -0.03
-1.15 -0.24
-0.96 -0.275
-0.66 -0.185
-0.92 -0.155
-0.93 -0.22
-0.99 0.01
-0.91 -0.02
-0.95 -0.005
-1.04 -0.035
-1.03 0.175
-0.81 0.015
-0.94 -0.15
-0.98 -0.13
-0.9 -0.01
-0.86 -0.28
-0.87 -0.41
-1.11 -0.225
-0.88 -0.27
-0.99 -0.34
-0.83 -0.345
-0.9 -0.155
-0.98 0.065
-1.04 -0.035
-0.93 0.175
-1.06 -0.035
-0.99 0
-0.94 -0.235
-1.21 -0.47
-0.84 -0.23
-0.78 -0.29
-0.93 -0.26
-0.84 -0.175
-1.04 0.01
-0.83 0.02
-0.82 -0.025
-0.96 -0.14
-0.99 -0.305
-0.88 -0.195
-1.11 -0.205
-0.75 -0.33
-0.87 -0.33
-1.16 -0.47
-1.03 -0.405
-0.93 0.015
-0.81 0.095
-0.82 0.14
-0.85 0.08
-0.96 -0.02
-1.05 -0.08
-0.88 -0.03
-0.75 -0.015
-0.87 0.075
-0.77 0.235
-0.91 0.225
-0.87 0.17
-0.94 0.195
-0.96 0.31
-0.81 0.335
-0.82 0.295
-1 0.34
-1.09 0.215
-0.9 0.015
-0.7 0.125
-0.9 0.245
-1.12 0.5
-0.81 0.23
-0.94 0.235
-0.93 0.055
-0.95 0.145
-1.03 0.115
-0.92 0.145
-0.9 0.17
-0.86 0.385
-1.12 0.38
-0.99 0.375
-1.04 0.33
-1.06 0.275
-0.87 0.17
-0.85 0.165
-0.81 0.28
-1.01 0.27
-0.84 0.075
-1.02 0.07
-0.93 -0.18
-1.04 -0.16
-1.1 0.065
-0.95 0.045
-0.89 0.1
-0.75 -0.045
-1.03 -0.075
-0.8 0.04
-0.76 -0.105
-0.95 -0.005
-0.99 -0.085
-0.96 -0.11
-0.91 -0.065
-1.11 0.06
-0.98 0.01
-0.7 -0.095
-0.79 -0.13
-1 -0.295
-0.91 -0.07
-0.97 0.085
-0.98 0.085
-0.91 0.21
-1.02 0.02
-0.89 0.03
-0.85 -0.215
-0.81 0.13
-0.79 0.295
-0.84 0.19
-0.94 0.23
-0.83 -0.025
-0.9 -0.075
-0.97 -0.005
-0.91 -0.125
-0.81 0.045
-0.77 -0.025
-0.88 0.04
-0.79 -0.01
-0.75 -0.035
-1.09 0.115
-0.79 0.035
-0.77 -0.115
-0.88 -0.015
-0.87 0.05
-0.87 -0.01
