0.36 -0.920132 0.000145611 0.0877538 0.000260131 4.1102 0.060626 6.90981 0.153497 2.91813 0.0514759 
0.3625 -0.930704 0.00014479 0.0898383 0.000271635 4.14487 0.0555123 7.21324 0.16713 2.91086 0.0506222 
0.365 -0.941 0.000148629 0.0919818 0.000285636 4.2333 0.0625628 7.5696 0.183556 2.91398 0.0520212 
0.3675 -0.951656 0.000148753 0.0948919 0.000311891 4.26699 0.0626412 8.03005 0.191517 2.90034 0.0544122 
0.37 -0.962356 0.00015308 0.0979166 0.000325069 4.34302 0.0595188 8.54574 0.229464 2.8958 0.053103 
0.3725 -0.973439 0.000154289 0.100889 0.000346843 4.39261 0.0619612 9.15346 0.238338 2.911 0.0530571 
0.375 -0.98443 0.000158101 0.105072 0.000364477 4.47321 0.0712461 9.71603 0.257836 2.85388 0.0552469 
0.3775 -0.995981 0.000164573 0.108272 0.000408349 4.52834 0.0700558 10.3276 0.28947 2.84524 0.0583808 
0.38 -1.00695 0.000166956 0.110895 0.0004174 4.62524 0.0720227 10.8957 0.307016 2.8759 0.0550625 
0.3825 -1.01871 0.000172281 0.116427 0.000454701 4.70014 0.0722803 11.8343 0.342727 2.82847 0.0653771 
0.385 -1.03077 0.000176853 0.121423 0.000501322 4.78548 0.0716628 12.7932 0.416708 2.81052 0.0610222 
0.3875 -1.04291 0.000179741 0.126065 0.000542649 4.87535 0.0774764 13.8691 0.467464 2.80812 0.0603417 
0.39 -1.05534 0.000187429 0.132642 0.000583557 4.94912 0.0722101 15.1879 0.486183 2.78407 0.0641676 
0.3925 -1.06785 0.000196646 0.138376 0.000654379 5.07238 0.0841669 16.4581 0.548237 2.76653 0.0583336 
0.395 -1.08055 0.000208832 0.144627 0.00073101 5.19525 0.0797082 17.9815 0.635142 2.74626 0.0609581 
0.3975 -1.09336 0.000211844 0.151474 0.000774464 5.28294 0.0891658 19.5031 0.75494 2.72569 0.0686697 
0.4 -1.1065 0.000229724 0.159881 0.000866733 5.41792 0.0957669 21.4505 0.830033 2.6763 0.0638675 
0.4025 -1.12091 0.00024122 0.171085 0.000976683 5.58815 0.0964126 24.2445 0.875023 2.62375 0.0692417 
0.405 -1.13541 0.000271701 0.181903 0.00113809 5.7799 0.114427 26.8458 1.20621 2.5773 0.0630499 
0.4075 -1.14907 0.000278934 0.191594 0.00119365 5.94558 0.111022 29.1045 1.26999 2.53235 0.074747 
0.41 -1.16491 0.000313411 0.208509 0.00140794 6.21072 0.125743 33.7912 1.37803 2.45447 0.0682111 
0.4125 -1.18054 0.00034946 0.223408 0.00156228 6.45268 0.147347 37.3905 1.48524 2.37638 0.0653681 
0.415 -1.19728 0.000375477 0.24272 0.00172558 6.77218 0.161579 42.395 1.68623 2.28866 0.0665826 
0.4175 -1.21448 0.000443522 0.265135 0.00200848 7.23034 0.181416 48.3872 1.80429 2.18596 0.0657141 
0.42 -1.23199 0.000481776 0.287581 0.00216833 7.52051 0.202644 52.2265 1.79224 2.06418 0.0674141 
0.4225 -1.25189 0.000553519 0.319943 0.0024041 8.11258 0.234503 58.6668 2.16449 1.93667 0.0582505 
0.425 -1.27375 0.000635381 0.356786 0.00272996 8.75855 0.238159 65.5901 2.04945 1.79648 0.0664304 
0.4275 -1.29707 0.000705325 0.402288 0.0028983 9.47044 0.260112 69.1166 2.51683 1.64064 0.055956 
0.43 -1.32051 0.000757014 0.441848 0.0030232 9.86131 0.23432 71.142 2.92553 1.53179 0.0500566 
0.4325 -1.34658 0.000790508 0.492604 0.00303916 10.3086 0.242413 68.8851 3.99963 1.4098 0.0419599 
0.435 -1.37233 0.000818008 0.538849 0.00299501 10.5474 0.249793 64.7431 4.97287 1.31853 0.0361147 
0.4375 -1.39892 0.000804217 0.584743 0.00284766 10.4934 0.297088 58.5087 5.844 1.24248 0.0281733 
0.44 -1.42387 0.000765237 0.628352 0.00255078 10.1159 0.307549 47.8308 6.03454 1.1758 0.023642 
0.4425 -1.44977 0.000718075 0.667964 0.00225751 9.61241 0.370582 38.2852 6.68044 1.12818 0.0187185 
0.445 -1.47114 0.000672701 0.69681 0.00199568 9.14874 0.387791 31.3823 5.83764 1.09952 0.0138288 
0.4475 -1.49374 0.000567436 0.727785 0.00157185 8.31262 0.327964 21.9609 4.80276 1.06876 0.0107663 
0.45 -1.51501 0.000526723 0.751844 0.00148902 7.79787 0.35607 18.5532 5.0395 1.05309 0.00967314 
0.4525 -1.53251 0.000466412 0.771096 0.00112563 7.2649 0.320003 13.073 3.59794 1.03945 0.00796285 
0.455 -1.54912 0.000435706 0.785444 0.00102396 6.84934 0.268762 10.9466 3.28816 1.03275 0.00694942 
0.4575 -1.56739 0.000338956 0.804388 0.000630156 6.19607 0.177214 6.7056 1.29477 1.02153 0.00290835 
0.46 -1.58172 0.000334289 0.814578 0.000624469 5.96554 0.189347 6.27024 1.9801 1.01941 0.00321259 
0.4625 -1.59612 0.000302875 0.825581 0.000580586 5.57556 0.159162 5.243 1.90775 1.01573 0.00324476 
0.465 -1.61025 0.000261996 0.836285 0.000378524 5.23061 0.132212 3.81989 0.515485 1.0122 0.00126135 
0.4675 -1.62263 0.000245973 0.844231 0.000341365 5.02062 0.10711 3.41246 0.726921 1.01065 0.00118281 
0.47 -1.63477 0.000217236 0.852397 0.000261735 4.74157 0.0877458 2.75146 0.278692 1.00874 0.000702366 
0.4725 -1.64621 0.000205444 0.859388 0.000227511 4.51949 0.0792723 2.37156 0.24954 1.00751 0.000557904 
0.475 -1.65729 0.000198534 0.865912 0.000228974 4.35796 0.0930166 2.18703 0.45681 1.00676 0.000835977 
0.4775 -1.66821 0.000189664 0.872188 0.000204857 4.14326 0.076239 1.89263 0.170984 1.00585 0.000476138 
0.48 -1.67844 0.000178737 0.877924 0.000200341 3.98772 0.0784944 1.73182 0.322662 1.00524 0.000656394 
0.4825 -1.68785 0.000172047 0.882909 0.000161411 3.8106 0.0731229 1.51527 0.135175 1.00462 0.000348709 
0.485 -1.69734 0.000162454 0.888011 0.000135771 3.66868 0.06011 1.31397 0.0920926 1.00401 0.000219562 
0.4875 -1.70609 0.0001505 0.89243 0.000124022 3.51861 0.0541974 1.20214 0.0966946 1.00363 0.000234666 
0.49 -1.71448 0.000148183 0.896636 0.000110304 3.37567 0.04967 1.08601 0.0485502 1.00327 0.000147861 
0.4925 -1.72308 0.000138173 0.900868 9.92777e-05 3.22418 0.0481433 0.976708 0.0445687 1.00292 0.000125161 
0.495 -1.73081 0.000133766 0.904581 9.76386e-05 3.12104 0.0502569 0.901027 0.072347 1.00267 0.00014283 
0.4975 -1.7383 0.000130119 0.907936 8.67853e-05 3.00791 0.0466724 0.838787 0.0338914 1.00248 9.19534e-05 
0.5 -1.74577 0.000127387 0.911289 8.56208e-05 2.91643 0.0439828 0.789142 0.0335497 1.00232 8.96608e-05 
0.5025 -1.75293 0.000122439 0.914645 7.53855e-05 2.79423 0.041639 0.706838 0.0197883 1.00207 6.31655e-05 
0.505 -1.75984 0.000121051 0.917722 7.50823e-05 2.70046 0.0364982 0.661468 0.0255988 1.00192 7.04027e-05 
0.5075 -1.7666 0.000116067 0.920659 6.84328e-05 2.59588 0.0406239 0.606865 0.0191926 1.00176 4.95865e-05 
0.51 -1.77287 0.000111355 0.923291 6.24533e-05 2.5029 0.0356405 0.565461 0.0141427 1.00163 4.36984e-05 
0.4153 -1.1985 0.000391349 0.242048 0.00178313 6.73568 0.184645 42.4449 1.73061 2.2979 0.0655667 
0.4163 -1.20535 0.000401262 0.250611 0.00184798 6.8956 0.163332 43.9359 1.69811 2.23413 0.0670719 
0.4173 -1.21368 0.000431588 0.264241 0.00194292 7.15038 0.182251 47.1915 1.67845 2.17513 0.0654783 
0.4183 -1.21973 0.000439122 0.270919 0.00202626 7.19871 0.190056 48.6315 1.7577 2.13549 0.0705812 
0.4193 -1.22772 0.000464014 0.283517 0.00215247 7.4078 0.200825 51.6051 1.79155 2.08614 0.0688642 
0.4203 -1.2346 0.000507655 0.291068 0.00225979 7.67254 0.215748 54.1146 1.96459 2.07096 0.067743 
0.4213 -1.24269 0.000528581 0.305342 0.00237025 7.87225 0.217926 56.1138 1.78515 1.99583 0.0627886 
0.4223 -1.25169 0.000554201 0.320699 0.00243841 8.07433 0.203983 58.9753 1.81932 1.93161 0.0626423 
0.4233 -1.25841 0.000574957 0.328097 0.00251156 8.29596 0.24115 60.9821 1.86065 1.91387 0.0597914 
0.4243 -1.26732 0.000602992 0.344381 0.00261911 8.49526 0.234007 63.4296 1.8546 1.84579 0.0656421 
0.4253 -1.27557 0.000624284 0.357703 0.0027121 8.78492 0.237201 65.1908 2.05635 1.79628 0.063675 
0.4263 -1.28573 0.000666744 0.379 0.00280967 9.11236 0.253735 67.393 2.08934 1.71971 0.0565074 
0.4273 -1.29354 0.000673385 0.392013 0.0028242 9.16078 0.233558 67.6262 2.27818 1.6712 0.0529737 
0.4283 -1.30245 0.000717421 0.404398 0.00297104 9.50133 0.232503 70.7648 2.58342 1.64673 0.0612107 
0.4293 -1.31478 0.000744488 0.435162 0.00295191 9.80931 0.238476 68.6616 2.91807 1.54461 0.0530029 
0.4303 -1.32269 0.000773307 0.444184 0.00303986 10.0712 0.241255 71.8222 3.1009 1.5345 0.0493396 
0.4313 -1.33304 0.000784738 0.464244 0.00308726 10.2327 0.237436 71.6524 3.57441 1.48061 0.0494806 
0.4323 -1.3443 0.000810552 0.48587 0.00312179 10.3949 0.245871 71.1276 4.34942 1.43122 0.045611 
0.4333 -1.35287 0.000805218 0.499192 0.00307886 10.4357 0.250776 69.9178 4.38855 1.40165 0.0390665 
0.4343 -1.36393 0.000839544 0.517718 0.00314999 10.6472 0.236749 70.3495 5.26138 1.36837 0.0431285 
0.4353 -1.37631 0.000822202 0.545599 0.00302946 10.538 0.288285 64.7405 5.54904 1.30685 0.039529 
0.4363 -1.38684 0.000810644 0.564965 0.00294089 10.433 0.294878 61.1665 5.69006 1.2711 0.0338885 
0.4373 -1.3963 0.000815368 0.579683 0.00290223 10.4767 0.295999 59.4371 5.94024 1.24963 0.0323234 
0.4383 -1.40625 0.000814475 0.597181 0.00279557 10.4949 0.308357 55.3929 6.18299 1.2222 0.0265184 
0.4393 -1.41575 0.000799174 0.612167 0.00271513 10.3038 0.310327 52.5645 6.1119 1.20213 0.0266672 
0.4403 -1.42658 0.000793214 0.629913 0.00262936 10.1997 0.359195 49.3789 6.92744 1.17792 0.0256534 
0.4413 -1.43709 0.000748586 0.648357 0.00241023 9.92004 0.365656 43.2024 6.70324 1.15149 0.0228222 
0.4423 -1.446 0.000741945 0.660098 0.00235923 9.75693 0.366645 40.8288 6.16587 1.13953 0.0206287 
0.4433 -1.45732 0.000700231 0.679187 0.00218229 9.47118 0.403535 35.5008 6.5935 1.11589 0.0181531 
0.4443 -1.46667 0.000673189 0.692573 0.0020207 9.18074 0.386959 31.9699 6.58808 1.10179 0.0171685 
0.4453 -1.47542 0.000638207 0.704148 0.0019039 8.90088 0.389038 28.7397 5.82607 1.09068 0.0146658 
0.4463 -1.48298 0.000640995 0.712548 0.00184831 8.82392 0.384244 27.3917 5.29268 1.08508 0.013635 
0.4473 -1.4924 0.000605984 0.725377 0.00176187 8.41919 0.398352 24.2818 5.70445 1.07256 0.0131761 
0.4483 -1.50092 0.000563356 0.736241 0.00153666 8.13051 0.333312 20.5532 5.20222 1.06306 0.0105492 
0.4493 -1.50949 0.000506017 0.74788 0.00128586 7.75501 0.296941 16.6695 3.76441 1.05227 0.00753996 
