-1.152 0.1944
-1.2256 0.2944
-1.2336 0.2864
-1.3344 0.3568
-1.248 0.3712
-1.2592 0.3256
-1.3104 0.4784
-1.28 0.3824
-1.208 0.348
-1.2208 0.3944
-1.28 0.3488
-1.3072 0.3824
-1.2192 0.2896
-1.2848 0.2848
-1.36 0.348
-1.2944 0.3488
-1.3296 0.3816
-1.2976 0.3552
-1.2208 0.284
-1.2112 0.3224
-1.2224 0.3456
-1.2032 0.3272
-1.256 0.4336
-1.2992 0.4184
-1.2992 0.4112
-1.2656 0.388
-1.3264 0.4536
-1.2864 0.4128
-1.2704 0.4112
-1.248 0.412
-1.2112 0.4424
-1.24 0.4552
-1.256 0.3848
-1.312 0.424
-1.336 0.4568
-1.2368 0.3432
-1.2416 0.3016
-1.3312 0.3152
-1.2624 0.312
-1.2656 0.4152
-1.1696 0.3304
-1.2368 0.4072
-1.2512 0.4512
-1.1888 0.3192
-1.224 0.4056
-1.2864 0.4168
-1.312 0.436
-1.2736 0.4408
-1.224 0.3864
-1.2032 0.312
-1.2192 0.3336
-1.2752 0.3576
-1.2528 0.3792
-1.2864 0.3696
-1.3056 0.416
-1.2944 0.3944
-1.3248 0.4448
-1.264 0.476
-1.4096 0.52
-1.2512 0.4392
-1.1952 0.4304
-1.2592 0.4696
-1.312 0.4304
-1.3088 0.4448
-1.328 0.5192
-1.368 0.5344
-1.3632 0.548
-1.464 0.64
-1.3744 0.6136
-1.3392 0.5544
-1.328 0.5832
-1.3312 0.5656
-1.3488 0.584
-1.3536 0.5504
-1.3648 0.5904
-1.4064 0.5776
-1.272 0.5408
-1.312 0.6456
-1.3648 0.6288
-1.3392 0.6248
-1.2336 0.5408
-1.2688 0.5352
-1.2928 0.5496
-1.32 0.5152
-1.3472 0.5664
-1.344 0.5976
-1.3312 0.5904
-1.3056 0.5208
-1.3312 0.4704
-1.3168 0.5016
-1.3664 0.5648
-1.2832 0.5072
-1.3008 0.5336
-1.344 0.5712
-1.3264 0.5864
-1.3408 0.5632
-1.2752 0.4624
-1.2576 0.4392
-1.288 0.452
-1.28 0.4712
-1.2656 0.4584
-1.2672 0.4408
-1.3184 0.548
-1.2 0.416
-1.3584 0.5072
-1.3408 0.456
-1.2592 0.4056
-1.2848 0.4848
-1.2768 0.4528
-1.336 0.5168
-1.3104 0.5112
-1.2688 0.4424
-1.2384 0.3768
-1.2976 0.4088
-1.3792 0.548
-1.3168 0.5664
-1.3648 0.628
-1.36 0.6456
-1.384 0.6552
-1.3968 0.6776
-1.3168 0.6024
-1.3424 0.5648
-1.3792 0.584
-1.3584 0.6272
-1.3568 0.6216
-1.3568 0.5672
-1.328 0.5464
-1.2832 0.5
-1.3232 0.5096
-1.344 0.6344
-1.376 0.6328
-1.376 0.616
-1.3056 0.6368
-1.3344 0.624
-1.3648 0.6032
-1.3088 0.588
-1.2304 0.4728
-1.2672 0.5288
-1.3072 0.5544
-1.3344 0.5136
-1.296 0.4704
-1.2048 0.428
-1.2656 0.4688
-1.2944 0.4992
-1.288 0.4808
-1.248 0.476
-1.3392 0.52
-1.2656 0.452
-1.2688 0.4592
-1.2928 0.44
-1.328 0.4536
-1.2528 0.3776
-1.2816 0.4504
-1.3264 0.4304
-1.2416 0.38
-1.2944 0.4576
-1.2512 0.5296
-1.264 0.5344
-1.3104 0.5504
-1.3248 0.5448
-1.328 0.548
-1.2576 0.5128
-1.296 0.524
-1.2672 0.4584
-1.2688 0.5216
-1.3488 0.624
-1.3248 0.5864
-1.2688 0.5264
-1.296 0.5448
-1.3024 0.4576
-1.2832 0.5496
-1.2768 0.516
-1.2688 0.4424
-1.2608 0.4584
-1.2944 0.5632
-1.2912 0.6184
-1.368 0.6448
-1.2896 0.636
-1.3696 0.66
-1.3904 0.676
-1.3472 0.6912
-1.4 0.6912
-1.2704 0.5776
-1.2592 0.572
-1.3584 0.648
-1.296 0.5232
-1.2704 0.464
-1.2784 0.4272
-1.2592 0.4888
-1.2752 0.3832
-1.2048 0.4152
-1.2176 0.4376
-1.3232 0.4592
-1.256 0.356
-1.216 0.3584
-1.2432 0.3088
-1.2112 0.3576
-1.2784 0.4496
-1.1968 0.4192
-1.2656 0.4072
-1.256 0.3656
-1.2416 0.2872
-1.2032 0.2624
-1.3008 0.2032
-1.3104 0.264
-1.2688 0.2704
-1.3312 0.2624
-1.2592 0.2856
-1.2928 0.3208
-1.3232 0.2696
-1.1936 0.224
-1.1888 0.1848
-1.2336 0.1968
-1.152 0.0808
-1.104 0.0848
-1.232 0.012
-1.2112 0.08
-1.2352 0.0776
-1.1792 0.0048
-1.168 0.048
-1.2096 0.004
-1.224 0.0792
-1.224 -0.0048
-1.1872 -0.0256
-1.1392 0.108
-1.1248 0.1104
-1.2944 0.1152
-1.2672 0.18
-1.3376 0.3824
-1.24 0.3304
-1.1856 0.2688
-1.2048 0.196
-1.2896 0.1088
-1.2448 0.1288
-1.1984 0.0744
-1.3024 0.148
-1.1952 0.18
-1.2512 0.1248
-1.24 0.0488
-1.2112 0.0072
-1.2512 0.0664
-1.272 0.0288
-1.216 0.092
-1.2832 0.156
-1.248 0.0784
-1.2656 -0.0096
-1.1904 0.0648
-1.2464 0.0848
-1.208 0.0624
-1.272 -0.0328
-1.2288 -0.0488
-1.2672 -0.0704
-1.2768 -0.076
-1.304 -0.02
-1.3232 -0.0744
-1.36 -0.132
-1.2192 -0.1888
-1.3008 -0.228
-1.3072 -0.1968
-1.288 -0.2024
-1.2624 -0.1784
-1.2736 -0.2256
-1.3056 -0.1584
-1.264 -0.1008
-1.1952 -0.1024
-1.2384 -0.1536
-1.2288 -0.2032
-1.2576 -0.1328
-1.3648 -0.064
-1.2304 -0.12
-1.1648 -0.1072
-1.2144 -0.028
-1.2432 -0.0184
-1.2096 -0.0032
-1.2288 -0.0088
-1.2656 -0.036
-1.2272 0.0376
-1.2672 0.0472
-1.2096 0.064
-1.2144 0.0064
-1.2528 -0.0392
-1.1968 -0.0904
-1.2672 0.0008
-1.1568 -0.0144
-1.216 0.0056
-1.2144 0.0968
-1.2912 0.0264
-1.2448 0.0544
-1.232 0.0816
-1.2144 0.0864
-1.2208 0.0208
-1.1856 -0.0688
-1.2352 -0.0944
-1.2016 -0.0096
-1.152 0.0472
-1.216 0.0672
-1.2304 0.1968
-1.16 0.092
-1.2448 0.0336
-1.2416 0.084
-1.288 0.1776
-1.232 0.0848
-1.3168 0.1864
-1.208 0.184
-1.152 0.076
-1.2304 -0.0008
-1.1584 -0.0296
-1.1696 -0.0448
-1.1952 -0.0928
-1.2432 -0.1232
-1.2656 -0.0728
-1.1136 -0.0352
-1.1872 -0.0168
-1.2768 0.0368
-1.2208 0.004
-1.2048 0
-1.1872 0.012
-1.2224 -0.0208
-1.2736 0.0048
-1.3408 0.048
-1.2432 -0.0304
-1.1552 -0.0912
-1.2208 -0.1464
-1.2224 -0.2456
-1.2416 -0.1728
-1.192 -0.2416
-1.2736 -0.2888
-1.1904 -0.2232
-1.2544 -0.2952
-1.2128 -0.2368
-1.1792 -0.2592
-1.152 -0.2768
-1.2 -0.2552
-1.2192 -0.3352
-1.2752 -0.3672
-1.2416 -0.3144
-1.2752 -0.344
-1.2512 -0.4144
-1.2736 -0.4272
-1.2048 -0.3816
-1.24 -0.4096
-1.2496 -0.4984
-1.3136 -0.5544
-1.3104 -0.5224
-1.2784 -0.4928
-1.288 -0.4872
-1.2704 -0.4688
-1.2928 -0.4752
-1.2448 -0.3632
-1.3312 -0.4872
-1.3968 -0.5872
-1.4032 -0.5888
-1.3392 -0.5416
-1.3184 -0.564
-1.32 -0.5944
-1.296 -0.572
-1.2416 -0.5032
-1.312 -0.5344
-1.3696 -0.62
-1.2624 -0.4528
-1.3008 -0.5016
-1.256 -0.4672
-1.3056 -0.4856
-1.288 -0.5
-1.3088 -0.5352
-1.368 -0.5
-1.36 -0.4448
-1.2512 -0.3776
-1.2608 -0.3312
-1.2848 -0.364
-1.4016 -0.476
-1.3536 -0.46
-1.3312 -0.5216
-1.2912 -0.4632
-1.3056 -0.4248
-1.2448 -0.3928
-1.2368 -0.3984
-1.2592 -0.3768
-1.2208 -0.2904
-1.1872 -0.3088
-1.2224 -0.3496
-1.32 -0.3216
-1.2672 -0.24
-1.256 -0.2896
-1.3408 -0.3384
-1.3024 -0.3184
-1.2576 -0.2728
-1.216 -0.2576
-1.2528 -0.152
-1.224 -0.0544
-1.2032 -0.0272
-1.1648 0.016
-1.2784 -0.028
-1.2016 0.0512
-1.2048 0.0592
-1.192 0.1112
-1.1696 0.148
-1.2256 0.0928
-1.2336 0.1128
-1.2384 0.24
-1.3344 0.3128
-1.248 0.2888
-1.2544 0.2352
-1.1424 0.156
-1.2288 0.1952
-1.2032 0.0912
-1.2624 0.1248
-1.2064 0.14
-1.1632 0.0224
-1.1824 -0.0936
-1.272 -0.0576
-1.2672 -0.0152
-1.336 -0.1096
-1.3248 -0.0328
-1.184 -0.1056
-1.256 -0.1056
-1.3264 -0.0504
-1.2496 -0.0048
-1.304 -0.0072
-1.3808 0.1376
-1.3136 0.0816
-1.2976 0.0808
-1.2224 0.1528
-1.2496 0.1384
-1.3024 0.2536
-1.3008 0.2904
-1.2176 0.2952
-1.1536 0.2328
-1.2336 0.2296
-1.2416 0.1752
-1.1888 0.1192
-1.2976 0.1176
-1.2768 0.1664
-1.304 0.2016
-1.3936 0.2568
-1.3232 0.296
-1.2608 0.2768
-1.2832 0.3248
-1.2816 0.3056
-1.1904 0.2616
-1.2448 0.292
-1.2512 0.2584
-1.24 0.3224
-1.1856 0.248
-1.32 0.3176
-1.2656 0.3
-1.2832 0.2704
-1.2304 0.292
-1.2176 0.2736
-1.256 0.304
-1.2656 0.4024
-1.32 0.4152
-1.2816 0.4312
-1.3072 0.4384
-1.3168 0.4432
-1.28 0.4816
-1.2944 0.5304
-1.336 0.5024
-1.3616 0.568
-1.2928 0.46
-1.32 0.4352
-1.3536 0.336
-1.264 0.3344
-1.352 0.3496
-1.3392 0.3736
-1.4064 0.4088
-1.328 0.4344
-1.2752 0.3984
-1.2736 0.412
-1.2992 0.3872
-1.2384 0.3528
-1.3408 0.3832
-1.3168 0.468
-1.3808 0.4688
-1.232 0.4112
-1.2528 0.3832
-1.2864 0.4576
-1.3056 0.48
-1.3232 0.5392
-1.2816 0.4712
-1.176 0.4088
-1.2992 0.3712
-1.288 0.4104
-1.3008 0.3584
-1.2576 0.4344
-1.2192 0.368
-1.232 0.3544
-1.176 0.3992
-1.1968 0.3704
-1.2672 0.4936
-1.2528 0.5
-1.3712 0.584
-1.264 0.4336
-1.3248 0.4192
-1.2864 0.5048
-1.2864 0.5568
-1.3296 0.5368
-1.3376 0.5
-1.2368 0.4136
-1.272 0.4088
-1.2688 0.3096
-1.1888 0.3048
-1.208 0.256
-1.2928 0.2432
-1.2336 0.2768
-1.2592 0.3208
-1.2368 0.38
-1.2352 0.3608
-1.2656 0.3912
-1.3568 0.4376
-1.2816 0.3488
-1.2864 0.3224
-1.3088 0.3472
-1.288 0.3208
-1.1424 0.3528
-1.3632 0.5712
-1.3712 0.6096
-1.3616 0.604
-1.3504 0.5776
-1.352 0.5984
-1.3312 0.5656
-1.288 0.5584
-1.296 0.5904
-1.3904 0.636
-1.3232 0.5336
-1.3664 0.5976
-1.3472 0.6016
-1.3232 0.5824
-1.3568 0.6456
-1.2832 0.5184
-1.3328 0.424
-1.368 0.4328
-1.2848 0.4496
-1.2912 0.4384
-1.3328 0.4704
-1.3184 0.4776
-1.208 0.384
-1.224 0.2408
-1.1456 0.2584
-1.2336 0.2768
-1.12 0.364
-1.248 0.4
-1.3392 0.5008
-1.296 0.5416
-1.3408 0.496
-1.3024 0.5408
-1.2768 0.5232
-1.224 0.4264
-1.2736 0.4512
-1.2848 0.4024
-1.2832 0.4552
-1.304 0.5232
-1.2736 0.5488
-1.4688 0.584
-1.3632 0.5032
-1.3136 0.4344
-1.304 0.4352
-1.3088 0.5088
-1.352 0.4832
-1.3936 0.5432
-1.2944 0.5024
-1.2928 0.5048
-1.2752 0.5024
-1.3072 0.5232
-1.2432 0.3704
-1.2864 0.436
-1.3712 0.4576
-1.2736 0.404
-1.3088 0.396
-1.3968 0.4768
-1.3344 0.5248
-1.352 0.4328
-1.3376 0.4464
-1.2672 0.416
-1.3264 0.3848
-1.3792 0.4192
-1.288 0.3712
-1.3136 0.4288
-1.2944 0.484
-1.3312 0.5352
-1.336 0.592
-1.3696 0.6104
-1.2592 0.528
-1.2592 0.4808
-1.1744 0.4552
-1.2592 0.4752
-1.312 0.4352
-1.3584 0.5256
-1.2592 0.5016
-1.232 0.4744
-1.2128 0.4432
-1.3312 0.5056
-1.3888 0.5352
-1.2496 0.508
-1.2128 0.4944
-1.2544 0.4688
-1.2848 0.488
-1.3008 0.5328
-1.3312 0.5736
-1.3136 0.504
-1.2896 0.4776
-1.352 0.4848
-1.2416 0.4136
-1.208 0.3872
-1.216 0.3496
-1.2368 0.3936
-1.1776 0.2136
-1.2032 0.1112
-1.2432 0.0112
-1.1984 0.1416
-1.2544 0.1712
-1.2256 0.1504
-1.2224 0.1968
-1.248 0.2048
-1.2592 0.232
-1.2832 0.128
-1.232 0.1312
-1.1264 0.196
-1.1696 0.1896
-1.136 0.16
-1.176 0.068
-1.2208 0.0648
-1.2144 0.088
-1.248 0.0712
-1.184 0.0656
-1.3456 0.012
-1.3232 -0.0944
-1.296 -0.136
-1.272 -0.1496
-1.3024 -0.06
-1.232 -0.0856
-1.2576 -0.1544
-1.2464 -0.172
-1.256 -0.1528
-1.2016 -0.1408
-1.2272 -0.2816
-1.2464 -0.2968
-1.2304 -0.2944
-1.2432 -0.3616
-1.256 -0.388
-1.2864 -0.3528
-1.1232 -0.3
-1.304 -0.2656
-1.1776 -0.2664
-1.128 -0.2184
-1.2048 -0.2128
-1.192 -0.2048
-1.2272 -0.1976
-1.24 -0.1168
-1.1456 -0.1784
-1.2176 -0.1528
-1.1248 -0.1928
-1.144 -0.2344
-1.2272 -0.2744
-1.128 -0.284
-1.3232 -0.3272
-1.1424 -0.2408
-1.1664 -0.2664
-1.1888 -0.2496
-1.2304 -0.3184
-1.1936 -0.34
-1.1392 -0.3344
-1.1936 -0.3528
-1.3264 -0.4288
-1.2976 -0.4616
-1.3088 -0.4936
-1.32 -0.5232
-1.3552 -0.56
-1.3696 -0.5984
-1.3792 -0.632
-1.3056 -0.5736
-1.3184 -0.6056
-1.3792 -0.6656
-1.368 -0.6768
-1.4336 -0.732
-1.384 -0.7224
-1.4288 -0.6968
-1.3584 -0.6392
-1.368 -0.6816
-1.3296 -0.6112
-1.312 -0.604
-1.3952 -0.6224
-1.3552 -0.6448
-1.2752 -0.6328
-1.2992 -0.5904
-1.344 -0.5864
-1.3488 -0.58
-1.296 -0.4952
-1.3104 -0.4888
-1.2944 -0.5408
-1.3328 -0.5616
-1.3472 -0.6232
-1.3728 -0.592
-1.2288 -0.5392
-1.296 -0.4992
-1.312 -0.4928
-1.3072 -0.5768
-1.2976 -0.568
-1.3744 -0.6736
-1.3392 -0.6144
-1.3808 -0.664
-1.3968 -0.6936
-1.3872 -0.6728
-1.328 -0.6096
-1.3408 -0.6368
-1.4256 -0.6928
-1.3824 -0.62
-1.3552 -0.5624
-1.3248 -0.4768
-1.264 -0.3408
-1.2608 -0.3992
-1.2592 -0.3528
-1.2768 -0.2712
-1.2736 -0.2816
-1.2288 -0.1
-1.2784 -0.2632
-1.2304 -0.2264
-1.2928 -0.3824
-1.2592 -0.2992
-1.2448 -0.2728
-1.3552 -0.3608
-1.2768 -0.3376
-1.24 -0.392
-1.2816 -0.3424
-1.3056 -0.3152
-1.2384 -0.2336
-1.3536 -0.3176
-1.3168 -0.3712
-1.3088 -0.4184
-1.3648 -0.5168
-1.2816 -0.408
-1.2768 -0.3816
-1.2352 -0.352
-1.3088 -0.3392
-1.2256 -0.3736
-1.1952 -0.472
-1.1856 -0.3968
-1.2816 -0.4728
-1.2832 -0.468
-1.3344 -0.5104
-1.3024 -0.4968
-1.3424 -0.5448
-1.3152 -0.5872
-1.3088 -0.5568
-1.3488 -0.5664
-1.2848 -0.6448
-1.3504 -0.6368
-1.312 -0.6472
-1.3696 -0.6456
-1.3104 -0.5776
-1.3168 -0.5768
-1.3328 -0.548
-1.3776 -0.6312
-1.2368 -0.5256
-1.2384 -0.4496
-1.2656 -0.4728
-1.3104 -0.3792
-1.2224 -0.4304
-1.2848 -0.4696
-1.3792 -0.508
-1.2928 -0.4584
-1.368 -0.484
-1.3888 -0.4976
-1.3792 -0.5712
-1.32 -0.6216
-1.3904 -0.664
-1.3344 -0.5992
-1.3104 -0.58
-1.3616 -0.6032
-1.2896 -0.5528
-1.3664 -0.66
-1.3712 -0.5896
-1.2352 -0.4824
-1.2288 -0.432
-1.2672 -0.4864
-1.3168 -0.4968
-1.2896 -0.4376
-1.2992 -0.4632
-1.3328 -0.548
-1.248 -0.5128
-1.264 -0.496
-1.272 -0.4992
-1.2864 -0.5008
-1.2912 -0.52
-1.3376 -0.5184
-1.3312 -0.5288
-1.32 -0.4616
-1.2864 -0.4264
-1.2832 -0.412
-1.2928 -0.3856
-1.264 -0.4456
-1.2416 -0.452
-1.3024 -0.5304
-1.3056 -0.5384
-1.3104 -0.5264
-1.3552 -0.6208
-1.32 -0.6336
-1.336 -0.6144
-1.3104 -0.5832
-1.3632 -0.6336
-1.296 -0.5744
-1.3632 -0.5848
-1.328 -0.5792
-1.2624 -0.5544
-1.2496 -0.6
-1.288 -0.5824
-1.2656 -0.5776
-1.3136 -0.5872
-1.3728 -0.636
-1.3024 -0.6016
-1.2336 -0.5408
-1.2736 -0.5128
-1.3728 -0.6464
-1.36 -0.6576
-1.4032 -0.7248
-1.3696 -0.6712
-1.3776 -0.6464
-1.368 -0.6512
-1.2384 -0.5528
-1.304 -0.5488
-1.272 -0.4664
-1.3024 -0.5008
-1.3792 -0.5736
-1.2944 -0.5384
-1.2512 -0.56
-1.3472 -0.6392
-1.3824 -0.6552
-1.2912 -0.5824
-1.3728 -0.6128
-1.2736 -0.5216
-1.2928 -0.5112
-1.3344 -0.4864
-1.2288 -0.3824
-1.2352 -0.2984
-1.296 -0.3448
-1.2288 -0.3352
-1.2768 -0.2728
-1.288 -0.1808
-1.2752 -0.1752
-1.1968 -0.1856
-1.2192 -0.2776
-1.1728 -0.2672
-1.168 -0.184
-1.2496 -0.3376
-1.2672 -0.2784
-1.1568 -0.3016
-1.2704 -0.328
-1.224 -0.2712
-1.304 -0.352
-1.344 -0.3456
-1.3456 -0.3392
-1.3216 -0.348
-1.3664 -0.3288
-1.288 -0.272
-1.2416 -0.1944
-1.2416 -0.1744
-1.2224 -0.1808
-1.144 -0.1976
-1.2208 -0.1808
-1.3392 -0.3328
-1.2464 -0.3968
-1.3248 -0.4632
-1.2928 -0.4608
-1.2912 -0.4184
-1.2416 -0.4616
-1.304 -0.3968
-1.2368 -0.2328
-1.2464 -0.24
-1.2096 -0.216
-1.2464 -0.1736
-1.1952 -0.0544
-1.2496 -0.1232
-1.1648 -0.016
-1.1744 -0.048
-1.2224 -0.048
-1.2704 -0.1552
-1.2912 -0.2704
-1.3056 -0.3144
-1.3248 -0.308
-1.28 -0.252
-1.2336 -0.2448
-1.2512 -0.248
-1.3456 -0.2032
-1.2256 -0.1576
-1.2224 -0.1056
-1.1536 -0.0944
-1.248 -0.1128
-1.2192 -0.0752
-1.1936 -0.1776
-1.1872 -0.192
-1.1936 -0.2064
-1.2528 -0.308
-1.2208 -0.32
-1.312 -0.424
-1.208 -0.3656
-1.3216 -0.4496
-1.2752 -0.408
-1.3216 -0.4368
-1.2448 -0.4936
-1.3456 -0.4904
-1.2048 -0.3704
-1.2128 -0.3392
-1.168 -0.3056
-1.1712 -0.2832
-1.2384 -0.3856
-1.2896 -0.52
-1.1984 -0.5544
-1.2304 -0.464
-1.248 -0.496
-1.3232 -0.5352
-1.2752 -0.4736
-1.3008 -0.4272
-1.2448 -0.2864
-1.2512 -0.3344
-1.192 -0.2792
-1.2016 -0.3096
-1.264 -0.3584
-1.2256 -0.4296
-1.3088 -0.4216
-1.2736 -0.3728
-1.2224 -0.3824
-1.184 -0.348
-1.2096 -0.296
-1.2336 -0.2416
-1.2112 -0.3224
-1.2976 -0.356
-1.2784 -0.36
-1.3232 -0.2848
-1.3008 -0.308
-1.2624 -0.2208
-1.2288 -0.2336
-1.2272 -0.0608
-1.296 -0.132
-1.1856 -0.1216
-1.2976 -0.0904
-1.248 -0.0496
-1.2176 -0.0616
-1.2368 -0.1656
-1.24 -0.156
-1.2704 -0.0792
-1.2752 -0.1232
-1.304 -0.152
-1.264 -0.1872
-1.3024 -0.172
-1.328 -0.1904
-1.2992 -0.1872
-1.3536 -0.2744
-1.2896 -0.2096
-1.304 -0.256
-1.2784 -0.2504
-1.2832 -0.2512
-1.2944 -0.2656
-1.256 -0.2512
-1.3072 -0.2896
-1.2096 -0.1984
-1.2736 -0.2896
-1.2576 -0.3048
-1.256 -0.2872
-1.3232 -0.288
-1.3008 -0.308
-1.2704 -0.2808
-1.2256 -0.224
-1.2944 -0.2512
-1.28 -0.2888
-1.248 -0.3136
-1.208 -0.3264
-1.328 -0.4616
-1.3744 -0.4712
-1.344 -0.5232
-1.2656 -0.4016
-1.312 -0.4704
-1.36 -0.5072
-1.3008 -0.528
-1.2832 -0.46
-1.3072 -0.5072
-1.28 -0.452
-1.3616 -0.5712
-1.3584 -0.58
-1.2512 -0.5456
-1.2528 -0.4856
-1.2288 -0.4696
-1.2 -0.472
-1.3536 -0.4
-1.3328 -0.4032
-1.3664 -0.4392
-1.2896 -0.4072
-1.2464 -0.328
-1.3136 -0.3408
-1.3136 -0.4512
-1.2944 -0.436
-1.2816 -0.4384
-1.2768 -0.432
-1.3072 -0.5024
-1.264 -0.4192
-1.2208 -0.3848
-1.2672 -0.3944
-1.288 -0.3256
-1.3152 -0.304
-1.2656 -0.32
-1.2432 -0.2864
-1.2128 -0.3112
-1.184 -0.3152
-1.2304 -0.3336
-1.3296 -0.3
-1.2784 -0.3232
-1.2768 -0.2784
-1.1584 -0.2184
-1.248 -0.2624
-1.2912 -0.24
-1.2032 -0.22
-1.2464 -0.168
-1.2432 -0.1312
-1.2848 -0.1248
-1.2976 -0.1608
-1.1856 -0.0992
-1.2288 -0.1024
-1.1808 -0.1336
-1.2896 -0.1952
-1.2128 -0.1232
-1.2512 -0.0856
-1.2624 -0.0472
-1.216 -0.1288
-1.2064 -0.132
-1.208 -0.112
-1.2256 -0.044
-1.1824 -0.088
-1.24 -0.0704
-1.16 0.1464
-1.1216 0.0512
-1.1616 0.0632
-1.1904 0.0152
-1.2816 0.0832
-1.2784 0.0032
-1.2528 -0.0232
-1.3232 -0.072
-1.2896 -0.0728
-1.2432 -0.0416
-1.2384 -0.1096
-1.2208 -0.1064
-1.128 -0.196
-1.2624 -0.292
-1.2176 -0.2664
-1.2416 -0.288
-1.2304 -0.2632
-1.2624 -0.3016
-1.3328 -0.3432
-1.208 -0.3544
-1.3072 -0.392
-1.2912 -0.3672
-1.2624 -0.3336
-1.2816 -0.288
-1.288 -0.2744
-1.344 -0.2896
-1.2736 -0.1776
-1.2096 -0.1672
-1.2192 -0.1368
-1.2128 -0.1816
-1.1712 -0.2344
-1.2464 -0.1712
-1.208 -0.0968
-1.2048 -0.064
-1.2336 -0.0976
-1.2208 -0.0936
-1.2832 -0.1736
-1.2624 -0.1192
-1.2256 -0.0712
-1.2656 -0.1016
-1.2352 -0.056
-1.2592 -0.1056
-1.2144 -0.0928
-1.2752 -0.196
-1.3168 -0.0968
-1.232 -0.1496
-1.3344 -0.1
-1.2816 -0.2656
-1.3376 -0.324
-1.3216 -0.232
-1.1904 -0.084
-1.2768 -0.1352
-1.2704 -0.24
-1.3184 -0.2376
-1.2384 -0.1528
-1.176 -0.056
-1.2912 -0.1416
-1.3328 -0.1512
-1.1888 -0.2224
-1.184 -0.3024
-1.2368 -0.3904
-1.2848 -0.388
-1.2064 -0.304
-1.3024 -0.272
-1.296 -0.2632
-1.2272 -0.2312
-1.2176 -0.2272
-1.2256 -0.2864
-1.312 -0.3024
-1.2128 -0.292
-1.1936 -0.288
-1.3152 -0.4448
-1.2736 -0.404
-1.352 -0.564
-1.272 -0.5216
-1.3056 -0.5368
-1.232 -0.5064
-1.312 -0.5224
-1.2336 -0.456
-1.2512 -0.4776
-1.2896 -0.4704
-1.2448 -0.516
-1.344 -0.5712
-1.336 -0.5776
-1.3408 -0.6376
-1.4064 -0.6688
-1.2544 -0.5784
-1.3968 -0.6512
-1.3472 -0.6696
-1.3328 -0.6776
-1.392 -0.7112
-1.3968 -0.6664
-1.4336 -0.6728
-1.3472 -0.6632
-1.3664 -0.6592
-1.36 -0.6608
-1.3872 -0.6136
-1.3824 -0.62
-1.3248 -0.5296
-1.272 -0.5544
-1.264 -0.5224
-1.3264 -0.6752
-1.336 -0.6144
-1.3984 -0.6664
-1.3584 -0.58
-1.2736 -0.5016
-1.3584 -0.6216
-1.2848 -0.504
-1.328 -0.4568
-1.2688 -0.3832
-1.2592 -0.3696
-1.272 -0.3512
-1.2256 -0.3712
-1.3104 -0.4072
-1.2464 -0.3944
-1.2176 -0.3848
-1.2368 -0.416
-1.272 -0.44
-1.2624 -0.3768
-1.2992 -0.3312
-1.232 -0.3408
-1.24 -0.36
-1.2128 -0.3312
-1.2384 -0.324
-1.1728 -0.2048
-1.248 -0.2568
-1.168 -0.376
-1.208 -0.4168
-1.2528 -0.3744
-1.3232 -0.4072
-1.3232 -0.4232
-1.3072 -0.3528
-1.248 -0.3616
-1.264 -0.296
-1.3168 -0.3248
-1.3024 -0.4056
-1.3472 -0.4744
-1.3024 -0.4392
-1.3312 -0.4464
-1.2368 -0.3696
-1.208 -0.348
-1.28 -0.42
-1.2464 -0.3184
-1.344 -0.3464
-1.3104 -0.272
-1.2208 -0.2088
-1.1968 -0.1016
-1.3152 -0.028
-1.2736 0.0496
-1.2816 0.076
-1.2176 0.116
-1.232 0.1224
-1.1984 0.1656
-1.24 0.2672
-1.2608 0.2544
-1.2064 0.2584
-1.2768 0.2144
-1.224 0.1976
-1.2448 0.0976
-1.1264 0.1872
-1.2256 0.252
-1.2352 0.2104
-1.2208 0.1528
-1.2544 0.2112
-1.2384 0.2096
-1.2128 0.168
-1.1936 0.0936
-1.1712 0.1768
-1.1616 0.1216
-1.1776 0.0176
-1.208 0.04
-1.2224 0.0048
-1.1024 0.0672
-1.2064 -0.0224
-1.2432 -0.0808
-1.216 -0.0328
-1.2592 -0.008
-1.2832 0.1232
-1.2544 0.1688
-1.2752 0.2408
-1.2352 0.2072
-1.1952 0.1864
-1.208 0.1576
-1.3088 0.1112
-1.328 0.0696
-1.2608 0.04
-1.2672 0.0328
-1.3232 0.0224
-1.2832 0.1944
-1.352 0.2936
-1.2288 0.3952
-1.3296 0.5
-1.3152 0.5288
-1.3184 0.5528
-1.3264 0.5624
-1.28 0.496
-1.28 0.3872
-1.3056 0.3856
-1.2608 0.3032
-1.248 0.2384
-1.192 0.2688
-1.3488 0.2688
-1.3184 0.3
-1.2976 0.3512
-1.3296 0.368
-1.3072 0.3608
-1.296 0.3616
-1.312 0.3856
-1.2304 0.3288
-1.2112 0.216
-1.2256 0.2616
-1.304 0.2344
-1.248 0.244
-1.1936 0.2456
-1.3104 0.3008
-1.3152 0.3856
-1.2784 0.3832
-1.2032 0.3312
-1.2256 0.3648
-1.2736 0.3896
-1.2368 0.3208
-1.2368 0.3664
-1.2176 0.4224
-1.3472 0.5448
-1.2992 0.548
-1.3056 0.4744
-1.2848 0.4352
-1.3152 0.4616
-1.3808 0.4976
-1.3744 0.4328
-1.3104 0.4752
-1.2272 0.2984
-1.2768 0.2568
-1.2272 0.2816
-1.3088 0.3384
-1.2992 0.316
-1.3088 0.3
-1.2432 0.2824
-1.2816 0.3336
-1.2576 0.3384
-1.2592 0.28
-1.184 0.212
-1.232 0.2896
-1.232 0.2056
-1.3584 0.1328
-1.2704 0.0696
-1.1856 0.0384
-1.1904 0.0064
-1.2 0.0448
-1.2496 -0.0232
-1.096 -0.0744
-1.1328 -0.1656
-1.1632 -0.0464
-1.152 -0.0608
-1.2528 -0.0944
-1.1888 -0.0872
-1.1856 -0.084
-1.1712 0.032
-1.1056 -0.088
-1.1712 -0.164
-1.192 -0.1928
-1.1984 -0.212
-1.2704 -0.1232
-1.2544 -0.0416
-1.2896 -0.0896
-1.2336 0.0584
-1.2368 0.0224
-1.2192 0.0368
-1.28 0.1232
-1.2896 0.1376
-1.1504 0.192
-1.2 0.1368
-1.2384 0.1192
-1.2048 0.1056
-1.1568 -0.0336
-1.24 0.0344
-1.2944 0.036
-1.2704 -0.0368
-1.2336 -0.0328
-1.1856 0.0688
-1.1984 0.0256
-1.2048 -0.0808
-1.2496 -0.0408
-1.192 -0.016
-1.3664 -0.012
-1.3408 -0.0088
-1.3296 0.0352
-1.2816 -0.0152
-1.2144 -0.02
-1.1936 -0.0712
-1.2656 -0.1968
-1.2816 -0.2272
-1.2016 -0.2056
-1.2816 -0.1552
-1.2192 -0.0744
-1.2736 -0.0272
-1.2144 -0.1816
-1.2848 -0.1616
-1.1568 -0.1272
-1.184 -0.2192
-1.2432 -0.1128
-1.2688 -0.1336
-1.2704 -0.2256
-1.24 -0.1416
-1.2736 -0.2624
-1.2736 -0.2256
-1.2912 -0.196
-1.24 -0.2432
-1.3152 -0.1936
-1.2672 -0.1872
-1.2736 -0.2464
-1.2672 -0.232
-1.28 -0.2984
-1.28 -0.3792
-1.2544 -0.3648
-1.2192 -0.376
-1.2128 -0.268
-1.2848 -0.2168
-1.2736 -0.2768
-1.2512 -0.2168
-1.2624 -0.2272
-1.3472 -0.248
-1.2304 -0.2256
-1.216 -0.1864
-1.28 -0.2456
-1.248 -0.22
-1.1904 -0.2504
-1.2368 -0.2832
-1.2192 -0.18
-1.168 -0.1736
-1.1984 -0.1976
-1.2432 -0.2576
-1.2448 -0.2272
-1.1904 -0.2328
-1.2016 -0.3592
-1.216 -0.2216
-1.2416 -0.1992
-1.2176 -0.24
-1.208 -0.3272
-1.1712 -0.2168
-1.1664 -0.1064
-1.2368 -0.2336
-1.2128 -0.3216
-1.2096 -0.396
-1.2416 -0.4584
-1.2992 -0.5504
-1.168 -0.4784
-1.1808 -0.3728
-1.1952 -0.3608
-1.1856 -0.344
-1.2352 -0.3504
-1.2448 -0.2816
-1.1648 -0.1088
-1.2208 -0.1792
-1.2272 -0.1768
-1.2144 -0.1496
-1.2176 -0.2032
-1.2048 -0.2632
-1.2064 -0.3576
-1.2432 -0.3432
-1.2944 -0.4376
-1.2448 -0.4264
-1.2992 -0.4392
-1.2736 -0.4928
-1.2528 -0.4744
-1.3056 -0.5328
-1.368 -0.5816
-1.3264 -0.6248
-1.3776 -0.6048
-1.2384 -0.5568
-1.3152 -0.5944
-1.3232 -0.6192
-1.4016 -0.6144
-1.3936 -0.5728
-1.3056 -0.5336
-1.3328 -0.5704
-1.36 -0.5952
-1.4256 -0.6216
-1.3008 -0.612
-1.3328 -0.652
-1.296 -0.6264
-1.296 -0.5688
-1.3264 -0.5744
-1.3552 -0.612
-1.4048 -0.6784
-1.4144 -0.7112
-1.4672 -0.7368
-1.4192 -0.6944
-1.264 -0.5896
-1.3248 -0.5696
-1.304 -0.592
-1.3248 -0.5992
-1.3168 -0.5272
-1.2928 -0.5256
-1.3056 -0.5264
-1.2768 -0.4912
-1.28 -0.6224
-1.352 -0.6008
-1.2304 -0.5352
-1.3072 -0.5136
-1.3056 -0.5256
-1.3088 -0.4984
-1.3584 -0.5448
-1.3632 -0.5368
-1.3936 -0.576
-1.352 -0.5056
-1.3056 -0.4968
-1.2688 -0.5016
-1.3168 -0.592
-1.3232 -0.6192
-1.2976 -0.644
-1.3888 -0.6936
-1.2304 -0.5456
-1.3232 -0.5848
-1.4288 -0.7184
-1.4656 -0.7384
-1.4432 -0.7536
-1.3632 -0.6808
-1.3872 -0.668
-1.2912 -0.6416
-1.352 -0.6752
-1.4144 -0.6848
-1.28 -0.5688
-1.2736 -0.5168
-1.2864 -0.556
-1.3344 -0.54
-1.3472 -0.4904
-1.2832 -0.528
-1.248 -0.4416
-1.2576 -0.4712
-1.288 -0.516
-1.3456 -0.5128
-1.3024 -0.5256
-1.3872 -0.5496
-1.3792 -0.568
-1.3952 -0.5896
-1.312 -0.5736
-1.408 -0.6104
-1.3552 -0.596
-1.3344 -0.5872
-1.3264 -0.6088
-1.3152 -0.5536
-1.312 -0.5112
-1.3344 -0.548
-1.3712 -0.6504
-1.3888 -0.6752
-1.3728 -0.6288
-1.2448 -0.5304
-1.288 -0.544
-1.3744 -0.6144
-1.3088 -0.612
-1.336 -0.568
-1.3296 -0.592
-1.3824 -0.6832
-1.4 -0.7296
-1.352 -0.7
-1.4816 -0.76
-1.3616 -0.6688
-1.3952 -0.704
-1.3488 -0.6616
-1.3744 -0.6632
-1.3424 -0.6632
-1.3264 -0.5736
-1.3536 -0.5768
-1.3616 -0.6232
-1.3312 -0.6
-1.3968 -0.624
-1.24 -0.5136
-1.2544 -0.468
-1.2656 -0.5576
-1.2672 -0.5632
-1.256 -0.5552
-1.3392 -0.6392
-1.3776 -0.6576
-1.352 -0.6632
-1.288 -0.5904
-1.3312 -0.6048
-1.3776 -0.6296
-1.3216 -0.6392
-1.3136 -0.5464
-1.2944 -0.4024
-1.232 -0.3336
-1.2496 -0.3376
-1.2208 -0.372
-1.3104 -0.4152
-1.2304 -0.4232
-1.2304 -0.4
-1.3184 -0.376
-1.2736 -0.4144
-1.336 -0.4496
-1.2912 -0.4256
-1.2448 -0.388
-1.3136 -0.4176
-1.296 -0.5248
-1.3312 -0.5024
-1.3184 -0.4624
-1.3056 -0.4352
-1.304 -0.4816
-1.3072 -0.5016
-1.2288 -0.4568
-1.28 -0.4496
-1.3232 -0.5592
-1.3584 -0.4896
-1.2416 -0.48
-1.3792 -0.5392
-1.304 -0.5392
-1.3024 -0.5944
-1.3184 -0.5616
-1.3568 -0.5696
-1.3152 -0.6128
-1.2896 -0.6064
-1.3376 -0.6256
-1.3248 -0.584
-1.3632 -0.5416
-1.3104 -0.5432
-1.344 -0.4984
-1.2432 -0.4512
-1.2432 -0.4352
-1.3936 -0.5336
-1.3088 -0.4104
-1.3664 -0.5176
-1.3024 -0.4296
-1.232 -0.38
-1.2688 -0.4648
-1.2832 -0.5488
-1.2656 -0.4912
-1.2368 -0.3912
-1.264 -0.4008
-1.2464 -0.4104
-1.2736 -0.4024
-1.2272 -0.4168
-1.2688 -0.4
-1.2592 -0.3664
-1.2752 -0.4208
-1.272 -0.4408
-1.2768 -0.3984
-1.224 -0.412
-1.2272 -0.4672
-1.344 -0.5192
-1.3152 -0.5232
-1.2976 -0.5584
-1.2496 -0.536
-1.248 -0.5144
-1.3168 -0.5336
-1.328 -0.5528
-1.28 -0.5256
-1.3584 -0.48
-1.3024 -0.5232
-1.176 -0.412
-1.3072 -0.5136
-1.24 -0.4024
-1.2816 -0.472
-1.3232 -0.5056
-1.3136 -0.5104
-1.3712 -0.4992
-1.2352 -0.4328
-1.3168 -0.4096
-1.2304 -0.3184
-1.224 -0.456
-1.2992 -0.5856
-1.2576 -0.5464
-1.2528 -0.4856
-1.2704 -0.5048
-1.2896 -0.5816
-1.3808 -0.6704
-1.3168 -0.6256
-1.4192 -0.684
-1.3008 -0.5696
-1.4608 -0.6576
-1.3328 -0.6112
-1.3696 -0.6072
-1.2192 -0.5384
-1.3648 -0.524
-1.3872 -0.5696
-1.3376 -0.5376
-1.2672 -0.5288
-1.2048 -0.4328
-1.2752 -0.4848
-1.2592 -0.4328
-1.296 -0.464
-1.192 -0.4632
-1.2496 -0.4432
-1.2592 -0.5096
-1.2784 -0.5632
-1.3296 -0.5648
-1.296 -0.5608
-1.3728 -0.588
-1.2672 -0.528
-1.3264 -0.6024
-1.3648 -0.5744
-1.2784 -0.5384
-1.2672 -0.4136
-1.2592 -0.4112
-1.3248 -0.4696
-1.304 -0.5144
-1.2704 -0.4272
-1.24 -0.3848
-1.1712 -0.2552
-1.2208 -0.2808
-1.152 -0.3096
-1.2464 -0.2952
-1.2256 -0.2008
-1.1824 -0.168
-1.1392 -0.3104
-1.2 -0.2008
-1.1456 -0.2208
-1.1536 -0.2064
-1.1712 -0.1224
-1.264 -0.072
-1.1712 -0.092
-1.2096 -0.0592
-1.208 -0.02
-1.2672 -0.0312
-1.2992 0.0704
-1.2096 0.1216
-1.2272 0.0808
-1.256 0.1208
-1.2544 0.1488
-1.3024 0.1936
-1.2704 0.224
-1.2992 0.2752
-1.2336 0.3096
-1.2368 0.2544
-1.2064 0.144
-1.2048 0.176
-1.2272 0.1584
-1.224 0.1936
-1.2176 0.2144
-1.2496 0.2192
-1.1904 0.2008
-1.2912 0.308
-1.2528 0.2536
-1.3488 0.2688
-1.3056 0.2584
-1.2672 0.332
-1.3008 0.3088
-1.3024 0.332
-1.2096 0.2904
-1.256 0.364
-1.288 0.3336
-1.2672 0.2976
-1.2544 0.264
-1.1888 0.2024
-1.1984 0.2656
-1.2256 0.2352
-1.2144 0.2112
-1.2128 0.2544
-1.1616 0.32
-1.2848 0.4672
-1.216 0.4752
-1.2544 0.5528
-1.2944 0.5864
-1.2928 0.5456
-1.2896 0.488
-1.2816 0.5416
-1.2528 0.516
-1.2912 0.5456
-1.3248 0.5512
-1.336 0.5648
-1.3312 0.5736
-1.3232 0.612
-1.304 0.5376
-1.3984 0.5696
-1.3024 0.54
-1.304 0.5464
-1.3408 0.5328
-1.3648 0.5632
-1.3024 0.5728
-1.2912 0.452
-1.24 0.4112
-1.2304 0.4408
-1.2304 0.4248
-1.2656 0.4168
-1.1664 0.384
-1.264 0.4584
-1.272 0.376
-1.2912 0.3376
-1.3216 0.3264
-1.2768 0.2992
-1.2912 0.2832
-1.2784 0.3008
-1.2448 0.2664
-1.2976 0.3448
-1.3104 0.3528
-1.3072 0.3576
-1.2688 0.296
-1.3376 0.2992
-1.2176 0.2448
-1.3264 0.3352
-1.2544 0.228
-1.2272 0.2
-1.3296 0.3016
-1.3184 0.3016
-1.3136 0.3184
-1.296 0.2648
-1.2912 0.316
-1.28 0.2952
-1.2528 0.3336
-1.2448 0.3728
-1.2624 0.3232
-1.1968 0.3352
-1.2848 0.3856
-1.2304 0.4152
-1.2688 0.4272
-1.2256 0.3616
-1.344 0.4856
-1.2592 0.4408
-1.2576 0.388
-1.24 0.3584
-1.304 0.3368
-1.3248 0.3424
-1.2288 0.2824
-1.264 0.3264
-1.248 0.3768
-1.2928 0.3664
-1.2976 0.3456
-1.2768 0.3632
-1.296 0.3128
-1.3248 0.2848
-1.2624 0.3856
-1.248 0.4824
-1.296 0.4536
-1.216 0.4288
-1.2144 0.3864
-1.256 0.44
-1.2288 0.412
-1.2656 0.3168
-1.2864 0.3384
-1.272 0.432
-1.2096 0.3528
-1.2256 0.4608
-1.2288 0.4624
-1.1872 0.424
-1.2256 0.3704
-1.2096 0.3384
-1.2304 0.3608
-1.1968 0.408
-1.3008 0.4256
-1.2832 0.4576
-1.2432 0.4088
-1.3072 0.3792
-1.2128 0.3472
-1.1936 0.3904
-1.192 0.3512
-1.2352 0.3768
-1.272 0.4408
-1.3136 0.5184
-1.3392 0.6136
-1.3552 0.5808
-1.2768 0.5672
-1.3248 0.5592
-1.288 0.516
-1.256 0.4768
-1.2608 0.4192
-1.3424 0.4168
-1.3168 0.4104
-1.2176 0.2704
-1.2624 0.312
-1.3152 0.3544
-1.1984 0.2904
-1.2384 0.2376
-1.248 0.2104
-1.256 0.28
-1.2544 0.1856
-1.176 0.1536
-1.1552 0.0864
-1.2624 0.2016
-1.1936 0.2208
-1.2448 0.1352
-1.2672 0.2272
-1.1824 0.1608
-1.2624 0.136
-1.2128 0.0888
-1.2 0.124
-1.2768 0.1656
-1.2192 0.1328
-1.1856 0.2376
-1.2592 0.3
-1.2384 0.3512
-1.24 0.3496
-1.2944 0.4
-1.3264 0.4592
-1.3344 0.4408
-1.328 0.4344
-1.3104 0.4728
-1.3728 0.4056
-1.2624 0.4296
-1.32 0.4528
-1.3376 0.3944
-1.3216 0.428
-1.3552 0.4224
-1.328 0.4904
-1.3088 0.5176
-1.3616 0.5552
-1.3568 0.6184
-1.3184 0.6168
-1.3072 0.5592
-1.2864 0.588
-1.3856 0.584
-1.3344 0.5944
-1.3056 0.5456
-1.3008 0.508
-1.2704 0.5344
-1.28 0.5728
-1.2992 0.4928
-1.2704 0.516
-1.2592 0.58
-1.3296 0.5472
-1.2816 0.5192
-1.2608 0.4808
-1.296 0.4904
-1.3872 0.5992
-1.384 0.6112
-1.3312 0.6024
-1.328 0.5976
-1.3408 0.6104
-1.2928 0.6088
-1.3408 0.5376
-1.3312 0.5152
-1.3904 0.6008
-1.3712 0.6096
-1.3984 0.6072
-1.392 0.648
-1.4448 0.7496
-1.4336 0.6864
-1.3872 0.6376
-1.328 0.6032
-1.3888 0.6776
-1.4048 0.6448
-1.3232 0.5976
-1.3248 0.6112
-1.3408 0.6264
-1.3024 0.5656
-1.2576 0.4872
-1.2096 0.4184
-1.24 0.4136
-1.3296 0.4696
-1.3376 0.5192
-1.32 0.6128
-1.296 0.5928
-1.3872 0.6256
-1.4048 0.592
-1.2848 0.5312
-1.2832 0.5304
-1.2928 0.5168
-1.2944 0.5456
-1.3584 0.5232
-1.2608 0.5048
-1.304 0.5376
-1.3456 0.5472
-1.1568 0.3952
-1.232 0.3256
-1.2816 0.332
-1.2096 0.3808
-1.2848 0.3024
-1.2784 0.3472
-1.2592 0.4296
-1.3296 0.4752
-1.2016 0.3936
-1.2544 0.372
-1.28 0.328
-1.2544 0.3568
-1.1936 0.3296
-1.2192 0.3176
-1.3136 0.4336
-1.1744 0.2864
-1.2944 0.3064
-1.2592 0.2984
-1.28 0.2904
-1.2368 0.36
-1.2736 0.3832
-1.288 0.384
-1.2912 0.3696
-1.2784 0.324
-1.4016 0.4024
-1.2608 0.3888
-1.3008 0.3112
-1.2864 0.336
-1.312 0.336
-1.32 0.364
-1.272 0.3392
-1.1568 0.2488
-1.1936 0.2568
-1.3376 0.2816
-1.2352 0.2056
-1.2656 0.2064
-1.3184 0.216
-1.2912 0.288
-1.2816 0.1016
-1.2832 0.06
-1.2336 0.0848
-1.2656 -0.0184
-1.2704 -0.0024
-1.2624 -0.1208
-1.2288 -0.1648
-1.2688 -0.1584
-1.2832 -0.192
-1.296 -0.2112
-1.232 -0.2696
-1.3168 -0.2328
-1.2752 -0.22
-1.248 -0.2632
-1.376 -0.2464
-1.2832 -0.2248
-1.2624 -0.184
-1.2544 -0.0824
-1.2704 -0.2008
-1.312 -0.2896
-1.3088 -0.3376
-1.312 -0.4112
-1.2352 -0.2544
-1.1984 -0.144
-1.1488 -0.108
-1.224 -0.048
-1.1696 -0.0696
-1.1792 -0.1256
-1.1904 -0.168
-1.2352 -0.1336
-1.2368 -0.1592
-1.2 -0.1336
-1.304 -0.1448
-1.2016 -0.1456
-1.2256 -0.104
-1.1776 -0.0176
-1.2048 0.0176
-1.2448 0.024
-1.28 -0.0744
-1.2512 -0.0848
-1.2496 -0.0976
-1.1856 -0.0264
-1.1968 -0.1096
-1.2624 -0.116
-1.1968 -0.1104
-1.1488 -0.056
-1.224 0.1504
-1.1664 0.1488
-1.2096 0.1192
-1.2784 0.0896
-1.2672 0.1192
-1.2496 0.1
-1.2064 -0.0208
-1.2096 -0.0144
-1.2096 0.0584
-1.2192 0.0848
-1.208 0.0096
-1.3392 0.1184
-1.2864 0.1408
-1.2592 0.1704
-1.312 0.1728
-1.272 0.1736
-1.2864 0.2216
-1.2512 0.1824
-1.1744 0.2008
-1.1792 0.1784
-1.1888 0.0968
-1.2368 0.1128
-1.1856 0.1096
-1.208 0.0864
-1.1824 0.068
-1.1904 0.0424
-1.2336 0.1064
-1.2048 0.0504
-1.136 0.0616
-1.1968 0.0248
-1.2096 0.1288
-1.2544 0.1296
-1.2032 0.0128
-1.2112 0.1432
-1.2032 0.1472
-1.2512 0.1384
-1.2096 0.0736
-1.2448 0.0472
-1.2112 0.1072
