-1.072 -0.1624
-1.1248 -0.1992
-1.0448 -0.1528
-1.0928 -0.1808
-1.0912 -0.216
-1.032 -0.2568
-1.0448 -0.2008
-1.0336 -0.1904
-1.0208 -0.1544
-1.1072 -0.2424
-1.1424 -0.2328
-1.0208 -0.2304
-1.064 -0.2592
-1.088 -0.2688
-1.1248 -0.3
-1.0592 -0.2624
-1.0976 -0.3296
-1.128 -0.3384
-1.04 -0.232
-1.0352 -0.2248
-1.0576 -0.3176
-1.0688 -0.3088
-1.0928 -0.3712
-1.1104 -0.3016
-1.064 -0.2888
-1.0416 -0.2408
-1.1088 -0.2592
-1.0864 -0.264
-1.0272 -0.1464
-1.008 -0.1296
-1.0592 -0.048
-0.9872 -0.0424
-1.0304 -0.1648
-1.0432 -0.2016
-1.1344 -0.3064
-1.064 -0.2184
-1.0064 -0.1912
-1.1488 -0.2128
-1.1856 -0.2952
-1.0816 -0.1688
-1.088 -0.152
-1.0832 -0.0728
-1.088 -0.0352
-1.0496 -0.0752
-1.0704 -0.0616
-1.0608 -0.0216
-1.0288 -0.0008
-1.0864 -0.1472
-1.0336 -0.192
-1.024 -0.1376
-1.064 -0.1544
-1.056 -0.148
-1.0544 -0.2192
-0.9952 -0.068
-1.0864 -0.1416
-1.096 -0.1176
-1.136 -0.1224
-1.1232 -0.136
-1.0784 0.0672
-1.0912 0.0352
-0.992 0.04
-1.0624 0.184
-1.0896 0.1448
-1.0848 0.1064
-1.1168 0.1728
-1.2048 0.2208
-1.1968 0.2504
-1.1216 0.2304
-1.0704 0.1648
-1.096 0.176
-1.0544 0.1792
-1.0224 0.0848
-1.176 0.0688
-1.1328 0.0904
-1.0464 -0.016
-1.1088 -0.1312
-1.1216 -0.152
-1.0608 -0.1576
-1.0464 -0.2264
-1.0672 -0.2264
-1.0848 -0.2024
-1.04 -0.1216
-1.112 -0.1296
-1.1168 -0.072
-1.0592 -0.096
-1.1376 -0.2096
-1.1568 -0.2472
-1.0688 -0.2704
-1.2512 -0.4552
-1.1184 -0.3704
-1.136 -0.2624
-1.048 -0.192
-1.1152 -0.0456
-1.152 -0.0184
-1.0544 0.0896
-1.1168 0.0936
-1.1184 0.168
-1.12 0.1288
-1.032 0.136
-1.0912 0.1144
-1.0448 0.1352
-1.0912 0.108
-1.1344 0.1784
-1.0704 0.0928
-1.1312 0.1
-1.048 0.1032
-1.1024 0.124
-1.1088 0.1304
-1.1776 0.1376
-1.2176 0.0632
-1.0784 0.096
-1.008 0.204
-1.0736 0.2272
-1.1376 0.1528
-1.1232 0.168
-1.088 0.1768
-1.0624 0.0632
-1.0272 0.128
-1.0672 0.0904
-1.0576 0.1424
-1.072 0.1968
-1.0976 0.2552
-1.112 0.3072
-1.0976 0.256
-1.1392 0.2584
-1.1136 0.2728
-1.1056 0.1816
-0.9904 0.1344
-1.168 0.1008
-1.1248 0.0744
-1.1216 0.0688
-1.0608 -0.1328
-1.0912 -0.1504
-1.0928 -0.1048
-1.1104 -0.1088
-1.1728 -0.004
-1.048 0.1008
-1.04 0.0936
-1.0864 0.072
-1.1088 0.1232
-1.0848 0.0784
-1.032 -0.0272
-1.0528 -0.0528
-1.0896 -0.008
-1.072 0.068
-1.1296 0.0792
-1.0672 0.0968
-1.1232 0.0672
-1.0928 0.136
-1.0784 0.0656
-1.072 0.0408
-1.0656 0.0408
-1.0208 0.1792
-1.0256 0.1
-1.024 -0.0592
-1.0768 -0.0984
-1.0704 -0.1584
-1.0608 -0.1472
-1.1312 -0.1272
-1.0736 -0.1192
-1.04 -0.2136
-1.016 -0.216
-1.0928 -0.1552
-1.0288 -0.1592
-1.1088 -0.1224
-1.1296 -0.2192
-1.0192 0.0064
-1.0464 0.0448
-1.0528 0.0616
-1.0912 0.0208
-0.9968 0.092
-1.08 0.0848
-1.0128 0.0696
-1.0592 0.0744
-1.1168 0.1232
-1.0448 0.1208
-1.0832 0.0656
-1.0384 0.0672
-1.0432 0.0328
-1.1008 0.1208
-1.0208 0.1024
-1.08 0.1656
-0.968 0.1568
-1.0192 0.1672
-1.144 0.1
-1.0544 -0.044
-1.0656 -0.0504
-1.168 -0.1328
-1.0448 -0.0536
-1.0144 -0.0528
-1.1184 0.0232
-1.0224 0.0368
-1.0544 0.2048
-1.12 0.1576
-1.1408 0.1456
-1.1024 0.1568
-1.0608 0.1592
-1.1232 0.2064
-1.0576 0.2168
-1.1056 0.1904
-1.056 0.1872
-1.1456 0.0832
-1.032 0.0648
-1.1216 -0.0208
-1.1296 -0.0272
-1.2 -0.0832
-1.1376 -0.0752
-1.0576 -0.0696
-1.0672 -0.1312
-1.1152 -0.0472
-1.0832 -0.0936
-1.0192 0.06
-1.0384 0.0216
-1.024 0.1304
-1.072 0.1024
-1.1616 0.184
-1.0464 0.0768
-1.1104 0.2144
-1.12 0.1712
-1.0528 0.112
-1.0528 0.14
-1.0864 0.1456
-1.1056 0.0752
-1.072 -0.0424
-1.032 0.0168
-1.024 0.0512
-1.1152 0.0936
-1.1344 0.1248
-1.0912 0.1432
-1.096 0.18
-1.0304 0.1472
-1.1152 0.1328
-1.0688 0.1144
-1.1008 0.1296
-1.088 0.132
-1.1072 -0.0272
-1.0928 -0.0624
-1.096 -0.0264
-1.1296 0.056
-1.096 -0.0088
-1.0608 -0.0296
-1.088 -0.056
-1.0224 -0.0624
-1.0416 -0.028
-1.184 0.0912
-1.0624 0.092
-1.0096 0.0056
-1.1136 0.1024
-1.1088 0.076
-1.1184 0.1192
-1.0704 0.1648
-1.0288 0.14
-1.0848 0.1008
-1.0448 0.0976
-1.056 0.1976
-1.0896 0.0216
-1.04 0.0928
-1.04 0.0376
-1.088 0.1064
-1.0864 0.0424
-1.0992 0.0672
-1.0704 -0.096
-1.1328 -0.128
-1.2112 -0.2416
-1.1184 -0.2272
-1.2 -0.288
-1.1184 -0.3256
-1.12 -0.252
-1.1824 -0.2056
-1.16 -0.1336
-1.0432 -0.1256
-1.0496 0.0408
-1.0656 0.0296
-1.0672 -0.008
-1.0448 -0.0584
-1.0992 -0.0376
-1.0352 0.0304
-1.0848 0.0152
-1.0992 0.0656
-1.0976 0.1568
-1.0624 0.104
-1.0976 -0.0168
-1.1024 -0.0344
-0.9984 -0.0376
-1.0592 -0.1016
-1.1248 0.0496
-1.1664 -0.0736
-1.1088 -0.0504
-1.08 -0.1288
-1.0864 -0.2088
-1.0208 -0.044
-1.072 -0.0336
-1.0416 -0.0288
-1.0368 0.048
-1.0464 0.076
-1.0048 0.0784
-1.112 0.0936
-1.0576 -0.0128
-1.1232 0.04
-1.088 0.1168
-1.0464 0.1848
-1.0928 0.1392
-1.0864 0.2056
-1.072 0.2048
-1.048 0.1184
-1.072 0.0512
-1.048 0.1512
-1.0928 0.1432
-1.1376 0.2488
-1.0912 0.2736
-1.1296 0.2488
-1.0848 0.1304
-1.0144 0.0784
-1.0224 0.02
-1.0784 0.052
-1.08 -0.0376
-1.0896 -0.1936
-1.0624 -0.2376
-1.1072 -0.3224
-1.1216 -0.3752
-1.1024 -0.3232
-1.0624 -0.1408
-1.0608 -0.1392
-0.992 -0.1696
-1.0448 -0.204
-1.0768 -0.2952
-1.0976 -0.1608
-1.0768 -0.1168
-1.0736 -0.0944
-0.992 0.008
-0.9968 -0.0232
-1.072 0.0632
-1.0592 0.0696
-0.9808 0.0608
-1.0416 0.0992
-1.0384 0.036
-1.0656 0.0552
-1.0352 0.0784
-1.0576 0.0368
-1.088 -0.1096
-1.0192 -0.0064
-1.0896 -0.1648
-1.0816 -0.0568
-1.0528 -0.1072
-1.064 -0.0272
-1.0688 -0.0936
-1.0832 -0.06
-1.0896 -0.068
-1.0912 -0.104
-1.0208 -0.0368
-1.1488 -0.1224
-1.104 -0.044
-1.1024 -0.096
-1.072 -0.12
-1 -0.012
-1.0352 0.104
-1.0368 0.1192
-1.1184 0.096
-1.0512 0.0896
-1.08 0.0688
-1.0192 0.1232
-1.048 0.0648
-1.0496 -0.0328
-1.0736 -0.0664
-1.1104 -0.0696
-1.08 -0.0128
-1.0816 0
-1.0912 -0.0136
-1.0608 0.0256
-1.0768 0.1032
-1.0864 0.016
-1.184 -0.1056
-1.1424 -0.0272
-1.08 -0.0288
-1.0704 -0.028
-1.0992 -0.0568
-1.0944 -0.0208
-1.0752 0.084
-1.0752 0.1168
-1.1424 0.0752
-1.04 0.0624
-1.1424 0.0232
-1.0624 -0.0864
-1.1088 -0.1584
-1.1472 -0.1912
-1.184 -0.0464
-1.1408 -0.04
-1.1024 0.0432
-1.112 -0.0344
-1.0448 -0.0488
-1.0096 0.0128
-1.0608 -0.0784
-1.048 -0.0456
-1.0416 -0.0976
-1.0704 -0.2608
-1.064 -0.1568
-1.064 -0.1384
-1.096 -0.1784
-1.1056 -0.1952
-1.0848 -0.1712
-1.0752 -0.2448
-1.0144 -0.1688
-1.0768 -0.2096
-0.952 -0.0152
-1.072 -0.0072
-1.0208 0.0792
-1.0816 -0.004
-1.0528 0.0072
-0.9664 -0.0736
-1.0336 -0.1336
-1.0944 -0.0792
-1.1344 -0.048
-1.12 -0.148
-1.1024 -0.1168
-1.0432 -0.0928
-1.0512 0.0536
-1.12 0.1688
-1.0816 0.116
-1.0624 0.116
-1.1328 0.1856
-1.1296 0.068
-1.136 -0.0368
-1.112 -0.1536
-1.104 -0.0624
-1.0688 -0.06
-1.088 -0.1048
-1.0784 0.0312
-1.0272 0.008
-1.0912 -0.0232
-1.0992 -0.1472
-1.1312 -0.148
-1.1424 -0.0328
-1.008 0.0512
-1.0688 0.168
-1.1456 0.1488
-1.08 0.1968
-1.1456 0.2424
-1.1184 0.2136
-1.1696 0.268
-1.0896 0.2352
-1.1312 0.2376
-1.144 0.2752
-1.1216 0.2408
-1.0752 0.2552
-1.1104 0.1904
-1.016 0.212
-1.1712 0.2688
-1.072 0.1608
-1.0704 0.1808
-1.0128 0.1128
-1.0944 0.06
-1.1088 0.0712
-1.1584 0.1736
-1.0752 0.172
-1.1376 0.088
-1.024 0.1328
-1.08 0.0816
-1.0864 0.148
-1.0848 0.0944
-1.1168 0.1112
-1.0592 0.1152
-1.1792 0.2392
-1.1184 0.2472
-1.1776 0.1272
-1.0688 0.0872
-1.0832 0.0472
-1.1152 0.1376
-0.9744 0.1656
-1.0816 0.0736
-1.0352 0.0376
-1.0512 -0.0136
-1.1472 -0.0624
-1.04 0.0584
-1.1696 -0.0352
-1.1648 0.0648
-1.104 0.0192
-1.1296 0.1
-1.0848 0.0512
-1.1728 0.0896
-1.0976 0.0648
-1.0928 0.1096
-1.0624 0.0744
-1.1392 0.1344
-1.1424 0.1104
-1.032 0.048
-1.0928 0.0288
-0.9904 0.0456
-1.024 -0.0448
-1.0256 0.0152
-1.0992 0.0832
-0.968 0.1336
-1.1168 0.2184
-1.1472 0.1896
-1.1168 0.2256
-1.0992 0.22
-1.1232 0.2352
-1.0384 0.2552
-1.1616 0.1832
-1.1792 0.084
-1.1984 0.1392
-1.1648 0.2504
-1.1024 0.1656
-1.0736 0.092
-1.16 0.064
-1.0672 0.028
-1.0592 0.0256
-1.0352 0.0792
-1.0592 0.1232
-1.072 0.1256
-1.0576 0.2608
-1.04 0.264
-1.1488 0.32
-1.0528 0.1712
-1.0992 0.1456
-0.9888 0.1144
-1.152 0.1264
-1.0416 0.0744
-1.0816 0.2032
-1.096 0.2224
-1.1104 0.2992
-1.0496 0.2728
-1.0608 0.26
-1.0752 0.324
-1.0528 0.2064
-1.0128 0.196
-1.1008 0.22
-1.128 0.2664
-1.1232 0.3304
-1.1552 0.2776
-1.096 0.124
-1.096 0.1304
-1.1408 0.1456
-1.016 0.0664
-1.1184 0.0616
-1.064 0.0024
-1.048 0.024
-1.0672 0.1384
-1.0288 0.164
-1.0608 0.2256
-1.0304 0.3
-1.008 0.1664
-1.0672 0.0776
-1.064 0.0304
-1.0048 0.0136
-1.0656 0.0496
-1.0864 -0.0224
-1.1616 -0.0888
-1.1056 -0.1688
-1.1136 -0.1456
-1.1344 -0.084
-1.1184 0.1192
-1.0656 0.1752
-1.088 0.2448
-1.1488 0.2288
-1.072 0.1912
-1.0896 0.1736
-1.1024 0.1392
-0.9808 -0.0568
-1.088 0.016
-1.0496 -0.0776
-1.04 -0.02
-1.0944 -0.0176
-1.0768 -0.136
-1.0496 -0.1576
-1.0448 -0.0744
-1.0592 -0.068
-1.1024 -0.1552
-1.0368 -0.2472
-1.1056 -0.2864
-1.1472 -0.2584
-1.0832 -0.264
-1.104 -0.3152
-1.1056 -0.2528
-1.0576 -0.252
-1.0544 -0.284
-1.096 -0.2528
-1.0736 -0.1528
-1.1056 -0.2072
-1.08 -0.2312
-1.0528 -0.212
-1.0912 -0.1912
-1.0656 -0.0872
-1.088 -0.1688
-1.0672 -0.188
-1.056 -0.1768
-1 -0.1368
-1.0848 0
-1.0784 0.0208
-1.0816 0.0368
-1.016 0.1008
-1.064 0.0736
-1.0848 0.076
-1.056 0.0336
-1.0368 -0.0128
-1.0176 -0.0336
-0.9984 -0.008
-1.016 0.0584
-1.0848 0.1008
-1.0592 0.0064
-1.0608 0.0168
-1.088 0.0496
-1.0448 0.1192
-1.0464 0.1176
-1.0272 0.048
-1.0544 0.0928
-1.0304 -0.0368
-1.1136 -0.0648
-1.0496 -0.0408
-1.0736 -0.0896
-1.1088 -0.1744
-1.1104 -0.284
-1.0736 -0.2392
-1.072 -0.2776
-1.1376 -0.3408
-1.0768 -0.2064
-1.0816 -0.2288
-1.128 -0.2392
-1.0144 -0.1728
-1.136 -0.0984
-1.0528 -0.0408
-1.0336 -0.0552
-1.1248 0.0632
-1.0816 0.1352
-1.1456 0.0552
-1.0288 -0.0512
-1.0848 0.0712
-1.0288 0.0864
-1.1504 -0.0144
-1.0736 -0.2312
-1.0256 -0.2432
-0.9904 -0.1328
-1.0784 -0.0272
-1.0928 -0.0176
-1.0464 -0.0528
-1.0944 -0.0296
-1.1264 -0.0472
-1.1168 -0.0264
-1.0752 -0.0056
-1.064 -0.0464
-1.0848 -0.112
-1.064 -0.1736
-1.0656 0.0128
-1.2208 0.0448
-1.0496 0.0328
-1.064 0.0976
-0.992 -0.044
-1.0176 0.0336
-1.0208 0.0872
-1.0576 0.0784
-1.0576 0.0304
-1.1072 -0.064
-1.0384 -0.008
-1.0976 0.024
-1.1088 -0.0472
-1.0512 -0.0264
-1.0864 -0.0056
-1.0208 -0.16
-1.0736 -0.1456
-1.1152 -0.144
-1.1888 -0.148
-1.0432 -0.0144
-1.0192 0.032
-1.112 -0.0232
-1.1328 0.0112
-1.1072 0.0032
-1.1088 0.0656
-1.1088 0.1272
-1.1136 0.1968
-1.088 0.236
-1.1824 0.1864
-1.1024 0.2176
-1.0192 0.1144
-0.9664 0.0704
-1.1024 0.1336
-1.0464 0.1472
-1.0256 0.1472
-1.136 0.2624
-1.0592 0.188
-1.0992 0.1848
-1.1008 0.0624
-1.1056 -0.0024
-1.1344 -0.048
-1.12 -0.1064
-1.0304 -0.1536
-1.0672 -0.0456
-1.0672 -0.1336
-1.0464 -0.0576
-1.0704 -0.0464
-1.072 -0.012
-1.0912 0.0008
-1.0336 -0.0552
-1.072 -0.1296
-1.1136 -0.2328
-1.056 -0.1416
-1.0768 -0.0896
-1.0848 -0.1928
-1.112 -0.1496
-1.0544 -0.168
-1.0512 -0.2456
-1.1264 -0.284
-1.192 -0.4184
-1.0768 -0.3504
-1.0608 -0.2816
-1.072 -0.1952
-1.064 -0.2704
-1.1056 -0.2864
-1.088 -0.2296
-1.0944 -0.2312
-0.9952 -0.24
-1.08 -0.0864
-1.0592 -0.092
-1.0688 -0.1184
-1.1216 -0.008
-1.1296 -0.052
-1.0992 -0.0272
-1.04 -0.064
-1.0192 -0.0472
-1.072 -0.016
-1.0176 0
-1.0432 -0.1
-1.1072 -0.0544
-1.0592 -0.0336
-1.0448 -0.0616
-1.1296 -0.164
-1.0528 -0.1344
-1.0816 -0.168
-1.1232 -0.1496
-1.0336 -0.1048
-1.0784 -0.1768
-1.0512 -0.2216
-1.0592 -0.2312
-1.0464 -0.2168
-1.04 -0.224
-1.0784 -0.2256
-1.0512 -0.2456
-1.0672 -0.1816
-1.024 -0.152
-1.136 -0.0992
-1.0944 -0.1592
-1.0976 -0.0784
-1.0368 -0.0104
-1.0976 -0.0752
-1.1392 -0.156
-1.0656 -0.1688
-1.1808 -0.2248
-1.0528 -0.2368
-1.1264 -0.156
-1.056 -0.0968
-1.112 -0.0688
-1.0368 -0.0432
-1.0384 0.0392
-1.0464 0.0448
-1.0432 -0.028
-1.0176 0.0248
-1.0528 -0.1048
-0.9552 -0.1464
-1.0752 -0.1976
-1.0928 -0.1712
-1.0224 -0.0696
-1.056 -0.1016
-1.0464 -0.092
-1.1216 -0.1656
-1.056 -0.0536
-0.9872 0.0352
-1.0304 0.1056
-1.0304 0.1032
-1.0608 0.0816
-1.064 0.0608
-1.056 0.1176
-1.0464 0.0632
-1.0816 0.0504
-1.1008 0.0856
-1.0864 0.0272
-1.04 0.1584
-1.0752 0.0216
-1.0784 -0.0408
-1.0416 -0.0792
-1.0944 -0.0384
-1.1344 0.0872
-1.0256 0.0368
-1.0176 0.0704
-1.0656 0.0872
-1.0672 0.0176
-1.0576 -0.004
-1.144 0.0048
-1.0768 -0.0176
-1.0928 0.0432
-1.1344 0.0936
-1.0752 0.0416
-1.0208 0.0888
-1.1184 0.0448
-1.088 -0.0392
-1.1152 -0.0224
-1.0848 0.0032
-1.0224 0.0288
-1.1216 -0.0568
-1.1072 -0.0416
-1.1056 -0.2384
-1.0768 -0.1696
-1.1392 -0.1504
-1.0896 -0.1984
-1.1104 -0.2512
-1.0816 -0.2032
-0.992 -0.1768
-1.0464 -0.208
-1.0352 -0.1984
-1.0352 -0.1696
-1.0768 -0.1904
-1.128 -0.2352
-1.072 -0.172
-1.0336 -0.0968
-1.064 -0.0936
-1.0816 -0.0832
-1.0704 -0.1416
-1.0752 -0.1072
-1 -0.1488
-1.1264 -0.136
-1.0784 -0.1184
-1.0384 -0.2408
-1.1008 -0.1776
-1.0608 -0.1752
-1.1008 -0.176
-1.0848 -0.1816
-1.2 -0.1824
-1.0432 -0.112
-1.08 -0.024
-1.1216 0.0784
-1.0512 0.072
-1.0832 0.1464
-1.0944 0.072
-1.0688 0.0264
-1.072 -0.0024
-1.0624 -0.0192
-1.0496 0.0072
-1.1088 -0.0336
-1.096 -0.0032
-1.1136 0.0296
-1.0528 -0.1104
-1.1376 -0.008
-1.0064 0.0584
-1.0208 -0.0128
-1.0528 0.044
-1.1088 0.0792
-1.1152 0.1376
-1.0624 0.1288
-0.9712 0.1224
-1.0912 0.1592
-1.04 0.14
-1.0016 0.1288
-1.0656 0.0984
-1.1296 0.1256
-1.1104 0.0224
-1.0944 0.0448
-1.0944 0.0504
-1.0576 -0.0808
-1.1008 -0.0952
-1.112 0.0208
-1.0416 0.0048
-1.0272 -0.04
-1.1376 -0.16
-1.0912 -0.18
-1.1664 -0.1992
-1.0272 -0.14
-1.072 -0.1688
-1.0512 -0.08
-1.0656 0.0352
-1.0112 -0.056
-0.9888 -0.0592
-1.04 -0.0856
-1.0256 -0.1648
-1.0672 -0.2224
-1.0688 -0.2664
-1.024 -0.1248
-1.0944 -0.1728
-1.0144 -0.0552
-1.1296 -0.1208
-1.1008 -0.1544
-1.144 0.0264
-1.0432 0.0632
-1.1008 0.0672
-1.024 0.0256
-1.0448 0.0592
-1.1424 -0.0424
-1.1312 0.0448
-1.0048 0.0056
-1.0976 -0.0136
-1.0288 -0.064
-1.0304 -0.1272
-1.0064 -0.0432
-1.0112 -0.0848
-1.048 -0.0912
-1.104 -0.1384
-1.1264 -0.1848
-1.1264 -0.36
-1.1072 -0.2672
-1.2128 -0.3664
-1.1632 -0.396
-1.128 -0.3288
-1.048 -0.2576
-1.1008 -0.2848
-1.0272 -0.2136
-1.0816 -0.2096
-1.0976 -0.2176
-1.0576 -0.184
-1.1808 -0.2864
-1.0704 -0.276
-1.1024 -0.168
-1.032 -0.1848
-1.0688 0.016
-1.04 0.1048
-1.0976 0.1024
-1.0544 0.124
-1.0448 0.0576
-1.0224 0.1408
-1.0688 0.2544
-1.0112 0.1864
-1.0848 0.1776
-1.0784 0.1072
-1.0624 0.0584
-1.1088 0.008
-1.1072 -0.0272
-1.04 -0.032
-1.0928 0.044
-1.0304 0.0888
-1.072 0.1464
-1.0352 0.172
-0.9856 0.1888
-1.0736 0.1336
-1.0272 0.024
-1.056 0.144
-1.128 0.24
-1.0688 0.1608
-1.0704 0.1296
-1.0736 0.0192
-1.1136 0.0336
-1.0832 0.0744
-1.0832 0.0336
-1.0608 -0.0032
-1.0528 0.0032
-1.072 -0.0352
-1.1248 -0.0664
-1.0688 -0.0064
-1.0272 0.0512
-1.1152 0.196
-1.0752 0.1736
-1.144 0.1408
-1.0928 0.1224
-1.088 0.2064
-1.0448 0.2472
-1.1024 0.2568
-1.144 0.2712
-1.0768 0.2608
-1.064 0.1992
-1.1392 0.1624
-1.0496 0.136
-1.0944 0.1336
-1 0.1616
-1.072 0.0856
-1.1072 0.0912
-1.0592 0.1888
-1.0384 0.0936
-0.9536 -0.0808
-1.1264 -0.1712
-1.0848 -0.144
-1.1552 -0.1936
-1.0272 -0.0896
-1.0752 -0.0592
-1.0496 -0.104
-1.0976 0.0416
-1.0768 -0.0312
-1.1248 0.0688
-1.2176 0.1384
-1.1232 0.0528
-1.1904 0.052
-1.0976 -0.0296
-0.9968 -0.112
-1.0928 -0.0552
-1.072 0.104
-1.0224 0.1064
-1.0624 0.0472
-1.0656 0.0608
-1.0496 0.0096
-1.0832 -0.0048
-1.0608 0.0256
-1.0864 0.092
-1.1184 -0.088
-1.1232 -0.1328
-1.0272 -0.0584
-1.1424 -0.0752
-1.1152 -0.0656
-1.0352 -0.0176
-1.136 -0.1056
-1.088 -0.096
-1.0688 -0.0848
-1.0208 -0.1688
-1.1024 -0.2328
-1.032 -0.1168
-1.0656 -0.1072
-1.0912 -0.0544
-1.072 -0.0424
-1.0848 -0.0088
-1.0992 -0.0488
-1.0432 -0.0128
-1.1168 -0.0528
-1.096 -0.0312
-1.1088 0.1504
-1.0992 0.1304
-1.0608 0.0656
-1.0528 0.0984
-1.104 0.112
-1.1008 0.1616
-1.0224 0.036
-1.112 0.0784
-1.0688 -0.0072
-1.1088 0.0192
-1.0736 0.0928
-1.1056 0.1616
-1.0496 0.0152
-1.0192 -0.0088
-1.024 -0.0632
-1.1344 -0.02
-1.1376 -0.0072
-1.088 -0.0064
-1.136 0.0736
-1.1184 0.0672
-1.0544 0.1576
-1.1584 0.1904
-1.0496 0.0976
-1.0464 -0.02
-1.0704 0.0184
-1.1008 -0.0008
-1.096 -0.0608
-1.0864 -0.0912
-1.0128 -0.2088
-1.1456 -0.1816
-1.1792 -0.3464
-1.0528 -0.2464
-1.0288 -0.2512
-1.0848 -0.284
-0.9792 -0.1904
-1.0464 -0.1304
-1.0064 -0.0536
-1.0432 0.0536
-1.0688 0.1232
-1.1152 0.0904
-1.0944 0.0048
-1.0352 0.1696
-1.08 0.1704
-1.0544 0.2008
-1.08 0.2008
-1.08 0.18
-1.1072 0.1024
-1.1552 -0.008
-1.0816 -0.0416
-1.0704 -0.0456
-1.0944 0.0696
-1.0928 0.0896
-1.1056 0.236
-1.1072 0.1344
-1.0624 0.0904
-1.16 0.104
-1.0656 0.0864
-1.0464 0.0728
-1.0768 0.1296
-1.064 0.2128
-1.072 0.1048
-1.0784 0.0488
-1.0544 0.0944
-1.04 0.0568
-0.9728 0.1016
-1.0608 0.028
-1.0736 0.1048
-1.0848 0.1456
-1.1728 0.2512
-1.1424 0.2512
-1.1104 0.2
-1.1104 0.132
-1.0048 -0.0392
-1.0592 0.0368
-1.088 -0.0328
-1.0704 -0.0536
-1.0368 0.0272
-1.0432 0.1224
-1.0992 0.044
-1.1584 0.0696
-1.0656 0.1312
-0.9712 0.0952
-1.0544 0.1792
-1.008 0.1416
-1.0192 0.0248
-1.0928 0.0936
-1.12 0.1192
-1.1008 0.1592
-1.112 0.1264
-1.1216 0.2712
-1.128 0.2584
-1.0544 0.1808
-1.0272 0.1248
-1.04 -0.0152
-1.0416 0.0696
-1.072 0.0888
-1.0416 0.1608
-1.1136 0.1392
-1.08 0.1624
-1.1504 0.1328
-1.032 0.1392
-1.0608 0.2024
-1.0496 0.0888
-0.9936 0.1
-1.0624 0.1392
-1.0288 0.1152
-1.0832 0.1032
-1.0304 0.032
-0.9696 0.0888
-1.0992 0.1552
-1.1312 0.208
-1.0304 0.18
-1.0976 0.2072
-1.0624 0.2224
-1.0944 0.288
-1.0704 0.2872
-1.0752 0.1696
-1.0752 0.0528
-1.0096 0.008
-1.0208 0.0808
-1.0192 0.0064
-1.04 -0.0064
-1.0976 0.1808
-1.0832 0.108
-1.0784 0.0232
-1.0976 0.0336
-1.1088 -0.0464
-1.0688 -0.1088
-1.096 -0.0608
-1.0384 -0.1336
-1.0208 -0.1208
-1.0128 -0.0952
-1.0624 -0.0928
-1.08 -0.0336
-1.1168 0.0328
-1.0656 -0.028
-1.0448 -0.0912
-1.0384 -0.1736
-1.04 -0.0704
-1.032 0.0456
-1.0512 0.0648
-1.1328 0.0816
-1.0896 0.0008
-1.056 0.1096
-1.0048 0.1384
-1.0064 0.1368
-1.032 0.1448
-1.1008 0.1192
-1.0816 0.1512
-1.0336 0.1576
-1.016 0.1552
-1.1456 0.0656
-1.1408 -0.028
-1.0864 0.0472
-1.024 0.0888
-1.1104 0.0096
-1.072 -0.0256
-1.0768 0.0592
-1.0736 0.0672
-1.0752 0.0696
-1.0496 -0.016
-1.0432 -0.0152
-1.1168 0.1024
-1.1184 0.0792
-1.048 0.1312
-1.1552 0.3008
-1.192 0.236
-1.0656 0.2384
-1.0592 0.2224
-1.0784 0.2272
-1.1072 0.3176
-1.1344 0.3392
-1.0784 0.3072
-1.1888 0.3736
-1.0736 0.3072
-1.1712 0.404
-1.1136 0.3048
-1.0992 0.1576
-1.0432 0.1336
-1.0864 0.1528
-1.0672 0.1592
-1.0768 0.2064
-1.0832 0.2176
-1.1312 0.3248
-1.072 0.2224
-1.0816 0.1624
-1.0912 0.1432
-1.0384 0.1328
-1.0128 0.1208
-1.1024 0.232
-1.0544 0.172
-1.072 0.2552
-1.0032 0.1336
-1.0848 0.1816
-1.1328 0.2496
-1.1248 0.184
-1.0464 0.1808
-1.1088 0.192
-1.1024 0.1224
-1.0256 0.056
-0.9744 -0.0168
-1.0288 0
-1.0544 -0.024
-0.9536 -0.116
-1.0384 -0.168
-1.136 -0.1984
-1.1616 -0.1656
-1.0736 -0.1632
-1.072 -0.14
-1.0976 -0.1328
-1.0448 -0.0096
-1.016 0.064
-1.0176 0.1616
-1.1232 0.1208
-1.1168 0.1984
-1.0368 0.092
-1.1136 0.1632
-1.0864 0.1744
-1.0576 0.148
-1.0784 0.1696
-1.0048 0.1312
-1.1024 0.0832
-1.0096 0.0104
-1.08 0.0784
-1.1472 0.1584
-1.0384 0.1344
-0.9872 0.0464
-1.0464 0.0576
-1.0032 0.064
-1.136 0.136
-1.0704 0.0024
-1.0528 0.0448
-1.0576 0.0616
-1.072 -0.02
-1.0448 -0.0416
-1.0352 0.0544
-1.1392 0.0288
-1.0976 -0.0648
-1.0816 -0.08
-1.0368 -0.056
-1.12 -0.0568
-1.1168 0.0192
-1.0432 0.0664
-1.0304 0.0448
-1.0512 0.1912
-1.128 0.1672
-1.1168 0.0936
-1.1072 0.1168
-1.1152 0.22
-1.1136 0.1984
-1.1264 0.1136
-1.1296 0.0864
-1.1072 0.1456
-1.0912 0.1368
-1.04 0.1488
-1.0704 0.1768
-1.0736 0.1416
-1.1008 0.1624
-1.1696 0.2168
-1.04 0.064
-1.104 -0.0096
-1.1392 0.004
-1.1472 0.1344
-1.0176 0.0416
-1.0944 0.0232
-1.1184 0.0288
-1.1392 -0.0144
-1.088 -0.0592
-1.0336 -0.0904
-1.0784 -0.0592
-1.096 0.0312
-1.0384 -0.0552
-1.072 -0.0424
-1.0096 -0.0056
-1.1152 -0.0192
-1.0752 -0.0928
-1.072 -0.0536
-0.9888 -0.0248
-1.1264 0
-1.0496 -0.1096
-1.024 -0.1512
-1.12 -0.2048
-1.0688 -0.3008
-1.128 -0.312
-1.1488 -0.268
-1.0592 -0.1872
-1.1488 -0.2936
-1.104 -0.2064
-1.0752 -0.2848
-1.0672 -0.3592
-1.0672 -0.2976
-1.1216 -0.2568
-1.0512 -0.1568
-0.9872 -0.232
-1.0768 -0.2544
-1.0224 -0.18
-1.1232 -0.1528
-1.0928 -0.1024
-1.2144 -0.0976
-1.1712 -0.1104
-1.1552 -0.1376
-1.0608 -0.252
-1.144 -0.284
-1.152 -0.1632
-1.0832 -0.1744
-1.1008 -0.0416
-1.2128 -0.0744
-1.0864 -0.1536
-1.1008 -0.2408
-1.0736 -0.152
-1.0304 -0.1832
-1.0096 -0.1136
-1.048 -0.12
-1.0768 -0.0336
-1.088 -0.0696
-1.0672 -0.0696
-1.088 0.0136
-1.1232 0.0688
-1.0784 0.1024
-1.0576 0.0288
-1.0368 -0.0216
-1.0608 -0.188
-1.1488 -0.1248
-1.0864 -0.12
-1.0912 -0.152
-1.1168 -0.2
-1.1648 -0.1832
-1.0624 -0.1624
-1.0368 -0.1048
-1.0496 -0.1544
-1.0784 -0.1856
-1.0752 -0.068
-1.048 -0.0232
-0.9936 -0.088
-1.0128 -0.1496
-0.9936 -0.0224
-1.0896 0.0184
-1.1072 -0.1104
-1.016 -0.1608
-1.0368 -0.1664
-1.0736 -0.048
-1.1072 -0.0384
-1.0848 -0.0472
-1.072 -0.0792
-1.104 -0.0096
-1.0944 0.0432
-1.096 0.0304
-1.104 -0.012
-1.0048 0.0656
-1.0672 -0.0504
-1.0448 -0.088
-1.1376 -0.1128
-1.0656 -0.0344
-1.0624 -0.1248
-1.0848 -0.0904
-1.0752 -0.1656
-1.0688 -0.0832
-1.0864 -0.1184
-1.0784 0.0568
-1.0192 0.092
-1.0848 0.104
-1.064 0.1048
-1.016 0.0704
-1.0704 0.04
-0.9696 -0.0024
-0.9648 -0.064
-1.0256 -0.1272
-0.992 -0.212
-0.952 -0.0504
-1.0144 -0.0144
-1.0816 0.0432
-1.0752 -0.0648
-1.0288 0.0616
-1.1248 0.1096
-1.048 0.0376
-1.0768 0.1064
-1.0336 0.0016
-1.0672 0.2152
-1.0752 0.2056
-1.1136 0.2976
-1.0976 0.3016
-1.1152 0.3968
-1.168 0.428
-1.064 0.3072
-1.0624 0.3184
-1.1776 0.2776
-1.0464 0.268
-1.1376 0.2472
-1.0432 0.168
-1.0064 0.0984
-1.0464 0.1224
-1.0576 0.1616
-1.1472 0.2168
-1.0064 0.1752
-1.0688 0.132
-1.0736 0.0968
-1.0512 -0.1192
-1.0368 -0.0264
-1.0512 -0.036
-1.1232 0.0144
-1 -0.0776
-1.064 -0.1112
-1.0112 -0.1488
-1.1296 -0.176
-1.0736 -0.1272
-1.0656 -0.1736
-1.0976 -0.244
-1.1712 -0.1944
-1.0944 -0.1528
-1.08 -0.0512
-1.0416 -0.0528
-1.0928 -0.068
-1.0336 0.072
-1.1088 0.0152
-1.0128 0.0016
-1.0768 0.0832
-1.1248 0.088
-1.1152 0.1248
-1.1056 0.152
-1.08 0.2272
-1.0608 0.2792
-1.0768 0.2312
-1.0288 0.1168
-1.0512 0.0936
-1.184 0.1672
-1.0176 0.1216
-1.1056 0.2
-1.0816 0.1592
-1.0944 0.2208
-1.1024 0.224
-1.0928 0.1992
-1.048 0.1712
-1.0432 0.2256
-1.0688 0.1976
-1.1136 0.168
-1.0992 0.1176
-1.1136 0.2432
-1.1168 0.2856
-1.1632 0.3784
-1.0976 0.3064
-1.1088 0.1768
-1.0464 0.2592
-1.0784 0.2272
-1.0912 0.2928
-1.08 0.248
-1.0304 0.2784
-1.0048 0.2632
-1.0336 0.1584
-1.1168 0.1672
-1.056 0.0112
-1.0224 0.0496
-1.1184 0.0984
-1.0928 0.1544
-1.0432 0.0688
-1.0784 0.0296
-1.1232 -0.0288
-1.104 0.08
-1.096 0.06
-1.0912 0.0384
-1.0848 0.0176
-1.0464 0.0008
-1.0704 -0.0208
-1.0832 -0.0376
-1.1264 0.0528
-1.0176 0.0792
-1.088 0.1528
-1.1264 0.2144
-1.1104 0.2176
-1.1536 0.2272
-1.096 0.1416
-1.0704 0.1256
-1.08 0.2152
-1.1008 0.2216
-1.0048 0.0488
-1.104 0.0648
-1.1152 0.08
-1.128 0.0704
-1.0656 0.0512
-1.0656 -0.1
-1.1072 -0.1904
-1.0672 -0.1736
-1.1008 -0.1496
-1.1232 -0.1032
-1.1296 -0.0672
-1.0704 -0.0224
-1.1408 -0.0448
-1.0384 -0.0504
-1.1088 -0.1408
-1.152 -0.192
-0.9712 -0.1616
-1.0784 -0.0592
-1.0848 -0.1416
-1.064 -0.1408
-1.0848 -0.0568
-1.0816 -0.0752
-1.0544 -0.1392
-1.104 -0.2192
-1.0192 -0.1968
-1.032 -0.1512
-1.0496 -0.1624
-1.0928 -0.148
-1.0624 -0.1896
-1.0576 -0.1016
-1.0448 -0.1024
-1.064 -0.1032
-1.0656 -0.0968
-1.0656 -0.0496
-1.0768 -0.0192
-1.0688 -0.0384
-1.1056 -0.0624
-1.0896 -0.1776
-1.1696 -0.0736
-1.0416 -0.064
-1.0096 0.012
-1.0288 -0.0176
-1.0832 -0.2128
-1.0928 -0.2544
-1.0848 -0.268
-1.0912 -0.0784
-1.1248 -0.004
-1.1376 -0.0304
-1.0752 -0.032
-1.0496 -0.0672
-1.056 -0.0728
-1.1632 -0.1912
-1.0736 -0.1928
-1.1072 -0.0976
-1.0496 -0.104
-1.0432 -0.0728
-1.0272 0.0056
-1.1056 0.1008
-1.0128 -0.0056
-1.0288 -0.0664
-1.1024 -0.0408
-1.1088 -0.004
-1.1152 -0.1056
-1.0576 -0.0728
-1.1056 -0.1648
-1.12 -0.2368
-1.088 -0.2624
-1.1344 -0.2832
-1.144 -0.4336
-1.2016 -0.4624
-1.0864 -0.3328
-1.12 -0.292
-1.1408 -0.4008
-1.1664 -0.4472
-1.0784 -0.2856
-1.1232 -0.3408
-1.0928 -0.2632
-1.0784 -0.2784
-1.0624 -0.1912
-1.0448 -0.1808
-1.0416 -0.1096
-1.1392 -0.224
-1.12 -0.2888
-1.0688 -0.2464
-1.12 -0.2408
-1.1424 -0.3232
-1.0864 -0.3528
-1.0384 -0.2976
-1.0256 -0.096
-1.0736 -0.0768
-1.0656 -0.172
-1.0512 -0.1496
-1.1088 -0.0928
-1.12 -0.1536
-1.1136 -0.208
-1.12 -0.156
-1.1344 -0.2128
-1.0896 -0.1248
-1.1024 -0.0856
-1.0624 -0.14
-1.0608 -0.1648
-1.1072 -0.0848
-1.0656 -0.064
-1.1632 0.0152
-1.0416 0.0472
-1.1248 0.1576
-1.0752 0.1536
-1.0848 0.2464
-1.1584 0.2576
-1.0608 0.2728
-1.12 0.1496
-1.12 0.1192
-1.072 0.1176
-1.1504 0.2208
-1.0656 0.1976
-1.1472 0.1088
-1.0464 0.172
-1.0384 0.1192
-1.0464 0.0008
-1.064 -0.0024
-0.9536 -0.096
-1.048 -0.068
-1.136 -0.0616
-1.088 -0.0968
-1.0256 -0.02
-1.0624 -0.0488
-1.104 -0.116
-1.0352 -0.1344
-1.096 -0.1136
-1.0128 -0.1544
-1.0576 -0.188
-1.0608 -0.2064
-1.064 -0.1056
-1.0736 -0.1328
-1.1136 -0.0624
-1.0544 -0.0848
-1.1152 -0.0856
-1.144 -0.0144
-1.024 -0.0368
-1.12 -0.0544
-1.1168 0.072
-1.1328 0.116
-1.1248 0.1672
-1.1264 0.2256
-1.0768 0.1528
-1.088 0.1168
-1.0544 0.1496
-1.0816 0.1288
-1.0448 0.1024
-1.0384 -0.004
-1.0176 0.0352
-1.0096 0.0336
-1.0528 0.0264
-1.0448 0.0496
-1.016 0.0616
-1.0128 0.1344
-1.0704 0.0816
-1.064 0.0728
-1.0352 0.0408
-0.9696 0.0832
-1.0048 0.068
-1.1104 -0.0432
-1.0912 -0.0072
-1.04 -0.0664
-1.1248 -0.0768
-1.0064 -0.0104
-1.1216 -0.052
-1.0912 -0.128
-1.0928 -0.0656
-1.1152 -0.0976
-1.0144 0.08
-1.1296 0.2136
-1.0528 0.1024
-1.1104 0.1336
-1.0656 0.0608
-1.064 0.1504
-1.056 0.1456
-1.1328 0.2944
-1.0752 0.1208
-1.112 0.0744
-1.0736 0.0216
-1.1344 0.0056
-1.0736 0.0472
-1.0064 0.1232
-1.1312 0.1296
-1.0176 0.0112
-1.104 0.068
-1.1072 -0.0328
-1.0928 -0.004
-1.0864 0.0024
-1.0576 0.0808
-1.1072 0.132
-1.024 0.0328
-1.12 0.0368
-1.1152 0.036
-1.0416 -0.0824
-1.1008 -0.1256
-1.1424 -0.0152
-1.0384 -0.0464
-1.1008 -0.1344
-1.0688 -0.112
-1.016 -0.0488
-1.1056 -0.1064
-1.0832 -0.1128
-1.0368 -0.0624
-1.0384 -0.0272
-1.0384 -0.0656
-1.0256 -0.0352
-1.0544 0.0048
-1.0672 0.036
-1.0736 0.0264
-1.1152 -0.0568
-1.1056 -0.1096
-1.1264 -0.0392
-1.144 -0.088
-1.0848 -0.1088
-1.1104 -0.1256
-1.1136 -0.0992
-1.032 -0.0824
-1.0144 -0.176
-1.0272 -0.1248
-0.9984 -0.1856
-1.0432 -0.26
-1.0512 -0.2344
-1.128 -0.2496
-1.1168 -0.1624
-1.2128 -0.3176
-1.1088 -0.2504
-1.0736 -0.096
-1.0832 -0.0856
-1.008 -0.1472
-1.1024 -0.0472
-1.0672 -0.004
-1.0864 -0.0136
-1.04 -0.0048
-1.0752 -0.1096
-1.0704 -0.0904
-1.1456 -0.1048
-1.1296 -0.1696
-1.1008 -0.0656
-1.08 -0.1312
-1.0624 -0.0768
-1.12 -0.06
-1.0912 -0.0968
-1.0288 -0.0208
-1.08 0.08
-1.0656 -0.0024
-1.0192 0.0168
-1.0224 -0.1448
-1.0768 -0.2328
-1.016 -0.1544
-1.1072 -0.1328
-1.0864 -0.0968
-1.0768 -0.0928
-1.0768 0.0016
-1.0608 0.0976
-0.9888 0.0464
-1.1152 0.0976
-1.0768 0.0944
-1.1184 0.1824
-1.088 0.1304
-1.072 0.1968
-1.0608 0.1616
-1.0864 0.0664
-1.1168 0.14
-1.1328 0.1872
-1.1648 0.1968
-1.0992 0.2528
-1.0976 0.2432
-1.0176 0.1992
-1.0672 0.196
-1.056 0.132
-1.048 0.064
-1.0256 0.04
-1.0032 0.0024
-1.0688 0.008
-1.0448 0.0176
-1.1616 0.052
-0.9936 0.1648
-1.0432 0.092
-1.0448 -0.0144
-1.1056 -0.0664
-1.0816 -0.028
-1.0128 -0.0624
-1.04 -0.0184
-0.9904 0.0824
-1.1184 0.0536
-1.0864 -0.0568
-1.0272 -0.0304
-1.1184 -0.0768
-1.0864 -0.0792
-1.0848 -0.0696
-1.0256 -0.0408
-1.056 -0.1432
-1.1056 -0.164
-1.0704 -0.0368
-1.144 0.124
-1.048 0.1816
-1.0624 0.052
-1.0096 0.0168
-1.0912 -0.0824
-1.0672 -0.0648
-1.088 -0.0408
-1.1824 -0.1624
-1.112 -0.0416
-1.096 0.0928
-1.1632 0.2216
-1.1568 0.1272
-1.08 0.0848
-1.0688 0.1112
-1.056 0.164
-1.0736 0.1832
-1.088 0.1248
-1.0688 0.0688
-1.0608 -0.0424
-1.1648 -0.0792
-1.0544 -0.0704
-1.0944 -0.1832
-1.1424 -0.2184
-1.0736 -0.1592
-1.04 -0.1768
-1.0416 0.0176
-1.0192 -0.0792
-1.1456 -0.0968
-1.104 -0.1504
-1.0576 -0.1288
-1.1104 -0.0552
-1.0672 -0.0792
-1.1136 0.0352
-1.0448 0.0408
-1.0384 0.036
-1.096 0.0824
-1.0288 0.1088
-1.08 0.0352
-1.0672 0.108
-1.056 0.0528
-1.0832 0.0968
-1.0528 0.1152
-1.1072 0.2864
-1.1504 0.2368
-1.1008 0.1768
-1.0736 0.1896
-1.1632 0.1744
-1.0464 0.236
-1.088 0.1856
-1.08 0.1568
-1.1136 0.0264
-1.128 -0.012
-1.08 0.0352
-1.176 0.0312
-1.1376 0.0568
-1.0288 0.0632
-0.9872 0.0976
-0.9968 0.0688
-1.0304 0.1128
-0.9888 0.1032
-1.0512 0.1504
-1.1232 0.0264
-1.0832 0.0072
-1.0864 0.0704
-1.0976 0.0408
-1.0752 -0.0576
-1.1136 -0.0008
-1.1296 -0.0312
-1.1696 -0.0496
-1.0672 0.0048
-1.0368 0.0168
-1.096 -0.08
-1.1312 -0.0816
-1.0464 -0.064
-1.0864 -0.0176
-1.0848 -0.0896
-1.1008 -0.02
-1.0848 -0.1056
-1.096 -0.0696
-1.0992 0.0824
-1.0896 0.0056
-1.1248 0.0992
-1.0816 0.1272
-1.1216 0.124
-1.0992 0.0784
-1.1104 0.0896
-1.0128 -0.0448
-1.072 -0.0752
-1.0896 0.024
-0.9696 -0.044
-1.1072 -0.0208
-1.0096 -0.004
-1.024 -0.0544
-1.0384 -0.0568
-1.0832 -0.0696
-1.0592 -0.092
-1 -0.0344
-1.0336 0.0768
-1.0448 -0.004
-1.1168 -0.012
-1.104 -0.0064
-1.0912 0.0224
-1.1216 0.1784
-1.0832 0.0928
-1.0832 0.108
-1.0464 0.1224
-1.0896 0.0568
-1.1344 0.0848
-1.096 -0.0008
-1.0368 0.1032
-1.1248 0.1224
-1.0784 0.0896
-1.136 0.1488
-1.0416 0.016
-1.016 0.028
-1.0544 -0.0048
-1.0544 0.0384
-1.112 0.0568
-1.0928 0.0584
-1.1552 0.0864
-1.0032 0.0576
-1.096 0.12
-1.1376 0.0952
-1.0592 0.172
-1.0704 0.0968
-1.0688 0.1264
-1.072 0.1336
-1.2544 0.0976
-1.0816 0.0456
-1.072 0.1496
-1.1088 0.2408
-1.1952 0.2688
-1.1536 0.3184
-1.1264 0.216
-1.0736 0.112
-1.1024 0.1912
-1.1392 0.0992
-1.1104 0.06
-1.0944 0.0088
-1.128 -0.0592
-1.1504 -0.0208
-1.1952 -0.036
-1.1504 -0.0744
-1.0928 0
-1.2128 -0.032
-1.112 -0.0616
-1.0688 -0.0544
-1.0912 -0.044
-1.056 -0.1008
-1.1136 -0.1672
-1.0848 -0.2304
-1.0736 -0.216
-1.136 -0.1784
-1.0784 -0.128
-1.0464 -0.0376
-1.0912 0.0408
-1.056 0.0248
-1.112 0.0408
-1.08 0.1576
-1.0496 0.1896
-1.1056 0.1528
-1.0736 0.1712
-1.096 0.1712
-1.1248 0.0264
-1.072 0.0608
-1.0272 -0.016
-1.136 -0.0728
-1.1408 -0.0488
-1.024 -0.0304
-0.9952 -0.0144
-1.1248 0.0192
-1.1184 -0.0416
-1.0208 0.036
-1.0624 -0.0528
-1.0512 -0.128
-1.0496 -0.1056
-1.0528 -0.1768
-1.0448 -0.192
-1.1056 -0.2048
-1.112 -0.0648
-1.0272 -0.0416
-1.0976 -0.0496
-1.0768 -0.0232
-1.1088 -0.032
-1.104 -0.0384
-1.0496 0.096
-1.032 0.0392
-1.0656 -0.1032
-1.152 -0.1584
-1.0352 -0.1656
-1.0864 -0.1568
-1.1728 -0.2128
-1.0768 -0.0952
-0.992 -0.1144
-1.04 -0.1176
-1.0336 -0.0304
-1.0576 -0.0928
-1.0528 0.028
-1.1104 0.1128
-1.096 0.0376
-1.048 0.0424
-1.0992 0.0328
-1.0496 0.0512
-1.1344 -0.0912
-1.0752 -0.0936
-1.0208 -0.0008
-1.0976 -0.0776
-1.1056 -0.0872
-1.0352 0.0256
-1.0928 0.12
-1.1408 0.2232
-0.9904 0.2136
-1.0384 0.204
-1.0704 0.1368
-1.0608 0.1096
-1.0416 -0.0024
-1.0192 0.0088
-0.9888 0.0264
-1.0864 -0.0544
-1.0032 -0.112
-1.1056 -0.1368
-1.0384 -0.1032
-1.0496 -0.1416
-1.0608 -0.036
-1.04 0.0728
-1.0672 0.2272
