-1.4736 0.5816
-1.464 0.5616
-1.416 0.5792
-1.464 0.6024
-1.4128 0.5704
-1.3808 0.5544
-1.3952 0.6208
-1.472 0.6872
-1.3904 0.5912
-1.3712 0.6048
-1.5232 0.6688
-1.4192 0.6736
-1.4112 0.6744
-1.4192 0.664
-1.5248 0.6632
-1.4256 0.6784
-1.4672 0.668
-1.4576 0.6976
-1.4448 0.676
-1.4112 0.7216
-1.3952 0.7008
-1.5088 0.784
-1.5264 0.7848
-1.4816 0.7464
-1.4544 0.708
-1.368 0.6088
-1.4864 0.6984
-1.4416 0.6976
-1.5216 0.7488
-1.4832 0.7208
-1.4544 0.6768
-1.4144 0.6912
-1.4128 0.6248
-1.4512 0.6656
-1.4688 0.6592
-1.3632 0.6168
-1.3648 0.5552
-1.4336 0.5912
-1.48 0.5832
-1.4336 0.5752
-1.3824 0.588
-1.4016 0.6416
-1.4192 0.6952
-1.3632 0.6712
-1.432 0.7168
-1.4848 0.6992
-1.5216 0.7712
-1.48 0.7768
-1.5152 0.8032
-1.4832 0.7784
-1.4768 0.7704
-1.5408 0.8088
-1.5104 0.8032
-1.4768 0.7504
-1.4352 0.7152
-1.3936 0.6248
-1.4416 0.7104
-1.3968 0.688
-1.5312 0.728
-1.3728 0.6216
-1.3296 0.64
-1.4032 0.6544
-1.5472 0.7176
-1.4688 0.6784
-1.4752 0.7336
-1.5008 0.7264
-1.488 0.7312
-1.576 0.8032
-1.5072 0.7632
-1.5248 0.7992
-1.488 0.78
-1.5408 0.7752
-1.5552 0.7976
-1.5008 0.7656
-1.5024 0.7944
-1.5728 0.8296
-1.5056 0.7696
-1.3856 0.7304
-1.4528 0.7016
-1.4432 0.6936
-1.456 0.6992
-1.4672 0.7128
-1.4832 0.6976
-1.4016 0.6352
-1.4272 0.6576
-1.4544 0.716
-1.4432 0.6944
-1.4192 0.6776
-1.4416 0.6328
-1.448 0.68
-1.472 0.6808
-1.4944 0.656
-1.448 0.644
-1.4704 0.6664
-1.4656 0.6936
-1.4784 0.7448
-1.5216 0.7664
-1.5392 0.7896
-1.4912 0.7696
-1.5072 0.7656
-1.4704 0.7504
-1.488 0.7824
-1.4896 0.7832
-1.4032 0.72
-1.5392 0.8184
-1.5728 0.8432
-1.5104 0.7744
-1.5344 0.7736
-1.4416 0.728
-1.5296 0.7624
-1.4336 0.7136
-1.4816 0.724
-1.4784 0.7328
-1.472 0.7192
-1.5664 0.7848
-1.5072 0.7464
-1.5328 0.7816
-1.5264 0.7696
-1.48 0.7008
-1.3856 0.6264
-1.3744 0.5768
-1.4096 0.5864
-1.4656 0.572
-1.3824 0.552
-1.4384 0.6264
-1.3808 0.5736
-1.3952 0.508
-1.3792 0.5136
-1.384 0.4424
-1.3536 0.3944
-1.328 0.496
-1.3584 0.5648
-1.3968 0.5736
-1.344 0.5312
-1.4032 0.5288
-1.352 0.364
-1.3136 0.3272
-1.4128 0.3832
-1.3824 0.3816
-1.384 0.3248
-1.3136 0.2528
-1.2784 0.1984
-1.3024 0.2352
-1.32 0.264
-1.3648 0.2536
-1.2848 0.2
-1.4064 0.1864
-1.3088 0.0856
-1.3904 0.0896
-1.2832 -0.0352
-1.3792 -0.0608
-1.328 -0.044
-1.3456 -0.1328
-1.352 -0.2408
-1.3392 -0.2784
-1.3504 -0.324
-1.2688 -0.3048
-1.2992 -0.2752
-1.3072 -0.28
-1.3664 -0.3352
-1.376 -0.384
-1.2784 -0.2792
-1.3456 -0.2776
-1.4048 -0.3352
-1.432 -0.4088
-1.4624 -0.4104
-1.4448 -0.4864
-1.3856 -0.4928
-1.3552 -0.4336
-1.3504 -0.2976
-1.4 -0.356
-1.3584 -0.2768
-1.3792 -0.3552
-1.4608 -0.3272
-1.3792 -0.3376
-1.3648 -0.3928
-1.4144 -0.4208
-1.312 -0.3832
-1.4016 -0.4216
-1.4304 -0.4624
-1.4192 -0.452
-1.3856 -0.3968
-1.3568 -0.3984
-1.4192 -0.5136
-1.4416 -0.5216
-1.448 -0.452
-1.3872 -0.428
-1.4256 -0.4536
-1.3744 -0.5184
-1.4288 -0.5624
-1.3712 -0.5552
-1.4144 -0.6128
-1.4672 -0.6416
-1.4656 -0.6688
-1.4192 -0.6568
-1.4224 -0.6736
-1.3952 -0.7152
-1.4656 -0.732
-1.3984 -0.6976
-1.424 -0.6952
-1.4672 -0.7432
-1.4672 -0.7528
-1.4896 -0.7248
-1.4384 -0.7168
-1.5024 -0.7392
-1.5424 -0.7288
-1.456 -0.7288
-1.4976 -0.7408
-1.4672 -0.7736
-1.536 -0.8064
-1.5056 -0.7384
-1.4192 -0.7496
-1.4448 -0.6864
-1.4144 -0.6584
-1.4096 -0.6912
-1.4512 -0.6488
-1.3696 -0.6632
-1.44 -0.6776
-1.4848 -0.6912
-1.3664 -0.5856
-1.4544 -0.6408
-1.4272 -0.62
-1.416 -0.6344
-1.44 -0.7008
-1.4128 -0.6496
-1.3408 -0.6064
-1.4304 -0.6552
-1.4688 -0.6576
-1.5152 -0.6888
-1.4208 -0.7072
-1.4208 -0.6848
-1.4912 -0.6888
-1.4688 -0.7096
-1.5456 -0.6944
-1.4144 -0.5768
-1.4624 -0.5656
-1.4672 -0.5632
-1.3136 -0.5168
-1.3856 -0.6104
-1.4128 -0.5992
-1.4704 -0.672
-1.5152 -0.7464
-1.4272 -0.7272
-1.4608 -0.7416
-1.5088 -0.7664
-1.5648 -0.824
-1.4576 -0.7872
-1.5568 -0.8144
-1.5088 -0.804
-1.4896 -0.784
-1.52 -0.7896
-1.4736 -0.7504
-1.4624 -0.7056
-1.4512 -0.6968
-1.4608 -0.688
-1.496 -0.7024
-1.448 -0.6912
-1.4592 -0.6824
-1.4832 -0.7088
-1.4688 -0.7208
-1.416 -0.7152
-1.4656 -0.6968
-1.4688 -0.72
-1.5264 -0.7328
-1.4544 -0.7112
-1.4864 -0.7272
-1.4112 -0.72
-1.5008 -0.7888
-1.6176 -0.8496
-1.5952 -0.8408
-1.4288 -0.7448
-1.4592 -0.7424
-1.48 -0.7272
-1.4352 -0.6648
-1.4608 -0.7088
-1.4576 -0.696
-1.4768 -0.748
-1.4768 -0.788
-1.4864 -0.776
-1.4416 -0.752
-1.5616 -0.7984
-1.488 -0.7896
-1.5856 -0.832
-1.4384 -0.7392
-1.4784 -0.7744
-1.4928 -0.7608
-1.5232 -0.7792
-1.4992 -0.7864
-1.4496 -0.7272
-1.4112 -0.6984
-1.3824 -0.6544
-1.4736 -0.7152
-1.4736 -0.7416
-1.4224 -0.6904
-1.4128 -0.6768
-1.4928 -0.6936
-1.4336 -0.664
-1.4048 -0.6776
-1.472 -0.7384
-1.4736 -0.7336
-1.4368 -0.672
-1.4528 -0.6744
-1.4992 -0.7488
-1.4048 -0.6224
-1.3248 -0.648
-1.4144 -0.6544
-1.4128 -0.6128
-1.4048 -0.608
-1.3936 -0.5992
-1.3856 -0.6352
-1.4144 -0.6168
-1.3856 -0.5936
-1.3376 -0.616
-1.4176 -0.6776
-1.4688 -0.7664
-1.552 -0.804
-1.4928 -0.7872
-1.536 -0.8088
-1.5104 -0.8128
-1.632 -0.876
-1.5552 -0.8136
-1.4336 -0.7408
-1.504 -0.7648
-1.4864 -0.7448
-1.52 -0.8056
-1.4864 -0.7776
-1.5024 -0.7944
-1.4528 -0.744
-1.5008 -0.7848
-1.4384 -0.732
-1.432 -0.7456
-1.392 -0.7344
-1.456 -0.7464
-1.4576 -0.7472
-1.4784 -0.7632
-1.48 -0.7424
-1.4352 -0.7208
-1.4544 -0.7336
-1.4832 -0.7056
-1.4032 -0.676
-1.4384 -0.6816
-1.432 -0.6512
-1.4224 -0.5832
-1.4304 -0.6896
-1.4704 -0.6896
-1.4592 -0.688
-1.448 -0.6864
-1.4576 -0.6664
-1.4544 -0.644
-1.448 -0.648
-1.4208 -0.5832
-1.4544 -0.6568
-1.424 -0.6992
-1.4224 -0.692
-1.416 -0.6688
-1.4128 -0.644
-1.3984 -0.684
-1.4464 -0.72
-1.4576 -0.728
-1.4592 -0.7192
-1.5216 -0.7704
-1.4208 -0.724
-1.5664 -0.804
-1.4 -0.7312
-1.4864 -0.7952
-1.608 -0.8376
-1.4736 -0.7384
-1.4512 -0.7632
-1.4224 -0.7416
-1.4704 -0.7696
-1.5296 -0.716
-1.4464 -0.6896
-1.4864 -0.7368
-1.4656 -0.7256
-1.4352 -0.6776
-1.4528 -0.74
-1.4176 -0.7104
-1.448 -0.7352
-1.4448 -0.724
-1.48 -0.748
-1.4448 -0.712
-1.5008 -0.7144
-1.4336 -0.6832
-1.3936 -0.664
-1.4416 -0.6992
-1.504 -0.7232
-1.4528 -0.7192
-1.456 -0.7336
-1.5344 -0.772
-1.472 -0.7584
-1.4992 -0.768
-1.4736 -0.7736
-1.5184 -0.7736
-1.4352 -0.7328
-1.5008 -0.7792
-1.4528 -0.7224
-1.4912 -0.7472
-1.4736 -0.6936
-1.4384 -0.7208
-1.3856 -0.6952
-1.5296 -0.7384
-1.4544 -0.6888
-1.3904 -0.6712
-1.2976 -0.6224
-1.3664 -0.6392
-1.4176 -0.6424
-1.4496 -0.6728
-1.4416 -0.7312
-1.3568 -0.6784
-1.432 -0.708
-1.4848 -0.7784
-1.5184 -0.7856
-1.5136 -0.8024
-1.4688 -0.7376
-1.4688 -0.78
-1.5456 -0.8104
-1.592 -0.8328
-1.5472 -0.8088
-1.4368 -0.7472
-1.4864 -0.712
-1.5024 -0.7416
-1.5296 -0.7736
-1.456 -0.7376
-1.4576 -0.7232
-1.4016 -0.6664
-1.4896 -0.6816
-1.392 -0.6376
-1.4176 -0.6368
-1.408 -0.6112
-1.3824 -0.596
-1.4096 -0.6384
-1.5312 -0.7064
-1.4496 -0.7072
-1.4256 -0.7024
-1.4608 -0.664
-1.3696 -0.5656
-1.376 -0.5768
-1.3504 -0.552
-1.4624 -0.6272
-1.3616 -0.5504
-1.3696 -0.5408
-1.4256 -0.5312
-1.3472 -0.5656
-1.3152 -0.6352
-1.4496 -0.7304
-1.4832 -0.7552
-1.4656 -0.7456
-1.416 -0.7352
-1.464 -0.7072
-1.4896 -0.7552
-1.3968 -0.6792
-1.424 -0.6808
-1.3904 -0.6912
-1.4672 -0.7656
-1.5056 -0.7608
-1.392 -0.668
-1.4224 -0.7296
-1.4528 -0.7232
-1.4624 -0.7168
-1.4384 -0.6448
-1.4 -0.6544
-1.5136 -0.7128
-1.4528 -0.7272
-1.4816 -0.724
-1.4144 -0.6784
-1.5008 -0.7232
-1.5168 -0.7416
-1.4304 -0.7208
-1.4864 -0.744
-1.5328 -0.7912
-1.4896 -0.7488
-1.5792 -0.8024
-1.5216 -0.7976
-1.5232 -0.7888
-1.5264 -0.792
-1.584 -0.8384
-1.5952 -0.8352
-1.5568 -0.8104
-1.5376 -0.7832
-1.5104 -0.7752
-1.5152 -0.788
-1.5136 -0.7448
-1.4592 -0.7496
-1.5648 -0.7816
-1.512 -0.7376
-1.4944 -0.6968
-1.408 -0.6168
-1.384 -0.6176
-1.3632 -0.5896
-1.408 -0.6672
-1.4448 -0.7424
-1.528 -0.816
-1.5456 -0.8176
-1.552 -0.808
-1.4928 -0.76
-1.5152 -0.776
-1.5248 -0.7504
-1.5008 -0.7624
-1.5584 -0.7792
-1.5344 -0.76
-1.4976 -0.7664
-1.4256 -0.7448
-1.4352 -0.6576
-1.5024 -0.7408
-1.4256 -0.7296
-1.4672 -0.728
-1.4704 -0.7456
-1.4192 -0.7096
-1.4624 -0.724
-1.4672 -0.7208
-1.4192 -0.712
-1.4768 -0.7744
-1.3952 -0.6984
-1.4816 -0.732
-1.464 -0.7616
-1.52 -0.7608
-1.5104 -0.7936
-1.5392 -0.7648
-1.512 -0.7584
-1.5152 -0.752
-1.4672 -0.7248
-1.4768 -0.7272
-1.4096 -0.7024
-1.4944 -0.7504
-1.464 -0.7376
-1.4192 -0.66
-1.4976 -0.7816
-1.44 -0.7032
-1.3936 -0.6848
-1.4864 -0.7856
-1.5072 -0.748
-1.5392 -0.7376
-1.448 -0.7232
-1.4576 -0.7264
-1.4976 -0.772
-1.496 -0.7624
-1.4992 -0.7848
-1.5008 -0.7528
-1.4384 -0.7344
-1.4624 -0.7752
-1.36 -0.7048
-1.4256 -0.7272
-1.5264 -0.768
-1.4096 -0.704
-1.4272 -0.7032
-1.4496 -0.7232
-1.5712 -0.8032
-1.3984 -0.712
-1.4368 -0.6992
-1.4896 -0.7384
-1.488 -0.768
-1.4704 -0.728
-1.3584 -0.6584
-1.5824 -0.788
-1.52 -0.7896
-1.5248 -0.776
-1.4752 -0.7376
-1.4496 -0.7256
-1.5168 -0.7328
-1.5024 -0.6992
-1.4496 -0.688
-1.4016 -0.66
-1.4672 -0.6888
-1.4336 -0.676
-1.464 -0.6664
-1.3856 -0.6112
-1.4848 -0.6424
-1.4256 -0.6544
-1.4896 -0.724
-1.5216 -0.7112
-1.4048 -0.672
-1.4576 -0.7584
-1.408 -0.676
-1.3616 -0.6592
-1.4256 -0.6264
-1.4288 -0.656
-1.528 -0.7224
-1.4864 -0.7608
-1.4672 -0.7888
-1.5328 -0.8048
-1.528 -0.808
-1.5664 -0.808
-1.488 -0.7416
-1.456 -0.7088
-1.3952 -0.6192
-1.3664 -0.604
-1.368 -0.5672
-1.4256 -0.6368
-1.4512 -0.7
-1.4192 -0.6352
-1.3664 -0.6152
-1.5344 -0.7096
-1.5216 -0.672
-1.4976 -0.7056
-1.4576 -0.692
-1.4528 -0.7416
-1.4992 -0.7736
-1.4848 -0.7592
-1.4736 -0.7896
-1.456 -0.7504
-1.4832 -0.748
-1.4976 -0.7552
-1.5008 -0.7728
-1.4304 -0.72
-1.456 -0.7728
-1.5376 -0.828
-1.5504 -0.8024
-1.4384 -0.7448
-1.512 -0.7936
-1.5184 -0.8
-1.5152 -0.808
-1.5504 -0.8248
-1.5056 -0.8032
-1.5456 -0.8112
-1.52 -0.8088
-1.504 -0.7688
-1.6 -0.8384
-1.4624 -0.7888
-1.4848 -0.7392
-1.4288 -0.6816
-1.3776 -0.624
-1.4736 -0.644
-1.3888 -0.6264
-1.432 -0.6528
-1.4048 -0.648
-1.5216 -0.7232
-1.4448 -0.6744
-1.376 -0.6264
-1.44 -0.6168
-1.5024 -0.6672
-1.4464 -0.6848
-1.4672 -0.664
-1.4784 -0.6992
-1.4608 -0.7088
-1.4704 -0.7248
-1.4352 -0.6728
-1.472 -0.7064
-1.4576 -0.6752
-1.5152 -0.7416
-1.4656 -0.7736
-1.5296 -0.8032
-1.4624 -0.7816
-1.5392 -0.8336
-1.456 -0.7432
-1.5328 -0.8048
-1.5072 -0.8048
-1.552 -0.8048
-1.4832 -0.7688
-1.4448 -0.7384
-1.4224 -0.6936
-1.5232 -0.74
-1.4352 -0.7408
-1.5216 -0.7968
-1.5424 -0.8328
-1.5264 -0.8128
-1.5328 -0.768
-1.3136 -0.636
-1.4272 -0.6072
-1.384 -0.5904
-1.4944 -0.5824
-1.4032 -0.5856
-1.3664 -0.4824
-1.3632 -0.4848
-1.4448 -0.512
-1.4048 -0.4992
-1.4 -0.4912
-1.4096 -0.544
-1.384 -0.5024
-1.3808 -0.484
-1.4336 -0.4752
-1.384 -0.4872
-1.3424 -0.3872
-1.4336 -0.54
-1.3488 -0.5296
-1.4064 -0.532
-1.4224 -0.5544
-1.4272 -0.5256
-1.3904 -0.5536
-1.4528 -0.5832
-1.4032 -0.5968
-1.3536 -0.5848
-1.456 -0.524
-1.4608 -0.5192
-1.3776 -0.5912
-1.3968 -0.588
-1.4384 -0.624
-1.4032 -0.544
-1.4208 -0.5728
-1.4 -0.5608
-1.4304 -0.5968
-1.4272 -0.6288
-1.432 -0.5944
-1.3936 -0.5888
-1.3776 -0.5624
-1.3872 -0.5232
-1.392 -0.5952
-1.4288 -0.5992
-1.3824 -0.576
-1.3696 -0.6032
-1.456 -0.66
-1.4608 -0.6192
-1.376 -0.5424
-1.3504 -0.5472
-1.3904 -0.6144
-1.3568 -0.572
-1.4608 -0.588
-1.4608 -0.604
-1.496 -0.6496
-1.4544 -0.5976
-1.3632 -0.5472
-1.392 -0.5952
-1.3744 -0.5888
-1.3552 -0.5096
-1.4848 -0.656
-1.4512 -0.7112
-1.5024 -0.7344
-1.3952 -0.7328
-1.4624 -0.7
-1.3728 -0.6632
-1.464 -0.7448
-1.5232 -0.812
-1.4816 -0.7944
-1.4688 -0.7744
-1.5008 -0.7528
-1.5152 -0.7648
-1.4224 -0.7272
-1.56 -0.7768
-1.4896 -0.72
-1.4544 -0.6848
-1.5024 -0.708
-1.4672 -0.7016
-1.4784 -0.708
-1.5392 -0.7648
-1.6272 -0.8048
-1.5216 -0.7432
-1.416 -0.6544
-1.3872 -0.6176
-1.4672 -0.6264
-1.424 -0.6552
-1.4528 -0.6264
-1.3648 -0.6096
-1.3808 -0.5736
-1.352 -0.588
-1.392 -0.6664
-1.4144 -0.6984
-1.4176 -0.7016
-1.4336 -0.6888
-1.4352 -0.6248
-1.4304 -0.6488
-1.4128 -0.6336
-1.3952 -0.6392
-1.4544 -0.6592
-1.5216 -0.7328
-1.3984 -0.6792
-1.4496 -0.7432
-1.3664 -0.5704
-1.4 -0.5976
-1.36 -0.5896
-1.3552 -0.6312
-1.5248 -0.7592
-1.4256 -0.7192
-1.4688 -0.7456
-1.5328 -0.7768
-1.4944 -0.7752
-1.4496 -0.7536
-1.5008 -0.7592
-1.4496 -0.7104
-1.496 -0.752
-1.496 -0.7768
-1.4992 -0.7656
-1.5552 -0.8048
-1.5584 -0.8248
-1.472 -0.7696
-1.4832 -0.7744
-1.4432 -0.7664
-1.4576 -0.7384
-1.4512 -0.7152
-1.5152 -0.7672
-1.4816 -0.7464
-1.3904 -0.7096
-1.4224 -0.744
-1.4672 -0.7512
-1.448 -0.7488
-1.5808 -0.836
-1.5888 -0.8464
-1.4608 -0.76
-1.5456 -0.7712
-1.504 -0.7872
-1.552 -0.7736
-1.4896 -0.7568
-1.5248 -0.7808
-1.4304 -0.7256
-1.4736 -0.7168
-1.4288 -0.6688
-1.4624 -0.724
-1.5136 -0.7808
-1.4928 -0.7904
-1.4736 -0.7584
-1.4176 -0.7104
-1.5376 -0.7824
-1.464 -0.7184
-1.4496 -0.676
-1.4464 -0.7696
-1.4256 -0.7712
-1.424 -0.7408
-1.4592 -0.7544
-1.4016 -0.6896
-1.4528 -0.7128
-1.5008 -0.74
-1.4896 -0.732
-1.4144 -0.7256
-1.3968 -0.6896
-1.4624 -0.6696
-1.424 -0.6552
-1.464 -0.728
-1.4816 -0.7736
-1.5024 -0.764
-1.4928 -0.7328
-1.4 -0.7072
-1.3824 -0.6848
-1.3472 -0.6768
-1.3776 -0.6656
-1.4336 -0.676
-1.4912 -0.7224
-1.3776 -0.6944
-1.4656 -0.7688
-1.5472 -0.8
-1.4368 -0.6848
-1.5088 -0.7504
-1.464 -0.764
-1.4624 -0.7408
-1.5216 -0.7952
-1.4832 -0.772
-1.4576 -0.7496
-1.5232 -0.8016
-1.5168 -0.7984
-1.52 -0.76
-1.4816 -0.788
-1.496 -0.7816
-1.44 -0.7152
-1.4688 -0.7656
-1.4928 -0.7944
-1.4944 -0.7968
-1.56 -0.8048
-1.5424 -0.7568
-1.392 -0.7032
-1.4576 -0.7008
-1.4864 -0.7664
-1.4976 -0.7488
-1.5264 -0.7608
-1.5088 -0.7304
-1.4944 -0.7392
-1.4976 -0.7384
-1.4288 -0.684
-1.4336 -0.6896
-1.4256 -0.6784
-1.48 -0.7424
-1.32 -0.6792
-1.4496 -0.7184
-1.5248 -0.7616
-1.4816 -0.7552
-1.4816 -0.772
-1.4272 -0.7096
-1.5008 -0.7776
-1.4816 -0.768
-1.4976 -0.7544
-1.5216 -0.796
-1.5056 -0.8
-1.5296 -0.7824
-1.52 -0.7904
-1.4304 -0.7312
-1.4832 -0.7416
-1.4624 -0.7424
-1.4368 -0.7304
-1.544 -0.8016
-1.512 -0.7736
-1.4528 -0.7488
-1.5616 -0.7904
-1.4832 -0.7664
-1.5168 -0.7792
-1.5168 -0.78
-1.4528 -0.74
-1.5168 -0.7832
-1.44 -0.756
-1.3648 -0.6568
-1.432 -0.688
-1.5232 -0.748
-1.504 -0.7744
-1.5312 -0.8112
-1.5024 -0.7696
-1.4224 -0.7128
-1.4768 -0.7536
-1.3664 -0.6768
-1.456 -0.6856
-1.4048 -0.6408
-1.5088 -0.728
-1.5216 -0.724
-1.4608 -0.6928
-1.4384 -0.692
-1.4176 -0.7448
-1.4384 -0.7304
-1.4384 -0.744
-1.488 -0.768
-1.5248 -0.8056
-1.48 -0.7456
-1.4464 -0.7264
-1.4432 -0.7248
-1.4384 -0.728
-1.496 -0.7304
-1.4464 -0.7544
-1.5184 -0.772
-1.4544 -0.728
-1.4928 -0.7224
-1.4064 -0.6312
-1.416 -0.6904
-1.3888 -0.6712
-1.456 -0.648
-1.4432 -0.6696
-1.4976 -0.7312
-1.4128 -0.668
-1.408 -0.632
-1.3552 -0.5824
-1.3856 -0.652
-1.3808 -0.6336
-1.3632 -0.6912
-1.5408 -0.7968
-1.4096 -0.6992
-1.464 -0.7128
-1.4544 -0.7256
-1.4704 -0.7464
-1.5184 -0.7816
-1.4672 -0.7608
-1.5584 -0.8024
-1.4848 -0.7536
-1.5104 -0.7792
-1.5248 -0.8136
-1.496 -0.7584
-1.4528 -0.7504
-1.408 -0.6928
-1.4928 -0.7256
-1.4688 -0.7064
-1.4816 -0.7632
-1.4896 -0.7776
-1.5696 -0.8152
-1.56 -0.8248
-1.5568 -0.8056
-1.5552 -0.7912
-1.4256 -0.684
-1.4736 -0.7032
-1.4496 -0.6944
-1.4656 -0.7088
-1.4816 -0.7296
-1.4768 -0.748
-1.5696 -0.8232
-1.5184 -0.764
-1.512 -0.7536
-1.4048 -0.6
-1.4784 -0.6016
-1.5088 -0.6624
-1.4352 -0.6432
-1.3584 -0.6112
-1.376 -0.6448
-1.52 -0.728
-1.504 -0.7976
-1.528 -0.8128
-1.424 -0.7464
-1.4864 -0.7664
-1.5392 -0.8144
-1.5216 -0.7672
-1.4592 -0.7328
-1.5824 -0.8112
-1.5744 -0.8208
-1.504 -0.7968
-1.4896 -0.7696
-1.4464 -0.7288
-1.5104 -0.7752
-1.488 -0.7264
-1.4752 -0.6824
-1.4256 -0.7224
-1.4368 -0.7176
-1.3616 -0.6392
-1.384 -0.6712
-1.3568 -0.624
-1.4112 -0.6168
-1.512 -0.688
-1.4928 -0.728
-1.4896 -0.7496
-1.5248 -0.7672
-1.4864 -0.7704
-1.5024 -0.7488
-1.4384 -0.708
-1.4624 -0.7448
-1.4496 -0.7424
-1.456 -0.76
-1.4912 -0.7592
-1.4608 -0.7384
-1.4528 -0.7256
-1.5184 -0.7656
-1.4624 -0.7368
-1.3776 -0.6712
-1.44 -0.6848
-1.3648 -0.6208
-1.4288 -0.6344
-1.4576 -0.604
-1.384 -0.5832
-1.48 -0.6528
-1.3728 -0.624
-1.4048 -0.6256
-1.3616 -0.6088
-1.352 -0.6176
-1.4512 -0.6904
-1.3936 -0.6336
-1.4336 -0.6568
-1.5168 -0.708
-1.4032 -0.7232
-1.4064 -0.6712
-1.4416 -0.7208
-1.5408 -0.7768
-1.4816 -0.7488
-1.4784 -0.7344
-1.4864 -0.7416
-1.4752 -0.7464
-1.488 -0.7424
-1.4816 -0.7768
-1.4928 -0.7656
-1.5248 -0.7944
-1.528 -0.7872
-1.432 -0.7464
-1.4544 -0.7472
-1.4688 -0.7344
-1.4304 -0.7336
-1.5344 -0.808
-1.5232 -0.8064
-1.4784 -0.7856
-1.5728 -0.8144
-1.544 -0.7928
-1.496 -0.7664
-1.4752 -0.7544
-1.5216 -0.8136
-1.4432 -0.7512
-1.5088 -0.7656
-1.5072 -0.7776
-1.584 -0.8288
-1.5344 -0.8312
-1.6192 -0.8432
-1.6192 -0.848
-1.4608 -0.7648
-1.4832 -0.7688
-1.5024 -0.7984
-1.5184 -0.8008
-1.504 -0.7712
-1.5552 -0.7976
-1.5216 -0.7952
-1.456 -0.7224
-1.3296 -0.6448
-1.4864 -0.6968
-1.4736 -0.728
-1.432 -0.7088
-1.4 -0.6416
-1.4416 -0.6808
-1.4736 -0.7016
-1.4368 -0.6648
-1.5104 -0.7248
-1.4688 -0.7144
-1.504 -0.7592
-1.4256 -0.7048
-1.5136 -0.7816
-1.4592 -0.7552
-1.4992 -0.764
-1.4384 -0.7584
-1.4352 -0.7144
-1.5712 -0.8272
-1.5152 -0.7768
-1.5136 -0.7736
-1.4944 -0.7416
-1.5184 -0.796
-1.496 -0.7176
-1.408 -0.6712
-1.4112 -0.6936
-1.5008 -0.716
-1.4928 -0.7144
-1.4768 -0.7528
-1.3952 -0.7064
-1.4832 -0.7424
-1.5168 -0.7424
-1.4896 -0.692
-1.4288 -0.6776
-1.4368 -0.7096
-1.4512 -0.7296
-1.4432 -0.7064
-1.5392 -0.7488
-1.5568 -0.8088
-1.4416 -0.7536
-1.5024 -0.768
-1.4864 -0.752
-1.4992 -0.7608
-1.4752 -0.7856
-1.4928 -0.7824
-1.4736 -0.7088
-1.4928 -0.7136
-1.4064 -0.6304
-1.4048 -0.652
-1.4704 -0.6968
-1.3808 -0.6752
-1.4256 -0.6352
-1.2624 -0.5384
-1.3216 -0.5656
-1.3808 -0.5664
-1.408 -0.6752
-1.4432 -0.708
-1.4784 -0.7232
-1.4752 -0.764
-1.4784 -0.7536
-1.4432 -0.732
-1.456 -0.7368
-1.4896 -0.7472
-1.496 -0.7792
-1.5456 -0.8096
-1.5104 -0.7792
-1.5552 -0.792
-1.4672 -0.7776
-1.5168 -0.7968
-1.4624 -0.7536
-1.5104 -0.768
-1.528 -0.7808
-1.5024 -0.744
-1.4032 -0.6728
-1.3904 -0.7064
-1.4576 -0.7472
-1.4256 -0.72
-1.4352 -0.6992
-1.4384 -0.7056
-1.464 -0.7184
-1.5088 -0.7552
-1.4464 -0.7256
-1.4528 -0.6832
-1.4336 -0.6888
-1.4304 -0.6952
-1.4976 -0.7712
-1.488 -0.7752
-1.4928 -0.7848
-1.4064 -0.7408
-1.464 -0.74
-1.4688 -0.7336
-1.5536 -0.844
-1.5104 -0.8104
-1.5776 -0.824
-1.5296 -0.8088
-1.5456 -0.8288
-1.4864 -0.776
-1.5264 -0.7872
-1.4 -0.7296
-1.5088 -0.796
-1.496 -0.7904
-1.4752 -0.7776
-1.5248 -0.8112
-1.5504 -0.8248
-1.52 -0.8048
-1.4656 -0.7616
-1.496 -0.7896
-1.568 -0.7904
-1.5232 -0.796
-1.528 -0.8224
-1.544 -0.808
-1.5152 -0.7856
-1.5376 -0.8136
-1.528 -0.8032
-1.4944 -0.7416
-1.4352 -0.6984
-1.4576 -0.752
-1.5872 -0.8256
-1.5504 -0.8088
-1.4768 -0.804
-1.504 -0.7896
-1.568 -0.8264
-1.4896 -0.7512
-1.5648 -0.808
-1.4624 -0.7512
-1.5312 -0.7832
-1.4432 -0.7648
-1.5056 -0.784
-1.552 -0.784
-1.4512 -0.7152
-1.4704 -0.7288
-1.4128 -0.6608
-1.4368 -0.6184
-1.4384 -0.64
-1.3664 -0.6176
-1.4704 -0.6544
-1.4816 -0.6976
-1.4288 -0.6384
-1.4064 -0.6368
-1.4208 -0.6736
-1.3792 -0.5952
-1.5008 -0.7024
-1.432 -0.6176
-1.408 -0.6064
-1.3696 -0.532
-1.4864 -0.6104
-1.432 -0.5936
-1.4304 -0.5792
-1.3856 -0.5248
-1.4544 -0.5672
-1.4176 -0.5344
-1.432 -0.612
-1.3872 -0.5976
-1.4144 -0.6184
-1.464 -0.6272
-1.3904 -0.588
-1.4128 -0.6464
-1.448 -0.6168
-1.4592 -0.552
-1.3712 -0.4576
-1.4192 -0.3688
-1.4592 -0.4456
-1.3632 -0.4088
-1.3664 -0.4592
-1.3072 -0.4392
-1.2512 -0.3456
-1.304 -0.3904
-1.3408 -0.4432
-1.392 -0.4704
-1.4496 -0.568
-1.4832 -0.6544
-1.4464 -0.7056
-1.424 -0.704
-1.4928 -0.7952
-1.4848 -0.7856
-1.608 -0.828
-1.5632 -0.8224
-1.5776 -0.8496
-1.5552 -0.8336
-1.5552 -0.8352
-1.4736 -0.7696
-1.5008 -0.7784
-1.4736 -0.7912
-1.4752 -0.76
-1.4576 -0.7392
-1.5296 -0.8152
-1.496 -0.7856
-1.4912 -0.7848
-1.472 -0.7672
-1.536 -0.8232
-1.4992 -0.7872
-1.4512 -0.7728
-1.4848 -0.7464
-1.512 -0.7672
-1.4128 -0.7216
-1.5424 -0.7976
-1.4496 -0.752
-1.52 -0.8064
-1.4944 -0.7904
-1.5392 -0.804
-1.4912 -0.7448
-1.4544 -0.716
-1.5344 -0.7936
-1.5568 -0.764
-1.392 -0.6568
-1.3408 -0.664
-1.4992 -0.7808
-1.4736 -0.7464
-1.4992 -0.7672
-1.4464 -0.6896
-1.4384 -0.7248
-1.4384 -0.7272
-1.4896 -0.7464
-1.4048 -0.6848
-1.3984 -0.6472
-1.296 -0.5992
-1.4272 -0.608
-1.4 -0.5536
-1.3632 -0.5128
-1.3408 -0.5584
-1.352 -0.5728
-1.3376 -0.564
-1.4656 -0.712
-1.4624 -0.7168
-1.4496 -0.724
-1.4512 -0.7408
-1.4448 -0.708
-1.4384 -0.7072
-1.4256 -0.7256
-1.4304 -0.7272
-1.4464 -0.7144
-1.5072 -0.7416
-1.4096 -0.6544
-1.3984 -0.6472
-1.4512 -0.7064
-1.4464 -0.7392
-1.5312 -0.7912
-1.472 -0.7816
-1.5728 -0.7992
-1.4336 -0.7272
-1.5152 -0.7912
-1.5104 -0.7656
-1.4384 -0.7096
-1.4512 -0.7008
-1.432 -0.7328
-1.4384 -0.7248
-1.4864 -0.7712
-1.4688 -0.7544
-1.4768 -0.7688
-1.4832 -0.7616
-1.536 -0.7856
-1.5584 -0.7936
-1.3936 -0.6728
-1.4016 -0.6976
-1.5184 -0.7304
-1.4496 -0.708
-1.4928 -0.76
-1.4784 -0.728
-1.544 -0.764
-1.4752 -0.7424
-1.456 -0.7064
-1.4064 -0.688
-1.52 -0.752
-1.4432 -0.708
-1.4544 -0.6544
-1.432 -0.708
-1.3328 -0.644
-1.4784 -0.704
-1.416 -0.7088
-1.4608 -0.7208
-1.448 -0.7312
-1.5216 -0.7952
-1.432 -0.7288
-1.4032 -0.7272
-1.576 -0.792
-1.5376 -0.7728
-1.448 -0.74
-1.4656 -0.6824
-1.5616 -0.812
-1.5408 -0.8072
-1.4928 -0.7864
-1.5232 -0.8088
-1.544 -0.8136
-1.5248 -0.7912
-1.4672 -0.7736
-1.4624 -0.7336
-1.344 -0.6616
-1.4128 -0.6984
-1.4192 -0.6984
-1.52 -0.7688
-1.4816 -0.7688
-1.4992 -0.7112
-1.4448 -0.6936
-1.3824 -0.6712
-1.4464 -0.7392
-1.4768 -0.6984
-1.5024 -0.6928
-1.3408 -0.5832
-1.3856 -0.516
-1.4272 -0.5328
-1.32 -0.4888
-1.3472 -0.5224
-1.4224 -0.56
-1.4368 -0.5432
-1.384 -0.5296
-1.4032 -0.5688
-1.4752 -0.6528
-1.4512 -0.6976
-1.3712 -0.6768
-1.4752 -0.6712
-1.432 -0.6328
-1.4304 -0.6976
-1.4064 -0.708
-1.4368 -0.696
-1.48 -0.7096
-1.4944 -0.7544
-1.4608 -0.7576
-1.4256 -0.7512
-1.4336 -0.724
-1.4608 -0.7432
-1.4304 -0.728
-1.5024 -0.7464
-1.5152 -0.7352
-1.5104 -0.7616
-1.512 -0.74
-1.4192 -0.6936
-1.3664 -0.6784
-1.3888 -0.6456
-1.368 -0.6048
-1.4496 -0.6136
-1.4048 -0.6152
-1.4048 -0.6688
-1.4528 -0.6352
-1.4144 -0.6424
-1.5024 -0.6808
-1.4032 -0.6224
-1.3616 -0.5848
-1.4144 -0.5736
-1.3664 -0.5736
-1.328 -0.488
-1.432 -0.6056
-1.4752 -0.6536
-1.4288 -0.6856
-1.4192 -0.6912
-1.4752 -0.764
-1.3968 -0.6888
-1.5248 -0.7712
-1.5632 -0.7952
-1.552 -0.8256
-1.552 -0.8048
-1.4592 -0.74
-1.5232 -0.784
-1.4368 -0.7472
-1.52 -0.7552
-1.4624 -0.7712
-1.5008 -0.7664
-1.4176 -0.6784
-1.4272 -0.6632
-1.4064 -0.5992
-1.4784 -0.716
-1.4896 -0.6728
-1.4736 -0.6064
-1.4112 -0.616
-1.4656 -0.6024
-1.3984 -0.644
-1.424 -0.6296
-1.4224 -0.6192
-1.4544 -0.648
-1.3872 -0.6432
-1.3808 -0.6328
-1.4496 -0.652
-1.4912 -0.7056
-1.408 -0.604
-1.4432 -0.6472
-1.4336 -0.648
-1.4384 -0.6968
-1.5296 -0.7728
-1.5856 -0.8424
-1.5024 -0.8032
-1.552 -0.808
-1.4944 -0.7728
-1.4528 -0.7488
-1.424 -0.7016
-1.4624 -0.7584
-1.472 -0.7736
-1.5264 -0.804
-1.4016 -0.7152
-1.4496 -0.6752
-1.4304 -0.6984
-1.568 -0.768
-1.5168 -0.8216
-1.4848 -0.7976
-1.5584 -0.8088
-1.4864 -0.784
-1.5232 -0.8072
-1.5536 -0.8144
-1.4496 -0.7576
-1.4144 -0.7576
-1.44 -0.7632
-1.5488 -0.7784
-1.512 -0.748
-1.3536 -0.6536
-1.408 -0.6672
-1.4208 -0.6776
-1.384 -0.6696
-1.4656 -0.724
-1.4384 -0.7432
-1.5456 -0.7888
-1.5792 -0.8336
-1.5344 -0.82
-1.4784 -0.7824
-1.5984 -0.8528
-1.52 -0.808
-1.552 -0.8288
-1.5232 -0.8136
-1.5456 -0.8104
-1.5232 -0.7976
-1.5728 -0.8176
-1.5392 -0.8168
-1.4768 -0.8128
-1.576 -0.8352
-1.4592 -0.7592
-1.424 -0.7488
-1.5408 -0.8104
-1.4752 -0.7904
-1.512 -0.7856
-1.4688 -0.768
-1.5264 -0.7952
-1.5456 -0.8304
-1.4704 -0.7728
-1.4992 -0.7808
-1.5024 -0.764
-1.4688 -0.7552
-1.4528 -0.7488
-1.456 -0.7168
-1.4896 -0.7488
-1.4368 -0.6848
-1.4944 -0.7528
-1.456 -0.7112
-1.5072 -0.7568
-1.552 -0.796
-1.5024 -0.7624
-1.4848 -0.7976
-1.4976 -0.7776
-1.4192 -0.7104
-1.5152 -0.764
-1.4864 -0.7504
-1.5472 -0.8152
-1.4752 -0.7472
-1.5232 -0.7816
-1.456 -0.7296
-1.4816 -0.704
-1.392 -0.624
-1.4448 -0.6304
-1.4464 -0.6848
-1.328 -0.5808
-1.3984 -0.5904
-1.392 -0.5472
-1.4576 -0.6344
-1.4432 -0.6512
-1.408 -0.6264
-1.4192 -0.6424
-1.4896 -0.7
-1.4656 -0.6592
-1.4768 -0.696
-1.4624 -0.712
-1.4864 -0.7584
-1.4896 -0.7888
-1.5408 -0.8144
-1.5472 -0.8112
-1.5296 -0.768
-1.5008 -0.7664
-1.5808 -0.8008
-1.4288 -0.7448
-1.5024 -0.776
-1.5408 -0.816
-1.4944 -0.7456
-1.4752 -0.7592
-1.5536 -0.776
-1.44 -0.6896
-1.4304 -0.6856
-1.4304 -0.6768
-1.4912 -0.6936
-1.4192 -0.7024
-1.4032 -0.66
-1.52 -0.7176
-1.4816 -0.656
-1.3984 -0.5464
-1.4112 -0.5672
-1.44 -0.5776
-1.3696 -0.5016
-1.32 -0.444
-1.3936 -0.464
-1.44 -0.48
-1.4 -0.5352
-1.4784 -0.556
-1.4384 -0.5192
-1.456 -0.544
-1.4112 -0.4928
-1.416 -0.4496
-1.3984 -0.464
-1.4592 -0.5256
-1.3792 -0.5
-1.3312 -0.3864
-1.3472 -0.364
-1.3696 -0.2632
-1.3216 -0.236
-1.32 -0.2936
-1.3952 -0.4376
-1.4208 -0.4056
-1.3648 -0.4448
-1.3984 -0.428
-1.392 -0.424
-1.424 -0.4512
-1.4288 -0.4472
-1.3264 -0.3976
-1.3856 -0.4664
-1.4176 -0.4976
-1.3744 -0.4696
-1.3936 -0.4264
-1.4256 -0.4992
-1.4528 -0.5808
-1.2704 -0.488
-1.4064 -0.552
-1.4352 -0.5448
-1.4144 -0.5832
-1.4528 -0.596
-1.4816 -0.6496
-1.4544 -0.6584
-1.3664 -0.6072
-1.3568 -0.6032
-1.4416 -0.6232
-1.4208 -0.5944
-1.3808 -0.5472
-1.408 -0.5616
-1.3504 -0.5368
-1.3776 -0.5272
-1.3904 -0.5752
-1.5152 -0.6656
-1.4112 -0.5688
-1.4224 -0.6128
-1.4336 -0.636
-1.5328 -0.6656
-1.432 -0.576
-1.5392 -0.576
-1.3488 -0.5272
-1.5024 -0.608
-1.5264 -0.6504
-1.4496 -0.6216
-1.3808 -0.5352
-1.3472 -0.5272
-1.4608 -0.6448
-1.384 -0.5872
-1.4224 -0.604
-1.3904 -0.5728
-1.2928 -0.488
-1.3712 -0.5464
-1.3872 -0.5864
-1.3792 -0.5776
-1.3824 -0.5936
-1.448 -0.6496
-1.3552 -0.6192
-1.3744 -0.6096
-1.4336 -0.6256
-1.4416 -0.592
-1.4176 -0.6248
-1.488 -0.7312
-1.5616 -0.7856
-1.5008 -0.7304
-1.5088 -0.7336
-1.4448 -0.728
-1.4256 -0.6952
-1.4816 -0.6784
-1.4288 -0.7096
-1.3936 -0.5984
-1.4128 -0.6408
-1.4144 -0.6136
-1.408 -0.6552
-1.4512 -0.6712
-1.416 -0.6528
-1.456 -0.7488
-1.5008 -0.724
-1.4816 -0.7552
-1.3744 -0.616
-1.3808 -0.6
-1.3424 -0.5712
-1.464 -0.6432
-1.416 -0.632
-1.3664 -0.576
-1.4 -0.5856
-1.4208 -0.6216
-1.4208 -0.6224
-1.4592 -0.592
-1.3936 -0.5936
-1.3824 -0.5352
-1.2896 -0.5176
-1.3296 -0.5608
-1.32 -0.5232
-1.4448 -0.5832
-1.4304 -0.6432
-1.36 -0.6384
-1.4272 -0.6624
-1.5024 -0.6968
-1.3888 -0.6304
-1.4192 -0.6816
-1.496 -0.7488
-1.4912 -0.7248
-1.4672 -0.644
-1.4512 -0.6952
-1.4464 -0.632
-1.4896 -0.692
-1.4944 -0.7024
-1.5296 -0.7368
-1.536 -0.7464
-1.4992 -0.6864
-1.3776 -0.6024
-1.4416 -0.6872
-1.4528 -0.6552
-1.4144 -0.6056
-1.4432 -0.6856
-1.4144 -0.6272
-1.384 -0.6696
-1.4656 -0.6512
-1.44 -0.6568
-1.4304 -0.7144
-1.3952 -0.6872
-1.424 -0.6696
-1.4832 -0.708
-1.44 -0.6936
-1.3616 -0.684
-1.4096 -0.7136
-1.4208 -0.7408
-1.4768 -0.7104
-1.4832 -0.7488
-1.4688 -0.7696
-1.5776 -0.7664
-1.488 -0.7328
-1.552 -0.7776
-1.432 -0.6944
-1.5216 -0.7736
-1.5024 -0.7672
-1.5088 -0.796
-1.624 -0.8448
-1.4288 -0.7648
-1.5152 -0.7848
-1.4928 -0.78
-1.4544 -0.7248
-1.3968 -0.6992
-1.4672 -0.7152
-1.4768 -0.7144
-1.4896 -0.7248
-1.4992 -0.7488
-1.5232 -0.8008
-1.536 -0.8064
-1.4816 -0.7744
-1.4624 -0.7624
-1.4784 -0.7672
-1.5056 -0.788
-1.5056 -0.7936
-1.5008 -0.7576
-1.5008 -0.7144
-1.432 -0.6376
-1.4592 -0.6416
-1.4992 -0.7016
-1.4528 -0.7456
-1.5024 -0.724
-1.504 -0.6832
-1.5904 -0.752
-1.4608 -0.704
-1.5168 -0.7496
-1.456 -0.704
-1.448 -0.6568
-1.3536 -0.656
-1.4464 -0.7
-1.512 -0.7072
-1.4656 -0.7384
-1.4288 -0.6536
-1.4144 -0.6776
-1.3776 -0.636
-1.4816 -0.7376
-1.4784 -0.7328
-1.408 -0.708
-1.4704 -0.7384
-1.4688 -0.7136
-1.528 -0.7904
-1.464 -0.7464
-1.5056 -0.768
-1.4144 -0.7224
-1.4464 -0.752
-1.512 -0.7688
-1.4448 -0.7168
-1.56 -0.8288
-1.568 -0.8056
-1.48 -0.7512
-1.448 -0.7472
-1.4688 -0.7264
-1.5216 -0.7528
-1.496 -0.7696
-1.464 -0.74
-1.4416 -0.6728
-1.3872 -0.6416
-1.4288 -0.624
-1.4368 -0.5824
-1.3712 -0.5776
-1.392 -0.584
-1.3536 -0.48
-1.3776 -0.4728
-1.3232 -0.4464
-1.3216 -0.536
-1.4128 -0.5992
-1.2912 -0.6
-1.4032 -0.62
-1.424 -0.6256
-1.3872 -0.5856
-1.44 -0.592
-1.3664 -0.528
-1.3584 -0.5912
-1.3536 -0.6232
-1.472 -0.7016
-1.4704 -0.7488
-1.4656 -0.7704
-1.4944 -0.7416
-1.48 -0.7232
-1.4624 -0.6864
-1.4736 -0.648
-1.424 -0.5472
-1.432 -0.6072
-1.4064 -0.588
-1.5824 -0.6784
-1.5152 -0.6544
-1.4064 -0.5576
-1.384 -0.5952
-1.5088 -0.6904
-1.4528 -0.6376
-1.3888 -0.5064
-1.3664 -0.4
-1.3232 -0.3896
-1.3744 -0.3712
-1.2928 -0.3736
-1.32 -0.3576
-1.424 -0.3352
-1.3872 -0.3216
-1.3584 -0.2936
-1.376 -0.3784
-1.3088 -0.3288
-1.424 -0.3248
-1.3584 -0.3544
-1.3648 -0.4152
-1.4048 -0.4656
-1.3744 -0.4656
-1.448 -0.532
-1.4112 -0.5576
-1.3904 -0.5568
-1.4384 -0.6352
-1.424 -0.5672
-1.3536 -0.5608
-1.3856 -0.5016
-1.4512 -0.5744
-1.4544 -0.5848
-1.52 -0.604
-1.4192 -0.6032
-1.4352 -0.64
-1.4656 -0.6248
-1.36 -0.5712
-1.4096 -0.5552
-1.3936 -0.5328
-1.4288 -0.5888
-1.4672 -0.6552
-1.448 -0.6656
-1.408 -0.6456
-1.384 -0.5664
-1.3232 -0.568
-1.416 -0.612
-1.3872 -0.6144
-1.48 -0.6928
-1.4416 -0.6744
-1.416 -0.668
-1.368 -0.6472
-1.4592 -0.6544
-1.4592 -0.684
-1.3936 -0.628
-1.4528 -0.7168
-1.4688 -0.7232
-1.4544 -0.7376
-1.5296 -0.7848
-1.5584 -0.8096
-1.5568 -0.8224
-1.5152 -0.7928
-1.5104 -0.736
-1.5584 -0.7664
-1.4848 -0.7464
-1.4864 -0.7584
-1.4992 -0.7328
-1.5744 -0.8096
-1.5184 -0.792
-1.6 -0.8336
-1.5584 -0.8016
-1.5888 -0.832
-1.5632 -0.7888
-1.536 -0.7952
-1.4688 -0.7536
-1.536 -0.7976
-1.4672 -0.7304
-1.4368 -0.6928
-1.4 -0.6888
-1.4832 -0.7024
-1.3728 -0.6432
-1.3872 -0.6592
-1.3856 -0.6376
-1.44 -0.664
-1.3584 -0.656
-1.44 -0.716
-1.5152 -0.7536
-1.4464 -0.7256
-1.5232 -0.7728
-1.56 -0.7552
-1.5088 -0.7368
-1.4304 -0.7296
-1.4848 -0.7576
-1.5024 -0.7688
-1.552 -0.7672
-1.496 -0.7472
-1.4816 -0.7536
-1.5056 -0.7664
-1.4304 -0.712
-1.5696 -0.7936
-1.5056 -0.7856
-1.4384 -0.7488
-1.536 -0.804
-1.5232 -0.78
-1.5024 -0.7592
-1.4624 -0.716
-1.3936 -0.6744
-1.3808 -0.6488
-1.4464 -0.7176
-1.4384 -0.7048
-1.464 -0.7416
-1.4256 -0.7192
-1.464 -0.7264
-1.4288 -0.7336
-1.464 -0.7464
-1.4528 -0.7168
-1.4048 -0.6608
-1.416 -0.6144
-1.4576 -0.6008
-1.424 -0.5976
-1.4064 -0.6312
-1.3504 -0.6216
-1.4272 -0.676
-1.4208 -0.612
-1.392 -0.6
-1.3936 -0.6384
-1.4688 -0.7072
-1.456 -0.6832
-1.392 -0.6248
-1.3488 -0.6384
-1.4784 -0.6824
-1.5248 -0.7064
-1.392 -0.6384
-1.4256 -0.5888
-1.4688 -0.6408
-1.4992 -0.7264
-1.5424 -0.7424
-1.5616 -0.7328
-1.5168 -0.7208
-1.5248 -0.7672
-1.4816 -0.7432
-1.4176 -0.688
-1.4016 -0.6848
-1.4256 -0.6816
-1.5072 -0.7696
-1.5424 -0.7824
-1.4288 -0.7528
-1.5392 -0.8168
-1.5488 -0.8048
-1.48 -0.7856
-1.5648 -0.8312
-1.4896 -0.7592
-1.4896 -0.7632
-1.448 -0.7384
-1.4816 -0.7288
-1.5536 -0.7624
-1.5328 -0.7864
-1.5776 -0.8168
-1.512 -0.8024
-1.4912 -0.7944
-1.496 -0.8024
-1.5456 -0.8064
-1.56 -0.836
-1.472 -0.7776
-1.3872 -0.7144
-1.4592 -0.7432
-1.4464 -0.7312
-1.44 -0.6832
-1.4816 -0.74
-1.5136 -0.7416
-1.3952 -0.66
-1.4272 -0.6736
-1.456 -0.6936
-1.4736 -0.7392
-1.5552 -0.7568
-1.4144 -0.6624
-1.4128 -0.6432
-1.4128 -0.6496
-1.424 -0.6376
-1.472 -0.6912
-1.464 -0.6856
-1.3888 -0.6592
-1.4 -0.6536
-1.3936 -0.592
-1.4032 -0.6784
-1.4416 -0.6488
-1.416 -0.6728
-1.4624 -0.7048
-1.4528 -0.7632
-1.4608 -0.7272
-1.4976 -0.7024
-1.4336 -0.7032
-1.4752 -0.7424
-1.5792 -0.7808
-1.5168 -0.7576
-1.5008 -0.7336
-1.496 -0.7656
-1.4592 -0.7816
-1.5568 -0.8176
-1.5312 -0.812
-1.4432 -0.7632
-1.488 -0.748
-1.5136 -0.7504
-1.4928 -0.7392
-1.5376 -0.7792
-1.5648 -0.7872
-1.3744 -0.6376
-1.3968 -0.6088
-1.3808 -0.58
-1.368 -0.5784
-1.3632 -0.5384
-1.4016 -0.5288
-1.4304 -0.5064
-1.4128 -0.5544
-1.3424 -0.5728
-1.4256 -0.6144
-1.416 -0.6248
-1.3968 -0.612
-1.4384 -0.6288
-1.4544 -0.64
-1.4544 -0.6768
