-1.6384 0.8488
-1.7088 0.9
-1.6656 0.884
-1.6944 0.8928
-1.6624 0.884
-1.6176 0.8616
-1.5984 0.8128
-1.6672 0.8752
-1.6832 0.9
-1.5888 0.8392
-1.648 0.8736
-1.6704 0.8872
-1.576 0.8152
-1.6528 0.86
-1.744 0.8952
-1.6 0.8424
-1.6384 0.864
-1.6448 0.856
-1.664 0.8864
-1.6576 0.876
-1.5296 0.7832
-1.6288 0.8336
-1.6352 0.8584
-1.6032 0.8296
-1.5904 0.8344
-1.664 0.8912
-1.5968 0.8288
-1.5984 0.8168
-1.6656 0.8664
-1.7024 0.9
-1.6736 0.8832
-1.5712 0.8312
-1.5984 0.808
-1.5936 0.7992
-1.6592 0.856
-1.5664 0.828
-1.5952 0.8432
-1.6624 0.8672
-1.648 0.8624
-1.624 0.8688
-1.5296 0.7912
-1.5424 0.7696
-1.592 0.8072
-1.5744 0.8272
-1.64 0.8768
-1.648 0.8368
-1.6624 0.864
-1.6144 0.8584
-1.6512 0.876
-1.5952 0.8384
-1.6368 0.856
-1.6864 0.896
-1.6688 0.8864
-1.6608 0.8848
-1.6016 0.8376
-1.5488 0.8088
-1.584 0.8368
-1.6512 0.864
-1.6624 0.8768
-1.5376 0.8152
-1.416 0.716
-1.5264 0.74
-1.6432 0.8536
-1.5872 0.8448
-1.6064 0.8472
-1.6736 0.8592
-1.648 0.8328
-1.7056 0.8712
-1.624 0.8408
-1.6288 0.8664
-1.6416 0.8672
-1.672 0.8712
-1.6752 0.8856
-1.6528 0.872
-1.6176 0.848
-1.68 0.8888
-1.6832 0.8792
-1.544 0.8304
-1.616 0.8392
-1.6752 0.8888
-1.6384 0.856
-1.5872 0.8312
-1.648 0.8528
-1.6208 0.8264
-1.6096 0.8384
-1.6608 0.8864
-1.6384 0.868
-1.584 0.8408
-1.6496 0.8536
-1.6832 0.8896
-1.6512 0.8568
-1.6672 0.8792
-1.6192 0.8168
-1.6448 0.8208
-1.5856 0.7872
-1.6096 0.7728
-1.624 0.7968
-1.6064 0.7584
-1.5984 0.7288
-1.592 0.7632
-1.5504 0.7104
-1.5456 0.6896
-1.5888 0.6936
-1.5152 0.6552
-1.552 0.6552
-1.6192 0.676
-1.576 0.6584
-1.5712 0.672
-1.5216 0.608
-1.5888 0.6632
-1.5568 0.5952
-1.528 0.608
-1.5488 0.6344
-1.5456 0.636
-1.5936 0.6736
-1.56 0.6608
-1.5904 0.6544
-1.6064 0.6952
-1.6688 0.7264
-1.5888 0.7064
-1.5904 0.7192
-1.528 0.6976
-1.6128 0.7392
-1.5616 0.7848
-1.6896 0.8592
-1.5952 0.8296
-1.6096 0.8576
-1.6128 0.856
-1.6192 0.8584
-1.6288 0.8568
-1.6608 0.8808
-1.6464 0.8616
-1.6016 0.836
-1.6032 0.8416
-1.6416 0.8688
-1.6576 0.8824
-1.5648 0.8336
-1.6608 0.8664
-1.64 0.868
-1.6544 0.876
-1.6512 0.8632
-1.528 0.792
-1.6032 0.832
-1.5584 0.8416
-1.616 0.8488
-1.5376 0.7792
-1.6528 0.84
-1.584 0.8176
-1.6112 0.7992
-1.5536 0.8008
-1.6752 0.8616
-1.5776 0.828
-1.5776 0.832
-1.6144 0.8208
-1.592 0.8256
-1.6288 0.8584
-1.584 0.8264
-1.624 0.8376
-1.6448 0.872
-1.648 0.8696
-1.632 0.8664
-1.5664 0.8128
-1.6144 0.8584
-1.6592 0.8744
-1.7056 0.8904
-1.7296 0.9008
-1.6416 0.8856
-1.5968 0.8424
-1.5712 0.8232
-1.5712 0.8104
-1.6096 0.8192
-1.5856 0.808
-1.6256 0.8376
-1.672 0.8816
-1.632 0.832
-1.6464 0.8328
-1.6144 0.8448
-1.6144 0.8664
-1.6384 0.868
-1.7216 0.8744
-1.5888 0.8096
-1.608 0.8
-1.5776 0.8064
-1.608 0.8144
-1.6192 0.8488
-1.6144 0.8456
-1.6096 0.8392
-1.6192 0.8336
-1.6224 0.8056
-1.6368 0.844
-1.5744 0.8168
-1.6112 0.8272
-1.6016 0.8344
-1.6336 0.82
-1.6016 0.8272
-1.5616 0.8376
-1.5472 0.7784
-1.6 0.8248
-1.5408 0.78
-1.5968 0.8184
-1.6288 0.8416
-1.6128 0.8512
-1.6432 0.8752
-1.7136 0.9144
-1.6816 0.868
-1.6832 0.8856
-1.5872 0.8408
-1.672 0.8816
-1.6368 0.868
-1.6912 0.9008
-1.6528 0.8536
-1.5728 0.832
-1.6592 0.8632
-1.6192 0.8544
-1.6304 0.8744
-1.6816 0.8888
-1.632 0.86
-1.6864 0.888
-1.7056 0.896
-1.64 0.8704
-1.672 0.8704
-1.632 0.8296
-1.6336 0.8608
-1.6112 0.8472
-1.6176 0.8376
-1.5568 0.8096
-1.6624 0.8456
-1.6352 0.8512
-1.6832 0.8928
-1.6112 0.8592
-1.6016 0.8496
-1.6304 0.8312
-1.704 0.8912
-1.7232 0.8984
-1.7008 0.892
-1.6272 0.856
-1.6288 0.8552
-1.5776 0.8304
-1.6096 0.8448
-1.6576 0.84
-1.6656 0.8616
-1.6944 0.8944
-1.5872 0.8528
-1.616 0.8504
-1.6544 0.8776
-1.688 0.888
-1.6096 0.868
-1.6528 0.8704
-1.6224 0.8536
-1.616 0.8544
-1.648 0.8632
-1.6928 0.8936
-1.664 0.8648
-1.6512 0.8624
-1.6672 0.8624
-1.696 0.8888
-1.6736 0.872
-1.6512 0.8632
-1.6608 0.8616
-1.6208 0.8064
-1.5488 0.796
-1.568 0.8016
-1.6832 0.8832
-1.744 0.9104
-1.6592 0.8864
-1.7088 0.8912
-1.6384 0.872
-1.6032 0.8464
-1.7408 0.9184
-1.664 0.8776
-1.6272 0.8456
-1.5872 0.8544
-1.5968 0.8504
-1.5856 0.8232
-1.6688 0.8904
-1.6416 0.856
-1.672 0.8672
-1.6736 0.88
-1.6304 0.872
-1.624 0.8672
-1.6768 0.8624
-1.5616 0.8328
-1.64 0.832
-1.584 0.8056
-1.608 0.8456
-1.6736 0.8744
-1.6912 0.8768
-1.6256 0.8696
-1.6064 0.8504
-1.6736 0.888
-1.584 0.844
-1.6384 0.8584
-1.6336 0.8712
-1.6048 0.8552
-1.56 0.7984
-1.6352 0.836
-1.6368 0.852
-1.5904 0.8392
-1.6368 0.8568
-1.6336 0.8704
-1.7072 0.8792
-1.688 0.8768
-1.6528 0.8632
-1.5904 0.8064
-1.5104 0.7488
-1.5536 0.7592
-1.5344 0.7512
-1.5536 0.7736
-1.5536 0.7872
-1.5936 0.8528
-1.5632 0.8048
-1.5808 0.8232
-1.5584 0.7824
-1.5296 0.7512
-1.544 0.7816
-1.6144 0.828
-1.6512 0.852
-1.6096 0.8312
-1.6576 0.88
-1.6768 0.852
-1.6288 0.8392
-1.6096 0.8368
-1.6896 0.8816
-1.6544 0.8592
-1.6624 0.8688
-1.656 0.86
-1.664 0.8928
-1.6928 0.9016
-1.6848 0.8808
-1.6256 0.8544
-1.6288 0.8664
-1.6032 0.8544
-1.5456 0.8048
-1.5984 0.8296
-1.5664 0.8224
-1.6432 0.8616
-1.6576 0.876
-1.6528 0.8816
-1.6768 0.8712
-1.6288 0.8488
-1.6656 0.8776
-1.64 0.8656
-1.6752 0.8832
-1.6608 0.888
-1.6528 0.872
-1.6928 0.8952
-1.6048 0.8296
-1.664 0.8456
-1.6208 0.8504
-1.656 0.8784
-1.6784 0.8744
-1.6672 0.8832
-1.5824 0.8536
-1.6064 0.8456
-1.6384 0.872
-1.5872 0.8272
-1.6016 0.8416
-1.6528 0.876
-1.6352 0.8616
-1.6384 0.8344
-1.7104 0.9032
-1.6592 0.876
-1.752 0.9176
-1.5904 0.8552
-1.6624 0.8888
-1.712 0.8904
-1.6096 0.828
-1.6016 0.8568
-1.5616 0.7992
-1.592 0.8016
-1.6912 0.8536
-1.656 0.8528
-1.6048 0.8128
-1.6064 0.8152
-1.6704 0.8576
-1.68 0.88
-1.648 0.876
-1.6848 0.8896
-1.6288 0.8528
-1.6528 0.872
-1.6144 0.8432
-1.6928 0.8864
-1.592 0.8584
-1.6032 0.8448
-1.6448 0.8264
-1.6224 0.8288
-1.6304 0.8456
-1.656 0.888
-1.7072 0.884
-1.7008 0.8976
-1.6464 0.8728
-1.6416 0.8624
-1.6624 0.8504
-1.608 0.8376
-1.6528 0.8616
-1.6528 0.8512
-1.664 0.8928
-1.7008 0.8896
-1.632 0.8488
-1.552 0.7856
-1.688 0.8512
-1.6144 0.84
-1.6688 0.8688
-1.5264 0.7848
-1.5456 0.8
-1.6064 0.8312
-1.6672 0.8584
-1.616 0.8488
-1.5808 0.848
-1.6464 0.8488
-1.5952 0.8376
-1.6368 0.8416
-1.6432 0.8712
-1.6368 0.8672
-1.6368 0.8704
-1.7088 0.892
-1.6624 0.8792
-1.7008 0.8984
-1.6288 0.8616
-1.672 0.86
-1.6944 0.892
-1.7296 0.908
-1.6224 0.8528
-1.6704 0.8824
-1.6272 0.8424
-1.688 0.88
-1.6064 0.8584
-1.5568 0.8056
-1.6352 0.84
-1.6048 0.8264
-1.6352 0.8424
-1.68 0.8648
-1.6448 0.852
-1.6048 0.828
-1.664 0.8256
-1.5824 0.7992
-1.6048 0.8344
-1.6352 0.86
-1.6688 0.8888
-1.584 0.8272
-1.6496 0.86
-1.6944 0.88
-1.6144 0.8576
-1.5072 0.7832
-1.656 0.8512
-1.6432 0.8344
-1.6448 0.8664
-1.632 0.8696
-1.6224 0.836
-1.6896 0.8952
-1.6352 0.872
-1.664 0.8632
-1.6928 0.8912
-1.648 0.8664
-1.6576 0.8584
-1.6272 0.8576
-1.6224 0.8672
-1.6448 0.8528
-1.5888 0.8256
-1.5824 0.8216
-1.56 0.7792
-1.6416 0.852
-1.6064 0.8488
-1.6832 0.8736
-1.6608 0.86
-1.6848 0.8808
-1.7104 0.8888
-1.5744 0.8048
-1.5888 0.82
-1.6224 0.8288
-1.616 0.8304
-1.6896 0.8656
-1.6 0.7968
-1.592 0.8064
-1.5664 0.7552
-1.5968 0.8232
-1.6576 0.8448
-1.7168 0.9096
-1.6624 0.8944
-1.6608 0.8728
-1.6128 0.852
-1.656 0.8648
-1.5808 0.824
-1.6576 0.8576
-1.6336 0.8536
-1.592 0.7776
-1.56 0.8064
-1.56 0.7944
-1.5984 0.8208
-1.6464 0.8592
-1.576 0.8368
-1.6304 0.848
-1.6624 0.8488
-1.656 0.8408
-1.6064 0.8264
-1.6288 0.8648
-1.6688 0.8768
-1.7152 0.9032
-1.7168 0.8984
-1.7168 0.9104
-1.6896 0.8872
-1.5616 0.8064
-1.5856 0.8168
-1.6144 0.8544
-1.5712 0.8104
-1.6368 0.8128
-1.6208 0.8352
-1.6208 0.848
-1.6224 0.864
-1.5904 0.8272
-1.6144 0.8464
-1.6512 0.8704
-1.6576 0.8896
-1.664 0.884
-1.6416 0.8768
-1.6624 0.86
-1.656 0.8704
-1.6688 0.88
-1.6832 0.8976
-1.6576 0.8648
-1.6496 0.8736
-1.648 0.8632
-1.6224 0.8544
-1.6528 0.86
-1.5712 0.8448
-1.6944 0.9008
-1.6928 0.8936
-1.624 0.856
-1.6384 0.8608
-1.6752 0.8824
-1.6752 0.8792
-1.7088 0.8992
-1.6064 0.8656
-1.6608 0.8728
-1.6176 0.8336
-1.5776 0.8176
-1.6016 0.8448
-1.6112 0.8104
-1.5488 0.824
-1.6384 0.8552
-1.536 0.7632
-1.5568 0.8096
-1.6576 0.8656
-1.6176 0.8632
-1.6528 0.8624
-1.6752 0.884
-1.6944 0.8992
-1.544 0.772
-1.6128 0.7888
-1.6384 0.852
-1.608 0.836
-1.5968 0.8368
-1.5872 0.8048
-1.7024 0.8928
-1.6528 0.8776
-1.672 0.8816
-1.6624 0.8736
-1.6272 0.8696
-1.6528 0.864
-1.7232 0.8952
-1.6272 0.856
-1.6176 0.8368
-1.5936 0.8432
-1.6016 0.836
-1.64 0.8552
-1.6576 0.864
-1.6704 0.8792
-1.6384 0.8712
-1.6608 0.8696
-1.744 0.908
-1.6416 0.872
-1.64 0.876
-1.5904 0.8216
-1.552 0.8144
-1.6784 0.868
-1.6896 0.892
-1.7136 0.9032
-1.6736 0.8936
-1.6464 0.8888
-1.6448 0.8664
-1.6656 0.8856
-1.664 0.88
-1.6576 0.8856
-1.6608 0.8752
-1.64 0.8624
-1.5664 0.824
-1.6816 0.8904
-1.6496 0.8624
-1.6464 0.8744
-1.6336 0.8728
-1.5824 0.8408
-1.7232 0.8872
-1.7056 0.8928
-1.648 0.8768
-1.6304 0.8704
-1.6208 0.8672
-1.6576 0.8824
-1.6208 0.828
-1.6064 0.852
-1.6032 0.8456
-1.6832 0.8928
-1.6624 0.8576
-1.6224 0.8352
-1.5856 0.816
-1.6352 0.8504
-1.6016 0.8448
-1.6352 0.8312
-1.5712 0.8064
-1.6656 0.8576
-1.592 0.8176
-1.5872 0.8176
-1.648 0.8296
-1.6272 0.848
-1.68 0.8928
-1.6848 0.8928
-1.6992 0.8832
-1.728 0.9
-1.6416 0.872
-1.6832 0.8944
-1.6352 0.8656
-1.56 0.8224
-1.5488 0.7408
-1.52 0.7384
-1.5968 0.788
-1.5488 0.736
-1.6032 0.7632
-1.5936 0.7952
-1.5728 0.7904
-1.6448 0.816
-1.6688 0.8512
-1.568 0.8424
-1.616 0.856
-1.6272 0.8616
-1.6464 0.8592
-1.632 0.8656
-1.624 0.864
-1.592 0.8264
-1.6224 0.8232
-1.6768 0.8448
-1.592 0.8184
-1.6656 0.8784
-1.6336 0.8792
-1.6704 0.8904
-1.5568 0.8096
-1.6112 0.8448
-1.6176 0.8568
-1.6832 0.8832
-1.6368 0.864
-1.6064 0.848
-1.664 0.8664
-1.6816 0.8704
-1.6032 0.8456
-1.688 0.8912
-1.6544 0.8752
-1.6368 0.852
-1.6528 0.872
-1.5424 0.8368
-1.624 0.8424
-1.6288 0.8536
-1.736 0.9072
-1.6704 0.8896
-1.6096 0.8472
-1.688 0.8888
-1.728 0.9064
-1.6176 0.8456
-1.68 0.8888
-1.6192 0.8584
-1.6256 0.8696
-1.6384 0.8808
-1.6688 0.8792
-1.6416 0.8752
-1.6496 0.8728
-1.704 0.9
-1.648 0.8552
-1.6256 0.8328
-1.5984 0.8352
-1.6784 0.8768
-1.6192 0.8456
-1.6624 0.8568
-1.584 0.7832
-1.6432 0.8584
-1.6544 0.8624
-1.656 0.8656
-1.6448 0.8624
-1.6528 0.8904
-1.6464 0.8648
-1.576 0.8184
-1.6256 0.8272
-1.6368 0.8624
-1.6752 0.8792
-1.6768 0.8872
-1.6608 0.876
-1.6224 0.8384
-1.6048 0.836
-1.6064 0.824
-1.6784 0.884
-1.632 0.8552
-1.6192 0.8552
-1.6592 0.8736
-1.624 0.8568
-1.6848 0.8752
-1.6096 0.86
-1.656 0.8472
-1.592 0.8472
-1.6368 0.8488
-1.6608 0.8608
-1.6368 0.8504
-1.6704 0.876
-1.6208 0.8456
-1.5744 0.8328
-1.6544 0.868
-1.6288 0.8392
-1.6496 0.8368
-1.7456 0.9056
-1.6608 0.8824
-1.6544 0.8808
-1.6032 0.856
-1.6704 0.8768
-1.6528 0.8376
-1.6816 0.8568
-1.7216 0.9096
-1.5744 0.8448
-1.68 0.888
-1.6656 0.8592
-1.5936 0.8384
-1.6304 0.8744
-1.72 0.9056
-1.6688 0.8904
-1.6448 0.8752
-1.6624 0.888
-1.6272 0.856
-1.7104 0.9016
-1.6896 0.8968
-1.7536 0.916
-1.6912 0.8928
-1.6752 0.8888
-1.672 0.8792
-1.6208 0.8376
-1.5904 0.8392
-1.6192 0.844
-1.5568 0.8232
-1.5936 0.8216
-1.616 0.8264
-1.5984 0.836
-1.6352 0.86
-1.5984 0.8256
-1.6336 0.8448
-1.6048 0.8256
-1.6208 0.8368
-1.6112 0.8232
-1.5824 0.8296
-1.6224 0.86
-1.64 0.8744
-1.5968 0.8408
-1.6448 0.8712
-1.6352 0.8376
-1.6144 0.8424
-1.648 0.8656
-1.6416 0.8832
-1.7488 0.9192
-1.6304 0.864
-1.7056 0.8872
-1.6896 0.8848
-1.6624 0.8752
-1.6112 0.8576
-1.656 0.8608
-1.6336 0.8616
-1.704 0.896
-1.6496 0.8688
-1.6224 0.8224
-1.6304 0.8288
-1.6528 0.8432
-1.632 0.86
-1.6672 0.8912
-1.624 0.864
-1.632 0.8768
-1.6736 0.8824
-1.6816 0.8808
-1.6032 0.8224
-1.6208 0.8472
-1.5904 0.8584
-1.56 0.8288
-1.6144 0.8544
-1.7424 0.9088
-1.6912 0.8904
-1.6144 0.8432
-1.6944 0.8512
-1.6464 0.8632
-1.6944 0.8856
-1.6992 0.8856
-1.6816 0.8776
-1.6016 0.8472
-1.6336 0.8616
-1.6272 0.8432
-1.6192 0.8464
-1.6624 0.872
-1.5936 0.836
-1.5744 0.8104
-1.5472 0.7912
-1.6656 0.868
-1.5632 0.8
-1.5808 0.7928
-1.5664 0.7872
-1.4896 0.7352
-1.5168 0.7576
-1.5584 0.816
-1.6 0.8472
-1.664 0.876
-1.648 0.8616
-1.6352 0.8608
-1.5664 0.8288
-1.5776 0.8144
-1.5968 0.8264
-1.544 0.768
-1.6288 0.8536
-1.6464 0.8384
-1.6272 0.8288
-1.6592 0.8648
-1.6336 0.844
-1.5728 0.8072
-1.4848 0.736
-1.5424 0.7784
-1.5824 0.7752
-1.6128 0.8208
-1.6064 0.8688
-1.6112 0.8408
-1.6448 0.8496
-1.6048 0.848
-1.7264 0.904
-1.6368 0.8552
-1.6368 0.8568
-1.6512 0.8576
-1.6464 0.856
-1.6528 0.8768
-1.6656 0.88
-1.6032 0.8424
-1.6256 0.8232
-1.5632 0.8032
-1.6096 0.8272
-1.5984 0.8128
-1.5984 0.808
-1.5616 0.7792
-1.6672 0.8504
-1.6752 0.8592
-1.6368 0.808
-1.5472 0.7672
-1.5664 0.7872
-1.6352 0.8376
-1.6272 0.8296
-1.696 0.8856
-1.68 0.8528
-1.6736 0.8504
-1.6672 0.844
-1.5632 0.7744
-1.5824 0.8184
-1.6288 0.8496
-1.6544 0.864
-1.52 0.8272
-1.6704 0.888
-1.6832 0.8728
-1.6736 0.8984
-1.6928 0.8872
-1.6512 0.8712
-1.6848 0.8904
-1.5936 0.8576
-1.664 0.8896
-1.6704 0.8864
-1.616 0.832
-1.6816 0.8728
-1.6304 0.8432
-1.6336 0.8696
-1.6928 0.8832
-1.6368 0.8656
-1.6256 0.8608
-1.64 0.8304
-1.6304 0.8392
-1.6304 0.8408
-1.6848 0.888
-1.6608 0.8864
-1.656 0.8776
-1.6096 0.8344
-1.5648 0.8192
-1.6352 0.8312
-1.6048 0.8392
-1.5824 0.8152
-1.568 0.7928
-1.6592 0.8424
-1.6288 0.8472
-1.6928 0.8752
-1.6752 0.8792
-1.632 0.8672
-1.6368 0.864
-1.5728 0.8432
-1.6416 0.8288
-1.5776 0.8208
-1.7184 0.8944
-1.736 0.912
-1.7344 0.9088
-1.7088 0.8936
-1.6064 0.8656
-1.6464 0.8648
-1.6112 0.8704
-1.6848 0.8856
-1.664 0.8832
-1.5872 0.7864
-1.6368 0.8728
-1.6096 0.856
-1.6208 0.8512
-1.6112 0.8176
-1.6176 0.8304
-1.6 0.8112
-1.5552 0.8072
-1.6544 0.8688
-1.632 0.8656
-1.6288 0.852
-1.5808 0.832
-1.6464 0.8656
-1.6352 0.8704
-1.6944 0.8696
-1.584 0.8328
-1.6384 0.8688
-1.6368 0.8688
-1.5968 0.8112
-1.6416 0.8672
-1.6384 0.8768
-1.712 0.9072
-1.5872 0.8536
-1.6848 0.8952
-1.6512 0.8768
-1.6512 0.8776
-1.6608 0.8784
-1.632 0.8696
-1.6944 0.8904
-1.656 0.8784
-1.6304 0.8392
-1.6304 0.8616
-1.6672 0.888
-1.6224 0.868
-1.6208 0.8616
-1.6752 0.8856
-1.6416 0.868
-1.696 0.9048
-1.6704 0.8872
-1.7072 0.8976
-1.6848 0.8872
-1.6992 0.8936
-1.7088 0.8984
-1.6688 0.8864
-1.6448 0.868
-1.6592 0.872
-1.6416 0.8632
-1.704 0.8928
-1.648 0.8872
-1.672 0.872
-1.6336 0.8624
-1.664 0.8816
-1.5648 0.8304
-1.6432 0.8768
-1.6608 0.8632
-1.584 0.8416
-1.616 0.8616
-1.624 0.8608
-1.6928 0.8864
-1.6224 0.8488
-1.6288 0.856
-1.5536 0.8032
-1.6944 0.892
-1.6944 0.9032
-1.6736 0.884
-1.6368 0.852
-1.7472 0.9112
-1.6976 0.8872
-1.624 0.8536
-1.6128 0.8496
-1.6368 0.8664
-1.6736 0.8808
-1.6832 0.888
-1.7376 0.9048
-1.6144 0.8528
-1.608 0.8464
-1.5552 0.8168
-1.5584 0.8072
-1.5856 0.8248
-1.64 0.8704
-1.6912 0.8816
-1.6448 0.8608
-1.6176 0.8584
-1.6336 0.848
-1.6128 0.844
-1.592 0.8256
-1.6704 0.8856
-1.6672 0.8632
-1.6448 0.8616
-1.6144 0.86
-1.6528 0.8776
-1.6288 0.868
-1.6 0.856
-1.6768 0.8728
-1.632 0.8672
-1.6224 0.8632
-1.6368 0.8536
-1.6272 0.8648
-1.6576 0.8704
-1.664 0.8736
-1.7232 0.9016
-1.6336 0.8448
-1.568 0.8216
-1.6144 0.84
-1.5936 0.8496
-1.6304 0.8592
-1.6608 0.8704
-1.6512 0.8672
-1.624 0.8608
-1.7152 0.9024
-1.5792 0.8232
-1.5872 0.8376
-1.6112 0.836
-1.6816 0.8776
-1.6064 0.8568
-1.6544 0.8712
-1.6272 0.8464
-1.6256 0.868
-1.616 0.8336
-1.592 0.8368
-1.6144 0.8416
-1.6432 0.8432
-1.5888 0.8296
-1.5328 0.7704
-1.5584 0.7936
-1.6736 0.8376
-1.528 0.7848
-1.5712 0.792
-1.5584 0.7952
-1.536 0.7704
-1.688 0.8392
-1.6176 0.828
-1.6176 0.828
-1.5616 0.796
-1.6544 0.8408
-1.5936 0.8392
-1.6496 0.8664
-1.6064 0.8392
-1.7008 0.8808
-1.6272 0.8552
-1.6784 0.8784
-1.7488 0.9168
-1.6208 0.8632
-1.608 0.8592
-1.6288 0.8688
-1.6304 0.86
-1.6512 0.8688
-1.624 0.8368
-1.6416 0.8768
-1.7008 0.8992
-1.6288 0.8608
-1.7248 0.8792
-1.624 0.8336
-1.584 0.8424
-1.5984 0.8344
-1.6288 0.8368
-1.6096 0.8168
-1.5728 0.808
-1.6352 0.8376
-1.6368 0.8576
-1.6864 0.8768
-1.6736 0.868
-1.7392 0.9112
-1.6464 0.8784
-1.6416 0.8504
-1.5696 0.8232
-1.5792 0.8072
-1.6288 0.8304
-1.6432 0.8624
-1.6496 0.8728
-1.6384 0.8584
-1.68 0.8832
-1.6464 0.8464
-1.5696 0.836
-1.6192 0.8456
-1.6912 0.8968
-1.7376 0.908
-1.5872 0.8352
-1.5856 0.8232
-1.6496 0.8592
-1.6608 0.8592
-1.5984 0.8208
-1.5344 0.8008
-1.5856 0.8248
-1.6416 0.8584
-1.6416 0.8648
-1.6752 0.8648
-1.6672 0.8632
-1.5872 0.8408
-1.6704 0.8832
-1.6064 0.8112
-1.6432 0.8472
-1.6432 0.8672
-1.6048 0.848
-1.64 0.8656
-1.6848 0.8912
-1.6528 0.864
-1.5888 0.8304
-1.656 0.8808
-1.624 0.8448
-1.664 0.8856
-1.5424 0.8104
-1.6256 0.8368
-1.6464 0.8488
-1.6528 0.8624
-1.6448 0.8608
-1.6608 0.872
-1.6016 0.8496
-1.6144 0.8176
-1.592 0.8368
-1.6624 0.856
-1.664 0.8856
-1.6352 0.8608
-1.6656 0.8824
-1.6768 0.876
-1.656 0.8656
-1.6288 0.876
-1.664 0.8856
-1.6144 0.852
-1.6816 0.8872
-1.6752 0.8696
-1.6624 0.8824
-1.632 0.852
-1.6224 0.8504
-1.6208 0.8472
-1.5328 0.7824
-1.5552 0.8064
-1.6544 0.8624
-1.632 0.8336
-1.6016 0.8368
-1.5984 0.84
-1.632 0.8152
-1.6224 0.8368
-1.6096 0.82
-1.648 0.8616
-1.6464 0.8752
-1.5696 0.8328
-1.6064 0.856
-1.6272 0.864
-1.6256 0.8344
-1.6608 0.8752
-1.6144 0.8776
-1.728 0.9008
-1.6512 0.8816
-1.6096 0.8416
-1.584 0.8224
-1.6416 0.8656
-1.6464 0.8808
-1.704 0.9048
-1.656 0.8816
-1.6688 0.8888
-1.6752 0.8872
-1.6736 0.8896
-1.6608 0.8616
-1.6368 0.8752
-1.6432 0.8608
-1.688 0.8824
-1.6496 0.8584
-1.6624 0.872
-1.6912 0.8832
-1.632 0.8648
-1.648 0.8592
-1.6848 0.8944
-1.6928 0.8848
-1.624 0.848
-1.6288 0.864
-1.696 0.8944
-1.6432 0.8512
-1.592 0.8432
-1.696 0.8936
-1.6736 0.884
-1.6688 0.864
-1.6912 0.8792
-1.6512 0.8616
-1.6016 0.8248
-1.5888 0.8
-1.6704 0.8824
-1.6624 0.8736
-1.6288 0.844
-1.6512 0.864
-1.6176 0.8488
-1.6352 0.8312
-1.664 0.8576
-1.5776 0.8152
-1.7072 0.9144
-1.7136 0.904
-1.6288 0.864
-1.648 0.8712
-1.6272 0.8744
-1.6256 0.8536
-1.6928 0.8872
-1.6512 0.872
-1.6064 0.8584
-1.6144 0.8624
-1.7328 0.9216
-1.5984 0.8512
-1.5776 0.8408
-1.5824 0.8344
-1.6176 0.8344
-1.6016 0.8144
-1.6096 0.8336
-1.6 0.8216
-1.6384 0.8488
-1.6176 0.8552
-1.592 0.8232
-1.5952 0.812
-1.64 0.8408
-1.656 0.8376
-1.616 0.8608
-1.6336 0.8608
-1.6896 0.8856
-1.6496 0.8616
-1.5904 0.8136
-1.5728 0.8248
-1.64 0.8712
-1.6256 0.8568
-1.6624 0.8856
-1.6256 0.8608
-1.688 0.8952
-1.6096 0.8472
-1.6768 0.888
-1.6224 0.8536
-1.6272 0.8496
-1.6256 0.8424
-1.7168 0.8568
-1.6608 0.8472
-1.6272 0.8096
-1.6112 0.7832
-1.576 0.7472
-1.5712 0.7928
-1.6304 0.844
-1.632 0.8608
-1.5872 0.8288
-1.6448 0.824
-1.64 0.868
-1.6224 0.844
-1.6528 0.8584
-1.6432 0.8664
-1.688 0.8912
-1.6528 0.8696
-1.7008 0.9048
-1.6912 0.8784
-1.656 0.8608
-1.5808 0.8056
-1.6784 0.868
-1.6544 0.8856
-1.7216 0.9104
-1.6272 0.8576
-1.6272 0.8576
-1.6176 0.8688
-1.6096 0.8344
-1.6864 0.8856
-1.6848 0.868
-1.6352 0.8704
-1.5648 0.844
-1.6848 0.8776
-1.6272 0.8512
-1.6432 0.8608
-1.664 0.8832
-1.6976 0.904
-1.616 0.8456
-1.672 0.8672
-1.5648 0.7912
-1.6256 0.8416
-1.5744 0.816
-1.6784 0.8712
-1.6496 0.8472
-1.7024 0.8976
-1.6592 0.8672
-1.6096 0.8552
-1.6928 0.892
-1.6736 0.8736
-1.672 0.8776
-1.6128 0.8112
-1.6208 0.8248
-1.5968 0.8424
-1.632 0.8456
-1.6096 0.8504
-1.6112 0.8336
-1.6496 0.8624
-1.6848 0.8952
-1.672 0.8728
-1.608 0.8224
-1.6288 0.8344
-1.6464 0.876
-1.6272 0.8376
-1.6016 0.848
-1.6832 0.8888
-1.616 0.8288
-1.664 0.8656
-1.6896 0.8728
-1.5904 0.8072
-1.6496 0.8696
-1.5936 0.8552
-1.5824 0.824
-1.6512 0.8504
-1.5904 0.8264
-1.6032 0.8128
-1.592 0.8144
-1.664 0.864
-1.6864 0.8776
-1.5872 0.8248
-1.5872 0.8384
-1.6848 0.8856
-1.624 0.8344
-1.6896 0.8832
-1.6368 0.8616
-1.6992 0.8832
-1.6432 0.8632
-1.6624 0.884
-1.6528 0.8832
-1.6576 0.884
-1.608 0.8472
-1.5744 0.808
-1.6 0.8224
-1.5024 0.7688
-1.6144 0.8232
-1.56 0.7784
-1.6224 0.796
-1.5104 0.7808
-1.6928 0.9048
-1.5888 0.8432
-1.584 0.8368
-1.6928 0.8888
-1.624 0.8728
-1.6288 0.856
-1.6512 0.8544
-1.7168 0.8904
-1.656 0.8768
-1.5648 0.8208
-1.64 0.8728
-1.656 0.8672
-1.6816 0.8728
-1.6336 0.8536
-1.6272 0.8568
-1.5872 0.836
-1.6 0.8352
-1.6208 0.8536
-1.6736 0.8824
-1.6592 0.8736
-1.6096 0.856
-1.6224 0.8512
-1.5888 0.844
-1.6208 0.8376
-1.6624 0.8424
-1.6096 0.8224
-1.5712 0.792
-1.6 0.8144
-1.6304 0.8176
-1.5264 0.7704
-1.5328 0.7896
-1.5856 0.7696
-1.5472 0.7528
-1.5248 0.776
-1.5888 0.8216
-1.6336 0.8408
-1.6864 0.8624
-1.5712 0.8144
-1.6432 0.8496
-1.664 0.8608
-1.6272 0.8512
-1.5888 0.812
-1.5728 0.8048
-1.6064 0.8056
-1.6352 0.8424
-1.656 0.8688
-1.6 0.86
-1.6624 0.848
-1.6576 0.8552
-1.568 0.8152
-1.5824 0.7856
-1.5952 0.748
-1.6352 0.8256
-1.648 0.8608
-1.6256 0.856
-1.6496 0.8808
-1.6432 0.8792
-1.5936 0.8072
-1.6416 0.8528
-1.6624 0.8752
-1.5984 0.8328
-1.5808 0.7888
-1.6016 0.7872
-1.6896 0.8768
-1.6448 0.856
-1.6016 0.8328
-1.6256 0.856
-1.64 0.872
-1.6208 0.864
-1.68 0.8904
-1.6704 0.876
-1.6304 0.8528
-1.5792 0.8192
-1.6112 0.8624
-1.56 0.8112
-1.6528 0.8512
-1.6464 0.836
-1.696 0.8984
-1.6608 0.8744
-1.5872 0.8424
-1.704 0.908
-1.5856 0.8416
-1.7056 0.8952
-1.64 0.8784
-1.6496 0.8808
-1.5824 0.8352
-1.6976 0.9032
-1.6528 0.8648
-1.632 0.8696
-1.7168 0.8976
-1.6624 0.8672
-1.552 0.7904
-1.5616 0.7704
-1.5808 0.7704
-1.5872 0.7696
-1.5808 0.7584
-1.6272 0.7872
-1.5456 0.7672
-1.5968 0.7912
-1.616 0.7816
-1.584 0.78
-1.5904 0.792
-1.6224 0.8176
-1.6064 0.8176
-1.6432 0.8608
-1.7072 0.8928
-1.7312 0.912
-1.6352 0.8784
-1.64 0.8736
-1.6432 0.8624
-1.5904 0.8456
-1.5952 0.8472
-1.6112 0.8368
-1.5984 0.8384
-1.6528 0.8712
-1.5568 0.8232
-1.6272 0.848
-1.6592 0.8904
-1.7136 0.8968
-1.6624 0.8824
-1.6352 0.8672
-1.6848 0.8696
-1.5952 0.8272
-1.6576 0.8528
-1.712 0.8984
-1.6064 0.8432
-1.5632 0.8408
-1.5952 0.8448
-1.64 0.8472
-1.6832 0.8864
-1.6048 0.8288
-1.624 0.8264
-1.6528 0.8592
-1.6144 0.8568
-1.6864 0.8936
-1.6736 0.8864
-1.6736 0.8768
-1.7056 0.8848
-1.6576 0.8792
-1.6256 0.864
-1.6352 0.8432
-1.6112 0.8224
-1.6608 0.884
-1.6656 0.8888
-1.7168 0.8912
-1.6448 0.8656
-1.6896 0.904
-1.648 0.8848
-1.6432 0.8832
-1.6736 0.8712
-1.6896 0.888
-1.5984 0.8552
-1.7104 0.908
-1.6016 0.86
-1.696 0.8952
-1.6544 0.8568
-1.6496 0.844
-1.7024 0.8808
-1.6224 0.8616
-1.6592 0.868
-1.664 0.88
-1.6288 0.8536
-1.624 0.86
-1.5936 0.8336
-1.6768 0.8832
-1.6192 0.8544
-1.6752 0.876
-1.608 0.8536
-1.6656 0.8736
-1.6976 0.9024
-1.5808 0.8384
-1.5584 0.8256
-1.6416 0.8784
-1.6272 0.8592
-1.648 0.8712
-1.6784 0.8776
-1.7232 0.908
-1.6464 0.8512
-1.6864 0.8976
-1.6064 0.86
-1.6832 0.8856
-1.6128 0.8376
-1.6704 0.876
-1.6176 0.8688
-1.5584 0.8304
-1.632 0.8384
-1.6416 0.86
-1.6848 0.8904
-1.6576 0.8776
-1.6336 0.8624
-1.6128 0.856
-1.6512 0.8704
-1.6864 0.8704
-1.6784 0.8776
-1.68 0.8784
-1.6544 0.8704
-1.656 0.868
-1.68 0.8904
-1.7072 0.8912
-1.6896 0.8984
-1.7232 0.9128
-1.7344 0.9128
-1.6144 0.8528
-1.6432 0.8592
-1.6512 0.8752
-1.64 0.8512
-1.6256 0.8528
-1.7296 0.896
-1.6016 0.8432
-1.672 0.8792
-1.6112 0.8272
-1.6368 0.8248
-1.5952 0.7552
-1.5504 0.7368
-1.576 0.7672
-1.6 0.7856
-1.6112 0.744
-1.5872 0.7352
-1.5456 0.6896
-1.5408 0.7
-1.5632 0.7368
-1.5808 0.7864
-1.5904 0.8128
-1.6208 0.8176
-1.6288 0.82
-1.6512 0.8384
-1.5968 0.8144
-1.5776 0.82
-1.6144 0.8272
-1.6208 0.8344
-1.5952 0.8256
-1.5504 0.7736
-1.5664 0.7824
-1.5664 0.7552
-1.5904 0.76
-1.6288 0.804
-1.5728 0.8136
-1.5936 0.8184
-1.6544 0.872
-1.616 0.8512
-1.624 0.8496
-1.6416 0.8536
-1.6224 0.864
-1.6832 0.8896
-1.56 0.8456
-1.592 0.8536
-1.6384 0.8784
-1.6368 0.844
-1.6144 0.8288
-1.6096 0.8112
-1.6896 0.86
-1.5744 0.8224
-1.616 0.8424
-1.688 0.856
-1.6384 0.852
-1.6896 0.8792
-1.6896 0.8888
-1.696 0.8848
-1.6224 0.8528
-1.6272 0.8728
-1.672 0.8888
-1.68 0.8896
-1.664 0.8776
-1.6624 0.8896
-1.6208 0.848
-1.6464 0.8624
-1.5984 0.844
-1.6672 0.8776
-1.6768 0.8912
-1.6288 0.8688
-1.616 0.8536
-1.7728 0.924
-1.6208 0.8608
-1.696 0.8888
-1.6096 0.8552
-1.6928 0.892
-1.6992 0.8952
-1.648 0.8672
-1.6176 0.8632
-1.5744 0.8248
-1.6672 0.8632
-1.5504 0.8384
-1.6784 0.8752
-1.5888 0.8392
-1.5312 0.8
-1.6144 0.8224
-1.5872 0.7824
-1.5616 0.7352
-1.5568 0.7712
-1.6128 0.764
-1.5664 0.7896
-1.6 0.8032
-1.6784 0.8504
-1.7216 0.9088
-1.6048 0.8616
-1.6864 0.8912
-1.7248 0.9088
-1.6448 0.8512
-1.736 0.9056
-1.6128 0.8488
-1.6 0.824
-1.6496 0.8752
-1.6352 0.8456
-1.5664 0.7872
-1.6496 0.8408
-1.6096 0.8072
-1.6288 0.8112
-1.5904 0.8392
-1.592 0.8048
-1.5616 0.8256
-1.6928 0.8792
-1.6704 0.872
-1.584 0.8432
-1.616 0.8576
-1.648 0.8624
-1.6512 0.8624
-1.6416 0.8736
-1.6016 0.8528
-1.6416 0.8512
-1.648 0.8496
-1.664 0.8432
-1.5872 0.7936
-1.5456 0.7592
-1.5984 0.7984
-1.5584 0.7768
-1.5184 0.7376
-1.5936 0.8152
-1.6416 0.8296
-1.6592 0.8312
-1.5984 0.8192
-1.5744 0.8232
-1.6576 0.8256
-1.5808 0.7832
-1.6128 0.836
-1.6528 0.8488
-1.7008 0.8776
-1.6432 0.8288
-1.6336 0.8432
-1.6224 0.8312
-1.6224 0.8416
-1.6544 0.8384
-1.6336 0.8328
-1.6464 0.8472
-1.5952 0.8448
-1.5936 0.8448
-1.6624 0.8704
-1.5936 0.8536
-1.6464 0.8712
-1.6144 0.8592
-1.64 0.8304
-1.6144 0.8552
-1.7152 0.9016
-1.6144 0.8528
-1.6432 0.8616
-1.6272 0.856
-1.6544 0.852
-1.64 0.8616
-1.6576 0.8744
-1.5824 0.8192
-1.6256 0.8664
-1.5856 0.848
-1.6672 0.8696
-1.6336 0.8424
-1.5904 0.8336
-1.7424 0.9056
-1.6752 0.8736
-1.6 0.8416
-1.584 0.8264
-1.6592 0.852
-1.6448 0.852
-1.648 0.868
-1.712 0.892
-1.5616 0.8136
-1.5728 0.808
-1.5888 0.8224
-1.6096 0.8496
-1.5504 0.8208
-1.624 0.836
-1.6368 0.824
-1.6704 0.8488
-1.6144 0.8208
-1.6784 0.8864
-1.6304 0.8624
-1.6016 0.8344
-1.6304 0.8616
-1.64 0.86
-1.6256 0.8608
-1.6944 0.9008
-1.6448 0.8664
-1.6768 0.848
-1.6192 0.8392
-1.6752 0.8752
-1.6848 0.892
-1.6736 0.8888
-1.688 0.8808
-1.6576 0.88
-1.7408 0.9128
-1.6656 0.8864
-1.656 0.8704
-1.68 0.892
-1.648 0.8672
-1.6048 0.8496
-1.6512 0.872
-1.7296 0.9104
-1.6608 0.8952
-1.5712 0.8064
-1.6 0.8168
-1.6208 0.8104
-1.6256 0.828
-1.6592 0.8776
-1.648 0.8592
-1.6512 0.8792
-1.6816 0.8752
-1.672 0.88
-1.6608 0.8784
-1.6432 0.8552
-1.5296 0.7792
-1.5408 0.7904
-1.608 0.8376
-1.6096 0.82
-1.6048 0.7912
-1.6304 0.8272
-1.6416 0.848
-1.6112 0.8608
-1.648 0.8728
-1.6704 0.8792
-1.6448 0.8632
-1.6432 0.8784
-1.7008 0.9008
-1.6608 0.8664
-1.6192 0.8344
-1.7008 0.8992
-1.6352 0.8664
-1.672 0.8752
-1.5904 0.8416
-1.6608 0.848
-1.5728 0.8128
-1.568 0.8256
-1.6768 0.872
-1.5984 0.8568
-1.6496 0.8616
-1.68 0.8776
-1.6 0.8408
-1.6768 0.8712
-1.6896 0.8808
-1.5968 0.8336
-1.576 0.8336
-1.6736 0.8648
-1.6576 0.8544
-1.624 0.8592
-1.656 0.8632
-1.6096 0.8536
-1.6528 0.8904
-1.672 0.8856
-1.6352 0.8608
-1.6288 0.848
-1.6496 0.8808
-1.712 0.8976
-1.6768 0.8856
-1.6144 0.828
-1.6192 0.8376
-1.7056 0.8696
-1.64 0.8504
-1.632 0.8464
-1.6112 0.8208
-1.5408 0.8016
-1.6128 0.8344
-1.5472 0.8064
-1.5968 0.82
-1.6512 0.8456
-1.6336 0.8224
-1.5936 0.7904
-1.5904 0.7792
-1.568 0.788
-1.6144 0.8096
-1.608 0.7808
-1.632 0.82
-1.6688 0.8352
-1.5984 0.7912
-1.608 0.8088
-1.6384 0.852
-1.6096 0.8592
-1.64 0.8544
-1.6528 0.8496
-1.592 0.8544
-1.5744 0.8448
-1.6576 0.8784
-1.672 0.8808
-1.72 0.8904
-1.6128 0.8472
-1.6528 0.8712
-1.6928 0.88
-1.6512 0.8512
-1.616 0.8392
-1.6496 0.8552
-1.6592 0.872
-1.6896 0.8768
-1.688 0.8888
-1.6272 0.8536
-1.6464 0.8584
-1.5904 0.84
-1.6272 0.84
-1.5808 0.8232
-1.6528 0.8424
-1.6768 0.8704
-1.6288 0.8384
-1.6064 0.8424
-1.68 0.8776
-1.648 0.864
-1.608 0.8456
-1.6448 0.8768
-1.608 0.8592
-1.6896 0.8888
-1.688 0.8848
-1.7248 0.9104
-1.672 0.8816
-1.664 0.8776
-1.6704 0.8688
-1.696 0.9016
-1.6608 0.872
-1.5936 0.8496
-1.6416 0.86
-1.7024 0.9
-1.6544 0.8776
-1.7168 0.8888
-1.6608 0.8728
-1.688 0.8912
-1.6672 0.8552
-1.6288 0.8408
-1.68 0.8848
-1.6864 0.8824
-1.6688 0.872
-1.6864 0.876
-1.6288 0.8088
-1.6608 0.8176
-1.6096 0.8264
-1.5376 0.8192
-1.616 0.8456
-1.592 0.8144
-1.5424 0.804
-1.6768 0.88
-1.656 0.8808
-1.6752 0.8888
-1.6672 0.8816
-1.6992 0.892
-1.6816 0.8928
-1.68 0.8856
-1.6272 0.86
-1.6048 0.828
-1.6096 0.8216
-1.6336 0.8096
-1.6496 0.832
-1.6592 0.864
-1.5888 0.8144
-1.6832 0.8752
-1.6336 0.8496
-1.608 0.8368
-1.6656 0.872
-1.6176 0.8504
-1.6368 0.856
-1.648 0.8624
-1.5776 0.8232
-1.6352 0.828
-1.5776 0.7832
-1.6016 0.7872
-1.6128 0.7768
-1.5536 0.7184
-1.6464 0.7728
-1.5616 0.7648
-1.584 0.756
-1.632 0.7736
-1.5648 0.7504
-1.6032 0.7736
-1.6064 0.7696
-1.6096 0.8376
-1.6272 0.8296
-1.6224 0.8584
-1.6768 0.8592
-1.672 0.8832
-1.5936 0.8376
-1.624 0.812
-1.6304 0.8344
-1.6352 0.8312
-1.5984 0.7976
-1.6144 0.8256
-1.6224 0.8496
-1.664 0.856
-1.5696 0.8216
-1.664 0.868
-1.704 0.8928
-1.6624 0.8824
-1.68 0.8792
-1.6512 0.8544
-1.592 0.804
-1.6336 0.8408
-1.6544 0.8656
-1.664 0.8608
-1.6224 0.8584
-1.6528 0.8536
-1.6032 0.8384
-1.6256 0.844
-1.6224 0.868
-1.672 0.888
-1.7216 0.888
-1.6416 0.8856
-1.672 0.876
-1.6224 0.8544
-1.6576 0.872
-1.584 0.8112
-1.6064 0.8464
-1.6976 0.8872
-1.6304 0.8728
-1.6688 0.8808
-1.6112 0.8216
-1.6192 0.8392
-1.5872 0.8352
-1.6288 0.8424
-1.6592 0.872
-1.5568 0.8264
-1.568 0.8136
-1.608 0.824
-1.616 0.8432
-1.5904 0.8168
-1.6384 0.8528
-1.6896 0.8864
-1.5728 0.808
-1.5904 0.7928
-1.5968 0.7672
-1.5744 0.7416
-1.68 0.7696
-1.5392 0.7016
-1.568 0.772
-1.584 0.8296
-1.608 0.8312
-1.6512 0.8648
-1.6704 0.8816
-1.6416 0.8832
-1.6288 0.8552
-1.6592 0.8576
-1.6304 0.848
-1.7072 0.8792
-1.5936 0.8456
-1.6496 0.8624
-1.6496 0.8776
-1.6368 0.8704
-1.6816 0.896
-1.6304 0.8584
-1.6176 0.8576
-1.6976 0.8856
-1.6512 0.8704
-1.64 0.8424
-1.6496 0.8544
-1.6192 0.8384
-1.6336 0.8464
-1.6448 0.8592
-1.5824 0.8416
-1.6272 0.8472
-1.6784 0.8896
-1.6528 0.8808
-1.6368 0.8648
-1.6704 0.8664
-1.5488 0.7776
-1.5728 0.8008
-1.6736 0.8904
-1.6032 0.8416
-1.5808 0.836
-1.6544 0.8504
-1.6656 0.8752
-1.6688 0.8936
-1.6448 0.8624
-1.6304 0.84
-1.6016 0.8224
-1.5568 0.7992
-1.56 0.8048
-1.6224 0.8504
-1.5744 0.8168
