-1.1616 -0.076
-1.2256 -0.0952
-1.2064 -0.1256
-1.1552 -0.1624
-1.1216 -0.068
-1.1456 -0.1392
-1.2048 -0.0952
-1.1328 -0.044
-1.1568 -0.092
-1.1728 -0.0992
-1.2544 0.0352
-1.1648 -0.0296
-1.1184 -0.0904
-1.1744 -0.172
-1.1968 -0.1824
-1.1984 -0.2192
-1.2352 -0.1784
-1.1984 -0.2264
-1.1456 -0.1264
-1.0704 -0.0448
-1.1104 -0.0016
-1.128 0.0152
-1.1024 -0.0344
-1.144 -0.0192
-1.1488 -0.0048
-1.1216 -0.0096
-1.1952 0.0744
-1.1696 0.1536
-1.1952 0.0464
-1.1792 0.1008
-1.1568 0.0808
-1.1152 0.0328
-1.1648 -0.0864
-1.216 -0.0088
-1.216 -0.0664
-1.1152 0.0232
-1.048 -0.0176
-1.2 0.0528
-1.1872 0.084
-1.1424 0.0312
-1.1024 0.0496
-1.0624 0.028
-1.1856 0.056
-1.1488 -0.0096
-1.168 0.0168
-1.224 0.0824
-1.2192 0.0464
-1.2208 0.0536
-1.2496 0.0728
-1.2064 0.0776
-1.16 0.0968
-1.136 0.1576
-1.1696 0.1656
-1.1008 0.2472
-1.2384 0.236
-1.136 0.2392
-1.2096 0.2688
-1.2304 0.2144
-1.2672 0.3496
-1.1424 0.2976
-1.0912 0.2384
-1.2048 0.1432
-1.2064 0.0728
-1.1856 0.052
-1.168 0.0464
-1.1856 0.0376
-1.2176 0.0368
-1.2672 0.1184
-1.0944 0.0608
-1.1408 0.0608
-1.1328 0.06
-1.224 -0.0136
-1.2352 0.0344
-1.2368 0.1016
-1.1968 -0.0496
-1.2096 -0.1864
-1.2 -0.1608
-1.1584 -0.1312
-1.152 -0.1608
-1.0784 -0.1896
-1.1584 -0.1928
-1.1264 -0.16
-1.152 -0.2632
-1.1376 -0.2504
-1.1072 -0.184
-1.1424 -0.1768
-1.1456 -0.1848
-1.144 -0.2048
-1.1696 -0.2064
-1.1792 -0.2176
-1.1856 -0.2472
-1.1312 -0.2488
-1.1408 -0.2776
-1.1536 -0.2104
-1.144 -0.136
-1.216 -0.1728
-1.2208 -0.072
-1.1376 -0.1944
-1.1136 -0.2696
-1.1392 -0.224
-1.0848 -0.2496
-1.1472 -0.1312
-1.2048 -0.1528
-1.128 -0.1576
-1.1808 -0.1936
-1.2176 -0.1352
-1.1712 -0.1432
-1.2512 -0.1304
-1.1984 -0.208
-1.2016 -0.2192
-1.1248 -0.2384
-1.1488 -0.2136
-1.1456 -0.3056
-1.2032 -0.2888
-1.232 -0.292
-1.1712 -0.3208
-1.1488 -0.2776
-1.1584 -0.2856
-1.1392 -0.2
-1.1488 -0.0456
-1.1648 0.052
-1.1616 -0.0048
-1.2192 -0.0072
-1.1312 -0.0448
-1.1424 0.0032
-1.1904 -0.072
-1.1632 -0.0352
-1.1232 -0.0432
-1.2112 -0.0384
-1.248 -0.0864
-1.192 0.0024
-1.1808 -0.0424
-1.1376 -0.032
-1.152 0.052
-1.1264 0.0896
-1.1584 0.0832
-1.1328 0.0904
-1.1152 0.0928
-1.2096 -0.072
-1.1648 -0.0264
-1.2128 0.0232
-1.1712 0.0088
-1.1472 0.1872
-1.1984 0.26
-1.1488 0.3072
-1.1712 0.1984
-1.224 0.2632
-1.232 0.2336
-1.168 0.1472
-1.104 0.14
-1.1856 0.0688
-1.1632 0.024
-1.1584 0.04
-1.1408 0.0272
-1.1968 0.0416
-1.224 0.0776
-1.168 0.108
-1.2288 0.0872
-1.2224 0.076
-1.224 0.12
-1.1696 0.1216
-1.0944 0.0608
-1.1552 -0.0384
-1.1888 -0.1256
-1.1968 -0.1792
-1.2256 -0.2128
-1.0944 -0.1576
-1.1408 -0.1264
-1.136 -0.0856
-1.1136 -0.1208
-1.1152 -0.1512
-1.192 -0.116
-1.1632 -0.1368
-1.1904 -0.1176
-1.184 -0.1272
-1.1872 -0.0808
-1.2864 -0.0824
-1.1264 -0.1864
-1.1856 -0.1032
-1.2096 -0.152
-1.1824 -0.1328
-1.216 -0.0416
-1.1312 0.0096
-1.0912 -0.0336
-1.1472 -0.112
-1.184 -0.2504
-1.1856 -0.2848
-1.216 -0.1192
-1.1104 -0.14
-1.0864 -0.1872
-1.0768 -0.048
-1.08 -0.0048
-1.1088 0.0064
-1.1472 0
-1.2288 0.0176
-1.1696 0.0248
-1.1472 -0.0392
-1.1968 -0.1
-1.104 -0.1232
-1.1744 -0.0472
-1.1504 0.0088
-1.2432 -0.0488
-1.1856 -0.056
-1.1776 -0.1928
-1.2032 -0.252
-1.1984 -0.1992
-1.1456 -0.176
-1.1424 -0.1088
-1.12 -0.1072
-1.1408 -0.116
-1.2496 -0.1784
-1.1552 -0.1216
-1.112 -0.1976
-1.096 -0.2632
-1.1408 -0.296
-1.2032 -0.2624
-1.216 -0.1768
-1.1824 -0.1568
-1.2176 -0.0976
-1.1328 -0.112
-1.1648 -0.0408
-1.1488 -0.0304
-1.1664 -0.0576
-1.1216 0.0368
-1.0688 -0.0104
-1.1088 -0.0536
-1.1296 -0.132
-1.1328 -0.0192
-1.1536 -0.068
-1.0688 -0.072
-1.1008 -0.016
-1.128 -0.0408
-1.1776 -0.0712
-1.2112 0.0864
-1.1984 -0.036
-1.2672 0.016
-1.1824 0.0392
-1.1552 0.0304
-1.2064 0.1192
-1.1152 0.164
-1.208 0.192
-1.232 0.1352
-1.1328 0.0888
-1.0816 0.156
-1.1616 0.2064
-1.1424 0.1936
-1.0704 0.2008
-1.1472 0.1376
-1.2 0.2424
-1.1616 0.1752
-1.144 0.2152
-1.1712 0.1992
-1.216 0.2384
-1.2096 0.196
-1.2384 0.172
-1.248 0.1408
-1.2 0.128
-1.1344 0.2288
-1.1136 0.1192
-1.192 0.192
-1.1504 0.1216
-1.0896 0.1136
-1.2016 0.1296
-1.2112 0.1408
-1.2112 0.1472
-1.1936 0.0608
-1.1248 0.0072
-1.1456 -0.084
-1.256 -0.1936
-1.2144 -0.2528
-1.1488 -0.1504
-1.1552 -0.244
-1.1776 -0.2168
-1.1856 -0.228
-1.1296 -0.1976
-1.1248 -0.1808
-1.1936 -0.2504
-1.1456 -0.2456
-1.1168 -0.156
-1.064 -0.048
-1.1312 0.0208
-1.0784 0.1048
-1.2256 -0.0304
-1.1296 0.0808
-1.2384 0.0712
-1.2496 0.0064
-1.24 -0.0896
-1.1824 -0.1184
-1.1216 -0.0824
-1.08 -0.068
-1.1104 0.0968
-1.184 0.1408
-1.1456 0.2232
-1.1552 0.096
-1.144 0.1552
-1.192 0.1632
-1.184 0.1744
-1.104 0.2056
-1.0976 0.2944
-1.1664 0.284
-1.176 0.3024
-1.2784 0.2632
-1.2016 0.1864
-1.1152 0.1064
-1.0672 0.0904
-1.1248 0.1224
-1.1152 0.016
-1.1152 -0.088
-1.1744 -0.0608
-1.1904 -0.0848
-1.1648 -0.1352
-1.1632 -0.1824
-1.1136 -0.1552
-1.1568 -0.0896
-1.176 -0.084
-1.1632 -0.0688
-1.1808 -0.0088
-1.1776 0.0016
-1.1568 0.0088
-1.256 0.0096
-1.2448 0.0112
-1.1664 0.1328
-1.184 -0.0384
-1.1968 0.0024
-1.192 -0.0896
-1.1728 -0.08
-1.2848 -0.0944
-1.1552 -0.0128
-1.2032 0.0032
-1.1648 0.0048
-1.1728 -0.012
-1.1536 -0.012
-1.248 -0.0648
-1.1792 -0.0328
-1.1776 0.1176
-1.1248 0.068
-1.144 0.148
-1.1568 0.0928
-1.1216 0.0824
-1.1408 0.0864
-1.1168 0.0672
-1.2016 0.04
-1.2272 0.196
-1.224 0.2456
-1.232 0.2272
-1.2208 0.1736
-1.1456 0.1984
-1.1696 0.2944
-1.2 0.3432
-1.1568 0.3608
-1.2384 0.3984
-1.2352 0.38
-1.2176 0.3152
-1.1536 0.4312
-1.1504 0.3488
-1.136 0.2056
-1.1728 0.2776
-1.1728 0.3152
-1.1952 0.3272
-1.2 0.3344
-1.1792 0.248
-1.2096 0.3384
-1.2336 0.3744
-1.1728 0.3136
-1.2624 0.4408
-1.2304 0.4808
-1.2208 0.4696
-1.2192 0.4064
-1.1904 0.4128
-1.2112 0.4248
-1.2544 0.364
-1.2192 0.304
-1.2144 0.356
-1.1728 0.24
-1.1408 0.2648
-1.1616 0.316
-1.1328 0.3448
-1.2208 0.3488
-1.1872 0.2408
-1.1952 0.244
-1.1664 0.1824
-1.1488 0.2352
-1.1456 0.1736
-1.1904 0.1472
-1.1968 0.2112
-1.2432 0.3136
-1.1856 0.316
-1.1056 0.272
-1.2896 0.4384
-1.1952 0.3104
-1.2528 0.3208
-1.1344 0.1864
-1.256 0.1856
-1.1168 0.2192
-1.1936 0.2328
-1.2272 0.1784
-1.168 0.1096
-1.1824 0.1312
-1.048 0.1392
-1.0768 0.2128
-1.16 0.1256
-1.1408 0.0256
-1.1728 0.0784
-1.0672 -0.0088
-1.1696 -0.1968
-1.1744 -0.24
-1.2992 -0.3864
-1.2112 -0.36
-1.1952 -0.3576
-1.256 -0.4128
-1.2608 -0.3448
-1.2848 -0.2448
-1.2112 -0.2248
-1.2112 -0.1752
-1.152 -0.1456
-1.1664 -0.044
-1.192 0.0112
-1.1616 -0.0264
-1.1088 -0.0864
-1.1472 -0.036
-1.1264 0.0096
-1.176 -0.0536
-1.0864 -0.0232
-1.2096 0.0408
-1.1456 0.108
-1.1584 0.016
-1.16 -0.0352
-1.1312 0.004
-1.1504 -0.0096
-1.1616 0.0352
-1.2128 -0.0328
-1.2272 0.0416
-1.1856 0.1464
-1.1744 0.0472
-1.2544 0.0328
-1.104 0.0448
-1.1312 -0.0632
-1.2048 0.0896
-1.1392 -0.0152
-1.1152 -0.1248
-1.1664 -0.3088
-1.1728 -0.3704
-1.2016 -0.3256
-1.0672 -0.2104
-1.1632 -0.1856
-1.1616 -0.1952
-1.184 -0.272
-1.1264 -0.24
-1.2 -0.2176
-1.208 -0.2256
-1.2064 -0.2032
-1.1584 -0.14
-1.1696 -0.1688
-1.1552 -0.0824
-1.2064 0.0112
-1.1136 -0.0056
-1.2096 -0.0392
-1.168 -0.1192
-1.2464 -0.0176
-1.1648 -0.0912
-1.1392 -0.0152
-1.176 0.0152
-1.1328 -0.012
-1.1728 -0.0784
-1.184 -0.2064
-1.1952 -0.3192
-1.1424 -0.2904
-1.1056 -0.3088
-1.1824 -0.2408
-1.1952 -0.2776
-1.1616 -0.2616
-1.1376 -0.1208
-1.1136 -0.0752
-1.1552 -0.0648
-1.136 -0.0424
-1.0832 -0.0792
-1.1168 -0.0264
-1.1712 0.0728
-1.1728 0.1568
-1.112 0.1624
-1.1472 0.1952
-1.1872 0.192
-1.2 0.2872
-1.216 0.2696
-1.2192 0.2064
-1.2144 0.1832
-1.1696 0.2192
-1.0752 0.1624
-1.104 0.2136
-1.12 0.1808
-1.1952 0.2168
-1.1872 0.2384
-1.1584 0.236
-1.2336 0.2784
-1.2224 0.1728
-1.184 0.2376
-1.1888 0.2424
-1.176 0.2072
-1.2592 0.2648
-1.2752 0.2968
-1.224 0.2512
-1.2544 0.2624
-1.1584 0.2128
-1.2432 0.2264
-1.1776 0.1448
-1.1968 0.1888
-1.1712 0.1112
-1.1792 0.0744
-1.16 0.1008
-1.1824 0.1424
-1.1904 0.0592
-1.1472 0.0416
-1.0992 0.0128
-1.1872 0.0168
-1.1264 0.0392
-1.2 -0.0264
-1.2 0.0184
-1.192 -0.0888
-1.2128 -0.1936
-1.2192 -0.1912
-1.1952 -0.1728
-1.1328 -0.1024
-1.1312 -0.0664
-1.1728 -0.1184
-1.1472 -0.1104
-1.136 -0.1088
-1.1344 -0.156
-1.176 -0.1784
-1.1968 -0.2056
-1.1648 -0.236
-1.2128 -0.184
-1.2048 -0.1112
-1.1344 -0.0704
-1.16 0.0416
-1.0992 0.0856
-1.1824 0.032
-1.1728 -0.0072
-1.1408 -0.0064
-1.1648 0.0208
-1.168 -0.0432
-1.1216 -0.0856
-1.04 -0.0952
-1.2256 -0.1432
-1.064 -0.1456
-1.1584 -0.0432
-1.1088 -0.0144
-1.216 -0.0504
-1.0752 0.0224
-1.1312 0.2328
-1.2208 0.1904
-1.1776 0.2344
-1.1888 0.192
-1.1776 0.1608
-1.2128 0.2288
-1.2176 0.1992
-1.1808 0.2624
-1.1888 0.3168
-1.1104 0.2304
-1.2048 0.1
-1.2 0.1736
-1.1312 0.1192
-1.176 0.2048
-1.1904 0.1736
-1.1424 0.1024
-1.176 0.268
-1.1584 0.1568
-1.1824 0.1304
-1.1408 0.0688
-1.1776 0.0544
-1.2176 0.0848
-1.216 0.0168
-1.2208 0.036
-1.1776 0.028
-1.1392 0.04
-1.2144 -0.024
-1.1056 -0.0344
-1.1872 0.0472
-1.1808 0.0448
-1.0992 0.0976
-1.1328 0.1288
-1.1328 0.156
-1.1696 0.1784
-1.128 0.1544
-1.1472 0.1672
-1.1584 0.2344
-1.1696 0.2176
-1.1824 0.1816
-1.1968 0.1952
-1.1984 0.1552
-1.208 0.0448
-1.1328 -0.0008
-1.2368 -0.044
-1.2368 -0.0408
-1.1328 -0.2008
-1.1168 -0.0992
-1.1168 -0.1032
-1.1456 -0.0064
-1.224 0.1112
-1.2448 0.0448
-1.1728 0.0192
-1.2336 0.0336
-1.1936 0.0792
-1.1376 0.0728
-1.0864 0.1024
-1.16 0.1368
-1.12 0.116
-1.1296 0.2008
-1.1184 0.2568
-1.1776 0.2608
-1.1728 0.2448
-1.1376 0.2856
-1.1472 0.2232
-1.184 0.2416
-1.1648 0.1784
-1.1904 0.168
-1.192 0.1896
-1.2304 0.1528
-1.1152 0.1224
-1.1728 0.1536
-1.0992 0.1
-1.0768 0.0104
-1.1776 0.036
-1.1088 0.0464
-1.1344 -0.0048
-1.0944 -0.0128
-1.1872 -0.0768
-1.1312 -0.1712
-1.1584 -0.2464
-1.1504 -0.2376
-1.1664 -0.1248
-1.1616 -0.088
-1.208 -0.1224
-1.1648 -0.1528
-1.152 -0.2352
-1.1472 -0.2672
-1.176 -0.2296
-1.2064 -0.284
-1.176 -0.256
-1.1504 -0.1792
-1.192 -0.1488
-1.1968 -0.1656
-1.1808 -0.0704
-1.3072 -0.0288
-1.1648 0.0848
-1.184 0.0664
-1.1504 0.0688
-1.1936 0.1712
-1.1088 0.2768
-1.112 0.2616
-1.1392 0.2568
-1.2064 0.3464
-1.2336 0.336
-1.216 0.3736
-1.2416 0.4376
-1.1824 0.3896
-1.2304 0.3264
-1.1232 0.3976
-1.168 0.3072
-1.192 0.3816
-1.3456 0.4976
-1.2032 0.456
-1.176 0.4368
-1.208 0.4816
-1.3328 0.6008
-1.2896 0.568
-1.2944 0.4496
-1.2128 0.3904
-1.208 0.4112
-1.2176 0.3472
-1.2272 0.2304
-1.1968 0.32
-1.2272 0.2976
-1.2304 0.2848
-1.2112 0.2456
-1.2112 0.1664
-1.1488 0.1328
-1.2208 0.1976
-1.1424 0.128
-1.2016 0.2104
-1.192 0.076
-1.1984 0.0976
-1.24 -0.0616
-1.1488 -0.0152
-1.2032 -0.04
-1.1712 -0.044
-1.208 -0.0168
-1.1712 0.0048
-1.112 -0.032
-1.1744 0.032
-1.1312 -0.0544
-1.1376 -0.088
-1.1264 -0.088
-1.176 0.0144
-1.1376 0.0168
-1.152 0.0008
-1.12 -0.0048
-1.0992 0.0016
-1.1424 -0.0792
-1.176 -0.1704
-1.2368 -0.224
-1.2144 -0.2976
-1.2064 -0.3512
-1.248 -0.416
-1.2368 -0.4304
-1.2432 -0.4296
-1.264 -0.38
-1.2112 -0.3888
-1.2016 -0.376
-1.2064 -0.4168
-1.232 -0.344
-1.2224 -0.3128
-1.1936 -0.24
-1.232 -0.204
-1.2144 -0.2368
-1.1696 -0.2712
-1.2176 -0.2736
-1.1312 -0.2584
-1.1232 -0.0288
-1.16 -0.052
-1.2144 -0.0248
-1.1776 0.044
-1.224 0.1168
-1.1696 0.1032
-1.1744 -0.0024
-1.1664 0.0064
-1.1888 0.0424
-1.2048 0.0016
-1.152 0.0168
-1.1952 0.028
-1.2048 0.0544
-1.1408 -0.032
-1.168 -0.0104
-1.1472 -0.044
-1.2288 0.0184
-1.2 0.0768
-1.1104 0.108
-1.1024 0.132
-1.1632 0.0992
-1.144 0.1304
-1.136 0.0992
-1.1296 0.1616
-1.1632 0.0872
-1.2048 -0.1424
-1.2672 -0.1808
-1.2352 -0.064
-1.0944 -0.0576
-1.1408 -0.024
-1.0896 -0.0648
-1.1376 -0.1368
-1.2336 -0.1768
-1.1408 -0.1824
-1.2112 -0.22
-1.1984 -0.2344
-1.1776 -0.2616
-1.1504 -0.1512
-1.1568 -0.2688
-1.1952 -0.264
-1.1664 -0.1736
-1.0928 -0.1152
-1.136 -0.0608
-1.1024 -0.0176
-1.1376 0.0192
-1.16 0.0496
-1.1792 0.0296
-1.1984 -0.0232
-1.1648 -0.0592
-1.1712 -0.0624
-1.1808 0.0152
-1.168 0.0304
-1.24 0.2
-1.2064 0.1952
-1.2176 0.18
-1.1504 0.1568
-1.144 0.0376
-1.1488 -0.0104
-1.1584 -0.0288
-1.2368 -0.0288
-1.2384 -0.1176
-1.2288 -0.196
-1.1584 -0.1376
-1.1824 -0.192
-1.168 -0.1504
-1.2128 -0.1312
-1.168 -0.1464
-1.224 -0.2416
-1.1984 -0.2568
-1.2064 -0.2464
-1.1568 -0.1128
-1.16 -0.192
-1.1248 -0.2264
-1.1984 -0.2368
-1.0992 -0.1976
-1.152 -0.1336
-1.2128 -0.2224
-1.1616 -0.144
-1.1648 -0.1352
-1.184 -0.1152
-1.1408 -0.1104
-1.1344 -0.1736
-1.2432 -0.288
-1.2016 -0.28
-1.2304 -0.3056
-1.0848 -0.2424
-1.1424 -0.2872
-1.1936 -0.3352
-1.192 -0.3824
-1.152 -0.2464
-1.2128 -0.0992
-1.2048 -0.1016
-1.2352 -0.1808
-1.1568 -0.0344
-1.0464 -0.0864
-1.1248 0.0528
-1.1504 0.1256
-1.1392 0.0896
-1.1632 0.0584
-1.2672 0.084
-1.2016 0.0992
-1.1872 0.1112
-1.1744 0.2864
-1.1392 0.2504
-1.2032 0.3672
-1.2192 0.372
-1.2848 0.4648
-1.2 0.36
-1.2144 0.3744
-1.2896 0.2992
-1.216 0.2992
-1.2 0.3576
-1.1456 0.34
-1.2912 0.4096
-1.2128 0.4304
-1.176 0.332
-1.1504 0.3256
-1.2032 0.3872
-1.1728 0.2792
-1.1856 0.2264
-1.1568 0.1072
-1.1712 0.1432
-1.1632 0.1568
-1.144 0.164
-1.1456 0.0544
-1.1696 0.0768
-1.2256 0.172
-1.2608 0.14
-1.112 0.104
-1.1728 0.052
-1.2144 0.12
-1.176 0.1208
-1.2544 0.0472
-1.2288 0.0864
-1.2096 0.0264
-1.2032 0.0104
-1.1968 -0.048
-1.176 -0.1032
-1.2112 -0.1832
-1.2336 -0.0288
-1.1616 -0.024
-1.1776 0.0104
-1.1792 0.0224
-1.1824 0.0256
-1.1888 0.0552
-1.1232 0.0024
-1.144 -0.0064
-1.1392 0.1536
-1.168 0.1296
-1.2016 0.1824
-1.1488 0.1584
-1.0848 0.044
-1.0688 0.0784
-1.1184 0.1312
-1.1296 0.164
-1.2016 0.2336
-1.1488 0.1248
-1.1712 0.1232
-1.2576 0.1608
-1.144 0.0968
-1.2832 0.1456
-1.248 0.1664
-1.1584 0.1152
-1.1328 0.1656
-1.0896 0.132
-1.1888 0.156
-1.1712 0.108
-1.1072 0.0896
-1.1504 0.084
-1.1616 0.0944
-1.1792 0.036
-1.072 0.0024
-1.1216 -0.0512
-1.0512 -0.0336
-1.1184 -0.068
-1.184 -0.2248
-1.1904 -0.2008
-1.1456 -0.2032
-1.2192 -0.1272
-1.2384 -0.0544
-1.1968 -0.132
-1.1872 -0.1816
-1.1696 -0.176
-1.0944 -0.112
-1.1792 -0.1696
-1.1808 -0.1208
-1.1536 -0.1
-1.2176 -0.0208
-1.2016 -0.008
-1.1808 0.0864
-1.2416 -0.0128
-1.1776 0.0128
-1.2416 0.168
-1.2592 0.272
-1.1968 0.2528
-1.264 0.2784
-1.1744 0.2312
-1.128 0.2872
-1.168 0.3872
-1.2272 0.3936
-1.1728 0.3544
-1.2576 0.4472
-1.2848 0.5104
-1.2384 0.4184
-1.16 0.3456
-1.0992 0.3184
-1.1376 0.268
-1.1792 0.3616
-1.2144 0.2848
-1.1456 0.2456
-1.1392 0.2328
-1.216 0.1792
-1.1584 0.2448
-1.2496 0.2408
-1.2256 0.1632
-1.2416 0.1984
-1.0992 0.2088
-1.192 0.22
-1.1408 0.2432
-1.1808 0.3304
-1.1856 0.28
-1.12 0.292
-1.2096 0.3552
-1.2528 0.3464
-1.2192 0.2488
-1.1536 0.1432
-1.1904 0.2608
-1.1616 0.144
-1.2336 0.1568
-1.1152 0.1184
-1.1152 0.096
-1.1872 -0.0704
-1.1696 0.0296
-1.1344 -0.0176
-1.1856 -0.0152
-1.1792 0.0344
-1.2256 0.1672
-1.104 0.1192
-1.1008 0.1792
-1.1392 0.2408
-1.1808 0.2696
-1.1872 0.1352
-1.2128 0.0816
-1.1648 0.136
-1.1456 0.0816
-1.2128 0.072
-1.2144 0.14
-1.1792 0.1072
-1.168 0.06
-1.104 0.1288
-1.2288 0.148
-1.2272 0.1376
-1.1552 0.1024
-1.2368 0.1096
-1.3344 0.0808
-1.2416 0.1288
-1.1744 0.0896
-1.1728 0.1416
-1.2112 0.1376
-1.1984 0.108
-1.2992 0.0376
-1.136 0.0448
-1.176 0.1152
-1.1376 0.0256
-1.1216 0.1328
-1.2176 0.024
-1.2096 0.1072
-1.1808 0.108
-1.1744 0.1208
-1.1808 0.1128
-1.1168 0.0168
-1.208 0.0312
-1.1456 0.0256
-1.1616 0.0992
-1.1264 -0.0552
-1.1824 -0.0344
-1.1664 0.0024
-1.1456 0.0136
-1.2304 -0.0176
-1.1712 -0.044
-1.1712 -0.068
-1.1104 -0.0888
-1.1744 -0.0384
-1.1152 0.0408
-1.1296 0.0096
-1.1552 -0.068
-1.176 -0.0352
-1.1632 -0.0608
-1.144 -0.1152
-1.0848 -0.0632
-1.12 -0.0592
-1.2032 -0.116
-1.2 -0.2056
-1.1424 -0.2832
-1.1392 -0.276
-1.2384 -0.3464
-1.2256 -0.3168
-1.1664 -0.284
-1.1712 -0.356
-1.2288 -0.284
-1.2384 -0.2976
-1.2192 -0.4232
-1.192 -0.2928
-1.2352 -0.3
-1.1616 -0.2336
-1.1744 -0.244
-1.2384 -0.2728
-1.2 -0.1312
-1.176 -0.1472
-1.2256 -0.0912
-1.1888 -0.1656
-1.1248 -0.0904
-1.1664 -0.1264
-1.1808 -0.1448
-1.208 -0.1568
-1.208 -0.1504
-1.1536 -0.1496
-1.2624 -0.068
-1.2224 -0.1064
-1.1904 -0.0912
-1.1328 -0.1256
-1.1696 -0.2328
-1.0896 -0.1896
-1.1808 -0.2856
-1.0896 -0.212
-1.1808 -0.0624
-1.1472 -0.0688
-1.1872 -0.0352
-1.1808 -0.0488
-1.1008 -0.0696
-1.1552 -0.0672
-1.192 -0.052
-1.1632 -0.0728
-1.2176 -0.028
-1.2256 -0.1072
-1.176 -0.0608
-1.1952 0.0176
-1.1408 -0.0208
-1.152 0.0376
-1.208 0.0976
-1.128 0.0272
-1.1648 0.0328
-1.1472 -0.1144
-1.1168 0.0312
-1.2 0.0928
-1.1296 0.1512
-1.1936 -0.0056
-1.1008 0.0296
-1.0944 0.0336
-1.1328 0.0208
-1.1184 -0.036
-1.2112 0.0064
-1.1248 0.0392
-1.1392 0.0192
-1.2176 0.0328
-1.1616 -0.0016
-1.2336 0.048
-1.1664 -0.0392
-1.2144 -0.152
-1.2064 -0.1112
-1.1088 0.0048
-1.1152 -0.056
-1.1904 0.0184
-1.2048 0.0304
-1.1552 0.036
-1.1056 0.0032
-1.1456 0.0992
-1.2144 0.1512
-1.1056 0.084
-1.0864 0.1344
-1.1456 0.22
-1.2384 0.2
-1.144 0.2752
-1.2256 0.2288
-1.2544 0.276
-1.1808 0.3096
-1.1584 0.1952
-1.2048 0.2704
-1.296 0.3104
-1.1808 0.2344
-1.1296 0.1624
-1.2048 0.236
-1.1888 0.2488
-1.1936 0.2616
-1.1408 0.2272
-1.2224 0.312
-1.1472 0.26
-1.2096 0.24
-1.0784 0.2672
-1.1568 0.324
-1.2144 0.3304
-1.1856 0.2424
-1.2192 0.2504
-1.1472 0.2848
-1.1696 0.3048
-1.1616 0.3064
-1.1712 0.3128
-1.2784 0.2952
-1.2304 0.312
-1.1312 0.1224
-1.152 0.2344
-1.2912 0.24
-1.232 0.2584
-1.1424 0.2144
-1.1472 0.1424
-1.176 0.06
-1.2272 -0.0688
-1.2256 0.0248
-1.2048 0.0688
-1.1152 0.0648
-1.0816 0.0312
-1.1824 0.0584
-1.1504 0.1312
-1.1968 0.1288
-1.2192 0.1176
-1.2064 0.0704
-1.2496 0.1504
-1.1408 0.1408
-1.1824 0.1392
-1.1856 0.0464
-1.1936 0.0312
-1.16 0.1392
-1.1952 0.0784
-1.184 0.1408
-1.1648 0.1984
-1.1264 0.2216
-1.176 0.1736
-1.1056 0.1248
-1.1328 0.0504
-1.2192 0.1712
-1.2096 0.3096
-1.3216 0.3864
-1.2352 0.3664
-1.1952 0.4056
-1.1312 0.3816
-1.2336 0.2784
-1.152 0.236
-1.136 0.1424
-1.2064 0.1752
-1.184 0.16
-1.1584 0.072
-1.1168 0.0808
-1.1616 0.1376
-1.2112 0.1472
-1.192 0.0848
-1.1072 0.0976
-1.1456 0.1112
-1.1408 0.0968
-1.1552 0.08
-1.0512 0.0136
-1.1344 -0.0776
-1.1824 -0.0472
-1.2256 -0.1288
-1.1904 -0.0448
-1.12 -0.0296
-1.1424 -0.032
-1.1136 -0.096
-1.2352 0.0056
-1.1888 -0.1024
-1.1984 -0.0128
-1.1264 -0.0984
-1.2512 -0.0448
-1.2064 -0.008
-1.2032 0.0304
-1.256 0.0696
-1.1792 0.0336
-1.2112 0.0688
-1.1568 -0.0312
-1.1552 -0.0536
-1.1312 -0.0504
-1.1072 -0.072
-1.1776 -0.2008
-1.1424 -0.1528
-1.16 -0.1616
-1.1616 -0.0192
-1.1824 -0.096
-1.1792 0.0264
-1.2224 -0.0688
-1.192 -0.148
-1.1136 -0.148
-1.1472 -0.1768
-1.176 -0.1784
-1.1008 -0.252
-1.1616 -0.2016
-1.1232 -0.1784
-1.16 -0.1488
-1.0928 -0.268
-1.1264 -0.1568
-1.16 -0.1312
-1.16 -0.1592
-1.1072 -0.1832
-1.128 -0.0312
-1.1328 -0.0936
-1.1744 -0.1
-1.1952 -0.0392
-1.1664 -0.0656
-1.2064 -0.0304
-1.1584 -0.088
-1.1696 -0.0856
-1.2016 -0.1008
-1.128 -0.0712
-1.1424 -0.1096
-1.1456 -0.0512
-1.1696 -0.0672
-1.096 -0.0296
-1.1648 0.016
-1.1728 0.0472
-1.1696 0.0784
-1.128 0.1312
-1.168 0.0832
-1.0976 -0.0232
-1.2032 -0.0288
-1.2096 -0.0184
-1.1664 0.036
-1.2192 -0.0712
-1.1152 -0.0056
-1.1632 0.0544
-1.2208 0.0928
-1.1616 0.2016
-1.2192 0.0952
-1.1488 0.0824
-1.1344 0.0752
-1.1968 0.1128
-1.0416 0.0832
-1.1312 0.1112
-1.1568 0.1664
-1.1744 0.0512
-1.1584 -0.0008
-1.128 0.0136
-1.184 0.024
-1.1664 0.024
-1.24 0.0136
-1.1488 0.0136
-1.2608 0.0392
-1.1808 0.1152
-1.2688 0.156
-1.2576 0.06
-1.2 0.0968
-1.1936 0.1128
-1.2048 0.0256
-1.1968 0.0832
-1.1824 0.0896
-1.1552 0.1056
-1.2176 0.136
-1.2 0.1368
-1.2032 0.2336
-1.2784 0.2032
-1.1776 0.2224
-1.1824 0.1752
-1.1408 0.1056
-1.1072 0.1544
-1.1008 0.1656
-1.1552 0.0968
-1.1936 0.2056
-1.2912 0.1952
-1.1904 0.0696
-1.1616 0.0176
-1.1648 -0.0384
-1.1936 -0.048
-1.1968 -0.02
-1.1024 0.0496
-1.064 0.0648
-1.1024 0.04
-1.1648 -0.0224
-1.1856 0.008
-1.1408 -0.0536
-1.2032 -0.0336
-1.1584 -0.0008
-1.1632 -0.0248
-1.2016 -0.0136
-1.12 -0.1056
-1.1808 -0.0632
-1.2192 0.024
-1.16 -0.016
-1.2128 0.0608
-1.1712 -0.036
-1.1264 -0.0736
-1.1472 -0.128
-1.1808 -0.1296
-1.2112 -0.0696
-1.1632 -0.1104
-1.0896 -0.1176
-1.12 -0.1104
-1.1552 -0.0416
-1.1584 -0.0616
-1.1536 0.0472
-1.1776 0.048
-1.224 0.1624
-1.136 0.1368
-1.0704 0.1528
-1.224 0.2008
-1.1776 0.2056
-1.1712 0.2096
-1.168 0.1592
-1.2464 0.2888
-1.2112 0.304
-1.2064 0.2928
-1.1744 0.2632
-1.1776 0.3304
-1.1536 0.1608
-1.1504 0.1384
-1.1504 0.2136
-1.104 0.1736
-1.2368 0.1008
-1.2096 0.1464
-1.1952 0.2136
-1.2 0.156
-1.2304 0.276
-1.1392 0.2088
-1.0704 0.1552
-1.1328 0.2232
-1.144 0.16
-1.152 0.1336
-1.2112 0.0544
-1.1728 0.056
-1.1664 0.184
-1.1552 0.0504
-1.1872 -0.0592
-1.2 0.1072
-1.2 0.08
-1.2032 0.1424
-1.2576 0.1608
-1.1728 0.1728
-1.1408 0.1968
-1.1104 0.172
-1.1728 0.2328
-1.1824 0.2648
-1.1744 0.2544
-1.1808 0.2184
-1.1728 0.1536
-1.1088 0.1344
-1.216 0.128
-1.1696 0.076
-1.0896 0.1152
-1.0864 0.0424
-1.1984 -0.0112
-1.1472 -0.0344
-1.1984 -0.032
-1.2128 -0.0256
-1.1888 0.0256
-1.2304 -0.156
-1.1712 -0.1008
-1.1696 -0.1728
-1.144 -0.104
-1.1248 -0.1216
-1.1824 -0.0864
-1.2 -0.048
-1.1312 0.0088
-1.1472 -0.0008
-1.1648 0.0944
-1.1824 0.0896
-1.2112 0.156
-1.048 0.1504
-1.1008 0.1224
-1.1984 0.256
-1.1328 0.2144
-1.1408 0.1808
-1.1504 0.156
-1.2448 0.1808
-1.1696 0.124
-1.1184 0.0544
-1.1104 0.032
-1.072 0.0472
-1.1712 0.0032
-1.1952 -0.016
-1.2032 -0.1152
-1.2016 0.028
-1.1232 0.0448
-1.1424 -0.016
-1.2448 -0.0664
-1.1904 -0.0632
-1.2 -0.144
-1.1952 -0.1104
-1.208 -0.1712
-1.1168 -0.176
-1.1456 -0.224
-1.1408 -0.2152
-1.1008 -0.0888
-1.1824 -0.0872
-1.1248 -0.0936
-1.2208 -0.1976
-1.1632 -0.2472
-1.2608 -0.236
-1.2848 -0.336
-1.1616 -0.3144
-1.1504 -0.276
-1.216 -0.3336
-1.2672 -0.3336
-1.2176 -0.3224
-1.2288 -0.2528
-1.192 -0.3256
-1.2208 -0.34
-1.2096 -0.3656
-1.2224 -0.3768
-1.3152 -0.4152
-1.2592 -0.492
-1.3088 -0.4544
-1.2272 -0.3008
-1.0976 -0.3264
-1.1776 -0.3568
-1.1856 -0.432
-1.1632 -0.4384
-1.136 -0.3864
-1.2768 -0.5344
-1.2288 -0.5296
-1.2224 -0.5136
-1.3104 -0.5328
-1.1904 -0.4632
-1.1504 -0.4224
-1.2224 -0.452
-1.1744 -0.3808
-1.2432 -0.3976
-1.2496 -0.4032
-1.2736 -0.5056
-1.2352 -0.4928
-1.2544 -0.4528
-1.2704 -0.416
-1.2672 -0.3504
-1.1952 -0.3048
-1.192 -0.2968
-1.1232 -0.2192
-1.1008 -0.1528
-1.0736 -0.2336
-1.1808 -0.1216
-1.1328 -0.1384
-1.2112 -0.1864
-1.16 -0.1584
-1.1824 -0.1904
-1.1808 -0.1688
-1.0928 -0.1344
-1.2032 -0.1032
-1.1536 -0.0072
-1.1248 -0.044
-1.0784 0.0328
-1.0384 0.0248
-1.208 0.1336
-1.2192 0.248
-1.1104 0.2416
-1.176 0.2656
-1.264 0.2024
-1.1104 0.132
-1.2 0.2184
-1.1472 0.1872
-1.184 0.18
-1.1776 0.1768
-1.2016 0.1528
-1.1312 0.1472
-1.2256 0.1888
-1.1664 0.0888
-1.1856 0.1072
-1.1424 0.1296
-1.1952 0.28
-1.1296 0.2336
-1.1968 0.1944
-1.1568 0.252
-1.104 0.2368
-1.1408 0.3112
-1.1984 0.3448
-1.1232 0.4128
-1.2512 0.5
-1.2352 0.4784
-1.2704 0.4256
-1.1696 0.4096
-1.2304 0.4784
-1.2032 0.4936
-1.1504 0.4016
-1.296 0.4384
-1.232 0.4952
-1.2336 0.58
-1.2784 0.6032
-1.2992 0.6016
-1.2272 0.4808
-1.1856 0.3552
-1.1776 0.3672
-1.1536 0.412
-1.1664 0.428
-1.2704 0.4688
-1.2112 0.4856
-1.1712 0.3928
-1.2192 0.4232
-1.144 0.3536
-1.2016 0.308
-1.1616 0.3848
-1.2176 0.3128
-1.2192 0.2632
-1.1792 0.268
-1.1088 0.252
-1.1616 0.1608
-1.2016 0.0672
-1.1824 0.088
-1.1824 0.0328
-1.1328 0.0808
-1.1024 -0.0024
-1.1216 -0.044
-1.1184 -0.0192
-1.104 0.0264
-1.1712 -0.032
-1.28 -0.0816
-1.1888 -0.112
-1.1952 -0.0392
-1.2032 0.0064
-1.208 -0.016
-1.0992 0.0072
-1.0672 0.0152
-1.1552 0.0536
-1.104 0.0264
-1.2048 0.1112
-1.2112 0.0856
-1.2032 0.0552
-1.176 0.0456
-1.208 0.1096
-1.1904 0.1464
-1.1872 -0.0304
-1.1376 -0.028
-1.1968 0.0568
-1.1232 0.0288
-1.1232 0.0384
-1.1648 -0.0064
-1.1936 0.096
-1.1568 0.0112
-1.1152 -0.0456
-1.1424 -0.0336
-1.1808 0.0648
-1.2192 0.0624
-1.2016 0.0504
-1.224 -0.0128
-1.1856 -0.0432
-1.1376 -0.0696
-1.2016 -0.2016
-1.1728 -0.2256
-1.1776 -0.2936
-1.1568 -0.2456
-1.1328 -0.308
-1.1776 -0.2736
-1.1296 -0.2344
-1.1648 -0.2472
-1.1664 -0.3352
-1.1456 -0.2528
-1.1584 -0.2648
-1.1856 -0.2216
-1.176 -0.2672
-1.1696 -0.2168
-1.2336 -0.2896
-1.2416 -0.2816
-1.2176 -0.3104
-1.2432 -0.3352
-1.16 -0.2216
-1.1472 -0.1904
-1.176 -0.2312
-1.1856 -0.268
-1.1776 -0.22
-1.1536 -0.2464
-1.128 -0.2576
-1.2656 -0.24
-1.2752 -0.2592
-1.216 -0.2288
-1.2816 -0.3472
-1.2352 -0.3768
-1.136 -0.2968
-1.1504 -0.1968
-1.1584 -0.272
-1.1728 -0.172
-1.1696 -0.2464
-1.144 -0.0832
-1.1632 -0.204
-1.2144 -0.1792
-1.224 -0.1416
-1.1904 -0.0464
-1.1568 0.012
-1.2256 -0.0032
-1.2336 0.028
-1.1744 0.004
-1.2176 0.0544
-1.1936 0.0968
-1.2864 0.1272
-1.2096 0.224
-1.2176 0.1096
-1.1968 0.0864
-1.2992 0.2216
-1.144 0.1368
-1.1632 0.1224
-1.0736 0.0368
-1.1968 0.1352
-1.1488 0.1016
-1.2336 0.0992
-1.1248 0.0776
-1.1296 0.0672
-1.1008 -0.0032
-1.1424 -0.0264
-1.0656 0.0032
-1.0656 0.0096
-1.1136 0.1296
-1.1552 0.2336
-1.1104 0.1592
-1.1584 0.1248
-1.136 0.2472
-1.2256 0.3264
-1.2512 0.3896
-1.2496 0.28
-1.2208 0.204
-1.1872 0.1168
-1.1248 0.0552
-1.1168 0.0072
-1.2208 0.144
-1.1088 0.0472
-1.1856 0.0152
-1.216 0.0216
-1.168 -0.072
-1.1648 -0.0424
-1.1024 -0.0152
-1.12 -0.12
-1.1568 -0.068
-1.0992 -0.0328
-1.1456 -0.0152
-1.1472 0.028
-1.144 0.036
-1.136 -0.0408
-1.1664 -0.0976
-1.2208 -0.0536
-1.1536 -0.024
-1.1024 -0.0912
-1.1488 -0.1336
-1.1584 -0.0976
-1.1968 -0.0968
-1.1584 -0.0568
-1.2016 -0.164
-1.288 -0.2208
-1.1424 -0.2072
-1.2304 -0.1928
-1.1888 -0.1904
-1.0864 -0.1072
-1.1456 -0.096
-1.1888 -0.1304
-1.1344 -0.0224
-1.1952 -0.0584
-1.2032 -0.0232
-1.1552 0.1464
-1.1824 -0.0032
-1.184 0.0128
-1.1344 0.0128
-1.1664 -0.116
-1.0992 -0.1376
-1.1936 -0.2208
-1.1728 -0.0232
-1.1616 0.0224
-1.152 -0.0416
-1.144 -0.0592
-1.1888 0.004
-1.2336 -0.0352
-1.176 -0.0408
-1.176 -0.0424
-1.0704 -0.016
-1.0304 -0.0352
-1.088 -0.0024
-1.1984 -0.0688
-1.1648 -0.0336
-1.2144 -0.1576
-1.1168 -0.0864
-1.2032 -0.1016
-1.1968 -0.0696
-1.1888 -0.1264
-1.2144 -0.0576
-1.2096 -0.1744
-1.2064 -0.2096
-1.16 -0.16
-1.144 -0.052
-1.1792 0.0456
-1.1856 0.0256
-1.2064 0.0888
-1.1904 0.1328
-1.1584 0.0504
-1.2432 0.1136
-1.2288 0.1072
-1.144 0.0088
-1.1776 -0.0816
-1.1504 -0.1496
-1.2336 0.1168
-1.1312 -0.0016
-1.2928 0.124
-1.144 0.1352
-1.2432 0.1016
-1.1856 0.0816
-1.1456 -0.0032
-1.0976 -0.0056
-1.1136 -0.0672
-1.264 -0.14
-1.1744 -0.0272
-1.1744 -0.1192
-1.032 -0.1128
-1.176 -0.1112
-1.1472 -0.252
-1.1376 -0.2928
-1.1664 -0.2344
-1.1872 -0.272
-1.192 -0.3392
-1.1792 -0.3048
-1.2336 -0.4288
-1.2448 -0.4032
-1.272 -0.392
-1.2672 -0.264
-1.184 -0.2832
-1.2384 -0.2024
-1.176 -0.1472
-1.1792 -0.1136
-1.1056 -0.1384
-1.128 -0.0968
-1.1376 -0.0736
-1.1392 -0.0984
-1.2032 -0.1688
-1.1616 -0.1864
-1.1728 -0.1384
-1.1552 -0.04
-1.1728 -0.1496
-1.1888 -0.0624
-1.1328 -0.2088
-1.1504 -0.14
-1.144 -0.1976
-1.1664 -0.1816
-1.2448 -0.2256
-1.1968 -0.2048
-1.1616 -0.0944
-1.1392 -0.072
-1.1952 0.0136
-1.144 0.0584
-1.1664 0.1608
-1.2368 0.1304
-1.3168 0.0776
-1.264 0.0896
-1.272 0.0704
-1.1104 0.164
-1.072 0.2424
-1.0512 0.1936
-1.096 0.1976
-1.2112 0.1856
-1.0832 0.1952
-1.1056 0.0584
-1.168 0.1392
-1.1712 0.14
-1.2384 0.2504
-1.1456 0.072
-1.1424 0.1304
-1.1728 0.0848
-1.1568 0.1016
-1.0912 0.1112
-1.0992 0.0704
-1.0816 0.0576
-1.1648 0.1416
-1.1536 0.1712
-1.1456 0.2272
-1.1472 0.108
-1.1648 0.1632
-1.1312 0.1824
-1.12 0.2824
-1.1216 0.1736
-1.2816 0.224
-1.1872 0.2384
-1.16 0.28
-1.1872 0.224
-1.1408 0.1248
-1.208 0.0424
-1.1328 0.072
-1.224 0.024
-1.1808 0.1248
-1.1408 0.152
-1.256 0.1336
-1.2208 0.132
-1.1904 0.1032
-1.2432 0.1256
-1.2464 0.0936
-1.1856 0.1552
-1.1712 0.1176
-1.184 0.0936
-1.1184 0.056
-1.1264 0.0376
-1.1328 0.064
-1.0752 0.1184
-1.1392 0.04
-1.1472 0.1808
-1.1568 0.1312
-1.2224 0.2936
-1.168 0.3544
-1.2432 0.2968
-1.1568 0.2936
-1.1152 0.2448
-1.2208 0.272
-1.2128 0.22
-1.1424 0.2896
-1.1696 0.2904
-1.1408 0.1056
-1.16 0.0752
-1.1504 0.0744
-1.1488 0.0496
-1.1376 -0.0088
-1.1424 0.0072
-1.1712 0.0384
-1.184 0.0496
-1.1632 0.1136
-1.1648 0.0016
-1.2128 0.0704
-1.2416 0.052
-1.3008 0.096
-1.216 0.0792
-1.1952 0.0592
-1.216 -0.0384
-1.1424 -0.0296
-1.144 -0.0616
-1.1184 0.0216
-1.1552 -0.0208
-1.1808 0.0776
-1.1568 0.0616
-1.2192 0.0832
-1.2976 0.0224
-1.1904 0.2312
-1.16 0.2216
-1.1904 0.2208
-1.1216 0.1328
-1.0736 0.2392
-1.1408 0.2504
-1.0592 0.0744
-1.096 0.2304
-1.2032 0.3392
-1.2496 0.248
-1.2768 0.2344
-1.1872 0.2768
-1.2192 0.2176
-1.1216 0.2296
-1.192 0.3296
-1.1408 0.3408
-1.1984 0.332
-1.3312 0.4816
-1.2592 0.3704
-1.3344 0.2504
-1.2464 0.2632
-1.224 0.204
-1.1712 0.1104
-1.2288 0.08
-1.2352 -0.0104
-1.2112 -0.0688
-1.2336 -0.0832
-1.1888 -0.0352
-1.1744 -0.0848
-1.184 -0.1616
-1.16 -0.2464
-1.0336 -0.088
-1.1104 -0.1024
-1.2288 -0.112
-1.136 -0.1224
-1.2496 -0.092
-1.1808 -0.1088
-1.1776 -0.1664
-1.2272 -0.3472
-1.2752 -0.3408
-1.2288 -0.2664
-1.0496 -0.2696
-1.0976 -0.2208
-1.1936 -0.1968
-1.1648 -0.184
-1.1296 -0.2232
-1.1744 -0.2184
-1.0944 -0.1504
-1.0704 -0.0208
-1.1712 -0.052
-1.2336 -0.0664
-1.1152 -0.1072
-1.224 -0.076
-1.1712 -0.064
-1.1248 -0.0888
-1.1888 -0.0808
-1.1648 -0.0776
-1.1776 -0.0808
-1.1264 -0.1568
-1.1792 -0.0808
-1.168 -0.052
-1.0832 -0.0184
-1.1344 -0.0072
-1.0976 -0.0184
-1.2 -0.0048
-1.1696 -0.1896
-1.16 -0.0592
-1.2432 -0.0464
-1.2336 0.0456
-1.1632 0.0744
-1.1504 0.1136
-1.1024 0.0424
-1.1888 0.1216
-1.176 0.0456
-1.1072 -0.0184
-1.152 0.0176
-1.2528 0.0152
-1.1984 -0.0048
-1.2032 0.0264
-1.1376 -0.0144
-1.16 -0.1024
-1.1648 0.0056
-1.1568 -0.0784
-1.272 -0.06
-1.2224 -0.1528
-1.184 -0.1616
-1.2272 -0.1616
-1.2176 -0.0656
-1.208 -0.1056
-1.1952 -0.012
-1.2128 0.0128
-1.2528 0.0072
-1.2464 0.0192
-1.2528 0.0448
-1.2192 -0.0304
-1.24 0.1304
-1.1856 0.1408
-1.2736 0.2216
-1.1808 0.1872
-1.176 0.2056
-1.1968 0.188
-1.232 0.2112
-1.216 0.2312
-1.1664 0.1048
-1.2016 0.1392
-1.232 0.036
-1.2288 -0.0976
-1.2224 -0.096
-1.1792 -0.04
-1.1792 -0.0472
-1.1776 0.0512
-1.2704 0.0032
-1.2736 0.0888
-1.1696 0.0976
-1.1712 0.1272
-1.256 0.144
-1.152 0.1288
-1.1424 0.1288
-1.168 0.0448
-1.1232 0.1376
-1.1184 -0.1136
-1.1888 -0.2424
-1.1888 -0.2248
-1.2928 -0.2776
-1.3056 -0.26
-1.1232 -0.1808
-1.1728 -0.2176
-1.2192 -0.204
-1.2096 -0.18
-1.2 -0.136
-1.2256 -0.2568
-1.184 -0.1376
-1.2304 -0.136
-1.1808 -0.0416
-1.2128 -0.0336
-1.24 0.0168
-1.1696 0.032
-1.2128 0.0248
-1.1984 0.0584
-1.1504 0.08
-1.1104 0.0256
-1.1216 0.0176
-1.1936 -0.032
-1.2608 0.0216
-1.2112 0.068
-1.1328 0.0376
-1.1248 -0.0536
-1.184 0.024
-1.1664 0.0912
-1.1168 0.0984
-1.1456 0.0952
-1.1216 0.0144
-1.1424 0.0296
-1.216 0.112
-1.2368 0.1936
-1.2112 0.2136
-1.1312 0.2
-1.144 0.2952
-1.224 0.36
-1.2032 0.42
-1.208 0.3824
-1.1904 0.3616
-1.2864 0.4408
-1.2304 0.4144
-1.1792 0.4208
-1.216 0.3424
-1.1728 0.3856
-1.1712 0.3728
-1.1296 0.3176
-1.208 0.372
-1.2496 0.4496
