-0.9232 0.0168
-0.9424 0.0208
-1.0112 -0.0152
-0.9408 0.1304
-0.9936 0.1024
-0.9424 0.0544
-0.9664 -0.0072
-0.9296 0.052
-0.9344 0.1208
-0.9104 0.0792
-0.9584 0.1056
-0.9456 0.1616
-0.9376 0.1728
-0.9168 0.1248
-0.9872 0.064
-0.9008 -0.0552
-0.9104 -0.028
-0.9456 0.08
-0.9216 0.072
-0.9056 0.0744
-0.8864 0.1032
-1.0016 0.0256
-0.928 -0.0032
-0.9664 0.0792
-0.904 -0.0528
-0.9008 -0.02
-0.8784 -0.0368
-0.912 0.0416
-0.9264 0.0272
-0.928 0.0472
-0.9024 0.0816
-0.8352 0.0928
-0.9728 0.0672
-0.944 0.0248
-0.968 0.0096
-0.9744 0.0528
-0.8912 0.0792
-0.9792 0.0136
-0.9728 0.0224
-0.9488 0.0272
-0.9392 -0.0248
-0.984 0.1008
-0.9136 0.0648
-0.8272 -0.0128
-0.9696 -0.0008
-0.9568 0.08
-0.9696 0.1888
-0.8864 0.1152
-0.9392 0.1224
-0.904 0.044
-0.8784 0.0744
-0.9232 -0.0584
-0.9376 -0.112
-0.976 -0.1512
-0.864 -0.0344
-0.864 -0.0216
-0.9248 -0.0256
-0.9328 -0.0672
-0.9424 -0.152
-0.9216 -0.1288
-0.8704 -0.0392
-0.888 -0.1032
-0.9744 -0.16
-0.96 -0.0368
-0.9312 -0.0104
-1.0048 -0.0432
-1.0048 -0.0112
-0.968 0.028
-0.928 0.0824
-0.984 0.164
-0.9536 0.1336
-0.9184 0.1216
-0.9744 0.1016
-0.92 0.0488
-0.8944 0.0216
-0.9504 0.0856
-0.9952 0.112
-0.9104 -0.1008
-0.9392 -0.0584
-0.856 0.0176
-0.8928 0.0344
-0.8656 0.1144
-0.9344 0.1312
-0.9488 0.072
-0.9168 0.1192
-0.9408 0.068
-0.936 0.0008
-0.936 0.0736
-0.9504 -0.0064
-0.888 0.016
-0.9632 0.0584
-0.944 -0.0456
-0.9616 -0.0248
-0.968 -0.064
-0.9328 -0.0536
-0.8752 -0.0376
-0.9088 -0.0136
-0.9328 0.0784
-0.8592 0.0912
-0.832 -0.0144
-0.9968 0.0608
-0.9376 0.0336
-0.9424 -0.0488
-0.8992 0.0312
-0.9632 0.064
-0.9392 -0.0184
-0.928 -0.0584
-0.9984 0.0176
-0.9632 -0.0112
-0.9968 -0.0056
-0.9536 0.0688
-0.8896 0.0824
-0.8944 0.1672
-0.9104 0.2216
-1.0128 0.2824
-0.936 0.2176
-0.9376 0.0824
-0.8976 -0.0528
-0.9664 -0.0408
-0.8992 -0.0248
-0.888 -0.012
-0.936 0.0848
-0.9728 0.0664
-0.9424 0.0704
-0.9168 0.1432
-0.8768 0.0664
-0.936 0.1376
-0.8992 -0.0728
-0.9456 0.0288
-0.8704 -0.0584
-0.9888 0.024
-0.8896 0.0992
-0.976 0.0976
-0.9168 -0.088
-0.9088 0.0008
-0.9648 -0.0552
-0.8912 0.0576
-0.9328 -0.0296
-0.928 0.0336
-0.9024 -0.0584
-0.9872 0.0224
-0.8912 0.064
-0.92 -0.032
-0.976 -0.0376
-0.9408 0.024
-0.9008 -0.0368
-0.9664 -0.036
-0.9264 0.0312
-0.896 -0.0384
-0.9296 -0.1032
-0.952 -0.2048
-0.9568 -0.1816
-0.8976 -0.16
-0.9056 -0.0288
-0.9296 -0.1136
-0.9072 -0.0624
-0.9232 -0.1336
-0.96 -0.0568
-0.96 -0.0616
-0.9408 0.0584
-0.9184 0.0072
-0.9152 -0.0832
-0.9632 -0.0448
-0.9536 0.0184
-0.8912 0.0168
-0.9888 -0.116
-0.9296 -0.1
-0.8976 -0.0312
-0.944 0.0456
-0.9376 0.06
-0.952 0.1896
-0.9632 0.1208
-0.9552 0.0224
-0.904 -0.0656
-0.9472 0.064
-0.9024 0.0784
-0.8864 0.0704
-0.9296 0.1536
-0.9232 0.1824
-0.9328 0.076
-0.9488 0.0112
-0.9408 -0.0392
-0.9856 -0.0424
-0.9472 -0.0384
-0.9392 -0.0816
-0.936 -0.1024
-0.9008 -0.0952
-0.912 -0.0312
-0.9104 -0.0336
-0.8992 0.0312
-0.9648 0.076
-0.9936 0.0232
-0.9184 0.028
-0.904 0.0584
-0.8928 0.0008
-0.9728 0.0536
-0.9136 0.0032
-0.9248 0.0464
-0.864 0.1032
-0.9344 0.1392
-0.9456 0.096
-1.0752 0.1208
-0.904 0.0256
-0.9728 0.016
-0.8848 0.0872
-0.9488 0
-0.9056 0.0264
-0.92 0.0856
-0.9568 0.024
-0.9744 -0.0192
-0.9808 -0.0768
-0.8384 -0.0392
-0.9312 -0.0504
-0.9664 0.0312
-0.9344 -0.0808
-0.9968 -0.044
-0.9472 0.0216
-0.9568 -0.112
-1.0192 -0.112
-0.9616 -0.1104
-0.8768 -0.0192
-0.9808 0.0272
-0.936 -0.0616
-0.9008 -0.0024
-0.8912 0.0472
-0.8592 -0.004
-0.9376 -0.076
-0.9408 -0.0912
-0.9632 -0.08
-0.9264 0.0152
-0.8848 0.1016
-0.9312 0.0272
-0.9936 0.1888
-1.0128 0.0968
-0.8832 0.0624
-0.9088 -0.028
-0.8992 -0.0504
-0.8944 -0.048
-0.9456 -0.1336
-0.9152 0.0752
-0.9232 0.096
-1.0016 0.1704
-0.8992 -0.016
-0.9248 -0.0768
-0.984 0.0384
-0.9392 0.0872
-0.8528 0.0512
-0.9328 0.0304
-0.896 -0.0192
-0.928 0.0288
-0.9696 -0.0192
-0.9648 -0.0032
-0.9664 -0.112
-0.88 -0.0304
-0.9184 0.0096
-0.9776 -0.0104
-0.952 -0.06
-0.9152 -0.128
-0.944 -0.0024
-0.9824 0.0832
-0.9184 0.08
-0.8944 0.044
-0.92 -0.0416
-0.92 -0.064
-0.9008 -0.1584
-0.9664 -0.0304
-0.9104 0.0112
-0.9264 0.0688
-0.8992 0.0688
-0.9248 0.0312
-0.8784 -0.0568
-0.8544 0.008
-0.8704 0.1232
-0.976 0.0288
-0.9328 -0.172
-0.9104 -0.0968
-0.9264 -0.0224
-0.904 -0.0248
-0.9104 -0.0472
-0.9184 -0.1344
-0.9472 -0.12
-0.952 -0.0488
-0.912 -0.0952
-0.9424 0.0128
-0.8976 0.1096
-0.9664 0.1152
-0.968 0.1544
-0.9504 0.1736
-0.9152 0.1504
-0.9248 0.1064
-0.9904 0.172
-0.9488 0.1528
-0.9392 0.1064
-0.888 0.0344
-0.8416 -0.0432
-0.8704 -0.188
-0.9744 -0.2824
-0.9056 -0.1152
-0.9072 0.032
-0.9424 0.0448
-0.8672 0.0152
-0.9152 0.0568
-0.9712 -0.044
-0.8928 -0.0648
-0.9056 -0.1216
-0.976 -0.1616
-0.848 -0.1584
-0.9424 -0.1008
-0.9264 -0.0648
-0.9376 -0.0848
-0.9424 -0.0496
-0.8896 -0.0608
-0.856 0.0248
-0.944 0.064
-0.976 0.1224
-0.984 0.1176
-0.9168 0.0432
-0.912 0.0432
-0.9552 0.0704
-0.9632 0.0784
-0.9456 0.0576
-0.9104 0.036
-0.9216 0.0296
-0.888 0.1056
-0.968 0.1056
-0.8512 0.092
-0.8336 -0.0032
-0.9728 -0.0744
-0.9376 0.0184
-0.9472 0.0384
-0.9136 0.1544
-0.8624 0.0224
-0.8976 0.0936
-0.8816 0.0432
-0.8592 0.0368
-0.9264 -0.0392
-0.9264 -0.0976
-0.8736 -0.0944
-0.9264 -0.1088
-0.92 -0.0448
-0.9024 -0.0344
-0.9248 -0.0192
-0.9376 0.168
-0.9872 0.1456
-0.88 0.0784
-0.888 0.0776
-0.8912 0
-0.896 -0.1184
-0.832 -0.0832
-0.9392 0.0896
-0.9328 0.1712
-0.9712 0.2008
-0.8944 -0.0112
-0.8992 0.0008
-0.8992 0.0592
-0.9376 0.1168
-0.8768 0.0512
-0.864 0.0232
-0.8976 -0.108
-0.9264 -0.0608
-0.8992 -0.0248
-0.9776 0.008
-0.976 0.1392
-0.9008 0.0392
-0.9344 0.004
-0.8784 0.0248
-0.9328 0.024
-0.9472 0.0696
-0.8992 -0.0048
-0.896 0.0096
-1.0688 -0.132
-0.9824 -0.1832
-0.968 -0.2352
-0.9952 -0.124
-0.8912 -0.0032
-0.8672 0.0192
-0.888 -0.0552
-0.9424 -0.0296
-0.9328 -0.0304
-0.9792 0.0424
-1.0048 -0.0128
-0.9488 -0.0344
-0.8672 -0.0344
-0.8784 -0.0608
-0.8816 -0.0832
-0.9152 -0.0216
-0.9888 -0.0024
-0.9488 -0.0272
-0.9392 -0.1064
-0.904 -0.1072
-0.9232 0.0216
-0.9024 0.0368
-0.9088 0.0352
-0.888 0.0744
-0.912 -0.0104
-0.9024 -0.036
-0.8544 -0.0672
-0.8928 -0.1064
-0.8816 0.0912
-0.8672 0.0576
-1.0064 0.1888
-1.0288 0.2192
-0.9248 0.2416
-0.856 0.1784
-0.9008 0.1408
-0.8144 0.0688
-0.9424 0.04
-0.9056 -0.0832
-0.9248 -0.076
-0.9344 -0.104
-0.936 0.0744
-1.0144 0.1344
-0.9568 0.0848
-0.92 0.0008
-0.904 -0.0576
-0.9248 -0.0544
-0.9312 -0.0224
-0.8864 0.0512
-0.8992 0.0272
-0.96 0.0976
-0.9584 0.0936
-0.9088 0.1088
-0.904 0.1896
-0.9488 0.1552
-0.9552 -0.0328
-0.9568 0.1056
-0.8256 0.072
-0.848 -0.1008
-0.9824 -0.1472
-0.9168 -0.0992
-0.9088 0.0424
-0.9776 -0.0632
-0.9184 -0.0736
-0.8624 0.028
-0.9808 0.116
-0.9232 0.0096
-0.896 0.0448
-0.8784 0.0552
-0.9536 0.0784
-0.8624 0.0632
-0.9536 -0.016
-0.9808 0.108
-0.9824 0.0552
-0.8784 -0.1304
-0.9216 -0.0064
-0.8752 -0.124
-0.9584 0.0384
-0.9408 0.0024
-0.92 -0.0824
-0.9344 -0.1088
-0.9872 -0.0816
-0.9088 -0.0888
-0.9552 -0.1288
-0.96 -0.1328
-0.936 0.0216
-0.856 -0.088
-0.8864 0.0328
-0.9712 -0.0704
-0.9344 -0.0536
-0.9024 0.0856
-0.9216 0.0896
-0.9504 0.0976
-0.9184 0.0296
-0.9216 0.0384
-0.9776 0.0512
-0.9808 0.1128
-0.9504 0.08
-0.88 0.0216
-0.92 -0.1296
-0.8976 0.0088
-1.0016 0.0664
-0.912 0.02
-0.9216 0.04
-0.9248 0.0544
-0.9648 -0.0032
-0.9072 0.012
-0.9488 -0.0424
-0.8672 0.0304
-0.9392 0.152
-0.9392 0.1768
-0.9152 0.0392
-0.9152 0.1136
-0.9584 0.0488
-1.0224 -0.064
-0.9376 -0.0376
-0.9584 0.0736
-0.8608 0.0152
-0.8736 0.1352
-0.904 0.064
-0.8976 -0.0928
-0.9296 -0.0048
-0.8912 -0.076
-0.9392 -0.1504
-0.944 -0.0832
-1.0016 -0.0488
-0.9696 -0.1424
-0.9264 -0.1648
-0.9424 -0.1696
-0.984 -0.1176
-0.9472 -0.212
-1.024 -0.2584
-0.9296 -0.2064
-0.952 -0.0512
-0.984 -0.2072
-0.9008 -0.1424
-0.92 -0.1576
-0.9584 -0.2536
-0.9712 -0.188
-0.9472 -0.2408
-0.896 -0.0632
-0.9104 -0.14
-0.896 -0.0632
-0.8736 -0.1008
-0.944 -0.1336
-0.816 0.0968
-1.0272 0.1464
-1.0192 0.1536
-0.8912 0.0608
-0.9392 -0.0048
-0.9296 0.1104
-0.9808 -0.0024
-0.9392 -0.0192
-0.9824 -0.0256
-0.9936 0.0456
-0.9728 -0.0504
-0.928 -0.0328
-0.9664 0.0208
-0.8624 0.0744
-0.8752 0.04
-0.9168 -0.0648
-0.9696 -0.0936
-1.0112 -0.0392
-0.8288 0.012
-0.9248 -0.0952
-0.936 -0.1432
-0.9328 -0.0416
-0.8448 -0.084
-0.9728 -0.024
-0.9296 0.0208
-0.8784 0.0064
-0.8368 -0.0016
-0.9312 -0.1248
-1.0048 -0.1168
-0.8464 -0.0872
-0.9392 -0.0344
-0.896 0.0088
-0.88 0.1296
-0.8832 0.0536
-1.0016 -0.0272
-1.0048 -0.1216
-0.9408 -0.0088
-0.9344 -0.0536
-0.9472 -0.12
-1.0272 -0.1608
-0.9696 -0.1152
-0.9056 -0.2344
-0.9776 -0.0864
-0.8624 0.0264
-0.9744 -0.0256
-0.984 0.0416
-0.9616 -0.036
-0.8816 -0.0608
-0.9072 -0.0896
-0.9152 -0.004
-0.9984 -0.0888
-1.0208 -0.0992
-0.9296 -0.0864
-0.9328 -0.0536
-0.9936 -0.0544
-1.0128 -0.136
-0.9136 -0.0536
-0.936 0.0304
-0.9104 -0.0936
-0.9584 -0.0768
-0.928 -0.1048
-0.9824 -0.0744
-0.9792 -0.0552
-0.9072 -0.0768
-0.9024 -0.1104
-0.8736 -0.0656
-0.9648 -0.0208
-0.8944 0.0088
-0.936 0.0424
-0.9312 -0.0088
-0.896 0.044
-0.9312 0.0312
-0.9136 0.0528
-0.9392 -0.0176
-0.9296 -0.02
-0.9264 -0.0904
-0.8768 0.0504
-0.9088 0.0024
-0.9824 -0.0504
-0.8768 -0.004
-0.8528 0.0744
-0.9088 0.0072
-0.9424 0.0144
-0.9488 0.0032
-0.9456 -0.0328
-0.9008 -0.0544
-0.9536 -0.1056
-0.992 -0.2176
-0.8864 -0.1152
-0.9136 -0.1296
-0.7824 -0.128
-0.8976 -0.0984
-0.8912 -0.1184
-0.9552 -0.1632
-0.9584 -0.156
-0.9008 -0.1472
-0.952 -0.0096
-0.9216 0.02
-0.9728 0.012
-0.9888 0.04
-0.9728 -0.0408
-0.952 0.024
-1.0048 -0.0072
-0.8688 0.0744
-0.928 -0.0744
-0.8976 -0.0672
-0.8624 -0.0624
-0.9616 -0.0216
-0.8944 0.0416
-1.0016 0.0232
-0.9312 0.016
-0.9824 -0.0472
-0.9152 -0.0696
-0.8992 0.0056
-0.9248 0.0408
-0.8784 0.1032
-0.8784 -0.0088
-0.9088 0.0664
-0.92 -0.0408
-0.8848 0.0848
-1.0064 0.0264
-0.8864 -0.0152
-0.9088 -0.024
-0.96 -0.0768
-0.888 -0.0024
-0.9456 0.0768
-0.9184 0.112
-0.9024 0.0568
-0.96 0.0208
-0.8816 0.0512
-0.9648 -0.004
-0.9248 -0.0392
-0.9008 0.0592
-0.904 -0.0088
-0.8576 -0.076
-0.9296 -0.1808
-0.9312 -0.1216
-0.9408 -0.0536
-0.8864 -0.0544
-0.9184 -0.0912
-0.9152 -0.0424
-0.9456 0.0232
-0.8576 -0.032
-0.9296 0
-0.936 0.0816
-0.984 0.1024
-0.9632 0.1096
-0.936 0.0552
-0.96 -0.028
-1.0048 -0.0136
-0.9232 -0.0888
-0.944 -0.1008
-0.9808 -0.044
-0.904 0.0144
-0.912 -0.0472
-0.9584 0.008
-0.8848 -0.052
-0.9088 0.0032
-0.8976 -0.0152
-0.9456 -0.0904
-0.9424 0.0096
-0.8384 -0.052
-0.9168 0.0768
-0.9264 0.0664
-0.9184 0.0656
-0.8928 -0.0936
-0.928 -0.004
-0.9376 -0.024
-0.9344 0.0584
-0.8496 0.0104
-0.9104 -0.0056
-0.936 -0.092
-0.9136 -0.1168
-0.8896 -0.0968
-0.9248 -0.0384
-0.8928 0.0344
-0.8624 0.1096
-0.9424 0.1272
-0.936 0.1144
-0.9424 0.0272
-0.9296 0.0544
-0.9488 -0.044
-0.9712 -0.1144
-0.9104 -0.052
-0.9344 0.0024
-0.936 0.0352
-0.9984 0.0112
-0.9088 0.0512
-0.944 -0.0176
-0.912 0.0328
-0.9168 -0.0824
-0.9856 -0.0648
-0.9856 -0.0768
-0.9184 -0.0192
-0.92 -0.1016
-0.9968 -0.2376
-0.9952 -0.1296
-0.9136 -0.0744
-0.9408 -0.1776
-0.9904 -0.0928
-0.9776 0.0776
-1.0368 0.0848
-0.8976 0.0312
-0.9344 0.0064
-1.008 0.1008
-0.9056 0.0496
-0.968 0.052
-0.9488 -0.0648
-0.936 0.0016
-0.9616 -0.0024
-1.0176 -0.0144
-0.9136 0.0256
-0.9792 0.056
-0.8928 0.128
-0.9328 0.1304
-0.9136 -0.0184
-0.9424 -0.0104
-0.8784 0.0232
-0.8816 0.0176
-0.9472 -0.136
-0.96 -0.2496
-0.9136 -0.1656
-0.9376 -0.1392
-0.9104 -0.1248
-0.976 -0.0032
-0.936 -0.0376
-0.9424 -0.056
-0.9712 -0.0296
-0.9824 0.0416
-0.9936 0.0416
-0.9728 -0.0576
-0.8864 -0.0712
-0.9248 -0.0312
-0.8416 -0.1032
-0.9072 -0.0568
-0.9968 0.0136
-0.8896 0.0448
-0.9376 0.0424
-0.9072 0.0072
-0.9888 0.0088
-0.8912 0.0568
-0.8784 -0.0464
-0.8672 -0.0368
-0.9024 -0.0184
-0.8448 -0.0352
-0.9024 0.1056
-0.8992 0.1424
-0.9584 0.0864
-0.9504 0.1
-1.0272 0.06
-0.928 -0.0584
-0.9712 0.0456
-0.9408 0.028
-1 0.0712
-0.9072 -0.0016
-0.936 -0.1128
-0.9104 -0.0464
-0.9056 -0.008
-0.8608 -0.0768
-0.8944 -0.0856
-0.9088 -0.0008
-0.888 0.0856
-0.9232 0.0984
-0.9968 0.036
-0.9872 0.0848
-0.9504 0.0576
-0.9168 0.1488
-0.9216 0.08
-0.9328 0.1488
-0.9488 0.1112
-0.9744 0.0584
-0.8592 -0.0552
-0.968 -0.0296
-0.984 0.0992
-0.8704 0.044
-0.9024 0.1216
-0.968 0.0288
-0.9312 0.1368
-0.9648 0.1472
-0.9184 0.0512
-0.8784 0.0288
-0.9056 0.0616
-0.9488 0.092
-0.9888 0.04
-0.9408 0.008
-0.944 0.0952
-0.9056 0.1
-1.0608 0.0544
-0.96 0.0624
-0.896 0.1704
-0.9648 0.1392
-0.8768 -0.0176
-0.8288 0.0264
-0.9504 0.0536
-0.9888 0.0224
-0.9872 0.0032
-0.9056 0.0576
-0.8736 -0.0456
-0.9344 -0.0816
-0.9712 -0.036
-0.8432 -0.0592
-0.9104 -0.1424
-0.8784 -0.0816
-0.8208 -0.0096
-0.9568 0.1088
-0.8592 0.056
-0.9248 0.0792
-0.9136 0.0984
-0.9456 0.0912
-0.8576 0.064
-0.9392 -0.0064
-0.9632 0.0896
-0.9904 0.1432
-0.8784 0.064
-0.9536 -0.1128
-0.9328 -0.1536
-0.9568 -0.072
-0.8832 -0.0704
-0.8688 -0.0552
-0.9088 -0.0752
-0.9168 -0.0296
-0.8816 -0.0432
-0.9936 -0.0944
-0.9504 -0.1272
-0.9376 -0.0552
-0.9184 -0.0864
-1.008 -0.1768
-0.9184 -0.2344
-0.9408 -0.184
-0.9504 -0.072
-0.968 -0.0488
-0.896 -0.0464
-0.968 -0.0032
-0.9408 -0.0184
-0.9728 0.1144
-0.9808 0.1128
-1.0288 0.024
-0.944 0.1264
-0.9088 -0.0096
-0.9616 -0.1624
-0.9488 -0.2216
-0.9136 -0.2064
-0.9488 -0.1008
-0.9168 -0.076
-0.9696 -0.0928
-0.968 -0.036
-1.0112 0.036
-0.9536 0.0584
-0.9616 0.1488
-0.9376 0.1112
-0.9728 0.1224
-0.9088 0.0496
-0.9264 0.032
-0.8784 0.0464
-0.9504 0.0256
-0.936 0.1192
-0.9584 -0.0456
-0.9728 -0.0248
-0.9408 -0.0648
-0.9936 0.008
-0.9184 -0.0424
-0.9216 -0.0736
-0.8864 -0.0456
-0.9936 -0.0856
-0.936 -0.0808
-0.9024 -0.02
-0.8672 0.096
-0.8752 -0.0328
-0.9248 0.1
-0.944 0.0248
-0.9312 -0.0248
-0.904 -0.0776
-0.8944 0.012
-0.9488 0.108
-0.9168 0.0424
-0.8704 -0.0288
-0.9008 0.0152
-0.9744 -0.0056
-0.9088 0.0552
-0.944 0.0192
-0.8992 0.0352
-0.9296 0.0632
-0.9248 0
-0.9344 0.04
-0.8976 0.0384
-0.9024 0.0296
-0.9216 0.0624
-0.9536 -0.0768
-0.9824 -0.0512
-0.968 -0.0552
-0.984 -0.0504
-0.9232 -0.0656
-0.9456 0.0744
-0.936 0.1464
-0.9088 0.128
-0.9152 0.0712
-0.928 -0.0072
-0.9264 0.1096
-0.9024 0.0072
-0.9488 0.064
-0.8928 0.048
-0.9392 0.02
-0.944 0.0216
-0.8592 0.1568
-0.8736 0.0912
-0.856 -0.0432
-0.8848 0.0072
-0.9216 -0.0136
-0.8272 -0.0568
-0.9552 -0.0408
-0.9184 0.0904
-0.9584 -0.0264
-0.9248 -0.0848
-0.9104 -0.0392
-0.9888 -0.064
-0.9424 -0.0144
-0.9664 0.0616
-1.0048 -0.0216
-0.9088 -0.036
-0.9424 0.0448
-0.9808 0.064
-0.9104 0.148
-0.88 0.1584
-0.8608 0.0776
-0.88 0.0848
-0.9232 0.008
-0.9952 0.0928
-0.9568 -0.076
-0.8896 -0.0272
-0.9856 -0.0152
-0.9248 -0.0112
-0.9408 -0.0072
-1.0016 0.0216
-0.9952 -0.0608
-0.8752 0.0112
-0.9088 0.1104
-0.8848 0.0216
-0.9296 -0.008
-0.976 -0.1328
-0.9456 -0.0216
-0.9616 -0.0368
-0.9568 -0.1216
-0.8784 -0.0872
-0.9936 -0.0768
-0.8864 0.0368
-0.9152 0.028
-0.8864 0.0512
-0.9408 -0.056
-0.9824 -0.1048
-0.9088 0.0112
-0.9456 0.1248
-0.9456 0.1312
-0.8928 0.0392
-0.8608 -0.0168
-0.9216 0.0032
-0.9168 0.1152
-1.0048 0.2056
-0.9632 0.172
-0.9408 0.1408
-0.9536 0.1472
-0.952 0.1432
-0.976 0.1056
-0.9312 0.1832
-0.9632 0.108
-0.8688 0.0432
-0.9728 0.0352
-0.8912 0.016
-0.944 0.1272
-0.9872 -0.0192
-0.9296 0.0384
-0.9552 0.1152
-0.9808 0.1528
-0.9792 0.1072
-0.872 0.092
-0.968 0.108
-0.9024 0.0608
-0.9088 -0.0648
-0.9504 -0.108
-0.9232 -0.1432
-0.9776 -0.1232
-0.8816 -0.0024
-0.896 -0.0784
-0.9008 -0.0728
-0.9824 -0.092
-0.9264 -0.1304
-0.8848 -0.064
-0.856 -0.0624
-0.9296 -0.1184
-0.9376 -0.152
-0.9296 -0.052
-0.864 0.0016
-0.9584 0.1024
-0.912 0.1152
-0.9584 0.1656
-0.9312 0.264
-1.0304 0.1352
-0.9248 0.004
-0.8656 0.0488
-0.9456 -0.0168
-0.9936 0.0568
-0.864 0.0064
-0.8448 0.0168
-0.856 -0.0624
-0.9456 -0.164
-0.84 -0.0952
-0.8992 -0.0696
-0.9664 0.0128
-0.9616 -0.0504
-0.9824 -0.0128
-0.984 -0.0312
-0.9792 -0.0464
-0.8656 -0.0728
-0.92 -0.02
-0.9088 0.0576
-0.9264 0.0288
-0.912 -0.0216
-0.9568 -0.0048
-0.9392 -0.052
-0.832 -0.0232
-0.8704 -0.0808
-1.0192 0.0928
-0.9632 0.0144
-0.9552 -0.0336
-0.9408 0.0456
-0.9712 -0.0192
-0.9232 -0.0424
-0.9856 0.0712
-0.9248 0.092
-0.9504 0.136
-0.9296 0.1048
-0.9872 0.008
-0.936 0.0792
-0.9088 0.1704
-0.9216 0.1104
-0.9344 0.0192
-0.8768 0.0376
-0.9392 -0.0096
-0.9632 -0.0408
-0.9488 0.0984
-0.9216 0.1448
-0.928 0.0968
-0.9856 0.1136
-0.9472 0.0088
-0.8896 0
-0.9456 0.1152
-0.9184 0.136
-0.9456 0.1936
-0.9312 0.1184
-0.8704 0.06
-0.8576 -0.0264
-0.9552 0.0008
-0.9824 0.0024
-0.9424 -0.0624
-0.9328 -0.0624
-0.9008 -0.0368
-0.8624 0.0112
-0.9216 -0.0144
-0.9376 -0.1016
-0.8848 -0.1336
-0.92 -0.0888
-0.92 0.0312
-0.8912 0.1176
-0.992 0.3128
-0.9296 0.3104
-0.928 0.1144
-0.8896 0.0616
-1.016 0.1656
-0.9136 0.0128
-0.8896 -0.06
-0.888 -0.0952
-0.9952 -0.0296
-0.9152 0.0088
-0.8784 -0.064
-0.9472 -0.0768
-0.8848 -0.068
-0.9104 -0.0504
-0.8912 -0.1656
-0.9568 -0.0968
-0.9424 0.0296
-1.0144 0.016
-0.9936 0.0736
-1.0064 0.0808
-0.9152 0.0376
-0.9456 0.036
-0.9024 -0.0592
-0.9904 0.0312
-0.944 -0.0072
-0.9456 -0.0584
-0.9328 -0.008
-0.8976 0.032
-0.9232 0.128
-0.8768 0.1592
-0.9376 0.0064
-0.9552 0.0008
-0.9408 0.1328
-0.9424 0.1224
-0.9312 0.128
-0.9168 0.1024
-0.9424 0.0128
-0.8896 0.016
-0.9888 0.0016
-0.9264 0.0992
-0.9184 -0.0168
-0.9232 -0.0568
-0.9184 -0.0232
-0.9504 0.1128
-0.9216 0.1928
-0.9376 0.104
-0.896 0.108
-0.864 0.0432
-0.9232 0.0288
-0.9312 -0.056
-0.9328 -0.0328
-0.888 -0.0576
-0.9136 -0.0656
-0.896 -0.0664
-0.9568 0.076
-0.9632 0.0896
-0.9568 -0.0712
-0.9536 -0.1032
-0.9488 -0.0168
-0.9424 0.0064
-0.936 0.0432
-0.9904 0.1456
-0.9392 0.1648
-0.912 0.1288
-0.8672 0.0848
-0.9584 -0.0096
-0.9456 -0.0336
-0.84 -0.0312
-0.8448 -0.0424
-0.9104 -0.0776
-0.9984 -0.1016
-0.9456 -0.1112
-1.0064 -0.1128
-0.8624 0.0016
-0.9024 -0.0328
-0.9072 0.0464
-0.9776 -0.0408
-0.8624 -0.0136
-0.9088 -0.1256
-0.9392 -0.076
-0.9296 -0.064
-1 -0.0616
-0.9488 -0.012
-0.9776 -0.084
-0.9616 -0.1576
-0.9904 -0.1464
-0.9072 -0.0936
-0.9872 -0.1112
-0.9088 -0.036
-0.8656 0.004
-0.904 0.0024
-0.9584 -0.0568
-0.9536 0.044
-0.9648 0.14
-1.0464 -0.0296
-0.928 -0.0088
-0.9504 0.1336
-0.9024 0.1472
-0.9584 0.1256
-1.0064 0.0648
-0.976 -0.0376
-0.864 -0.1784
-0.9264 -0.08
-0.9136 -0.1536
-0.96 -0.1112
-0.9568 -0.0672
-0.928 0.1152
-1.0272 -0.0096
-0.9072 -0.0336
-0.9552 -0.0496
-0.8944 0.1104
-0.896 0.0544
-0.928 -0.0688
-0.976 -0.0648
-0.9168 -0.0856
-0.9056 0.0568
-0.9616 0.2232
-0.9136 0.1416
-0.9168 0.0912
-0.8992 -0.008
-0.9264 0.1808
-0.8496 0.1008
-0.9568 0.1336
-0.8656 -0.0032
-0.912 0.1032
-0.904 -0.0184
-0.9472 0.0072
-0.9744 -0.0544
-0.9568 0.06
-0.904 -0.0424
-0.8752 -0.0472
-0.8992 -0.0272
-0.9152 -0.0792
-0.8816 -0.1088
-0.9408 -0.12
-0.944 -0.18
-0.9488 -0.152
-0.9328 -0.056
-0.9088 -0.1112
-0.9984 -0.0424
-0.9248 0.0512
-0.8848 0.0904
-0.896 0.0632
-0.888 0.0304
-0.976 0.1248
-0.9248 0.0552
-0.9232 -0.0152
-0.8848 -0.1648
-0.92 -0.1664
-0.9008 -0.1328
-0.8672 -0.0912
-0.7856 -0.064
-0.96 -0.0016
-1.0048 -0.0624
-0.8864 0.0104
-0.928 -0.0272
-0.9616 0.0128
-0.936 0.06
-0.9344 0.044
-1.0208 -0.0376
-0.9616 0.0024
-0.9408 -0.1104
-0.944 -0.156
-0.9008 -0.1064
-0.8976 -0.0968
-0.9904 0.0032
-0.9472 0.0688
-0.952 0.084
-0.9024 0.1512
-0.9776 0.0712
-1.0096 0.1048
-0.9104 0.0984
-0.9728 0.0112
-0.912 -0.0088
-0.9968 -0.0224
-0.8592 0.004
-0.992 0.0888
-0.8864 0.056
-0.8976 0.0208
-0.9424 -0.016
-1.0016 -0.0048
-0.9392 -0.0368
-0.9136 -0.06
-0.8768 -0.0552
-1.0064 -0.1064
-0.9952 -0.1432
-0.9488 0.0264
-1.008 0.1064
-0.9488 0.1168
-0.944 0.1896
-0.936 0.0904
-0.9536 0.0984
-0.888 0.1152
-0.9376 0.1968
-0.9696 0.108
-0.9504 0.0192
-0.9136 -0.0208
-0.9296 -0.1344
-0.9056 -0.0592
-0.8976 -0.0744
-0.9936 -0.172
-0.8896 -0.0648
-0.88 -0.0736
-0.9392 0.0072
-0.9488 0.0248
-0.9136 0.1272
-0.896 0.0896
-0.8448 0.0104
-0.9424 -0.1536
-0.968 -0.1288
-0.9152 0.0152
-0.904 -0.0872
-0.8864 -0.016
-0.9488 0.0296
-0.9056 0.0032
-0.9648 -0.0056
-0.8784 0.0504
-0.944 0.0128
-0.8304 0.0528
-0.9104 -0.0264
-0.9168 0
-0.984 -0.0504
-0.9184 0.0432
-0.9424 0.0544
-0.9312 -0.0528
-0.904 0.0176
-0.9232 0.1064
-0.9792 0.1168
-0.9808 0.2728
-0.896 0.0768
-0.9344 0.0256
-0.984 0.0616
-0.9504 0.0688
-0.9088 -0.0408
-0.9344 0.0344
-0.9552 -0.0456
-0.944 -0.0968
-0.9424 -0.0952
-0.9024 0.0352
-0.912 -0.0168
-0.968 -0.1072
-0.9152 -0.068
-0.9712 -0.1056
-0.8624 -0.0176
-0.96 -0.1232
-1.008 -0.1232
-0.9696 -0.0552
-0.944 -0.0968
-0.9072 -0.1184
-0.92 -0.0216
-0.9072 0.0224
-0.9824 -0.0504
-0.968 0.0904
-0.9952 0.0408
-0.96 0.0232
-0.9584 -0.0008
-0.9696 -0.016
-0.936 -0.0632
-0.9024 -0.0296
-0.976 -0.104
-0.9024 -0.004
-0.9248 -0.0064
-0.928 -0.0864
-0.9472 -0.1272
-0.9024 -0.0784
-0.9888 -0.08
-0.904 -0.0608
-0.9552 0.0176
-0.8928 -0.012
-0.984 0.0992
-0.9296 0.0184
-0.896 0.0264
-0.952 -0.0144
-0.9648 0.156
-0.9344 0.1544
-0.9264 -0.1824
-0.8848 -0.136
-0.9088 -0.1512
-0.8912 0.0096
-0.9712 -0.0184
-0.9472 -0.0704
-0.9408 0.004
-0.8912 0.12
-0.9056 0.072
-0.9648 0.0448
-0.9104 0.0504
-0.9024 -0.112
-0.9232 -0.0256
-0.9216 0.0392
-0.8672 0.032
-0.976 -0.0208
-0.9232 -0.064
-0.9312 0.0048
-0.9056 -0.0472
-0.9328 -0.0376
-0.9488 -0.0696
-0.8992 -0.0296
-0.9232 0.0872
-0.9056 0.044
-0.952 0.1104
-0.88 0.0936
-0.888 -0.0016
-0.936 0.0488
-0.8576 0.0256
-0.912 0.06
-0.92 -0.008
-0.936 0.056
-0.9456 0.06
-0.8608 0.0584
-0.9488 0.144
-0.9712 0.144
-0.9136 -0.0736
-0.8896 -0.1376
-0.9568 -0.0632
-0.9632 -0.032
-0.8688 -0.0088
-0.9376 0.0096
-0.9408 -0.0216
-0.9024 -0.124
-0.9824 -0.0472
-0.9328 -0.0992
-0.8816 -0.1048
-0.8672 -0.0984
-0.936 -0.0216
-0.9888 -0.1024
-0.8976 -0.1664
-0.896 -0.1672
-0.896 -0.0968
-0.92 -0.1416
-0.896 -0.0904
-0.8784 -0.092
-0.9088 -0.1112
-1.0512 0.0504
-0.912 0.0208
-0.8848 0.0536
-0.9456 -0.0712
-0.92 -0.068
-0.984 -0.0488
-0.9152 -0.0248
-0.8672 -0.0704
-0.9552 -0.0528
-0.9328 -0.0176
-0.9728 0.0144
-0.9312 -0.0136
-0.9216 -0.0528
-0.936 -0.0496
-0.904 -0.0336
-0.904 -0.0136
-0.92 0.0552
-0.9648 0.0528
-0.9248 0.0256
-0.9552 -0.0232
-0.912 0.06
-0.8848 0.108
-0.9232 0.012
-0.9456 -0.0504
-0.9504 -0.1224
-0.9472 -0.072
-0.8752 -0.0952
-0.9136 -0.1064
-0.9392 0.028
-0.9696 0.1488
-0.9184 0.2024
-0.8736 0.1008
-0.9312 0.136
-0.9232 0.1856
-0.8816 0.124
-0.9024 0.0552
-0.9728 0.044
-0.8848 0.092
-0.9168 -0.024
-0.8864 -0.1008
-0.9408 -0.192
-0.928 -0.0888
-0.928 -0.1032
-0.88 -0.1528
-0.9264 -0.1864
-0.9328 -0.2312
-0.8976 -0.1624
-0.9536 -0.1296
-0.9696 -0.1712
-0.944 -0.1784
-0.9536 -0.1464
-0.9248 -0.0592
-0.8864 -0.084
-0.984 -0.1432
-0.944 -0.1296
-0.7792 0.0128
-0.9168 0.04
-0.9424 -0.0312
-0.9152 -0.0696
-0.9536 -0.1408
-0.9552 -0.1768
-1.0048 -0.068
-0.8864 -0.08
-0.9872 -0.0296
-0.9248 -0.0416
-0.9536 0.1448
-0.8896 0.1544
-0.9184 0.0416
-0.9424 0.1216
-0.928 0.0832
-0.9552 0.1024
-0.9888 0.1912
-0.952 0.232
-0.9056 0.0696
-0.9584 0.0584
-1.008 0.0888
-0.9088 -0.0248
-0.9232 -0.0672
-0.9424 -0.0792
-0.9632 0.0176
-0.9408 0.0024
-0.8928 -0.0456
-0.9472 -0.0304
-0.9312 0.04
-0.8832 -0.0048
-0.9584 -0.0912
-0.9248 -0.1976
-0.872 -0.136
-0.9488 -0.0456
-0.9248 0
-0.9008 0.084
-1 0.108
-1.0224 0.1504
-0.928 0.1232
-0.936 0.044
-0.9248 0.0216
-0.8528 0.0112
-0.9024 0.0496
-0.9072 -0.0592
-0.9392 -0.0488
-0.928 -0.0232
-0.8784 0.0432
-0.9248 -0.0528
-0.92 -0.0392
-0.9088 0.0136
-0.9248 0.0992
-0.9616 0.0696
-0.8848 0.0264
-0.8528 0.0472
-0.8704 0.0464
-0.9344 0.0568
-0.8496 0.0208
-0.9056 -0.0552
-0.9104 -0.1136
-0.9824 0.1136
-0.8816 0.0848
-0.9088 -0.0088
-0.9312 -0.0008
-0.9024 -0.0128
-0.904 -0.0128
-0.9168 0.0696
-0.9376 0.0464
-0.9392 0.136
-0.96 0.0488
-0.9168 -0.0568
-0.904 -0.0328
-0.8272 0.0736
-0.8944 0.004
-0.9312 -0.1056
-0.8976 -0.1152
-0.9408 -0.0616
-0.9088 -0.0368
-0.9632 0.0144
-0.928 -0.0432
-0.9168 0.116
-0.9376 0.068
-0.9104 -0.0096
-0.9056 -0.0176
-0.888 -0.0056
-0.9456 -0.0144
-0.8864 -0.0168
-0.8928 0.072
-0.912 0.0632
-0.944 0.0056
-0.912 -0.1248
-0.9184 -0.0448
-0.9376 -0.0264
-0.8928 -0.0264
-0.8848 -0.0704
-0.8864 -0.0784
-0.904 -0.0072
-0.9856 -0.0896
-0.9056 0.064
-0.944 -0.0368
-0.936 -0.0632
-0.9008 0.0328
-0.8896 -0.0936
-0.9072 -0.0656
-0.9376 -0.044
-0.9712 -0.0976
-0.9136 0.0008
-0.8752 -0.0432
-0.9264 -0.0376
-0.9232 -0.0224
-0.9088 -0.0424
-0.9504 -0.0496
-0.9456 -0.0832
-0.9312 -0.0088
-0.9776 0.0784
-0.9152 0.0224
-0.8432 0.0288
-0.928 -0.0088
-0.92 0.0352
-0.912 -0.0072
-0.92 -0.0536
-0.9088 -0.1632
-0.8464 -0.0112
-0.8864 -0.0984
-0.9632 -0.04
-0.9312 0.0392
-0.8976 0.0224
-0.9232 0.0416
-0.936 0.0448
-0.9696 0.0864
-0.9184 0.1048
-0.9328 0.0968
-0.9728 0.1152
-0.9584 0.1536
-0.9776 0.1048
-0.9552 0.1096
-0.8576 0.0624
-0.9024 -0.0504
-0.9216 -0.0936
-0.976 -0.128
-0.9088 0.0728
-0.9328 -0.0128
-0.928 -0.1272
-0.8624 -0.1536
-0.9008 -0.1096
-0.8448 -0.076
-0.872 0.0696
-0.8544 0.0368
-0.8912 0.0704
-0.944 0.0328
-0.9312 0.0392
-0.8736 -0.0272
-0.9184 0.1032
-0.9328 0.056
-0.9248 0.0792
-0.9424 0.0528
-0.8656 -0.0256
-0.92 -0.0168
-0.9696 -0.0888
-0.9904 -0.084
-0.9824 -0.108
-1.0048 -0.004
-0.9424 -0.0064
-0.9936 0.0136
-0.8752 0.0952
-0.9744 0.1232
-0.928 0.148
-0.9168 0.0656
-0.8864 0.0528
-0.9312 0.0144
-0.9632 -0.112
-0.9376 -0.1064
-0.9328 -0.0144
-0.8352 -0.028
-0.9248 0.0312
-0.8576 -0.044
-0.8224 -0.0056
-1 -0.0152
-0.9392 -0.0136
-0.8544 -0.0464
-0.9152 -0.0568
-0.9472 -0.0952
-0.9808 -0.168
-0.9424 -0.1832
-0.9504 -0.1952
-0.8896 -0.0136
-0.9264 0.0024
-0.9408 -0.0024
-0.9104 0.0424
-0.9152 -0.0248
-0.9056 0
-0.8896 0
-0.9008 -0.02
-0.9504 -0.088
-0.92 -0.0784
-0.9888 -0.1056
-0.9168 -0.048
-0.9856 -0.1136
-0.9904 -0.1384
-0.8384 -0.0208
-0.9104 -0.1336
-0.9232 -0.1256
-0.9472 -0.1888
-0.9968 -0.16
-0.9168 -0.0064
-0.9376 0.0584
-0.9552 -0.0024
-0.9904 0.0152
-0.9008 0.0328
-0.944 -0.048
-0.9712 -0.1544
-0.9552 -0.016
-0.8704 -0.0488
-1.0048 0.056
-0.8688 0.0136
-0.848 -0.032
-0.9184 0.0744
-0.9296 0.0584
-0.9056 0.0448
-0.9856 0.0704
-0.9136 -0.0256
-0.9728 0.0072
-0.8832 0.0104
-0.944 -0.068
-1.0096 0.0488
-0.9488 0.0576
-0.9472 0.0272
-1.0144 -0.0088
-0.9136 -0.0384
-0.9392 -0.0448
-1.024 0.0528
-0.8496 0.0264
-0.8896 -0.0048
-0.9152 0.0984
-0.9568 -0.04
-0.9376 -0.1016
-0.872 -0.0864
-0.8624 -0.1456
-0.8832 -0.1104
-0.9328 -0.0488
-0.9392 -0.1744
-0.9712 -0.1816
-0.9792 -0.2136
-0.9088 -0.0624
-0.9312 -0.0312
-0.928 0.0736
-0.9168 0.004
-0.9232 -0.0376
-0.9392 0.0216
-1.0064 -0.0488
-0.88 -0.0952
-0.9632 -0.0416
-0.9904 -0.0992
-0.992 -0.12
-0.9536 -0.1336
-0.9584 -0.1872
-0.9824 -0.1592
-0.9712 -0.08
-0.9744 -0.0008
-1.0016 0.052
-0.9296 0.1272
-0.9728 -0.0088
-0.8768 0.0032
-0.9248 -0.1432
-0.9152 -0.0216
-0.9904 0.064
-0.8944 -0.0416
-0.9136 0.028
-1.0208 0.1264
-0.9712 0.172
-0.9696 0.1256
-0.9024 0.0904
-0.8864 -0.0104
-0.968 -0.052
-0.904 -0.0416
-0.9328 -0.0784
-0.872 -0.0152
-0.9328 0.032
-0.9344 -0.0368
-0.9024 0.1152
-0.8928 0.0464
-0.9792 0.0216
-0.976 -0.052
-0.944 -0.0008
-0.9104 -0.0248
-0.8144 -0.0952
-0.9248 0.076
-0.9904 0.1208
-1.0144 0.0288
-0.9504 0.0608
-0.9648 0.0712
-0.8976 -0.0016
-0.8368 -0.064
-0.9376 -0.0304
-0.9136 -0.0184
-0.888 0.0552
-0.8768 0.1128
-0.8752 0.1584
-0.912 0.116
-0.9216 0.1296
-0.9168 0.0928
-0.8912 0.0136
-0.9504 0.0624
-0.9968 0.1176
-0.9472 0.032
-0.944 -0.032
-1 0.0024
-0.9328 0.0216
-0.8928 0.0504
-0.9376 0.0504
-0.9584 0.0744
-0.9808 -0.0632
-0.9312 -0.0224
-0.9504 -0.0952
-0.96 -0.0344
-0.9904 0.004
-1.0032 -0.0424
-0.9024 0.0472
-0.8896 -0.0672
-0.9952 -0.0624
-0.9376 0.1432
-0.9152 0.1792
-0.9552 0.1752
-0.9888 0.1624
-0.9712 0.164
-0.9264 0.148
-1.0048 0.1568
-0.8688 0.0832
-0.8432 0.0312
-0.9312 0.0248
-0.9552 0.0352
-0.9824 0.012
-0.888 0.0592
-0.936 0.0768
-0.976 0.092
-0.8544 0.0984
-0.9664 0.0824
-0.976 0.148
-0.9088 0.0488
-0.9296 0.0504
-0.944 -0.0744
-1.0976 -0.0904
-1.0848 -0.1544
-0.984 -0.2056
-0.9296 -0.1272
-0.896 -0.0696
-0.8912 -0.0024
-0.8928 0.0808
-0.904 0.0704
-0.9664 -0.012
-0.9728 0.128
-0.9648 0.064
-0.9216 -0.0584
-0.9632 -0.0728
-0.9648 0.08
-0.9376 0.0336
-0.9344 0.0464
-0.92 -0.0456
-0.9088 -0.036
-0.952 -0.0056
-0.8528 0.0296
-0.8768 0.0496
-0.9152 0.0832
-0.9568 0.0576
-0.8768 0.0464
-0.9504 -0.0144
-0.936 -0.0304
-0.8832 0.0824
-0.9312 0.016
-0.9648 -0.0064
-0.9104 -0.0224
-0.8624 0.0232
-0.9376 -0.0408
-0.96 -0.0008
-0.9472 0.06
-0.912 0.0664
-0.992 0.0592
-0.9536 0.0888
-0.9792 -0.024
-0.9712 -0.0888
-0.9664 0.0832
-0.9344 0.1104
-0.9488 -0.0744
-1.008 -0.0488
-1.0352 -0.0168
-0.9984 -0.1704
-0.992 -0.1792
-0.9568 -0.1168
-0.9856 -0.176
-0.9856 -0.1
-0.9936 -0.1064
-0.928 -0.012
-0.9088 -0.1368
-0.928 -0.1008
-0.896 -0.1296
-0.9424 -0.1672
-0.936 -0.0952
-0.9168 0
-0.8816 -0.1464
-0.9104 -0.0352
-0.9648 -0.0232
-0.8864 0.0792
-0.9072 0.012
-0.936 0.064
-0.8672 0.1296
-0.8928 0.0408
-0.984 -0.0568
-0.9664 -0.1512
-0.9328 -0.1104
-0.8752 -0.192
-0.9392 -0.148
-0.8752 -0.0112
-0.8608 0.1328
-0.9872 0.036
-0.9168 -0.0088
-0.9344 -0.02
-0.9472 0.0728
-0.9472 -0.092
-0.816 -0.032
-0.9328 0.0112
-0.9344 -0.0152
-0.9744 0.0336
-0.8624 0.0288
-0.9344 -0.0824
-0.944 -0.0536
-0.8912 -0.0544
-0.88 0.0152
-0.8736 0.0584
-0.8592 0.0792
-0.9616 0.0048
-0.8928 0.0656
-0.9024 0.0632
-0.9168 -0.0176
-0.9152 -0.0888
-0.9216 -0.0632
-0.9296 -0.0368
-0.9568 -0.1384
-0.9312 -0.0248
-0.976 -0.0432
-0.9536 -0.064
-0.928 -0.0536
-0.9232 0.0584
-0.8624 -0.056
-0.8944 -0.0296
-0.9616 -0.0536
-0.8784 0.104
-0.9312 0.0648
-0.936 -0.0832
-0.9648 -0.0912
-0.9504 0.0096
-0.8928 0.0616
-0.9808 0.0424
-0.8912 -0.0112
-0.9424 -0.0584
-0.9344 -0.0152
-0.8896 -0.1304
-0.9344 -0.0056
-0.928 -0.1272
-0.8992 0.0136
-0.9552 0.0392
-0.9088 0.1512
-0.8832 0.1168
-0.8928 0.0896
-0.8928 0.0496
-0.9264 -0.128
-0.9408 -0.1
-0.9568 0.0392
-0.9184 0.0216
-0.9584 -0.0424
-1.0096 -0.0656
-0.9328 -0.0376
-0.9296 -0.1136
-0.9616 -0.1168
-1.0064 -0.1696
-0.9712 -0.1712
-0.9664 -0.1376
-0.9312 -0.0536
-0.8928 -0.032
-0.9616 -0.1152
-0.9808 0.0376
-0.9264 0.0808
-0.88 0.0616
-0.9488 0.02
-0.9616 0.0112
-0.9232 0.0168
-0.9552 -0.1592
-0.9312 -0.056
-0.8832 -0.0064
-0.9264 0.0056
-0.904 -0.0832
-0.9456 0.0504
-0.9392 0.0352
-0.9168 0.1416
-0.9056 0.1112
-0.944 0.172
-0.9472 0.0992
-0.9648 -0.0352
-0.9872 0.0144
-0.8752 -0.0216
-0.8912 -0.0608
-0.936 0.0096
-0.976 0.0664
-0.9824 -0.0736
-0.9328 -0.0368
-0.912 -0.1064
-0.8832 -0.104
-0.92 -0.02
-0.8928 0.052
-0.912 0.028
-0.9552 -0.084
-0.9808 -0.0584
-0.9664 -0.0392
-0.8336 0.0176
-0.9248 -0.0976
-0.9472 -0.1504
-1.0112 -0.2704
-0.9744 -0.2752
-0.9376 -0.2496
-0.9504 -0.1288
-0.9216 -0.0864
-0.9648 0.0232
-0.944 0.0888
-0.9424 -0.008
-0.8944 -0.0016
-0.9296 0.0176
-0.9488 0.068
-0.9376 -0.02
-0.9488 -0.2384
-0.9776 -0.18
-0.9024 -0.0808
-0.944 0.0056
-0.8928 -0.1336
-0.9616 -0.0712
-0.92 -0.048
-0.9456 -0.1608
-0.9744 -0.1456
-0.952 -0.1464
-0.9552 0.0112
