-1.6336 0.8504
-1.6848 0.8832
-1.656 0.88
-1.688 0.8928
-1.6544 0.8816
-1.6112 0.8512
-1.5968 0.8072
-1.6592 0.876
-1.6576 0.8896
-1.5648 0.8264
-1.624 0.8488
-1.6432 0.8808
-1.5808 0.8168
-1.6592 0.8624
-1.736 0.8936
-1.6 0.8424
-1.608 0.8432
-1.656 0.8648
-1.64 0.8512
-1.6512 0.8712
-1.5264 0.7824
-1.6272 0.8272
-1.6256 0.8432
-1.6224 0.84
-1.5968 0.8432
-1.648 0.8856
-1.6128 0.8512
-1.608 0.8328
-1.68 0.8768
-1.6832 0.8944
-1.6496 0.8688
-1.5536 0.8208
-1.568 0.7584
-1.544 0.7656
-1.632 0.8376
-1.52 0.7832
-1.5808 0.8312
-1.6656 0.8696
-1.6336 0.8552
-1.6016 0.856
-1.528 0.7936
-1.544 0.788
-1.6048 0.8264
-1.5584 0.8216
-1.6192 0.8672
-1.6336 0.8368
-1.6576 0.8432
-1.5872 0.8376
-1.6304 0.8664
-1.5888 0.8352
-1.6224 0.8472
-1.688 0.896
-1.6528 0.88
-1.648 0.8776
-1.5888 0.8296
-1.5472 0.8088
-1.5888 0.8336
-1.6448 0.8624
-1.6512 0.872
-1.5248 0.8112
-1.424 0.712
-1.5248 0.7576
-1.6736 0.8848
-1.6096 0.8672
-1.6224 0.8648
-1.6976 0.8848
-1.6784 0.8872
-1.736 0.9112
-1.6512 0.8768
-1.6352 0.8672
-1.6336 0.868
-1.656 0.8552
-1.6656 0.8856
-1.6432 0.8688
-1.6 0.8392
-1.6736 0.8872
-1.6544 0.856
-1.5376 0.8272
-1.6112 0.836
-1.6528 0.872
-1.632 0.8616
-1.5856 0.836
-1.6272 0.8472
-1.64 0.8504
-1.6192 0.848
-1.6528 0.8792
-1.6576 0.8832
-1.5744 0.8392
-1.6432 0.8464
-1.6736 0.8848
-1.6512 0.8568
-1.6608 0.876
-1.608 0.8128
-1.6416 0.8176
-1.5616 0.7808
-1.6192 0.784
-1.624 0.8128
-1.6064 0.8
-1.5904 0.7752
-1.616 0.8144
-1.5488 0.74
-1.5312 0.7392
-1.5584 0.7528
-1.4992 0.7088
-1.5648 0.764
-1.6112 0.7704
-1.5824 0.7504
-1.552 0.7568
-1.5792 0.7168
-1.6496 0.7528
-1.5792 0.7144
-1.5984 0.7256
-1.6288 0.7528
-1.6032 0.7888
-1.5952 0.7704
-1.6208 0.7896
-1.6304 0.84
-1.6096 0.8408
-1.6784 0.8576
-1.6224 0.8288
-1.5968 0.8104
-1.5552 0.7688
-1.5888 0.7904
-1.56 0.8096
-1.6928 0.892
-1.6048 0.8464
-1.5968 0.86
-1.6 0.852
-1.5888 0.84
-1.6208 0.8512
-1.6528 0.8744
-1.632 0.8536
-1.6176 0.848
-1.5968 0.8424
-1.6704 0.8832
-1.6496 0.8728
-1.552 0.8248
-1.6576 0.8664
-1.6368 0.8616
-1.656 0.8824
-1.6352 0.8552
-1.5136 0.7928
-1.592 0.8272
-1.5632 0.8416
-1.616 0.8488
-1.5232 0.7712
-1.6464 0.844
-1.5936 0.8352
-1.6416 0.8536
-1.5584 0.82
-1.6688 0.8648
-1.584 0.8408
-1.5904 0.8448
-1.6144 0.8224
-1.5632 0.7944
-1.608 0.8344
-1.544 0.8024
-1.6352 0.8576
-1.648 0.8752
-1.6496 0.8752
-1.6272 0.8712
-1.5744 0.8264
-1.6064 0.8528
-1.6688 0.876
-1.6832 0.8808
-1.72 0.896
-1.6208 0.8656
-1.5728 0.8264
-1.5376 0.7776
-1.5296 0.7528
-1.5776 0.776
-1.5712 0.7944
-1.6144 0.7984
-1.6512 0.8384
-1.6064 0.7776
-1.624 0.7904
-1.5616 0.792
-1.5456 0.7824
-1.5664 0.7976
-1.6544 0.8296
-1.5664 0.788
-1.5296 0.7824
-1.5456 0.7968
-1.6096 0.8408
-1.6256 0.8536
-1.6448 0.8768
-1.6096 0.8384
-1.6224 0.8392
-1.6 0.8008
-1.5824 0.7816
-1.5584 0.7592
-1.592 0.7592
-1.5968 0.8088
-1.6368 0.8216
-1.5952 0.8176
-1.5568 0.8352
-1.5472 0.804
-1.6208 0.8576
-1.6048 0.8488
-1.6352 0.8624
-1.6304 0.8688
-1.6128 0.8488
-1.632 0.8672
-1.6896 0.9024
-1.6752 0.86
-1.6736 0.88
-1.568 0.8256
-1.656 0.8768
-1.6384 0.8792
-1.6864 0.8976
-1.64 0.8512
-1.5616 0.824
-1.6544 0.8616
-1.6048 0.848
-1.616 0.8648
-1.6608 0.8808
-1.6304 0.8544
-1.6816 0.884
-1.7008 0.8944
-1.616 0.86
-1.6736 0.8712
-1.6256 0.8248
-1.6192 0.8456
-1.5952 0.8528
-1.6336 0.8616
-1.552 0.8152
-1.664 0.8672
-1.6416 0.864
-1.6864 0.892
-1.6144 0.86
-1.6048 0.8504
-1.6208 0.8272
-1.7024 0.8944
-1.6896 0.884
-1.6896 0.8872
-1.6288 0.8592
-1.6304 0.856
-1.5616 0.8152
-1.608 0.8432
-1.6512 0.8424
-1.656 0.8496
-1.6688 0.8648
-1.5744 0.836
-1.6 0.8344
-1.6368 0.8672
-1.6752 0.8744
-1.5952 0.8616
-1.632 0.856
-1.6128 0.8504
-1.6064 0.8472
-1.6384 0.8536
-1.6528 0.8712
-1.648 0.8584
-1.64 0.8608
-1.6384 0.8408
-1.6848 0.8888
-1.664 0.876
-1.6608 0.8736
-1.6816 0.892
-1.6272 0.8304
-1.5584 0.812
-1.5712 0.7984
-1.6144 0.82
-1.7136 0.8784
-1.6336 0.8656
-1.6864 0.8856
-1.6288 0.8704
-1.592 0.8432
-1.7392 0.9184
-1.6624 0.8792
-1.6112 0.8392
-1.568 0.8376
-1.576 0.8432
-1.576 0.8224
-1.664 0.8888
-1.6352 0.8536
-1.6656 0.8656
-1.6736 0.88
-1.6256 0.8704
-1.6032 0.8528
-1.6544 0.8488
-1.5648 0.8352
-1.64 0.824
-1.584 0.8008
-1.6224 0.8488
-1.6608 0.8592
-1.672 0.8616
-1.624 0.8664
-1.6048 0.8528
-1.6672 0.8848
-1.5776 0.8416
-1.6208 0.848
-1.6224 0.8648
-1.6016 0.8544
-1.5472 0.7888
-1.6128 0.8024
-1.6048 0.8416
-1.5968 0.8448
-1.6416 0.8664
-1.6256 0.8472
-1.6544 0.836
-1.6464 0.8408
-1.6464 0.8592
-1.5808 0.8016
-1.4928 0.7424
-1.5328 0.7504
-1.52 0.7376
-1.544 0.7736
-1.5216 0.7696
-1.5616 0.8256
-1.5616 0.7904
-1.5632 0.8064
-1.5552 0.7792
-1.4944 0.7328
-1.552 0.7792
-1.5808 0.7928
-1.624 0.8384
-1.632 0.8416
-1.6528 0.8792
-1.6624 0.844
-1.6336 0.84
-1.5792 0.8192
-1.6688 0.8616
-1.6224 0.8288
-1.64 0.8568
-1.6304 0.8488
-1.6608 0.8912
-1.68 0.896
-1.6816 0.8896
-1.6048 0.8392
-1.6224 0.8648
-1.5888 0.8496
-1.5376 0.8024
-1.5888 0.8144
-1.5424 0.7992
-1.5856 0.8176
-1.624 0.8424
-1.6288 0.8472
-1.6544 0.8544
-1.6256 0.848
-1.648 0.8608
-1.6272 0.8608
-1.6608 0.8784
-1.6592 0.8872
-1.6368 0.864
-1.6688 0.8808
-1.5904 0.8176
-1.664 0.8456
-1.6176 0.8496
-1.656 0.88
-1.6752 0.8736
-1.6624 0.8848
-1.5936 0.8544
-1.5792 0.8352
-1.6224 0.8672
-1.5664 0.8072
-1.6 0.8448
-1.6416 0.868
-1.6208 0.8552
-1.6368 0.8448
-1.6848 0.8864
-1.6512 0.8712
-1.728 0.9016
-1.5776 0.8496
-1.6352 0.8768
-1.6608 0.8648
-1.5728 0.7944
-1.5472 0.796
-1.5168 0.7664
-1.5664 0.7976
-1.6944 0.8808
-1.672 0.8816
-1.6512 0.868
-1.624 0.8544
-1.6752 0.8672
-1.6704 0.884
-1.6256 0.8664
-1.6784 0.888
-1.648 0.8696
-1.6448 0.8688
-1.608 0.8384
-1.6864 0.8832
-1.576 0.8448
-1.584 0.8144
-1.616 0.8264
-1.5856 0.8
-1.5984 0.8304
-1.6288 0.872
-1.68 0.8568
-1.6864 0.8872
-1.6384 0.8696
-1.6272 0.8624
-1.6592 0.8592
-1.584 0.8352
-1.6368 0.8568
-1.656 0.8504
-1.6416 0.8664
-1.6624 0.8608
-1.6 0.8312
-1.5312 0.776
-1.6704 0.8432
-1.5936 0.8104
-1.6304 0.8288
-1.5168 0.8024
-1.5456 0.7984
-1.6048 0.8392
-1.6592 0.8504
-1.5952 0.8448
-1.5696 0.8416
-1.624 0.8384
-1.576 0.82
-1.64 0.8528
-1.6672 0.8912
-1.6288 0.8584
-1.6144 0.8616
-1.7056 0.8896
-1.6528 0.8736
-1.6848 0.892
-1.6064 0.844
-1.6608 0.8448
-1.6944 0.88
-1.68 0.8696
-1.6064 0.8272
-1.64 0.8696
-1.6256 0.8416
-1.6784 0.8816
-1.6048 0.8632
-1.5616 0.8224
-1.6272 0.8296
-1.584 0.8072
-1.616 0.8208
-1.648 0.8512
-1.6704 0.8752
-1.6416 0.8712
-1.6752 0.8504
-1.5776 0.7896
-1.576 0.8176
-1.6064 0.8264
-1.6544 0.8752
-1.5712 0.8264
-1.648 0.8608
-1.6832 0.8688
-1.6176 0.8616
-1.5008 0.7992
-1.64 0.844
-1.6368 0.84
-1.6512 0.8704
-1.6032 0.8584
-1.6256 0.836
-1.6768 0.8856
-1.5968 0.8504
-1.648 0.8536
-1.6832 0.888
-1.6496 0.8664
-1.6448 0.8536
-1.6144 0.8456
-1.5968 0.8504
-1.6432 0.8648
-1.5696 0.8144
-1.5792 0.8216
-1.5232 0.7672
-1.624 0.8312
-1.5904 0.84
-1.6608 0.86
-1.6384 0.8408
-1.6768 0.8792
-1.7104 0.892
-1.5568 0.7984
-1.5744 0.8104
-1.6208 0.8264
-1.6192 0.84
-1.6992 0.8808
-1.6272 0.8376
-1.6224 0.8352
-1.5856 0.7936
-1.6224 0.8448
-1.6496 0.8272
-1.68 0.848
-1.616 0.8088
-1.5904 0.7912
-1.5504 0.7648
-1.5696 0.7336
-1.5344 0.7032
-1.6256 0.7288
-1.5568 0.7072
-1.552 0.684
-1.4912 0.7344
-1.5888 0.816
-1.6176 0.8592
-1.6224 0.8424
-1.5552 0.8104
-1.6208 0.852
-1.6464 0.8536
-1.6768 0.8728
-1.6048 0.8192
-1.632 0.8536
-1.6192 0.8376
-1.6848 0.8792
-1.6944 0.88
-1.7168 0.9112
-1.672 0.8792
-1.5664 0.8296
-1.5712 0.8072
-1.6096 0.8464
-1.5568 0.8016
-1.624 0.8024
-1.6288 0.844
-1.6144 0.8496
-1.6176 0.8608
-1.5888 0.8272
-1.5952 0.836
-1.6448 0.8568
-1.6112 0.8624
-1.6464 0.872
-1.6208 0.8616
-1.6544 0.8624
-1.6656 0.876
-1.672 0.8816
-1.6736 0.8944
-1.6608 0.8712
-1.6496 0.8776
-1.6432 0.8552
-1.616 0.8456
-1.6352 0.8536
-1.5616 0.8256
-1.68 0.8944
-1.6768 0.8864
-1.6192 0.856
-1.6288 0.8576
-1.6656 0.8776
-1.6528 0.868
-1.6896 0.884
-1.6 0.856
-1.6592 0.8728
-1.6176 0.8368
-1.5776 0.8248
-1.5744 0.816
-1.5856 0.7968
-1.5296 0.8016
-1.5968 0.8352
-1.5232 0.7576
-1.552 0.7888
-1.6224 0.8368
-1.5968 0.856
-1.6432 0.86
-1.6592 0.8776
-1.6944 0.8976
-1.5312 0.7904
-1.6256 0.8272
-1.6592 0.8624
-1.608 0.8512
-1.5936 0.8464
-1.6016 0.8296
-1.7184 0.9008
-1.6256 0.8496
-1.6368 0.8384
-1.5904 0.792
-1.5776 0.8304
-1.6176 0.8304
-1.6624 0.836
-1.6096 0.8472
-1.6112 0.8344
-1.5888 0.8416
-1.6016 0.8352
-1.6128 0.8432
-1.6416 0.8584
-1.6688 0.8744
-1.6272 0.8664
-1.6752 0.8776
-1.728 0.9016
-1.6272 0.8672
-1.6336 0.8728
-1.5776 0.8296
-1.5392 0.8088
-1.6528 0.8448
-1.6608 0.8656
-1.6832 0.8608
-1.6464 0.8776
-1.6048 0.8688
-1.6448 0.868
-1.6512 0.8816
-1.6576 0.872
-1.648 0.8736
-1.6336 0.8624
-1.6224 0.8544
-1.56 0.8224
-1.6784 0.8896
-1.64 0.8592
-1.6304 0.8672
-1.6128 0.8608
-1.568 0.8336
-1.7216 0.8864
-1.7056 0.8928
-1.6336 0.8696
-1.6304 0.8704
-1.6224 0.868
-1.6416 0.8776
-1.6144 0.8216
-1.584 0.8056
-1.544 0.76
-1.6256 0.84
-1.6208 0.788
-1.5456 0.752
-1.5248 0.7264
-1.5616 0.7624
-1.5168 0.78
-1.6 0.7952
-1.5552 0.7888
-1.6288 0.844
-1.6048 0.8512
-1.6256 0.868
-1.6592 0.8664
-1.6384 0.8624
-1.672 0.884
-1.6784 0.8912
-1.6592 0.8712
-1.7248 0.8992
-1.6288 0.8656
-1.68 0.8936
-1.6112 0.8352
-1.5376 0.8112
-1.5344 0.7584
-1.5472 0.796
-1.6224 0.7984
-1.5696 0.784
-1.5968 0.7568
-1.5952 0.7296
-1.5888 0.7288
-1.6112 0.7768
-1.6624 0.8504
-1.5824 0.8528
-1.5936 0.82
-1.5936 0.8216
-1.6016 0.824
-1.5936 0.8432
-1.6048 0.844
-1.6112 0.8432
-1.6016 0.8304
-1.6672 0.8592
-1.584 0.8336
-1.6576 0.8752
-1.6224 0.8648
-1.6432 0.8648
-1.5392 0.7912
-1.5872 0.8104
-1.5984 0.8392
-1.6432 0.832
-1.5952 0.8256
-1.5584 0.7824
-1.6256 0.832
-1.6432 0.836
-1.584 0.804
-1.6576 0.8552
-1.6368 0.8576
-1.6016 0.8296
-1.6096 0.8368
-1.5248 0.8248
-1.616 0.8384
-1.6064 0.8336
-1.7328 0.904
-1.6608 0.888
-1.5792 0.8312
-1.6928 0.896
-1.728 0.9064
-1.608 0.8432
-1.6736 0.8864
-1.6096 0.8568
-1.6128 0.8656
-1.6352 0.88
-1.6624 0.876
-1.6384 0.8744
-1.64 0.8736
-1.6992 0.9032
-1.6464 0.8608
-1.6384 0.8552
-1.6208 0.8528
-1.6704 0.876
-1.6128 0.8416
-1.6288 0.832
-1.5536 0.7848
-1.6096 0.8152
-1.6416 0.8432
-1.6352 0.848
-1.6272 0.8544
-1.648 0.888
-1.6208 0.8496
-1.5472 0.7784
-1.5872 0.8072
-1.584 0.8336
-1.6432 0.8544
-1.64 0.868
-1.6576 0.8824
-1.6144 0.8456
-1.6112 0.8584
-1.6128 0.8288
-1.6576 0.8768
-1.6224 0.852
-1.5856 0.8184
-1.6288 0.8376
-1.5792 0.8032
-1.64 0.8456
-1.592 0.8488
-1.64 0.8448
-1.6 0.8592
-1.6448 0.8672
-1.6784 0.8704
-1.6336 0.8576
-1.6848 0.892
-1.632 0.856
-1.5728 0.832
-1.6352 0.8656
-1.6336 0.8504
-1.6736 0.86
-1.752 0.9184
-1.6592 0.8808
-1.6512 0.88
-1.5888 0.8504
-1.6544 0.8624
-1.6192 0.8112
-1.6512 0.844
-1.7056 0.904
-1.5696 0.8384
-1.6624 0.8784
-1.6544 0.8576
-1.608 0.8472
-1.6272 0.8736
-1.7104 0.9016
-1.6512 0.88
-1.624 0.8672
-1.6544 0.8856
-1.6144 0.8512
-1.6912 0.896
-1.6832 0.8952
-1.7504 0.9152
-1.6576 0.876
-1.656 0.8768
-1.64 0.8584
-1.5888 0.8136
-1.592 0.8432
-1.6224 0.852
-1.5824 0.8512
-1.6064 0.8544
-1.632 0.8488
-1.5904 0.8368
-1.6288 0.86
-1.5872 0.8256
-1.6208 0.8528
-1.6384 0.8584
-1.6608 0.8632
-1.6336 0.8312
-1.5872 0.832
-1.6128 0.8544
-1.6144 0.8512
-1.5648 0.8216
-1.6336 0.848
-1.592 0.8072
-1.5968 0.8368
-1.5968 0.8336
-1.6048 0.864
-1.7216 0.9024
-1.6128 0.8544
-1.6896 0.88
-1.6912 0.8888
-1.664 0.8824
-1.5712 0.8304
-1.6512 0.876
-1.6448 0.8744
-1.688 0.8872
-1.6416 0.8664
-1.6288 0.8208
-1.6272 0.792
-1.6208 0.8224
-1.6016 0.8272
-1.6496 0.88
-1.6096 0.8552
-1.6096 0.8656
-1.6352 0.8576
-1.6608 0.8728
-1.5904 0.816
-1.6096 0.8456
-1.5904 0.8496
-1.552 0.8264
-1.6032 0.8496
-1.7392 0.9104
-1.6896 0.8896
-1.6016 0.832
-1.696 0.8576
-1.6288 0.852
-1.6976 0.8848
-1.6992 0.8856
-1.6736 0.872
-1.5872 0.832
-1.6368 0.8568
-1.6304 0.8472
-1.6144 0.8336
-1.648 0.856
-1.5904 0.832
-1.56 0.7936
-1.5344 0.772
-1.648 0.8432
-1.544 0.7592
-1.528 0.7336
-1.5136 0.712
-1.4416 0.6472
-1.5024 0.692
-1.5152 0.7568
-1.52 0.8024
-1.6608 0.8744
-1.6512 0.8624
-1.6208 0.8568
-1.5776 0.8304
-1.5632 0.804
-1.576 0.808
-1.5376 0.7456
-1.5984 0.816
-1.6416 0.8312
-1.6192 0.828
-1.6272 0.8192
-1.5968 0.8112
-1.5456 0.7936
-1.4832 0.7488
-1.5504 0.7376
-1.5232 0.6656
-1.568 0.7488
-1.552 0.7952
-1.5584 0.7744
-1.5744 0.7896
-1.56 0.8176
-1.696 0.8808
-1.5984 0.8096
-1.6 0.8248
-1.624 0.8488
-1.6288 0.8448
-1.648 0.8752
-1.6368 0.864
-1.6176 0.8576
-1.6816 0.8728
-1.5664 0.8184
-1.608 0.8344
-1.5968 0.8112
-1.5776 0.8032
-1.5584 0.7728
-1.6352 0.8288
-1.68 0.8656
-1.616 0.7952
-1.5152 0.7368
-1.56 0.7744
-1.648 0.8352
-1.6432 0.8416
-1.6928 0.8824
-1.6912 0.8648
-1.672 0.8528
-1.6688 0.8568
-1.5888 0.8216
-1.6144 0.8672
-1.6304 0.864
-1.6496 0.8672
-1.4992 0.8024
-1.6288 0.848
-1.6512 0.8544
-1.6624 0.888
-1.6896 0.892
-1.6272 0.8616
-1.6784 0.8888
-1.5824 0.8544
-1.6608 0.888
-1.6752 0.888
-1.6176 0.8352
-1.6768 0.8712
-1.6128 0.8336
-1.6192 0.864
-1.6816 0.88
-1.6272 0.8608
-1.6112 0.8536
-1.6448 0.8248
-1.6496 0.852
-1.6528 0.868
-1.7024 0.8968
-1.6672 0.8888
-1.648 0.8728
-1.5984 0.828
-1.5424 0.8088
-1.6432 0.8392
-1.6032 0.8344
-1.5952 0.8416
-1.584 0.8288
-1.6848 0.868
-1.6368 0.848
-1.6928 0.8752
-1.664 0.8752
-1.6032 0.8544
-1.6384 0.8624
-1.5632 0.8408
-1.6528 0.8576
-1.5648 0.796
-1.6528 0.8248
-1.6832 0.8408
-1.704 0.8512
-1.6624 0.8328
-1.5824 0.8024
-1.6224 0.836
-1.5664 0.8056
-1.6416 0.8184
-1.6416 0.8208
-1.5744 0.7616
-1.5776 0.7712
-1.5744 0.7952
-1.5712 0.7592
-1.5712 0.7728
-1.6 0.8184
-1.5952 0.8088
-1.544 0.8024
-1.6384 0.8448
-1.6112 0.8432
-1.608 0.8416
-1.5632 0.8088
-1.6272 0.856
-1.6288 0.8656
-1.6752 0.864
-1.5904 0.8368
-1.6208 0.8616
-1.6256 0.8656
-1.6192 0.8376
-1.6384 0.8664
-1.656 0.888
-1.704 0.9048
-1.5792 0.8504
-1.6832 0.8976
-1.6192 0.8648
-1.648 0.8728
-1.6544 0.8768
-1.6256 0.8648
-1.6896 0.8888
-1.6432 0.872
-1.6112 0.8256
-1.624 0.8576
-1.6592 0.8816
-1.6208 0.8664
-1.6112 0.8592
-1.6688 0.8776
-1.632 0.86
-1.6912 0.9008
-1.6736 0.8896
-1.6816 0.8824
-1.688 0.8888
-1.6784 0.8864
-1.688 0.8904
-1.6432 0.8768
-1.6336 0.856
-1.6432 0.8672
-1.6208 0.8496
-1.6816 0.8816
-1.6352 0.8816
-1.6784 0.884
-1.6384 0.8616
-1.6592 0.8816
-1.5584 0.8368
-1.64 0.8728
-1.6752 0.872
-1.576 0.8392
-1.616 0.8616
-1.608 0.856
-1.6624 0.8632
-1.5984 0.8152
-1.5984 0.8272
-1.5504 0.8104
-1.7152 0.9056
-1.68 0.8976
-1.6624 0.8752
-1.624 0.8448
-1.7328 0.9072
-1.6976 0.8872
-1.616 0.8448
-1.6016 0.8408
-1.5904 0.844
-1.6624 0.872
-1.6544 0.876
-1.7248 0.8968
-1.5952 0.8416
-1.592 0.8392
-1.5728 0.8472
-1.5792 0.8392
-1.5936 0.832
-1.6144 0.8568
-1.696 0.8832
-1.6416 0.8584
-1.6208 0.8608
-1.6384 0.8552
-1.6192 0.8552
-1.6032 0.832
-1.6608 0.88
-1.672 0.8664
-1.6288 0.8552
-1.6192 0.864
-1.632 0.8696
-1.6128 0.848
-1.5808 0.8224
-1.6368 0.8504
-1.6432 0.8784
-1.6032 0.852
-1.6128 0.8416
-1.6304 0.8704
-1.6384 0.8712
-1.6576 0.8744
-1.72 0.9008
-1.6208 0.8408
-1.5632 0.8168
-1.6016 0.8376
-1.5888 0.848
-1.624 0.8544
-1.6592 0.8696
-1.6368 0.8616
-1.6256 0.864
-1.7152 0.9072
-1.5712 0.8216
-1.5744 0.8328
-1.5952 0.8184
-1.6448 0.8448
-1.5568 0.7928
-1.576 0.7912
-1.5888 0.764
-1.5808 0.7912
-1.6176 0.8136
-1.5824 0.8152
-1.6208 0.8304
-1.6432 0.8072
-1.5744 0.7952
-1.5008 0.76
-1.5456 0.7552
-1.6288 0.8296
-1.5472 0.8032
-1.6176 0.824
-1.5936 0.8344
-1.5488 0.7992
-1.6944 0.8272
-1.592 0.7672
-1.5744 0.744
-1.496 0.708
-1.6048 0.7832
-1.5632 0.816
-1.5952 0.8144
-1.5888 0.8024
-1.656 0.8304
-1.5872 0.8104
-1.6496 0.864
-1.7392 0.9112
-1.6128 0.86
-1.6064 0.8616
-1.624 0.8656
-1.6176 0.856
-1.648 0.872
-1.6144 0.8408
-1.6384 0.8752
-1.7056 0.9008
-1.6192 0.8528
-1.696 0.8712
-1.6032 0.8264
-1.5792 0.8384
-1.5776 0.8024
-1.5776 0.8104
-1.5776 0.7952
-1.5744 0.812
-1.6272 0.84
-1.6288 0.8704
-1.6768 0.8616
-1.6576 0.8672
-1.7312 0.9088
-1.6304 0.8744
-1.6368 0.8408
-1.5504 0.8128
-1.5728 0.8048
-1.6432 0.8416
-1.6352 0.848
-1.6528 0.8776
-1.6448 0.8608
-1.6768 0.884
-1.64 0.848
-1.552 0.824
-1.6096 0.84
-1.6768 0.8888
-1.728 0.904
-1.5888 0.8376
-1.552 0.804
-1.5968 0.8296
-1.632 0.8384
-1.5936 0.8376
-1.5648 0.8384
-1.616 0.8624
-1.6576 0.8808
-1.6432 0.868
-1.6848 0.8792
-1.6592 0.8792
-1.5808 0.8416
-1.6496 0.8704
-1.5776 0.812
-1.576 0.7816
-1.5872 0.828
-1.5712 0.8248
-1.6432 0.8712
-1.6864 0.8912
-1.6176 0.8496
-1.5904 0.8328
-1.64 0.8728
-1.6112 0.8328
-1.656 0.8832
-1.5248 0.8032
-1.6224 0.836
-1.6176 0.8272
-1.608 0.8368
-1.6256 0.8496
-1.6608 0.8648
-1.6064 0.8648
-1.6112 0.8376
-1.6064 0.8504
-1.6656 0.868
-1.6656 0.8936
-1.6336 0.8568
-1.6576 0.8752
-1.6656 0.8688
-1.648 0.8472
-1.6208 0.8728
-1.6448 0.8784
-1.6128 0.844
-1.672 0.884
-1.6576 0.8664
-1.6528 0.8792
-1.6256 0.8512
-1.6176 0.8488
-1.5904 0.832
-1.5248 0.7808
-1.5264 0.784
-1.6288 0.8464
-1.5888 0.8
-1.552 0.7832
-1.5296 0.7792
-1.5872 0.788
-1.5872 0.8096
-1.608 0.8192
-1.6368 0.856
-1.6416 0.8736
-1.56 0.8288
-1.5936 0.8488
-1.6048 0.8512
-1.616 0.8248
-1.6624 0.8792
-1.6096 0.876
-1.7248 0.9
-1.6496 0.8816
-1.608 0.8432
-1.5632 0.8184
-1.6448 0.8704
-1.6208 0.8704
-1.6912 0.9
-1.6464 0.8792
-1.6528 0.8784
-1.6512 0.8688
-1.6368 0.8592
-1.6304 0.8312
-1.6144 0.848
-1.6112 0.8456
-1.6736 0.8776
-1.6448 0.8568
-1.64 0.86
-1.6912 0.884
-1.6064 0.84
-1.616 0.8384
-1.6608 0.8728
-1.6384 0.8472
-1.5968 0.8336
-1.6192 0.8672
-1.7152 0.9096
-1.6288 0.8592
-1.5952 0.856
-1.704 0.9016
-1.672 0.8832
-1.6544 0.852
-1.6896 0.8784
-1.6336 0.8512
-1.6048 0.8296
-1.5952 0.8032
-1.6704 0.8832
-1.6768 0.8816
-1.632 0.852
-1.6224 0.8504
-1.6176 0.8536
-1.6416 0.8376
-1.6496 0.8464
-1.5824 0.8136
-1.704 0.9128
-1.7104 0.9024
-1.6192 0.8576
-1.6176 0.8416
-1.584 0.8496
-1.6 0.8424
-1.6944 0.88
-1.6288 0.86
-1.5888 0.844
-1.5888 0.8528
-1.728 0.92
-1.5872 0.8448
-1.5616 0.8368
-1.5808 0.8312
-1.6272 0.8552
-1.616 0.8424
-1.6272 0.8688
-1.6112 0.8432
-1.6528 0.8688
-1.6304 0.8696
-1.608 0.836
-1.6032 0.8184
-1.648 0.8408
-1.6272 0.8144
-1.5824 0.832
-1.6528 0.8784
-1.6912 0.8896
-1.6288 0.8424
-1.5776 0.808
-1.5616 0.8192
-1.6208 0.86
-1.6176 0.8544
-1.64 0.8728
-1.6192 0.8536
-1.6704 0.8872
-1.608 0.852
-1.672 0.8864
-1.6128 0.848
-1.6048 0.84
-1.6176 0.836
-1.7088 0.856
-1.648 0.8416
-1.6288 0.8144
-1.5968 0.784
-1.5712 0.7528
-1.568 0.7704
-1.5872 0.8168
-1.624 0.8504
-1.584 0.8256
-1.6368 0.8376
-1.6432 0.8752
-1.6576 0.8856
-1.6624 0.8848
-1.6496 0.8736
-1.6784 0.8808
-1.64 0.8632
-1.6768 0.8936
-1.664 0.8632
-1.632 0.8512
-1.5712 0.8056
-1.6704 0.8736
-1.6496 0.8888
-1.704 0.9048
-1.6192 0.852
-1.6272 0.8576
-1.6048 0.8552
-1.5968 0.824
-1.648 0.856
-1.6784 0.8576
-1.6112 0.8568
-1.568 0.8456
-1.64 0.86
-1.6 0.832
-1.6288 0.8424
-1.616 0.8552
-1.6864 0.8968
-1.6112 0.8448
-1.6608 0.8616
-1.552 0.7848
-1.6112 0.836
-1.5616 0.812
-1.6944 0.8888
-1.6736 0.8752
-1.712 0.908
-1.6496 0.86
-1.6064 0.8544
-1.6784 0.8864
-1.6496 0.8592
-1.6544 0.8704
-1.6064 0.8168
-1.5872 0.7912
-1.5648 0.8
-1.6096 0.8304
-1.6048 0.8512
-1.5968 0.8264
-1.6528 0.8608
-1.6576 0.8816
-1.6384 0.8488
-1.608 0.824
-1.648 0.848
-1.632 0.8592
-1.5856 0.8048
-1.5888 0.8448
-1.6848 0.8912
-1.6112 0.8264
-1.648 0.86
-1.6896 0.8792
-1.5968 0.8232
-1.6416 0.8648
-1.584 0.8552
-1.5872 0.8312
-1.6512 0.8512
-1.5856 0.8256
-1.5872 0.808
-1.5696 0.8032
-1.656 0.844
-1.6592 0.852
-1.5728 0.8152
-1.5696 0.816
-1.6464 0.8584
-1.6192 0.8208
-1.6352 0.8536
-1.6448 0.8664
-1.688 0.8784
-1.6416 0.8552
-1.6336 0.864
-1.6192 0.8688
-1.648 0.876
-1.592 0.8384
-1.5712 0.808
-1.616 0.8328
-1.5152 0.7816
-1.6304 0.8312
-1.5824 0.7928
-1.6192 0.8136
-1.4912 0.7832
-1.6912 0.8976
-1.5552 0.8216
-1.5584 0.8144
-1.68 0.88
-1.6176 0.864
-1.6144 0.8392
-1.6576 0.8608
-1.7088 0.8856
-1.6608 0.88
-1.56 0.82
-1.6416 0.8728
-1.6464 0.8632
-1.6624 0.864
-1.6192 0.8472
-1.6528 0.8744
-1.5952 0.8416
-1.6128 0.84
-1.616 0.8528
-1.6624 0.8792
-1.6448 0.8616
-1.6016 0.8528
-1.6144 0.8392
-1.5808 0.8376
-1.6176 0.8344
-1.6112 0.8168
-1.6352 0.8376
-1.5488 0.7872
-1.6448 0.8592
-1.6704 0.86
-1.5312 0.7984
-1.4816 0.7608
-1.5664 0.7776
-1.5712 0.8136
-1.5776 0.816
-1.5936 0.836
-1.6288 0.8248
-1.6432 0.836
-1.5744 0.8192
-1.648 0.8496
-1.6576 0.8632
-1.6224 0.8496
-1.5936 0.8136
-1.5584 0.7992
-1.5888 0.8056
-1.6048 0.8344
-1.6288 0.8504
-1.568 0.8376
-1.64 0.8392
-1.6224 0.8352
-1.5392 0.8096
-1.5552 0.7632
-1.6048 0.7648
-1.6672 0.8096
-1.6016 0.788
-1.5648 0.8176
-1.6192 0.8608
-1.624 0.868
-1.584 0.8064
-1.648 0.8536
-1.6432 0.8496
-1.5792 0.828
-1.5696 0.8256
-1.6272 0.8448
-1.6992 0.892
-1.64 0.852
-1.6128 0.8392
-1.6048 0.8472
-1.6384 0.8656
-1.616 0.856
-1.656 0.8696
-1.6592 0.8672
-1.624 0.8504
-1.568 0.8152
-1.6128 0.8624
-1.568 0.8168
-1.6416 0.8448
-1.648 0.8584
-1.6784 0.8944
-1.6656 0.8824
-1.5664 0.828
-1.6832 0.8912
-1.5632 0.8336
-1.6816 0.8704
-1.624 0.872
-1.6208 0.8552
-1.568 0.8072
-1.6528 0.8688
-1.6368 0.8544
-1.616 0.8616
-1.72 0.8976
-1.664 0.8776
-1.5856 0.8368
-1.6144 0.8136
-1.608 0.828
-1.5808 0.792
-1.5584 0.812
-1.6288 0.8216
-1.5664 0.8232
-1.624 0.8576
-1.6656 0.8736
-1.648 0.8752
-1.648 0.8552
-1.608 0.8592
-1.6432 0.8832
-1.6608 0.8848
-1.7136 0.9032
-1.7328 0.9144
-1.6144 0.8712
-1.6432 0.8744
-1.6432 0.8752
-1.568 0.8328
-1.5648 0.8344
-1.5936 0.8288
-1.592 0.824
-1.6416 0.8648
-1.5584 0.8216
-1.624 0.8432
-1.6592 0.8928
-1.6976 0.8872
-1.6544 0.8776
-1.6064 0.8512
-1.6784 0.864
-1.5872 0.8256
-1.6496 0.8496
-1.7024 0.8944
-1.5856 0.8368
-1.5488 0.8312
-1.5904 0.8568
-1.6688 0.8688
-1.664 0.8792
-1.5808 0.804
-1.5904 0.8144
-1.6608 0.8704
-1.584 0.8384
-1.6608 0.8808
-1.632 0.8664
-1.6608 0.8584
-1.6864 0.8672
-1.6496 0.8792
-1.6272 0.8696
-1.624 0.8392
-1.6048 0.824
-1.6512 0.8768
-1.6592 0.8864
-1.7136 0.8904
-1.6352 0.8552
-1.6832 0.9
-1.6432 0.884
-1.6416 0.876
-1.6672 0.8696
-1.6848 0.8856
-1.5776 0.8464
-1.6976 0.896
-1.6032 0.86
-1.6928 0.8944
-1.6416 0.8528
-1.6368 0.84
-1.7008 0.8792
-1.6176 0.86
-1.6496 0.8656
-1.656 0.8784
-1.6064 0.844
-1.5984 0.844
-1.5904 0.8336
-1.6608 0.864
-1.5728 0.8208
-1.6784 0.884
-1.6 0.8512
-1.6512 0.8664
-1.6944 0.9016
-1.5776 0.8352
-1.5632 0.8416
-1.6448 0.8792
-1.6384 0.8664
-1.6368 0.868
-1.6864 0.888
-1.7024 0.8936
-1.656 0.8512
-1.6688 0.8856
-1.5936 0.8432
-1.6688 0.8808
-1.6048 0.8296
-1.6608 0.872
-1.6048 0.86
-1.5424 0.816
-1.5856 0.8088
-1.616 0.8256
-1.6656 0.8688
-1.648 0.876
-1.6176 0.8552
-1.5984 0.8384
-1.616 0.848
-1.6528 0.8216
-1.6304 0.832
-1.6128 0.836
-1.6512 0.8688
-1.6256 0.8488
-1.6688 0.884
-1.688 0.8832
-1.6848 0.8936
-1.6992 0.8976
-1.7232 0.904
-1.6224 0.8576
-1.6432 0.8632
-1.6544 0.8776
-1.6384 0.8512
-1.6144 0.8464
-1.7264 0.8952
-1.5952 0.8384
-1.6432 0.8696
-1.6128 0.8312
-1.624 0.8056
-1.5936 0.7544
-1.5472 0.7472
-1.5904 0.7744
-1.608 0.8192
-1.608 0.776
-1.6144 0.8256
-1.5872 0.7952
-1.5968 0.84
-1.6176 0.8408
-1.5728 0.8024
-1.6064 0.856
-1.656 0.8776
-1.6544 0.8776
-1.6384 0.872
-1.6352 0.8552
-1.5824 0.8176
-1.584 0.8216
-1.624 0.8264
-1.5872 0.8272
-1.5584 0.824
-1.5568 0.8072
-1.5504 0.784
-1.592 0.828
-1.6352 0.8584
-1.5872 0.8336
-1.5888 0.8208
-1.6736 0.8744
-1.584 0.8368
-1.6208 0.8464
-1.6352 0.8488
-1.6048 0.8496
-1.6688 0.8856
-1.5376 0.8368
-1.5872 0.8512
-1.64 0.8704
-1.6368 0.8384
-1.5984 0.8088
-1.5872 0.8144
-1.6544 0.8448
-1.5552 0.8272
-1.6336 0.8808
-1.7088 0.8928
-1.6352 0.868
-1.672 0.8672
-1.6528 0.8728
-1.6928 0.884
-1.6048 0.844
-1.5824 0.8136
-1.6208 0.8496
-1.6448 0.8672
-1.6528 0.8704
-1.6512 0.8784
-1.5936 0.8384
-1.6384 0.84
-1.5936 0.8424
-1.6576 0.8792
-1.656 0.8848
-1.624 0.8624
-1.5904 0.8344
-1.7472 0.9056
-1.5856 0.8424
-1.6976 0.892
-1.5936 0.848
-1.6656 0.8672
-1.6688 0.8776
-1.64 0.8584
-1.6032 0.8424
-1.544 0.7776
-1.6448 0.8448
-1.512 0.804
-1.6688 0.876
-1.5824 0.8248
-1.5264 0.7672
-1.6144 0.8216
-1.6016 0.784
-1.5904 0.7656
-1.5584 0.7752
-1.5648 0.76
-1.5488 0.8184
-1.5968 0.8464
-1.6944 0.8728
-1.6816 0.888
-1.5904 0.8552
-1.6752 0.8824
-1.7184 0.908
-1.6432 0.8496
-1.7248 0.9016
-1.6064 0.8512
-1.6144 0.84
-1.6528 0.8904
-1.6256 0.8536
-1.5504 0.7696
-1.5904 0.7712
-1.584 0.7168
-1.5952 0.7352
-1.5664 0.7368
-1.5728 0.724
-1.4992 0.7232
-1.6112 0.7216
-1.6112 0.74
-1.5072 0.704
-1.5712 0.756
-1.5824 0.756
-1.6192 0.7824
-1.608 0.8048
-1.5728 0.8328
-1.632 0.8536
-1.664 0.8808
-1.6864 0.8664
-1.616 0.8344
-1.5632 0.7984
-1.6464 0.8456
-1.576 0.8056
-1.5728 0.8032
-1.5984 0.8432
-1.672 0.8776
-1.664 0.8528
-1.6128 0.8376
-1.5392 0.78
-1.6304 0.7864
-1.5424 0.7192
-1.5872 0.7704
-1.6272 0.82
-1.6864 0.8648
-1.6448 0.8248
-1.6304 0.8152
-1.5952 0.7992
-1.6096 0.8224
-1.6432 0.8344
-1.6656 0.8792
-1.664 0.868
-1.5904 0.8288
-1.5728 0.8296
-1.6416 0.8576
-1.584 0.8432
-1.6416 0.8728
-1.6224 0.8648
-1.624 0.8224
-1.6192 0.8552
-1.7216 0.9016
-1.6128 0.8536
-1.6256 0.8536
-1.6208 0.8544
-1.6352 0.84
-1.6224 0.8528
-1.648 0.8488
-1.568 0.8136
-1.6064 0.8552
-1.5792 0.8456
-1.6592 0.864
-1.6368 0.8464
-1.5888 0.8344
-1.72 0.8864
-1.6544 0.8632
-1.5872 0.8368
-1.5824 0.824
-1.616 0.8208
-1.6032 0.8192
-1.6048 0.82
-1.6672 0.8504
-1.5344 0.7888
-1.5584 0.7824
-1.5632 0.8056
-1.5904 0.84
-1.5248 0.784
-1.6112 0.796
-1.5728 0.7704
-1.6608 0.836
-1.6448 0.8672
-1.656 0.8824
-1.6336 0.8672
-1.6048 0.8472
-1.6144 0.8448
-1.6448 0.8592
-1.608 0.8432
-1.6576 0.8608
-1.6224 0.8408
-1.6384 0.8096
-1.6144 0.8392
-1.6624 0.868
-1.6624 0.88
-1.656 0.8832
-1.6816 0.8792
-1.632 0.8696
-1.7312 0.9088
-1.6592 0.884
-1.6416 0.864
-1.6768 0.8904
-1.6432 0.8664
-1.5984 0.848
-1.6528 0.8728
-1.7232 0.9088
-1.6608 0.8952
-1.5648 0.8056
-1.5872 0.8272
-1.632 0.8272
-1.6432 0.8536
-1.6768 0.8848
-1.6528 0.8608
-1.6336 0.8704
-1.6688 0.8696
-1.6624 0.8768
-1.6544 0.8768
-1.6336 0.8488
-1.5168 0.7616
-1.5376 0.7888
-1.6192 0.8424
-1.6096 0.82
-1.6016 0.8152
-1.6768 0.8584
-1.6384 0.8616
-1.5936 0.8248
-1.6128 0.8312
-1.6192 0.8304
-1.6112 0.8328
-1.6288 0.8656
-1.6704 0.8856
-1.6464 0.8624
-1.6096 0.8328
-1.6928 0.8896
-1.6272 0.8584
-1.6528 0.868
-1.5824 0.8352
-1.6512 0.8432
-1.5616 0.8024
-1.5408 0.8072
-1.656 0.864
-1.6064 0.8648
-1.6672 0.88
-1.6928 0.8952
-1.5968 0.8416
-1.6688 0.868
-1.6544 0.86
-1.5968 0.8216
-1.5632 0.8
-1.6624 0.8424
-1.6368 0.8288
-1.624 0.8568
-1.6448 0.8608
-1.6016 0.8456
-1.6464 0.8912
-1.6528 0.8792
-1.632 0.8608
-1.6288 0.8488
-1.6304 0.8576
-1.6928 0.8544
-1.6176 0.8408
-1.5792 0.8104
-1.6048 0.8296
-1.6976 0.8632
-1.6256 0.8496
-1.6112 0.86
-1.624 0.8488
-1.5504 0.8264
-1.6096 0.8416
-1.5296 0.8056
-1.5712 0.7992
-1.6496 0.8448
-1.6352 0.8216
-1.5984 0.7904
-1.5952 0.7864
-1.5904 0.8128
-1.6208 0.8456
-1.6064 0.8344
-1.6448 0.8568
-1.664 0.8624
-1.5872 0.8384
-1.648 0.8448
-1.6496 0.8672
-1.6048 0.8592
-1.6176 0.8384
-1.6608 0.86
-1.5888 0.8536
-1.576 0.844
-1.616 0.8432
-1.6576 0.8568
-1.7104 0.8856
-1.6112 0.844
-1.6496 0.868
-1.6768 0.8736
-1.6496 0.852
-1.616 0.8272
-1.6304 0.8376
-1.6416 0.8592
-1.6736 0.8656
-1.6768 0.8816
-1.5984 0.8376
-1.6176 0.8392
-1.5664 0.8304
-1.6224 0.8384
-1.5712 0.8168
-1.6304 0.8376
-1.696 0.892
-1.592 0.8344
-1.5712 0.8032
-1.6304 0.8432
-1.6544 0.8728
-1.5936 0.84
-1.6304 0.868
-1.592 0.84
-1.632 0.8576
-1.6528 0.8648
-1.7152 0.9096
-1.6656 0.8792
-1.6544 0.8712
-1.6576 0.8648
-1.6832 0.8968
-1.6448 0.8664
-1.5936 0.848
-1.6368 0.8584
-1.7008 0.8992
-1.6512 0.8768
-1.7072 0.8872
-1.6576 0.8728
-1.6784 0.8848
-1.664 0.8616
-1.6528 0.872
-1.64 0.8632
-1.6832 0.8808
-1.6464 0.8592
-1.6816 0.8736
-1.6208 0.7944
-1.6432 0.8224
-1.6176 0.8312
-1.4976 0.7896
-1.568 0.8208
-1.5648 0.7944
-1.5232 0.7976
-1.6624 0.8696
-1.6528 0.88
-1.648 0.8712
-1.664 0.8824
-1.696 0.8912
-1.672 0.8856
-1.6688 0.8824
-1.624 0.8624
-1.5968 0.824
-1.6096 0.8224
-1.624 0.816
-1.64 0.8456
-1.6496 0.8736
-1.6464 0.872
-1.6896 0.8816
-1.6432 0.8704
-1.5952 0.8376
-1.6352 0.852
-1.6048 0.8416
-1.6224 0.8568
-1.6496 0.8648
-1.5712 0.816
-1.616 0.8208
-1.5664 0.7704
-1.5584 0.7744
-1.5728 0.7912
-1.5648 0.7664
-1.6672 0.7976
-1.5408 0.7448
-1.56 0.7248
-1.5904 0.7672
-1.5472 0.7848
-1.5856 0.8064
-1.6432 0.8088
-1.6048 0.8352
-1.6336 0.8512
-1.6384 0.8816
-1.6944 0.8808
-1.6496 0.872
-1.624 0.8544
-1.6304 0.8288
-1.632 0.8216
-1.6272 0.8088
-1.5968 0.8184
-1.616 0.8288
-1.5808 0.8192
-1.6096 0.8168
-1.528 0.7888
-1.6384 0.8192
-1.6736 0.8424
-1.608 0.8056
-1.632 0.8304
-1.6352 0.8336
-1.5904 0.804
-1.6112 0.8304
-1.6432 0.8504
-1.6816 0.8928
-1.624 0.8688
-1.656 0.8624
-1.6128 0.8664
-1.6432 0.8648
-1.6064 0.8616
-1.6688 0.8872
-1.7264 0.892
-1.6416 0.8856
-1.6672 0.8808
-1.6208 0.8536
-1.6496 0.8696
-1.568 0.796
-1.5888 0.8104
-1.6848 0.876
-1.6416 0.8792
-1.6528 0.8648
-1.5744 0.8064
-1.6064 0.828
-1.5568 0.8224
-1.6288 0.8496
-1.6528 0.876
-1.5728 0.8408
-1.5792 0.8448
-1.6192 0.8432
-1.632 0.8504
-1.5696 0.792
-1.6352 0.8512
-1.6768 0.88
-1.5488 0.7856
-1.5696 0.7624
-1.5856 0.7576
-1.5888 0.7784
-1.6784 0.8312
-1.5968 0.8248
-1.5952 0.8352
-1.608 0.8672
-1.6256 0.8496
-1.6224 0.8504
-1.6672 0.8792
-1.632 0.88
-1.6272 0.8536
-1.656 0.8568
-1.6208 0.8448
-1.6896 0.8688
-1.5888 0.844
-1.6368 0.8584
-1.6288 0.8696
-1.5936 0.8528
-1.6848 0.8976
-1.6224 0.8592
-1.6208 0.8672
-1.72 0.8904
-1.6304 0.8528
-1.64 0.8424
-1.6416 0.8736
-1.6368 0.8824
-1.6912 0.8904
-1.648 0.8744
-1.5776 0.8512
-1.6224 0.852
-1.6816 0.8904
-1.6608 0.8856
-1.6432 0.8688
-1.6544 0.8632
-1.5472 0.7896
-1.5776 0.7872
-1.616 0.8408
-1.6032 0.844
-1.5792 0.8344
-1.648 0.8464
-1.6576 0.8696
-1.6512 0.8848
-1.624 0.852
-1.6128 0.8304
-1.5872 0.8144
-1.5504 0.7928
-1.5584 0.8112
-1.6224 0.8568
-1.5712 0.8144
