-0.995 0.01
-1.085 -0.01
-1.1425 0.07625
-0.9775 0.00875
-1.0925 -0.035
-1.0925 0.04
-1.1425 0.13125
-1.13 0.11875
-1.1375 0.09
-1.175 0.1
-1.095 -0.015
-1.0975 0.02625
-1.08 0.16625
-1.09 0.21
-1.2025 0.33
-1.0925 0.26375
-1.155 0.1625
-1.1025 0.07375
-1.1175 0.12625
-1.095 0.06875
-1.1375 0.06625
-1.0825 -0.00625
-1.12 -0.09875
-1.0275 -0.02
-1.0075 0.075
-0.9775 0.00375
-1.0875 0.00375
-1.055 -0.05375
-1.135 0.03125
-1.095 0.09125
-1.0825 0.0325
-1.1025 -0.0025
-1.0775 0.0475
-1.075 -0.04625
-1.15 -0.14125
-0.975 -0.075
-0.9975 -0.04125
-1.055 -0.00625
-1.0975 -0.03625
-1.03 -0.075
-1.08 -0.0225
-1.105 -0.055
-1.1025 -0.0275
-1.06 -0.075
-1.0725 -0.01625
-1.06 -0.00875
-1.1225 0.1175
-1.14 0.13125
-1.055 0.09125
-1.06 0.05
-1.0825 0.08
-1.0825 0.00125
-1.015 -0.06
-1.0225 0.0125
-1.0875 -0.11875
-1.095 -0.13625
-1 -0.095
-1.0375 -0.13875
-1.1375 -0.18125
-1.005 -0.105
-1.0875 -0.1925
-1.0575 -0.2175
-1.005 -0.1375
-1.0125 -0.10875
-1.05 -0.05625
-1.055 -0.14375
-1.0825 -0.1325
-1.025 -0.15625
-1.0775 -0.1375
-1.08 -0.06125
-1.1225 -0.1025
-0.93 0.005
-1.03 0.0475
-1.0275 -0.0625
-1.0375 0.0125
-1.04 0.1225
-1.0725 -0.00375
-1.1475 0.04875
-1.1 -0.0125
-1.1225 -0.025
-1.095 -0.04
-0.9675 0.01125
-1.095 -0.09375
-1.0775 -0.095
-1.08 -0.08625
-0.955 -0.07125
-1.1225 -0.06625
-1.12 -0.0525
-1.0725 -0.02375
-1.0125 -0.0325
-1.05 0.00625
-1.1175 0.01875
-1.18 0.01125
-1.0425 0.085
-1.0725 0.14875
-1.0825 0.16
-1.125 0.21125
-1.065 0.11
-1.1275 0.11
-1.01 0.16375
-0.975 0.185
-1.015 0.17875
-1.005 0.12625
-0.975 0.12375
-1.01 0.24125
-1.0375 0.2425
-1.19 0.3325
-1.0575 0.26
-1.1775 0.3075
-1.09 0.33625
-1.0575 0.37625
-1.165 0.43625
-1.12 0.3975
-1.0675 0.36625
-1.085 0.405
-1.1175 0.4125
-1.1575 0.415
-1.1 0.40125
-1.065 0.28625
-1.155 0.26375
-1.025 0.28625
-1.0475 0.25375
-1.0525 0.27
-1.1125 0.21625
-1.0825 0.30375
-1.0925 0.2625
-1.0375 0.1725
-0.995 0.13375
-1.105 0.0825
-1.02 0.0875
-1.04 0.03375
-1.0425 0
-1.03 0.085
-1.125 -0.0075
-0.9525 0.11875
-1.0325 0.16625
-0.945 0.10375
-0.99 0.11
-1.02 0.02625
-1.075 0.005
-1.1175 -0.055
-1.075 -0.0525
-1.015 -0.0125
-1.0125 0.1
-0.9775 0.14
-1.065 0.14375
-1.0525 0.0575
-1.0525 0.1225
-1.0125 0.13
-1.0525 0.11375
-1.0575 0.13625
-1.0025 0.10875
-1.02 0.12875
-1.095 0.1075
-1.0475 0.05375
-1.0225 0.10625
-1.09 0.06
-1.0525 0.02
-1.1325 -0.11125
-1.03 -0.035
-1.0775 -0.01875
-1.035 0.005
-1.08 0.01875
-1.1175 0.07
-1.0625 0.06625
-1.07 0.035
-1.005 0.05375
-1.1825 0.01125
-1.13 0.09
-1.1 0.11375
-1.055 0.1375
-1.1325 0.115
-1.0675 0.18
-1.1325 0.11375
-1.0675 -0.02625
-1.0925 -0.01625
-1.2025 -0.06375
-1.195 -0.0475
-1.1125 0.02
-1.115 -0.02375
-1.015 0.01125
-1.0925 0.02
-1.05 -0.04375
-1.0675 -0.02
-1.145 -0.14875
-1.1775 -0.18375
-1.14 -0.13875
-1.2075 -0.06875
-1.1675 -0.145
-1.1275 -0.09125
-1.0175 -0.03
-1.0425 0.045
-1.075 0.005
-1.05 -0.05875
-0.9775 -0.0775
-1.0525 -0.03375
-1.0925 -0.08625
-1.0925 -0.0775
-1.0425 0.06
-1.045 0.05625
-1.0225 0.07625
-1.0475 0.05625
-1.02 0.015
-1.095 -0.01875
-0.9775 -0.03
-1.0725 -0.095
-0.9625 -0.02875
-1.045 -0.0125
-1.035 -0.075
-1.1 -0.10625
-1.0025 -0.15375
-1.0475 -0.13875
-1.045 -0.19625
-1.0725 -0.1975
-1.1075 -0.1625
-1.09 -0.22375
-1.16 -0.22
-1.025 -0.17625
-1.1075 -0.1825
-1.17 -0.16375
-1.11 -0.185
-1.0325 -0.22125
-0.97 -0.18125
-1.0225 -0.2
-1.0625 -0.1675
-1.11 -0.1275
-1.105 -0.165
-1.1325 -0.14
-1.1 -0.17125
-1.1125 -0.25875
-1.165 -0.2525
-1.0675 -0.2275
-1.125 -0.27625
-1.0825 -0.26875
-1.0125 -0.19
-1.0275 -0.12375
-1.035 0.03625
-1.065 0.10375
-1.1075 0.08
-1.125 0.09625
-1.1625 0.06
-1.07 0.07625
-1.0475 0.03125
-1.09 0.0725
-0.9925 -0.04375
-1.005 -0.02
-1.0075 -0.04375
-1.105 -0.1925
-1.075 -0.0925
-1.015 0.01875
-1.035 0.09625
-0.955 0.0975
-1.035 0.00125
-1.045 -0.06625
-1.0675 0.02
-1.06 0.01375
-1.025 0.0475
-1.0875 0.145
-1.1075 0.17375
-1.1375 0.14875
-1.0875 0.0975
-1.1525 -0.0575
-1.115 -0.02125
-1.095 0.0225
-1.07 -0.02875
-1.085 0.00375
-1.1525 -0.02
-1.115 0.01125
-0.965 0.01
-1.0325 0.05625
-1.08 0.01625
-1.05 0.09
-1.065 0.15625
-1.1275 0.16375
-1.065 0.12375
-1.12 0.14875
-1.0325 0.0725
-1.1175 0.17
-1.045 0.195
-1.045 0.16
-1.08 0.13875
-1.1125 0.02625
-1.09 0.07
-1.0475 -0.00875
-1.08 0.04875
-1.065 0.19625
-1.0875 0.17375
-0.945 0.1925
-0.95 0.17
-1.035 0.2175
-1.105 0.1975
-1.125 0.26625
-1.055 0.27125
-1.095 0.25125
-1.07 0.34
-1.0375 0.3675
-1.0575 0.32125
-1.1675 0.3
-1.0475 0.2725
-1.03 0.215
-1.0975 0.23625
-1.0725 0.16125
-1.13 0.17
-1.0275 0.22625
-1.08 0.3075
-1.145 0.2125
-1.085 0.22
-1.05 0.2125
-1.0225 0.20625
-1.0725 0.18875
-0.9625 0.19375
-1.17 0.2175
-1.1425 0.17875
-1.1225 0.15375
-1.1375 0.13875
-1.04 0.10375
-1.0475 0.1175
-1.1175 0.19625
-1.135 0.2625
-1.075 0.07
-1.135 0.05125
-1.14 0.075
-1.155 0.14125
-1.0975 0.18125
-1.0775 0.1875
-1.08 0.0675
-0.9875 0.1325
-1.0075 0.1125
-1.1025 0.0625
-1.1175 0.095
-1.0325 -0.0075
-1.0725 -0.0275
-1.1525 0.12625
-1.095 0.125
-1.2175 0.15
-1.06 0.1425
-1.0425 0.18
-1.0075 0.18625
-1.08 0.2475
-1.0425 0.2875
-1.19 0.34875
-1.0675 0.325
-0.9775 0.29625
-1.105 0.3525
-1.185 0.44875
-1.16 0.33625
-1.0825 0.2625
-1.1075 0.12875
-1.16 0.15625
-1.0925 0.16125
-1.0975 0.10625
-1.0725 0.2025
-1.0675 0.20375
-1.1125 0.21375
-1.11 0.07875
-1.0625 0.07375
-1.045 0.19
-1.07 0.19125
-1.06 0.1575
-1.0625 0.12375
-0.98 0.045
-1.0375 0.16375
-1.15 0.19875
-1.0875 0.09625
-1.0975 0.10875
-0.9875 0.15
-1.08 0.21875
-1.0725 0.27375
-1.16 0.24125
-1.1125 0.2875
-1.1025 0.18375
-1.08 0.155
-1.1475 0.2075
-1.075 0.08
-1.0975 0.02
-1.06 0.06375
-1.01 0.08625
-1.1475 0.01375
-1.1025 0.01625
-1.055 -0.035
-1.0825 -0.05625
-1.055 -0.045
-1.1225 -0.0925
-1 -0.0625
-1.1175 -0.12625
-1.12 -0.1875
-1.1075 -0.1725
-1.1325 -0.2425
-1.09 -0.17625
-1.1075 -0.1075
-1.065 -0.1225
-0.9925 -0.14625
-1.0875 -0.035
-0.99 0.01875
-0.945 0.105
-1.0925 0.1725
-1.1425 0.22
-1.145 0.1525
-1.155 0.2025
-1.135 0.24625
-1.1125 0.2225
-1.05 0.20875
-1.15 0.14125
-1.075 0.105
-1.1 0.1375
-1.1075 0.09
-1.145 0.08375
-1.0575 0.055
-1.225 0
-1.0725 0.0225
-0.9875 -0.0175
-1.1 -0.0275
-1.0275 -0.03125
-1.06 0.065
-1.07 -0.03
-1.025 -0.035
-1.13 -0.00875
-1.05 0.0625
-1.09 0.03625
-1.0475 -0.05875
-1.0425 -0.05625
-1.105 -0.1525
-1.0675 -0.08125
-1.0725 -0.0275
-0.98 0.1375
-1.0475 0.17
-0.9775 0.1025
-1.025 0.1925
-0.995 0.2125
-1.065 0.06875
-1.04 0.085
-1.0525 0.19875
-1.005 0.25375
-0.9975 0.26
-0.985 0.205
-0.9625 0.19625
-1.0675 0.34125
-1.1875 0.33375
-1.125 0.25625
-1.015 0.2475
-1.0825 0.2375
-1.0425 0.25
-1.085 0.24875
-1.09 0.1825
-1.0875 0.20875
-1.08 0.225
-1.0275 0.2025
-0.99 0.13
-1.08 0.08625
-0.945 0.0725
-1.02 0.08875
-1.1025 0.185
-1.11 0.2625
-1.06 0.24
-1.08 0.245
-1.1075 0.3075
-1.1075 0.2925
-1.0325 0.21625
-0.9875 0.22625
-1.055 0.15375
-1.0375 0.19
-0.955 0.16875
-1 0.22
-1.04 0.2575
-1.1125 0.21375
-1.04 0.18125
-1.03 0.18375
-1.065 0.08375
-0.9825 -0.03375
-0.9775 0.0475
-1.12 0.02875
-0.99 0.00625
-1.0425 -0.01625
-1.1125 -0.1025
-1.0175 -0.135
-1.0725 -0.15
-1.0175 -0.165
-1.125 -0.2025
-1.1225 -0.22625
-1.14 -0.235
-1.1475 -0.1275
-1.0075 -0.05625
-1.1325 -0.02875
-1.06 -0.0025
-1.1275 -0.03
-1.0775 0.03125
-1.0375 0.06125
-1.09 -0.0275
-1.1125 0.01125
-1.0625 -0.0275
-1.13 -0.02875
-1.05 0.005
-1.0425 0
-1.095 0.04375
-1.135 -0.1275
-1.1 -0.14125
-1.1225 -0.12
-1.0725 -0.2875
-1.0375 -0.2725
-1.1625 -0.27
-1.0575 -0.32
-1.0575 -0.28
-1.12 -0.29
-1.17 -0.27375
-1.025 -0.22875
-1.1475 -0.18
-1.105 -0.15375
-1.14 -0.13875
-1.14 -0.1625
-1.105 -0.1075
-1.05 -0.06375
-1.0675 -0.03
-1.115 0.0825
-0.99 0.1325
-1.0425 0.0625
-1.0525 0.09125
-1.1625 0.0875
-1.09 0.085
-1.05 0.075
-1.005 -0.07375
-1.12 0.0575
-1.0675 0.1975
-1.08 0.155
-1.0425 0.10625
-1.235 0.18625
-1.135 0.27375
-1.215 0.265
-1.1625 0.25375
-1.1625 0.13875
-1.1 0.11625
-1.08 0.0825
-1.105 0.00625
-1.1225 -0.0875
-1.0225 -0.01625
-1.075 0.0275
-1.095 0.07625
-1.12 -0.00875
-1.0425 0.01375
-1.1425 0.07875
-1.195 0.0325
-1.12 0.015
-1.135 0.0875
-1.0875 0.0325
-1.0725 0.09625
-1.12 0.09375
-1.0475 0.0875
-1.0775 0.11125
-1.135 0.16
-1.0325 0.10125
-1.0525 0.08625
-1.155 0.19375
-1.26 0.22
-1.195 0.14
-1.2225 0.23125
-1.1625 0.2325
-1.105 0.22125
-1.13 0.1025
-1.0925 0.09125
-1.02 0.0925
-1.0225 0.08875
-1.105 0.05125
-1.1275 0.01
-1.085 -0.01375
-1.025 -0.025
-1 -0.00375
-1.08 0.015
-1.1875 0.02875
-1.01 0.005
-1.0075 0.06625
-1.105 -0.085
-1.085 -0.10375
-1.11 -0.02875
-1.0275 -0.075
-1.0325 -0.105
-1.1025 -0.13
-0.995 -0.07375
-1.0825 -0.11125
-0.9525 -0.015
-1.0325 -0.01
-0.98 0.01625
-1.03 0.12375
-1.1675 0.10625
-1.0975 0.1025
-1.1425 0.09875
-1.0825 0.16
-1.02 0.195
-1.12 0.31
-1.1225 0.31125
-1.13 0.3525
-1.16 0.29125
-1.08 0.20375
-1.1125 0.1725
-1.05 0.16875
-1.155 0.15125
-1.055 0.05375
-1.0675 0.10125
-1.0775 0.0775
-0.985 0.07125
-1.0775 0.12125
-1.025 -0.00375
-0.8925 0.0375
-0.9225 -0.03
-1.045 -0.0725
-1.0725 -0.0875
-1.1775 0.02625
-1.1425 0.0375
-1.1675 0.04875
-1.1625 0.08
-1.04 0.07
-1.055 0.0975
-1.0775 0.13
-1.065 0.21125
-1.0225 0.13875
-1.02 0.125
-1.0225 0.04375
-1.13 -0.07375
-1.185 -0.1575
-1.0775 0.015
-1.0125 0.0025
-1.0475 0.03
-1.1025 0.0975
-1.0325 0.00125
-1.135 -0.02875
-1.165 -0.03125
-1.05 -0.01875
-1.1025 -0.14625
-1.085 -0.1675
-1.1275 -0.2
-1.08 -0.16375
-1.1675 -0.07125
-1.125 -0.11375
-1.1625 -0.085
-1.09 -0.0625
-1.055 -0.08375
-0.995 -0.05875
-1.195 -0.05625
-1.06 -0.055
-0.9725 -0.0975
-1.0775 -0.1025
-1.0125 -0.04125
-1.06 0.07125
-1.01 0.0225
-1.0025 0.13875
-1.0625 0.18375
-1.105 0.1025
-1.0125 0.14
-1.125 0.1225
-1.19 0.1075
-1.085 0.0975
-1.1525 0.17875
-1.08 0.1
-1.1675 0.07
-1.19 -0.06875
-1.085 -0.0675
-1.105 -0.1475
-1.14 -0.1525
-1.025 -0.1125
-1.1175 -0.06375
-1.0475 -0.055
-1.0125 -0.13375
-1.0525 -0.1825
-0.9725 -0.21875
-1.0675 -0.1575
-1.07 -0.24125
-1.0875 -0.22625
-1.105 -0.22375
-1.14 -0.25125
-1.125 -0.24
-1.015 -0.155
-1.0025 -0.11125
-1.0525 -0.03
-1.0075 -0.03375
-1.0025 -0.07
-1.085 -0.11375
-1.0675 -0.1675
-1.0625 -0.2725
-0.9625 -0.16375
-1.0725 -0.2225
-1.065 -0.12375
-1.1375 -0.02
-1.0975 -0.0275
-1.0825 -0.03
-1.1475 0.01625
-1.075 -0.045
-1.1325 -0.01625
-1.0875 0.18375
-1.0525 0.15125
-1.045 0.0875
-1.0725 0.2075
-1.1125 0.2
-1.0775 0.15
-1.065 0.14875
-1.12 0.08625
-1.1025 0.115
-1.14 0.1
-1.1425 0.1875
-1.1825 0.1975
-1.1825 0.275
-1.08 0.2325
-1.1025 0.175
-1.1 0.21
-1.1325 0.21375
-1.14 0.2825
-1.03 0.3625
-1.1175 0.2875
-1.105 0.295
-1.11 0.20125
-1.13 0.14125
-1.1175 0.12375
-0.9925 0.1825
-1.155 0.2475
-1.1 0.295
-1.085 0.265
-1.0925 0.25
-1.1125 0.285
-1.1 0.2925
-1.11 0.1975
-1.125 0.13625
-1.1 0.19625
-0.9825 0.2375
-1.105 0.27
-1.105 0.22125
-1.0425 0.1725
-1.08 0.16
-1.1525 0.12125
-1.16 0.06875
-1.08 0.04125
-1.0775 0.08125
-1.0325 0.06875
-1.085 -0.00125
-1.01 0.05375
-1.1575 0.065
-1.1075 0.17125
-1.15 0.0875
-1.11 0.015
-1.095 -0.00375
-1.03 0.07875
-1.07 0.22625
-1.0775 0.22625
-0.9725 0.185
-1.065 0.20875
-1.0875 0.24625
-1.07 0.29
-1.135 0.32625
-1.1275 0.31625
-1.0225 0.36
-1.105 0.4125
-1.11 0.3925
-1.1225 0.37
-1.0775 0.2825
-1.0525 0.215
-1.065 0.24375
-1.085 0.30875
-1.0925 0.23625
-1.1275 0.34
-1.035 0.2625
-1.14 0.18375
-1.06 0.12625
-1.1025 0.14125
-1.1475 0.07875
-1.1025 -0.0175
-1.02 0.0925
-0.99 0.11
-1.0875 0.06125
-1.0525 0.06
-1.0575 0.005
-1.0725 0.0925
-1.1125 0.07625
-1.0825 0.17625
-1.1225 0.175
-1.0425 0.1625
-1.0275 0.18125
-1.1275 0.175
-1.1025 0.1375
-1.065 0.16125
-1.1175 0.0975
-1.1275 0.105
-1.105 0.15875
-1.0425 0.12
-1.0375 0.09375
-1.0425 0.0675
-1.0225 -0.0275
-1.0225 -0.11625
-1.1375 -0.10375
-1.055 -0.05625
-1.0575 -0.025
-1.0875 -0.025
-1.0925 -0.05
-0.99 -0.00125
-1.0725 0.02375
-1.09 -0.09875
-1.0175 -0.19125
-1.085 -0.23375
-1.0525 -0.165
-1.02 -0.14
-1.0625 -0.23625
-1.04 -0.3
-1.12 -0.25625
-1.1525 -0.20625
-1.1175 -0.1775
-1.0375 -0.115
-1.1375 -0.10625
-1.1675 -0.08
-1.195 -0.08375
-1.12 -0.17625
-1.06 -0.19375
-1.1075 -0.10625
-1.035 -0.1575
-1.1275 -0.10125
-1.08 0.02125
-1.0875 -0.11875
-1.0325 -0.075
-1.03 -0.1325
-1.03 -0.2275
-0.9975 -0.15625
-1.0875 -0.1875
-1.1475 -0.19625
-1.235 -0.28
-1.1775 -0.26125
-1.155 -0.18625
-1.1325 -0.15125
-1.17 -0.2175
-1.1225 -0.27625
-1.0875 -0.30625
-1.1475 -0.25
-1.1175 -0.31125
-1.095 -0.28625
-1.0375 -0.21875
-1.1625 -0.195
-1.0425 -0.25
-1.1175 -0.2225
-1.1525 -0.20375
-1.0375 -0.06625
-1.1575 -0.10625
-1.075 -0.06625
-1.12 -0.12
-1.055 -0.11375
-1.1025 -0.20125
-1.0475 -0.0825
-0.995 0.0775
-1.045 0.07625
-0.98 0.11375
-1.0225 0.1025
-1 -0.0575
-0.9725 -0.18125
-1.0125 -0.23375
-0.9925 -0.24375
-1.11 -0.30125
-1.0875 -0.17
-0.97 -0.12625
-1.095 -0.0975
-1.1475 -0.23875
-1.185 -0.28125
-1.12 -0.17375
-1.0575 -0.1725
-1.075 -0.185
-1.0525 -0.15125
-1.1025 -0.19625
-1.1075 -0.1525
-1.055 -0.2325
-1.1375 -0.205
-1.0875 -0.12
-1.145 -0.28
-1.175 -0.1875
-1.055 -0.275
-1.0775 -0.22
-1.1225 -0.17625
-1.11 -0.27
-1.095 -0.15375
-1.095 -0.16375
-1.0525 -0.185
-1.065 -0.15625
-1.08 -0.13125
-1.19 -0.12375
-1.08 -0.15
-1.075 -0.0775
-1.1 -0.05375
-1.0525 -0.08
-1.0025 0.06375
-0.96 0.0325
-1.03 0.05
-0.99 -0.01875
-1.085 0.02875
-1.04 0.0725
-1.1225 0.06125
-1.1 0.14375
-1.1975 0.1475
-1.1175 0.14875
-1.1025 0.07
-1.065 0.11375
-1.07 0.15625
-1.09 0.0575
-1.025 -0.0375
-1.04 -0.13
-1.0425 -0.07625
-1.085 -0.12625
-1.0225 0.10125
-1.055 0.02125
-1.07 0.09625
-1.17 0.0075
-1.1725 -0.01375
-1.0925 -0.03125
-1.0825 0.0025
-1.0875 0.0175
-1.055 0.0325
-0.9925 0.03
-1.045 0.0175
-1.035 0.1075
-1.17 0.145
-1.1375 0.05125
-1 0.065
-1.0725 0.05875
-1.08 0.005
-1.1025 -0.01875
-0.9925 -0.015
-1.005 -0.01
-1.055 0.0025
-1.13 0.1125
-1.0575 0.07875
-1.0925 0.05375
-1.065 0.0275
-1.0775 0.0175
-1.1175 0.16875
-1.135 0.0775
-1.0325 0.1725
-1.0375 0.17375
-1.05 0.125
-1.085 0.175
-1.0975 0.21375
-1.1175 0.22
-1.11 0.14125
-1.2225 0.10375
-1.0125 0.11
-1.02 0.12125
-1.085 0.01625
-1.0525 -0.01375
-1.015 -0.045
-1.06 -0.0875
-1.035 -0.11875
-1.1075 -0.1375
-1.1125 -0.1025
-1.1925 -0.10375
-1.125 -0.15
-1.0225 -0.14
-1.09 -0.2175
-1.1525 -0.30375
-1.1775 -0.32875
-1.1175 -0.27875
-1.135 -0.22625
-1.1975 -0.225
-1.09 -0.055
-1.115 -0.13
-1.04 -0.0925
-1.065 -0.22625
-1.11 -0.2175
-1.19 -0.26
-1.0775 -0.19625
-1.015 -0.14875
-0.995 -0.13
-1.07 -0.2275
-1.005 -0.15625
-1.03 -0.13625
-1.125 -0.15875
-1.075 -0.09125
-1.01 -0.055
-1.01 -0.04875
-1.08 0.07875
-0.985 0.055
-1.08 -0.08625
-1.05 -0.13375
-1.115 -0.1375
-1.05 -0.1275
-1.125 -0.17
-1.085 -0.08125
-1.05 -0.0675
-0.9725 -0.06875
-1.0475 0.06125
-1.08 0.155
-0.98 0.11125
-1.0075 0.07
-1.0325 -0.005
-1.18 0.025
-1.1725 0
-1.005 0.04375
-0.965 -0.005
-1.0875 -0.0975
-1.1175 -0.1175
-1.12 -0.1825
-1.1 -0.21625
-1.1275 -0.20625
-1.165 -0.23
-1.1025 -0.315
-1.2125 -0.32625
-1.09 -0.195
-1.0475 -0.17375
-1.1175 -0.08625
-1.0075 -0.1325
-1.0275 -0.18375
-1.0425 -0.08625
-1.04 -0.05375
