-1.595 -0.85
-1.6 -0.85
-1.6575 -0.875
-1.6875 -0.88875
-1.65 -0.89375
-1.525 -0.83625
-1.7675 -0.92
-1.6325 -0.8675
-1.6725 -0.89375
-1.68 -0.89125
-1.695 -0.895
-1.7 -0.8825
-1.6475 -0.86125
-1.635 -0.855
-1.655 -0.8675
-1.67 -0.8625
-1.5925 -0.81625
-1.47 -0.77125
-1.6325 -0.8525
-1.655 -0.88125
-1.5475 -0.8125
-1.69 -0.8825
-1.6725 -0.87125
-1.645 -0.835
-1.5325 -0.8025
-1.5425 -0.77375
-1.495 -0.74375
-1.5325 -0.78875
-1.5825 -0.84625
-1.55 -0.79875
-1.6125 -0.83375
-1.565 -0.81
-1.575 -0.815
-1.53 -0.80625
-1.6375 -0.83
-1.58 -0.82375
-1.61 -0.845
-1.615 -0.84125
-1.625 -0.8275
-1.645 -0.865
-1.5625 -0.82125
-1.6075 -0.8275
-1.67 -0.82875
-1.5325 -0.8
-1.595 -0.82625
-1.6525 -0.86
-1.57 -0.83625
-1.6675 -0.86
-1.605 -0.8225
-1.6025 -0.83
-1.6125 -0.81875
-1.5075 -0.76875
-1.4075 -0.70625
-1.6275 -0.82125
-1.5875 -0.77875
-1.5375 -0.735
-1.54 -0.7075
-1.5425 -0.70625
-1.575 -0.72125
-1.5475 -0.675
-1.5225 -0.71875
-1.5375 -0.73
-1.6025 -0.77125
-1.555 -0.72875
-1.5725 -0.7425
-1.53 -0.77
-1.61 -0.805
-1.56 -0.785
-1.5775 -0.78625
-1.5825 -0.8175
-1.6075 -0.795
-1.5225 -0.78875
-1.545 -0.7875
-1.615 -0.8175
-1.565 -0.8025
-1.5325 -0.7775
-1.565 -0.79
-1.585 -0.78375
-1.5275 -0.8
-1.635 -0.83
-1.595 -0.8025
-1.72 -0.85
-1.6225 -0.84875
-1.5575 -0.8175
-1.6025 -0.85375
-1.6175 -0.85875
-1.685 -0.87875
-1.625 -0.85375
-1.555 -0.83875
-1.655 -0.855
-1.655 -0.8775
-1.5775 -0.83375
-1.6575 -0.86
-1.6525 -0.8725
-1.65 -0.8775
-1.6425 -0.85625
-1.61 -0.86125
-1.62 -0.84125
-1.5825 -0.81
-1.6075 -0.82875
-1.555 -0.83
-1.57 -0.83125
-1.6825 -0.90875
-1.6 -0.86
-1.655 -0.88375
-1.5725 -0.85375
-1.64 -0.8675
-1.71 -0.905
-1.65 -0.87625
-1.685 -0.8825
-1.655 -0.87875
-1.5425 -0.805
-1.6325 -0.84375
-1.59 -0.7975
-1.6575 -0.86375
-1.67 -0.87375
-1.6425 -0.875
-1.725 -0.91
-1.56 -0.83125
-1.635 -0.8475
-1.675 -0.88125
-1.65 -0.86625
-1.6375 -0.86375
-1.62 -0.84
-1.6125 -0.845
-1.66 -0.87125
-1.6575 -0.885
-1.6225 -0.8625
-1.7225 -0.90125
-1.695 -0.89625
-1.6825 -0.89375
-1.675 -0.89125
-1.605 -0.8675
-1.6825 -0.89875
-1.6425 -0.87875
-1.6 -0.85125
-1.695 -0.9025
-1.7025 -0.90375
-1.7175 -0.91
-1.6425 -0.8825
-1.705 -0.885
-1.6475 -0.8725
-1.645 -0.87375
-1.6825 -0.88125
-1.6725 -0.89
-1.615 -0.8625
-1.67 -0.87875
-1.63 -0.87
-1.6325 -0.86625
-1.62 -0.8625
-1.61 -0.86375
-1.6825 -0.89625
-1.635 -0.87875
-1.665 -0.8675
-1.6325 -0.8525
-1.585 -0.82125
-1.62 -0.86
-1.6425 -0.87375
-1.6925 -0.8975
-1.655 -0.885
-1.6425 -0.8675
-1.66 -0.87125
-1.605 -0.8625
-1.6375 -0.8575
-1.6075 -0.855
-1.5575 -0.8375
-1.6375 -0.83625
-1.55 -0.81125
-1.5875 -0.8175
-1.615 -0.84375
-1.5825 -0.85
-1.5475 -0.835
-1.6825 -0.88875
-1.645 -0.86625
-1.585 -0.845
-1.7125 -0.91
-1.6625 -0.8875
-1.69 -0.8975
-1.6625 -0.86875
-1.645 -0.8775
-1.6475 -0.865
-1.625 -0.84
-1.695 -0.90125
-1.5925 -0.85125
-1.685 -0.88875
-1.65 -0.88625
-1.555 -0.845
-1.655 -0.885
-1.5725 -0.825
-1.6275 -0.86
-1.585 -0.85625
-1.6425 -0.86
-1.6475 -0.85875
-1.6475 -0.86
-1.62 -0.81625
-1.59 -0.845
-1.64 -0.85875
-1.585 -0.825
-1.455 -0.77375
-1.5775 -0.82625
-1.62 -0.85875
-1.6975 -0.88625
-1.64 -0.87125
-1.67 -0.89
-1.5975 -0.845
-1.675 -0.885
-1.69 -0.9
-1.5725 -0.81375
-1.6725 -0.86625
-1.6575 -0.88
-1.675 -0.87375
-1.635 -0.84125
-1.545 -0.81875
-1.62 -0.815
-1.61 -0.84
-1.5775 -0.82875
-1.5375 -0.825
-1.585 -0.83
-1.595 -0.84125
-1.6125 -0.825
-1.615 -0.83
-1.6725 -0.855
-1.6175 -0.86
-1.5475 -0.81875
-1.6625 -0.8825
-1.6375 -0.87125
-1.635 -0.85625
-1.6775 -0.88375
-1.6275 -0.8475
-1.535 -0.80125
-1.5875 -0.79625
-1.61 -0.835
-1.645 -0.85375
-1.6375 -0.815
-1.57 -0.80125
-1.64 -0.84375
-1.58 -0.83875
-1.6725 -0.86625
-1.5975 -0.83625
-1.6375 -0.83125
-1.575 -0.7975
-1.5775 -0.8275
-1.57 -0.83875
-1.665 -0.8875
-1.7 -0.905
-1.685 -0.8925
-1.6925 -0.8925
-1.5825 -0.85
-1.635 -0.85375
-1.5825 -0.84
-1.515 -0.80125
-1.5775 -0.83625
-1.6175 -0.84375
-1.58 -0.82875
-1.645 -0.84875
-1.5725 -0.82375
-1.59 -0.84
-1.56 -0.8025
-1.62 -0.8675
-1.64 -0.8675
-1.6475 -0.87875
-1.6775 -0.88375
-1.67 -0.89625
-1.7175 -0.91
-1.725 -0.91625
-1.685 -0.89875
-1.635 -0.88625
-1.5425 -0.81875
-1.6575 -0.8675
-1.5625 -0.81875
-1.6025 -0.81
-1.595 -0.8125
-1.4875 -0.75875
-1.525 -0.72875
-1.5025 -0.68375
-1.45 -0.67625
-1.55 -0.65625
-1.435 -0.66
-1.4625 -0.70875
-1.505 -0.66875
-1.5125 -0.6925
-1.465 -0.66625
-1.5975 -0.63
-1.4825 -0.58875
-1.445 -0.555
-1.5625 -0.565
-1.54 -0.59125
-1.5375 -0.565
-1.625 -0.6725
-1.515 -0.595
-1.595 -0.6475
-1.5275 -0.61625
-1.52 -0.605
-1.445 -0.6
-1.455 -0.62
-1.5575 -0.69125
-1.6125 -0.7525
-1.545 -0.72875
-1.595 -0.7425
-1.5625 -0.72875
-1.525 -0.71375
-1.5075 -0.6825
-1.5175 -0.73
-1.5175 -0.755
-1.5375 -0.79625
-1.5775 -0.7875
-1.615 -0.80875
-1.5375 -0.80625
-1.535 -0.80625
-1.57 -0.8175
-1.5975 -0.85125
-1.665 -0.8475
-1.66 -0.8725
-1.645 -0.8775
-1.6425 -0.87125
-1.65 -0.8575
-1.6425 -0.86
-1.5925 -0.82
-1.5775 -0.82625
-1.6475 -0.82875
-1.645 -0.86125
-1.66 -0.87625
-1.5725 -0.815
-1.635 -0.855
-1.625 -0.84125
-1.495 -0.77625
-1.595 -0.8375
-1.615 -0.86375
-1.585 -0.83625
-1.615 -0.82625
-1.615 -0.845
-1.5825 -0.84
-1.67 -0.87
-1.635 -0.84375
-1.59 -0.815
-1.615 -0.8325
-1.5875 -0.83
-1.54 -0.79625
-1.595 -0.84625
-1.6275 -0.85375
-1.6 -0.84375
-1.555 -0.8325
-1.595 -0.815
-1.54 -0.8125
-1.5975 -0.80375
-1.5175 -0.78125
-1.5825 -0.81375
-1.655 -0.8775
-1.5875 -0.83375
-1.5875 -0.8425
-1.545 -0.79625
-1.635 -0.8525
-1.7375 -0.8975
-1.61 -0.84625
-1.63 -0.8775
-1.615 -0.84
-1.59 -0.80875
-1.63 -0.845
-1.5975 -0.84125
-1.7075 -0.87875
-1.655 -0.8775
-1.58 -0.85875
-1.6525 -0.875
-1.5175 -0.8125
-1.5925 -0.8175
-1.605 -0.83875
-1.6275 -0.8425
-1.6475 -0.85875
-1.595 -0.835
-1.5525 -0.8125
-1.6625 -0.88375
-1.535 -0.795
-1.605 -0.85375
-1.64 -0.86375
-1.6925 -0.8675
-1.5775 -0.82
-1.6 -0.83125
-1.5825 -0.82125
-1.575 -0.82375
-1.5075 -0.785
-1.6 -0.8325
-1.63 -0.84
-1.5625 -0.805
-1.6275 -0.87
-1.6425 -0.8875
-1.6325 -0.86125
-1.58 -0.81375
-1.5575 -0.81125
-1.6025 -0.7925
-1.5725 -0.78375
-1.51 -0.72125
-1.53 -0.765
-1.595 -0.82
-1.54 -0.785
-1.59 -0.81
-1.635 -0.8425
-1.665 -0.84125
-1.6175 -0.8
-1.5475 -0.79375
-1.6175 -0.8275
-1.5975 -0.8225
-1.6225 -0.8525
-1.4625 -0.78875
-1.6425 -0.87
-1.5925 -0.84875
-1.6375 -0.86625
-1.6725 -0.8925
-1.6275 -0.8575
-1.6225 -0.83
-1.6 -0.80375
-1.6375 -0.84
-1.5275 -0.78625
-1.635 -0.845
-1.565 -0.82625
-1.61 -0.81875
-1.5525 -0.7925
-1.62 -0.85875
-1.565 -0.85375
-1.6175 -0.85
-1.615 -0.85
-1.6075 -0.83125
-1.5625 -0.82625
-1.555 -0.77125
-1.52 -0.805
-1.63 -0.84625
-1.6075 -0.825
-1.51 -0.78375
-1.6 -0.79
-1.445 -0.73625
-1.56 -0.79
-1.595 -0.80625
-1.5625 -0.8025
-1.635 -0.84375
-1.6275 -0.86625
-1.64 -0.85375
-1.56 -0.8225
-1.6125 -0.8525
-1.635 -0.81875
-1.64 -0.835
-1.6225 -0.85
-1.6175 -0.85875
-1.6825 -0.88375
-1.6625 -0.8875
-1.6775 -0.8825
-1.645 -0.86125
-1.7 -0.8875
-1.5875 -0.865
-1.615 -0.8425
-1.555 -0.8225
-1.6175 -0.83375
-1.685 -0.88
-1.6425 -0.87125
-1.6925 -0.86875
-1.6725 -0.88875
-1.71 -0.89375
-1.6875 -0.89375
-1.61 -0.87
-1.6575 -0.8775
-1.585 -0.8525
-1.6025 -0.84625
-1.625 -0.835
-1.625 -0.8475
-1.625 -0.845
-1.6875 -0.87
-1.6775 -0.86625
-1.6825 -0.8925
-1.6475 -0.8575
-1.54 -0.82375
-1.505 -0.78
-1.67 -0.89
-1.645 -0.8525
-1.6475 -0.88375
-1.6275 -0.86
-1.55 -0.76875
-1.625 -0.83625
-1.58 -0.83125
-1.64 -0.87
-1.6725 -0.885
-1.705 -0.87875
-1.65 -0.86125
-1.6775 -0.875
-1.675 -0.88875
-1.6875 -0.89
-1.635 -0.8575
-1.6425 -0.8675
-1.6425 -0.87
-1.6375 -0.85875
-1.5475 -0.8075
-1.55 -0.78
-1.615 -0.81375
-1.5925 -0.83375
-1.6325 -0.8475
-1.695 -0.8825
-1.575 -0.82875
-1.58 -0.83375
-1.63 -0.865
-1.52 -0.7925
-1.5525 -0.8025
-1.68 -0.89
-1.6225 -0.86625
-1.53 -0.8125
-1.49 -0.8
-1.66 -0.84375
-1.6275 -0.8275
-1.6125 -0.81625
-1.6375 -0.82375
-1.575 -0.78375
-1.5325 -0.815
-1.585 -0.8025
-1.5825 -0.795
-1.6 -0.815
-1.5 -0.7625
-1.55 -0.77
-1.575 -0.76875
-1.5825 -0.79375
-1.64 -0.7925
-1.48 -0.7475
-1.5575 -0.82
-1.535 -0.825
-1.5425 -0.83125
-1.54 -0.8
-1.5575 -0.805
-1.685 -0.87125
-1.705 -0.90375
-1.675 -0.8775
-1.645 -0.83875
-1.62 -0.82375
-1.51 -0.74125
-1.545 -0.77
-1.49 -0.73
-1.6125 -0.74375
-1.54 -0.74875
-1.63 -0.77625
-1.6175 -0.75375
-1.51 -0.72375
-1.5175 -0.7225
-1.5875 -0.79625
-1.5625 -0.82125
-1.5375 -0.79625
-1.4825 -0.75
-1.585 -0.775
-1.6325 -0.83125
-1.48 -0.73375
-1.5525 -0.80875
-1.58 -0.825
-1.66 -0.87
-1.5675 -0.82
-1.5575 -0.8075
-1.61 -0.835
-1.6075 -0.8625
-1.6475 -0.83375
-1.675 -0.86
-1.51 -0.78125
-1.615 -0.795
-1.6525 -0.85125
-1.6725 -0.86625
-1.645 -0.845
-1.665 -0.87125
-1.6575 -0.86625
-1.7325 -0.91125
-1.595 -0.85125
-1.6575 -0.8775
-1.6575 -0.88625
-1.7075 -0.9075
-1.565 -0.84625
-1.64 -0.8775
-1.61 -0.82375
-1.625 -0.84
-1.55 -0.7875
-1.5825 -0.7775
-1.555 -0.74875
-1.5325 -0.74375
-1.555 -0.755
-1.5375 -0.7675
-1.595 -0.79375
-1.66 -0.83375
-1.54 -0.80875
-1.5675 -0.8075
-1.625 -0.855
-1.565 -0.825
-1.5125 -0.785
-1.555 -0.75
-1.555 -0.7625
-1.54 -0.7925
-1.6575 -0.8225
-1.6425 -0.81625
-1.56 -0.80375
-1.63 -0.8425
-1.545 -0.78875
-1.6075 -0.83625
-1.66 -0.855
-1.6225 -0.8475
-1.5825 -0.7975
-1.6325 -0.85
-1.685 -0.86125
-1.6525 -0.8225
-1.5725 -0.83125
-1.6325 -0.85875
-1.5775 -0.84625
-1.595 -0.84125
-1.6 -0.8575
-1.5625 -0.82875
-1.52 -0.805
-1.51 -0.80125
-1.515 -0.7975
-1.565 -0.82
-1.5925 -0.83125
-1.5525 -0.81875
-1.6075 -0.8375
-1.5875 -0.8375
-1.6175 -0.8625
-1.635 -0.85625
-1.595 -0.84125
-1.625 -0.85625
-1.595 -0.85
-1.6375 -0.86875
-1.6025 -0.86875
-1.73 -0.915
-1.6675 -0.85875
-1.635 -0.84625
-1.6675 -0.855
-1.6275 -0.855
-1.6825 -0.875
-1.625 -0.87
-1.6425 -0.8775
-1.6225 -0.8725
-1.5425 -0.82875
-1.62 -0.8425
-1.5825 -0.82
-1.485 -0.7725
-1.63 -0.8475
-1.5775 -0.795
-1.555 -0.7775
-1.475 -0.76125
-1.55 -0.8025
-1.715 -0.86375
-1.6925 -0.87875
-1.64 -0.8575
-1.535 -0.78375
-1.565 -0.82875
-1.5425 -0.7925
-1.615 -0.81
-1.5675 -0.795
-1.63 -0.84375
-1.73 -0.91
-1.665 -0.88125
-1.6125 -0.86375
-1.62 -0.86625
-1.6775 -0.89
-1.6275 -0.87625
-1.66 -0.865
-1.67 -0.87625
-1.5825 -0.83375
-1.6525 -0.85
-1.625 -0.855
-1.6975 -0.885
-1.6525 -0.8525
-1.645 -0.845
-1.6175 -0.87
-1.6825 -0.885
-1.705 -0.90125
-1.6875 -0.87875
-1.6425 -0.8575
-1.56 -0.83
-1.605 -0.85625
-1.61 -0.8325
-1.5425 -0.83875
-1.5925 -0.855
-1.7225 -0.9075
-1.61 -0.85625
-1.6275 -0.85375
-1.645 -0.8625
-1.6625 -0.8725
-1.6675 -0.8675
-1.7 -0.89875
-1.6625 -0.875
-1.5975 -0.85
-1.5675 -0.835
-1.525 -0.81125
-1.6225 -0.845
-1.63 -0.85625
-1.655 -0.8375
-1.62 -0.85375
-1.7225 -0.9025
-1.6125 -0.85375
-1.61 -0.84875
-1.6475 -0.8625
-1.6475 -0.85625
-1.575 -0.8225
-1.67 -0.875
-1.6775 -0.8875
-1.715 -0.8975
-1.655 -0.87125
-1.6425 -0.8675
-1.64 -0.8575
-1.66 -0.8675
-1.5775 -0.8225
-1.485 -0.78125
-1.4875 -0.7475
-1.5125 -0.7625
-1.545 -0.78
-1.5475 -0.79625
-1.6425 -0.865
-1.6525 -0.88875
-1.6025 -0.8625
-1.615 -0.87875
-1.6125 -0.84375
-1.6925 -0.90375
-1.59 -0.83625
-1.655 -0.85
-1.6475 -0.8525
-1.6525 -0.87125
-1.5625 -0.81375
-1.59 -0.8175
-1.49 -0.79375
-1.5575 -0.81
-1.5425 -0.77375
-1.5 -0.7675
-1.5125 -0.8
-1.62 -0.84625
-1.625 -0.8725
-1.595 -0.84625
-1.625 -0.85
-1.53 -0.81
-1.5925 -0.8575
-1.6425 -0.84875
-1.6 -0.8225
-1.5775 -0.78
-1.56 -0.80625
-1.5925 -0.84375
-1.6275 -0.87125
-1.6075 -0.87
-1.6875 -0.88375
-1.575 -0.83125
-1.6575 -0.86625
-1.645 -0.8575
-1.55 -0.81875
-1.49 -0.755
-1.4425 -0.70375
-1.5025 -0.70125
-1.5125 -0.73375
-1.575 -0.8025
-1.4975 -0.77375
-1.535 -0.80375
-1.525 -0.8075
-1.6175 -0.86875
-1.7025 -0.895
-1.665 -0.88625
-1.6575 -0.865
-1.6825 -0.88875
-1.6925 -0.89375
-1.6175 -0.86625
-1.61 -0.86125
-1.605 -0.85375
-1.7475 -0.92
-1.6325 -0.86
-1.6675 -0.88375
-1.6125 -0.855
-1.5875 -0.82375
-1.61 -0.84375
-1.5375 -0.835
-1.6475 -0.8775
-1.565 -0.845
-1.505 -0.78875
-1.5875 -0.84375
-1.66 -0.89
-1.655 -0.8625
-1.5625 -0.8225
-1.7 -0.895
-1.6825 -0.88625
-1.5375 -0.805
-1.61 -0.815
-1.6225 -0.755
-1.5025 -0.75625
-1.55 -0.73875
-1.61 -0.76
-1.5175 -0.71375
-1.58 -0.735
-1.5425 -0.76375
-1.5275 -0.6775
-1.62 -0.77875
-1.515 -0.75125
-1.61 -0.79625
-1.5975 -0.82
-1.57 -0.78125
-1.5075 -0.7625
-1.515 -0.7525
-1.59 -0.78625
-1.455 -0.74125
-1.55 -0.77375
-1.66 -0.82
-1.605 -0.80375
-1.64 -0.8125
-1.59 -0.8075
-1.5925 -0.7875
-1.56 -0.77375
-1.62 -0.8225
-1.6425 -0.84875
-1.665 -0.86625
-1.6575 -0.86625
-1.7625 -0.92625
-1.675 -0.8825
-1.6875 -0.88875
-1.6125 -0.855
-1.5675 -0.84625
-1.5675 -0.8575
-1.645 -0.89375
-1.64 -0.88375
-1.71 -0.89
-1.6975 -0.89625
-1.5425 -0.80375
-1.545 -0.81125
-1.57 -0.785
-1.585 -0.83125
-1.6025 -0.8175
-1.645 -0.855
-1.635 -0.855
-1.5725 -0.82875
-1.6175 -0.8625
-1.68 -0.8925
-1.65 -0.86125
-1.6825 -0.88125
-1.585 -0.8575
-1.5875 -0.85125
-1.6175 -0.8325
-1.6075 -0.85
-1.61 -0.8675
-1.6 -0.83625
-1.6625 -0.87875
-1.565 -0.84375
-1.5875 -0.84375
-1.59 -0.83375
-1.615 -0.8475
-1.66 -0.8675
-1.605 -0.84
-1.61 -0.835
-1.62 -0.855
-1.715 -0.9025
-1.655 -0.87375
-1.5875 -0.83
-1.5325 -0.775
-1.64 -0.84625
-1.53 -0.8125
-1.5375 -0.81125
-1.5875 -0.83875
-1.6525 -0.8625
-1.6925 -0.89625
-1.6475 -0.88875
-1.675 -0.9025
-1.595 -0.83875
-1.52 -0.76875
-1.585 -0.81
-1.585 -0.78
-1.4875 -0.75375
-1.485 -0.68375
-1.5675 -0.71625
-1.52 -0.7625
-1.6125 -0.77375
-1.4975 -0.7675
-1.5675 -0.79
-1.645 -0.83625
-1.67 -0.85
-1.6725 -0.86375
-1.66 -0.88
-1.665 -0.8725
-1.61 -0.84375
-1.57 -0.825
-1.6625 -0.87625
-1.7075 -0.8975
-1.6225 -0.855
-1.6525 -0.88125
-1.6175 -0.85375
-1.6375 -0.82375
-1.5525 -0.78
-1.54 -0.81375
-1.5425 -0.835
-1.69 -0.89125
-1.7 -0.89625
-1.6475 -0.8875
-1.65 -0.86875
-1.62 -0.8575
-1.6625 -0.885
-1.68 -0.89625
-1.58 -0.85375
-1.64 -0.87
-1.6425 -0.86875
-1.6425 -0.8725
-1.6575 -0.88375
-1.665 -0.87375
-1.5925 -0.85
-1.615 -0.8525
-1.5875 -0.83625
-1.5725 -0.79125
-1.595 -0.84
-1.61 -0.87125
-1.67 -0.89
-1.675 -0.8725
-1.6075 -0.845
-1.625 -0.86375
-1.645 -0.87375
-1.59 -0.85375
-1.5725 -0.8575
-1.6275 -0.85625
-1.6825 -0.86875
-1.605 -0.8525
-1.7525 -0.92375
-1.54 -0.81875
-1.6275 -0.84625
-1.64 -0.8725
-1.6725 -0.87625
-1.6125 -0.8725
-1.605 -0.86
-1.6675 -0.89375
-1.615 -0.85375
-1.5975 -0.84125
-1.58 -0.8125
-1.5875 -0.835
-1.5925 -0.81125
-1.575 -0.79
-1.5675 -0.77625
-1.55 -0.7975
-1.555 -0.80125
-1.445 -0.7675
-1.5775 -0.82125
-1.575 -0.82625
-1.6 -0.82625
-1.61 -0.79875
-1.56 -0.8075
-1.575 -0.82875
-1.6 -0.84625
-1.6475 -0.88
-1.6325 -0.87125
-1.6575 -0.885
-1.6525 -0.86375
-1.6725 -0.87625
-1.5225 -0.82
-1.6525 -0.875
-1.6125 -0.8425
-1.6 -0.8525
-1.62 -0.83625
-1.5625 -0.80375
-1.5475 -0.80625
-1.5175 -0.78875
-1.5275 -0.78875
-1.535 -0.81625
-1.6225 -0.83375
-1.615 -0.8425
-1.6675 -0.87625
-1.63 -0.8475
-1.585 -0.84125
-1.5875 -0.845
-1.5725 -0.83125
-1.635 -0.83625
-1.655 -0.84
-1.605 -0.8125
-1.67 -0.8575
-1.6975 -0.87125
-1.715 -0.9075
-1.7325 -0.90625
-1.555 -0.84875
-1.5925 -0.8475
-1.63 -0.85375
-1.695 -0.86125
-1.6675 -0.8725
-1.5025 -0.79875
-1.55 -0.8325
-1.535 -0.81
-1.545 -0.825
-1.66 -0.86875
-1.615 -0.865
-1.655 -0.87
-1.5425 -0.79375
-1.525 -0.7675
-1.5975 -0.80375
-1.715 -0.8725
-1.69 -0.88
-1.605 -0.84
-1.65 -0.88
-1.57 -0.82875
-1.6275 -0.8625
-1.62 -0.88875
-1.62 -0.86625
-1.6275 -0.85625
-1.5875 -0.83625
-1.66 -0.87875
-1.6175 -0.865
-1.63 -0.86625
-1.64 -0.885
-1.735 -0.9075
-1.6475 -0.87625
-1.59 -0.84375
-1.5325 -0.76625
-1.5375 -0.76625
-1.5675 -0.77625
-1.5975 -0.785
-1.62 -0.8125
-1.585 -0.78125
-1.4725 -0.73
-1.54 -0.805
-1.64 -0.85625
