-1.4725 -0.75125
-1.51 -0.755
-1.475 -0.71125
-1.4975 -0.75625
-1.5 -0.81
-1.555 -0.79875
-1.425 -0.75
-1.5025 -0.735
-1.455 -0.6775
-1.4525 -0.65875
-1.525 -0.7175
-1.44 -0.65625
-1.3 -0.57375
-1.31 -0.57625
-1.305 -0.56375
-1.425 -0.6175
-1.3925 -0.60625
-1.3475 -0.58
-1.3825 -0.64875
-1.4925 -0.695
-1.43 -0.7375
-1.445 -0.7775
-1.47 -0.78
-1.445 -0.745
-1.4 -0.73625
-1.5275 -0.795
-1.545 -0.8
-1.3325 -0.68375
-1.345 -0.64
-1.42 -0.67
-1.4625 -0.7325
-1.515 -0.79875
-1.51 -0.805
-1.5225 -0.78
-1.5475 -0.825
-1.5125 -0.81125
-1.4625 -0.7525
-1.455 -0.77875
-1.515 -0.795
-1.485 -0.76375
-1.4875 -0.73875
-1.455 -0.73625
-1.565 -0.81625
-1.5125 -0.8175
-1.5325 -0.84125
-1.55 -0.825
-1.52 -0.7975
-1.6025 -0.85125
-1.53 -0.81
-1.4975 -0.78625
-1.41 -0.7175
-1.45 -0.7025
-1.495 -0.765
-1.4875 -0.76375
-1.33 -0.69375
-1.3575 -0.6425
-1.3225 -0.63
-1.4225 -0.6625
-1.485 -0.72625
-1.4475 -0.7425
-1.3975 -0.72875
-1.3625 -0.70375
-1.465 -0.75125
-1.4025 -0.7175
-1.4975 -0.7675
-1.5275 -0.80875
-1.505 -0.77
-1.4125 -0.77375
-1.4775 -0.78125
-1.4425 -0.7425
-1.465 -0.73125
-1.405 -0.64375
-1.4125 -0.6675
-1.49 -0.75
-1.3975 -0.7125
-1.42 -0.69625
-1.4725 -0.74
-1.4575 -0.77875
-1.5125 -0.8075
-1.59 -0.8125
-1.565 -0.8325
-1.5525 -0.8375
-1.5925 -0.8475
-1.5075 -0.8075
-1.5475 -0.8025
-1.47 -0.74875
-1.4925 -0.75625
-1.3475 -0.68625
-1.4325 -0.71
-1.3775 -0.67375
-1.4325 -0.6475
-1.4225 -0.7075
-1.485 -0.73625
-1.5075 -0.7825
-1.505 -0.7675
-1.53 -0.7975
-1.48 -0.8
-1.585 -0.8075
-1.49 -0.78
-1.5325 -0.78875
-1.545 -0.79
-1.5225 -0.785
-1.455 -0.75125
-1.4225 -0.68125
-1.465 -0.70375
-1.365 -0.65
-1.405 -0.65625
-1.38 -0.635
-1.41 -0.63
-1.3875 -0.65375
-1.4525 -0.6925
-1.44 -0.72125
-1.515 -0.7725
-1.4275 -0.7175
-1.445 -0.7125
-1.4125 -0.705
-1.405 -0.67375
-1.3975 -0.69875
-1.4375 -0.7425
-1.505 -0.7725
-1.4775 -0.765
-1.4475 -0.72875
-1.4725 -0.73
-1.4775 -0.68875
-1.4325 -0.69625
-1.4425 -0.67375
-1.295 -0.495
-1.4175 -0.5625
-1.43 -0.6175
-1.31 -0.60125
-1.3575 -0.5775
-1.375 -0.575
-1.37 -0.58625
-1.3925 -0.5925
-1.2875 -0.59125
-1.3925 -0.545
-1.315 -0.55
-1.3275 -0.61625
-1.27 -0.625
-1.3525 -0.6875
-1.4475 -0.725
-1.3775 -0.71875
-1.515 -0.7925
-1.6275 -0.865
-1.4925 -0.7875
-1.43 -0.77125
-1.47 -0.795
-1.525 -0.80125
-1.475 -0.77625
-1.4375 -0.79
-1.5525 -0.78
-1.4475 -0.715
-1.4825 -0.75125
-1.4925 -0.7425
-1.52 -0.68375
-1.34 -0.6525
-1.4325 -0.66
-1.4725 -0.6925
-1.4875 -0.71625
-1.3975 -0.695
-1.42 -0.6875
-1.4 -0.6575
-1.395 -0.66875
-1.4725 -0.735
-1.4025 -0.68375
-1.455 -0.68875
-1.3975 -0.63375
-1.3675 -0.61125
-1.4925 -0.645
-1.3425 -0.6025
-1.3275 -0.5725
-1.3775 -0.55
-1.28 -0.4375
-1.3 -0.42875
-1.34 -0.4425
-1.3425 -0.5125
-1.3675 -0.5325
-1.27 -0.5275
-1.3375 -0.52375
-1.3275 -0.545
-1.305 -0.59
-1.43 -0.63625
-1.3425 -0.62875
-1.3925 -0.6775
-1.4425 -0.6925
-1.2825 -0.5975
-1.2825 -0.5275
-1.3525 -0.57125
-1.41 -0.6525
-1.35 -0.60375
-1.3675 -0.61875
-1.365 -0.55
-1.475 -0.615
-1.4775 -0.63
-1.3975 -0.5425
-1.34 -0.5875
-1.36 -0.5875
-1.3825 -0.64375
-1.4 -0.615
-1.385 -0.63
-1.515 -0.61125
-1.4375 -0.59375
-1.4 -0.56375
-1.355 -0.5025
-1.385 -0.52625
-1.3725 -0.4375
-1.3875 -0.48125
-1.3375 -0.44375
-1.38 -0.4725
-1.3175 -0.3775
-1.3275 -0.41375
-1.375 -0.4825
-1.4425 -0.5475
-1.515 -0.6075
-1.4225 -0.54125
-1.3425 -0.50625
-1.305 -0.50875
-1.43 -0.53125
-1.3725 -0.4575
-1.395 -0.46375
-1.3275 -0.48875
-1.4 -0.4575
-1.3475 -0.3225
-1.225 -0.24125
-1.2825 -0.23
-1.31 -0.25
-1.27 -0.2025
-1.2775 -0.18875
-1.345 -0.2975
-1.38 -0.265
-1.3075 -0.27625
-1.3 -0.31875
-1.4175 -0.33875
-1.425 -0.2925
-1.3325 -0.21
-1.255 -0.2625
-1.305 -0.28
-1.355 -0.21625
-1.365 -0.22125
-1.3725 -0.23
-1.3925 -0.285
-1.3175 -0.28125
-1.2475 -0.245
-1.32 -0.25375
-1.375 -0.22625
-1.4175 -0.27875
-1.39 -0.3025
-1.435 -0.31125
-1.3925 -0.32625
-1.33 -0.34
-1.2775 -0.42875
-1.3675 -0.53625
-1.4025 -0.615
-1.43 -0.62375
-1.44 -0.60625
-1.3325 -0.605
-1.365 -0.62
-1.3825 -0.565
-1.29 -0.51875
-1.4125 -0.68875
-1.3975 -0.6325
-1.47 -0.6425
-1.4425 -0.6025
-1.385 -0.55875
-1.3525 -0.5125
-1.345 -0.54
-1.4525 -0.55
-1.4175 -0.5975
-1.3325 -0.5475
-1.3275 -0.52125
-1.36 -0.54875
-1.4 -0.5275
-1.39 -0.55375
-1.4 -0.59125
-1.3675 -0.56125
-1.29 -0.5525
-1.395 -0.6275
-1.53 -0.7
-1.4425 -0.7275
-1.5525 -0.78
-1.45 -0.79
-1.4725 -0.79
-1.4925 -0.8125
-1.5325 -0.8175
-1.6075 -0.83875
-1.59 -0.835
-1.52 -0.805
-1.465 -0.75875
-1.455 -0.76125
-1.5175 -0.8075
-1.5125 -0.79
-1.54 -0.7975
-1.52 -0.78125
-1.445 -0.7825
-1.5675 -0.8325
-1.53 -0.80375
-1.44 -0.7725
-1.5 -0.78625
-1.455 -0.75125
-1.51 -0.7825
-1.5475 -0.81625
-1.49 -0.74125
-1.46 -0.705
-1.3925 -0.705
-1.3675 -0.69125
-1.4825 -0.79375
-1.495 -0.81
-1.46 -0.80125
-1.525 -0.79125
-1.41 -0.75375
-1.415 -0.73625
-1.48 -0.76375
-1.5125 -0.8
-1.585 -0.815
-1.4975 -0.765
-1.5675 -0.81
-1.555 -0.82875
-1.45 -0.7425
-1.46 -0.7575
-1.485 -0.7575
-1.3975 -0.74875
-1.5675 -0.81
-1.5125 -0.79
-1.625 -0.86
-1.61 -0.86
-1.6 -0.87125
-1.53 -0.80875
-1.47 -0.76125
-1.4575 -0.755
-1.4275 -0.71875
-1.405 -0.72375
-1.2875 -0.67875
-1.41 -0.72375
-1.4325 -0.735
-1.4425 -0.72
-1.4775 -0.75375
-1.4575 -0.75875
-1.52 -0.79125
-1.5925 -0.82125
-1.495 -0.76125
-1.54 -0.8175
-1.4925 -0.79375
-1.5025 -0.78375
-1.565 -0.80125
-1.53 -0.795
-1.5525 -0.76875
-1.46 -0.74375
-1.47 -0.77625
-1.4625 -0.76375
-1.4875 -0.79625
-1.5 -0.75875
-1.5475 -0.755
-1.475 -0.6975
-1.5275 -0.72625
-1.405 -0.72875
-1.3225 -0.6725
-1.4225 -0.70625
-1.4025 -0.685
-1.5225 -0.6725
-1.4275 -0.61375
-1.35 -0.63
-1.39 -0.65625
-1.4075 -0.67625
-1.375 -0.66875
-1.4675 -0.6875
-1.3375 -0.59625
-1.4375 -0.6475
-1.455 -0.66
-1.445 -0.675
-1.4575 -0.715
-1.475 -0.7775
-1.5075 -0.76125
-1.5225 -0.7575
-1.4175 -0.6975
-1.58 -0.7825
-1.5075 -0.75625
-1.5 -0.75375
-1.405 -0.705
-1.44 -0.7625
-1.4225 -0.75375
-1.4625 -0.79
-1.56 -0.7975
-1.55 -0.815
-1.515 -0.81375
-1.55 -0.82125
-1.5 -0.7725
-1.58 -0.81875
-1.4425 -0.7825
-1.4675 -0.78125
-1.585 -0.8425
-1.57 -0.85125
-1.5175 -0.785
-1.465 -0.775
-1.49 -0.7575
-1.43 -0.695
-1.475 -0.7025
-1.5 -0.7325
-1.4775 -0.765
-1.52 -0.77125
-1.4675 -0.72125
-1.48 -0.76
-1.4975 -0.75875
-1.4975 -0.715
-1.44 -0.64875
-1.3925 -0.69125
-1.475 -0.695
-1.3775 -0.64625
-1.39 -0.61625
-1.39 -0.63125
-1.3475 -0.63375
-1.2975 -0.5725
-1.4275 -0.60375
-1.3175 -0.52
-1.305 -0.4975
-1.3475 -0.55375
-1.3675 -0.55
-1.42 -0.53625
-1.355 -0.54
-1.4175 -0.58
-1.45 -0.65
-1.375 -0.59625
-1.345 -0.5825
-1.24 -0.49375
-1.2975 -0.51375
-1.2375 -0.50625
-1.3275 -0.4825
-1.365 -0.63125
-1.3625 -0.67625
-1.415 -0.67625
-1.45 -0.72
-1.44 -0.71875
-1.4075 -0.705
-1.3625 -0.69375
-1.465 -0.7225
-1.4025 -0.6225
-1.405 -0.62875
-1.465 -0.68375
-1.4375 -0.6825
-1.38 -0.6625
-1.435 -0.645
-1.3675 -0.61375
-1.345 -0.595
-1.375 -0.6575
-1.3525 -0.615
-1.3775 -0.625
-1.42 -0.62625
-1.49 -0.695
-1.395 -0.66375
-1.4225 -0.68875
-1.5 -0.7225
-1.5075 -0.71125
-1.4275 -0.6725
-1.4125 -0.705
-1.515 -0.75
-1.605 -0.85
-1.5275 -0.82125
-1.5025 -0.795
-1.585 -0.8475
-1.4875 -0.7975
-1.4625 -0.74625
-1.3675 -0.63125
-1.4225 -0.7375
-1.335 -0.6875
-1.4175 -0.715
-1.425 -0.73125
-1.5025 -0.73875
-1.395 -0.6925
-1.43 -0.68
-1.5325 -0.73125
-1.445 -0.685
-1.485 -0.68
-1.49 -0.68125
-1.4125 -0.69375
-1.5375 -0.76
-1.495 -0.75625
-1.4525 -0.75125
-1.4275 -0.7225
-1.405 -0.6775
-1.3725 -0.61625
-1.235 -0.59625
-1.3925 -0.645
-1.45 -0.6675
-1.4375 -0.655
-1.36 -0.65
-1.3575 -0.6525
-1.405 -0.71
-1.4275 -0.6875
-1.5075 -0.73125
-1.47 -0.72125
-1.39 -0.6525
-1.425 -0.70625
-1.425 -0.71875
-1.435 -0.67
-1.4975 -0.6975
-1.455 -0.685
-1.455 -0.72625
-1.475 -0.7075
-1.4675 -0.74625
-1.4225 -0.7675
-1.47 -0.78125
-1.4625 -0.705
-1.4725 -0.70125
-1.475 -0.695
-1.5175 -0.71375
-1.39 -0.67625
-1.2925 -0.60125
-1.3925 -0.6725
-1.33 -0.605
-1.39 -0.64875
-1.5175 -0.70875
-1.385 -0.6925
-1.4475 -0.70625
-1.3875 -0.7125
-1.4775 -0.73375
-1.4675 -0.74
-1.3725 -0.6825
-1.44 -0.715
-1.4775 -0.74
-1.4975 -0.77
-1.4825 -0.725
-1.46 -0.7375
-1.465 -0.77125
-1.495 -0.79625
-1.3925 -0.7475
-1.4625 -0.76
-1.5175 -0.74875
-1.3825 -0.7325
-1.42 -0.72875
-1.48 -0.74625
-1.4175 -0.66125
-1.4525 -0.67125
-1.4825 -0.7225
-1.51 -0.735
-1.3375 -0.60375
-1.3525 -0.5825
-1.36 -0.61375
-1.3025 -0.5375
-1.335 -0.52625
-1.395 -0.52125
-1.305 -0.5025
-1.375 -0.5125
-1.2825 -0.50875
-1.3375 -0.5
-1.34 -0.585
-1.3875 -0.6
-1.4 -0.5375
-1.365 -0.5
-1.3275 -0.47625
-1.32 -0.51875
-1.32 -0.5675
-1.415 -0.575
-1.4 -0.61125
-1.43 -0.64375
-1.3825 -0.635
-1.39 -0.60125
-1.42 -0.6425
-1.395 -0.675
-1.4475 -0.68375
-1.5575 -0.735
-1.49 -0.70375
-1.385 -0.615
-1.3875 -0.56375
-1.3675 -0.53125
-1.445 -0.60375
-1.4125 -0.58125
-1.3975 -0.5775
-1.3725 -0.5525
-1.4825 -0.59125
-1.4 -0.59625
-1.385 -0.58
-1.3475 -0.62
-1.46 -0.71875
-1.435 -0.68125
-1.3725 -0.6175
-1.445 -0.62625
-1.4525 -0.6775
-1.395 -0.62375
-1.295 -0.62625
-1.44 -0.67625
-1.4475 -0.67875
-1.4725 -0.68375
-1.54 -0.67875
-1.3725 -0.6475
-1.4025 -0.66
-1.4625 -0.69
-1.485 -0.72625
-1.4775 -0.78625
-1.5225 -0.78875
-1.4475 -0.7925
-1.4025 -0.7475
-1.415 -0.72125
-1.4575 -0.70625
-1.485 -0.74625
-1.4125 -0.7
-1.335 -0.68625
-1.3925 -0.705
-1.46 -0.72875
-1.505 -0.71625
-1.3725 -0.7025
-1.47 -0.7125
-1.5125 -0.75125
-1.4475 -0.69
-1.3725 -0.68875
-1.42 -0.7425
-1.435 -0.7375
-1.4075 -0.69125
-1.3825 -0.67
-1.4 -0.64
-1.435 -0.6625
-1.345 -0.625
-1.4475 -0.6575
-1.38 -0.60875
-1.44 -0.60875
-1.335 -0.56
-1.3425 -0.565
-1.4175 -0.53875
-1.3525 -0.53
-1.265 -0.475
-1.3025 -0.45875
-1.3675 -0.49375
-1.385 -0.50125
-1.3775 -0.45125
-1.3875 -0.44375
-1.3125 -0.415
-1.215 -0.4025
-1.3225 -0.44625
-1.315 -0.5025
-1.3025 -0.45
-1.3725 -0.4925
-1.32 -0.4525
-1.4225 -0.46125
-1.455 -0.48375
-1.3475 -0.48
-1.3675 -0.45625
-1.405 -0.4875
-1.3925 -0.43875
-1.36 -0.46625
-1.46 -0.45375
-1.4425 -0.4025
-1.505 -0.4525
-1.4375 -0.505
-1.3925 -0.48875
-1.2825 -0.4425
-1.375 -0.39125
-1.3875 -0.3675
-1.3075 -0.38875
-1.315 -0.41625
-1.395 -0.38875
-1.3325 -0.375
-1.3275 -0.35
-1.3375 -0.38375
-1.4325 -0.42375
-1.245 -0.4125
-1.3575 -0.36625
-1.38 -0.28875
-1.27 -0.31125
-1.32 -0.33625
-1.2825 -0.39
-1.26 -0.43
-1.375 -0.41875
-1.42 -0.3975
-1.4525 -0.4575
-1.34 -0.5025
-1.3575 -0.51375
-1.3925 -0.54
-1.455 -0.55625
-1.4775 -0.59
-1.3775 -0.47125
-1.3075 -0.44625
-1.3725 -0.4825
-1.3675 -0.43375
-1.3575 -0.43
-1.3575 -0.37
-1.3625 -0.26
-1.295 -0.27875
-1.2675 -0.31
-1.315 -0.31625
-1.4475 -0.43375
-1.41 -0.43625
-1.4075 -0.4975
-1.395 -0.495
-1.4775 -0.5475
-1.485 -0.54625
-1.3725 -0.47375
-1.2975 -0.5375
-1.36 -0.525
-1.505 -0.6725
-1.46 -0.63875
-1.42 -0.5375
-1.4125 -0.565
-1.4325 -0.59625
-1.3975 -0.55625
-1.405 -0.52125
-1.41 -0.53375
-1.47 -0.5575
-1.48 -0.6
-1.4775 -0.615
-1.4625 -0.6575
-1.5 -0.68
-1.555 -0.685
-1.45 -0.68375
-1.51 -0.71875
-1.4175 -0.69
-1.505 -0.72
-1.3825 -0.66125
-1.495 -0.74625
-1.4825 -0.74625
-1.455 -0.71
-1.5075 -0.7325
-1.4875 -0.76625
-1.4825 -0.7275
-1.43 -0.6375
-1.315 -0.6425
-1.4125 -0.7075
-1.4375 -0.72375
-1.42 -0.68
-1.5225 -0.7575
-1.5175 -0.81
-1.505 -0.80375
-1.505 -0.8225
-1.6075 -0.84125
-1.61 -0.83125
-1.4875 -0.71875
-1.5075 -0.725
-1.435 -0.71125
-1.54 -0.795
-1.5825 -0.83
-1.4525 -0.785
-1.49 -0.79375
-1.4875 -0.80875
-1.55 -0.8475
-1.5675 -0.83625
-1.61 -0.8325
-1.6475 -0.8525
-1.52 -0.78875
-1.525 -0.8025
-1.515 -0.80875
-1.6575 -0.88625
-1.5225 -0.8275
-1.6225 -0.86375
-1.535 -0.82125
-1.6225 -0.85
-1.5225 -0.82875
-1.485 -0.77625
-1.5 -0.79125
-1.5225 -0.76
-1.555 -0.79
-1.5225 -0.77125
-1.4425 -0.705
-1.425 -0.7
-1.405 -0.65625
-1.4975 -0.71125
-1.4175 -0.67875
-1.4 -0.665
-1.4525 -0.70375
-1.5125 -0.76125
-1.4425 -0.75875
-1.425 -0.72375
-1.5175 -0.75625
-1.4775 -0.68375
-1.4125 -0.7025
-1.3825 -0.6475
-1.4175 -0.6675
-1.355 -0.68375
-1.485 -0.7775
-1.5575 -0.84625
-1.5725 -0.8425
-1.55 -0.8425
-1.5175 -0.795
-1.49 -0.8
-1.5325 -0.83375
-1.4775 -0.76125
-1.5525 -0.80625
-1.51 -0.77
-1.5175 -0.76875
-1.535 -0.76875
-1.5125 -0.7825
-1.4675 -0.72125
-1.3975 -0.6625
-1.3675 -0.6325
-1.36 -0.6775
-1.3225 -0.65375
-1.3975 -0.725
-1.5225 -0.77375
-1.495 -0.78125
-1.5475 -0.8
-1.51 -0.76625
-1.52 -0.76
-1.535 -0.81375
-1.5675 -0.76625
-1.4825 -0.71
-1.3775 -0.66625
-1.4225 -0.6775
-1.4075 -0.6825
-1.41 -0.7075
-1.4375 -0.71375
-1.4425 -0.685
-1.375 -0.65
-1.5275 -0.72125
-1.42 -0.695
-1.43 -0.69625
-1.3675 -0.685
-1.3975 -0.635
-1.355 -0.58
-1.3825 -0.62625
-1.41 -0.65875
-1.3975 -0.69625
-1.4775 -0.7825
-1.5175 -0.805
-1.5625 -0.815
-1.5675 -0.835
-1.39 -0.775
-1.565 -0.81875
-1.595 -0.85
-1.5875 -0.86
-1.55 -0.82625
-1.5 -0.8
-1.5725 -0.82625
-1.585 -0.83
-1.5325 -0.795
-1.54 -0.8125
-1.515 -0.7875
-1.47 -0.77625
-1.4925 -0.78375
-1.4725 -0.74625
-1.4125 -0.695
-1.46 -0.75
-1.4 -0.705
-1.5575 -0.775
-1.48 -0.75875
-1.495 -0.76375
-1.4325 -0.7075
-1.45 -0.73375
-1.445 -0.735
-1.485 -0.745
-1.475 -0.73
-1.43 -0.7275
-1.455 -0.70875
-1.4475 -0.7375
-1.46 -0.73125
-1.4275 -0.70625
-1.495 -0.73125
-1.4125 -0.6525
-1.455 -0.715
-1.5025 -0.6875
-1.4325 -0.645
-1.3525 -0.6075
-1.475 -0.61125
-1.5 -0.64125
-1.485 -0.65
-1.5125 -0.62875
-1.445 -0.63
-1.4325 -0.61375
-1.425 -0.56
-1.42 -0.60625
-1.44 -0.60625
-1.41 -0.66375
-1.395 -0.7
-1.4075 -0.7075
-1.5525 -0.76875
-1.47 -0.75375
-1.405 -0.755
-1.4825 -0.74625
-1.41 -0.71375
-1.46 -0.67875
-1.45 -0.62
-1.33 -0.64375
-1.435 -0.695
-1.405 -0.68
-1.4075 -0.69125
-1.445 -0.6825
-1.4925 -0.73
-1.4625 -0.685
-1.4675 -0.65375
-1.5125 -0.6325
-1.4575 -0.59875
-1.3875 -0.52625
-1.3575 -0.44875
-1.2875 -0.36
-1.4475 -0.42375
-1.31 -0.42
-1.3225 -0.42625
-1.3275 -0.52625
-1.2725 -0.47625
-1.28 -0.49125
-1.3075 -0.55125
-1.3475 -0.4975
-1.3175 -0.5025
-1.4 -0.48375
-1.44 -0.5375
-1.375 -0.5375
-1.325 -0.54625
-1.4 -0.61375
-1.365 -0.61625
-1.6 -0.76875
-1.4875 -0.74125
-1.505 -0.7725
-1.55 -0.7775
-1.5025 -0.75375
-1.5225 -0.77
-1.5075 -0.76875
-1.4375 -0.72625
-1.42 -0.66
-1.405 -0.68375
-1.3575 -0.6525
-1.4225 -0.69
-1.41 -0.64375
-1.485 -0.73375
-1.4875 -0.7425
-1.4725 -0.73125
-1.515 -0.7175
-1.4625 -0.73375
-1.5725 -0.785
-1.4825 -0.775
-1.4925 -0.78875
-1.5025 -0.77
-1.4425 -0.72125
-1.4425 -0.74875
-1.34 -0.62375
-1.455 -0.69625
-1.355 -0.605
-1.465 -0.695
-1.4 -0.7075
-1.485 -0.73125
-1.5125 -0.73375
-1.5275 -0.74625
-1.4725 -0.74375
-1.5 -0.74375
-1.5325 -0.73625
-1.525 -0.78375
-1.5525 -0.805
-1.545 -0.81625
-1.5 -0.80875
-1.38 -0.75875
-1.3875 -0.70875
-1.425 -0.74625
-1.465 -0.7375
-1.485 -0.71625
-1.445 -0.76125
-1.37 -0.7225
-1.385 -0.75
-1.5075 -0.77125
-1.48 -0.75625
-1.4925 -0.78875
-1.4425 -0.7775
-1.5025 -0.79125
-1.51 -0.7875
-1.405 -0.695
-1.3875 -0.64125
-1.46 -0.62625
-1.435 -0.61625
-1.42 -0.6625
-1.4925 -0.6575
-1.3825 -0.69
-1.475 -0.69875
-1.445 -0.74375
-1.395 -0.72125
-1.4925 -0.75375
-1.43 -0.725
-1.495 -0.785
-1.4175 -0.7425
-1.5025 -0.76625
-1.4725 -0.76125
-1.45 -0.73125
-1.42 -0.755
-1.555 -0.83125
-1.5625 -0.82875
-1.465 -0.78125
-1.4375 -0.7625
-1.4175 -0.7325
-1.36 -0.65875
-1.4175 -0.64875
-1.38 -0.6425
-1.4025 -0.70125
-1.4375 -0.70125
-1.3625 -0.63125
-1.37 -0.59375
-1.3325 -0.62375
-1.3875 -0.67
-1.355 -0.645
-1.5075 -0.70875
-1.4675 -0.66
-1.3525 -0.61375
-1.325 -0.59875
-1.42 -0.64
-1.4725 -0.6475
-1.4875 -0.7125
-1.455 -0.73
-1.4875 -0.7425
-1.4075 -0.6525
-1.46 -0.64375
-1.335 -0.55125
-1.325 -0.56125
-1.3475 -0.49625
-1.355 -0.55625
-1.38 -0.5625
-1.4775 -0.56875
-1.4075 -0.59375
-1.42 -0.6025
-1.435 -0.62625
