-1.1325 0.25375
-1.1575 0.2775
-1.165 0.1675
-1.21 0.07125
-1.2125 0.0725
-1.1825 0.24375
-1.2225 0.18375
-1.17 0.2175
-1.15 0.2
-1.275 0.25
-1.265 0.19
-1.235 0.24125
-1.1075 0.105
-1.29 0.2
-1.235 0.13625
-1.23 0.09125
-1.3 0.15375
-1.215 0.11
-1.2125 0.0925
-1.1975 0.01375
-1.08 -0.035
-1.105 0.06125
-1.1825 0.01625
-1.215 0.00875
-1.2275 -0.035
-1.2375 0.01625
-1.1775 0.02875
-1.215 0.08375
-1.015 0.0475
-1.18 -0.02875
-1.215 0.005
-1.1875 0.035
-1.2175 0.03375
-1.1 0.14
-1.17 0.1275
-1.12 0.14875
-1.205 0.185
-1.15 0.155
-1.17 0.18375
-1.16 0.12125
-1.2175 0.01
-1.06 0.0225
-1.1125 -0.01375
-1.0625 -0.07375
-1.105 -0.11625
-1.07 -0.23
-1.1625 -0.22375
-1.2425 -0.23125
-1.1875 -0.22375
-1.1175 -0.21
-1.215 -0.1775
-1.09 -0.15125
-1.085 -0.13125
-1.17 -0.2025
-1.12 -0.1925
-1.12 -0.14125
-1.12 -0.0975
-1.225 -0.0275
-1.135 -0.02625
-1.15 -0.11125
-1.105 -0.14
-1.205 -0.17625
-1.0875 -0.16
-1.075 -0.08
-0.9675 0.02875
-1.0825 0.07375
-1.1 0.06
-1.13 0.015
-1.1 0.00125
-1.13 0.02125
-1.18 0.03875
-1.2675 0.06875
-1.145 0.01125
-1.175 0.0775
-1.1575 -0.015
-1.16 -0.0825
-1.195 -0.06375
-1.19 -0.06
-1.1575 -0.03875
-1.1225 -0.06375
-1.14 -0.04125
-1.26 0.06625
-1.15 0.01125
-1.1625 0.025
-1.1725 0.04875
-1.145 0.01625
-1.1625 -0.04625
-1.2375 -0.13375
-1.21 -0.115
-1.1625 -0.24375
-1.12 -0.1575
-1.2575 -0.21
-1.1675 -0.16
-1.2075 -0.225
-1.16 -0.235
-1.105 -0.195
-1.135 -0.1425
-1.0725 -0.2025
-1.215 -0.24625
-1.1475 -0.17375
-1.0725 -0.0725
-1.14 -0.07375
-1.0425 -0.07875
-1.13 -0.07125
-1.1375 -0.09125
-1.1425 -0.10125
-1.1625 -0.16625
-1.085 -0.085
-1.21 -0.11125
-1.1475 -0.14375
-1.1575 -0.0375
-1.12 -0.0975
-1.145 -0.1525
-1.0725 -0.13
-1.0875 -0.0275
-1.1025 -0.02875
-1.1925 -0.085
-1.215 -0.11875
-1.17 -0.09625
-1.08 -0.0225
-1.1575 0.04375
-1.21 0.07375
-1.2425 0.1075
-1.1075 0.0275
-1.1925 0.135
-1.1975 0.13625
-1.1975 0.21
-1.17 0.17875
-1.1825 0.2025
-1.205 0.20875
-1.275 0.17375
-1.2425 0.1275
-1.25 0.105
-1.21 0.105
-1.1825 0.075
-1.07 0.035
-1.085 -0.06
-1.0775 0.09625
-1.0725 0.06125
-1.0275 0.08375
-1.0675 0.0775
-1.0575 0.1825
-1.1725 0.27
-1.1275 0.22875
-1.0975 0.30875
-1.195 0.3575
-1.1475 0.31625
-1.1375 0.26375
-1.1975 0.305
-1.1525 0.2325
-1.105 0.185
-1.165 0.2125
-1.1 0.23375
-1.1225 0.1725
-1.105 0.16
-1.0675 0.02375
-1.0075 0.025
-1 0
-1.0975 0.0875
-1.195 0.0925
-1.2175 0.1025
-1.205 0.01375
-1.1675 0.08625
-1.1425 0.0625
-1.1875 -0.02625
-1.135 -0.02625
-1.14 -0.0225
-1.18 -0.04625
-1.135 0.0025
-1.0775 0.005
-1.14 -0.085
-1.1975 -0.19125
-1.185 -0.22
-1.2025 -0.2775
-1.2075 -0.1675
-1.25 -0.19625
-1.2075 -0.20125
-1.2 -0.29
-1.17 -0.175
-1.18 -0.17625
-1.18 -0.11625
-1.17 -0.05625
-1.17 0.00875
-1.1675 -0.1725
-1.0475 -0.15875
-1.0525 -0.1
-1.03 -0.02875
-1.135 -0.0575
-1.1325 -0.07375
-1.0575 -0.13875
-1.0625 -0.17375
-1.0825 -0.21125
-1.15 -0.19625
-1.1525 -0.195
-1.0325 -0.08875
-1.16 0.13125
-1.2025 0.105
-1.1275 0.07
-1.165 0.13125
-1.19 0.06875
-1.0125 0.07125
-1.0475 0.095
-1.16 0.2275
-1.205 0.1475
-1.1325 0.1625
-1.1475 0.22625
-1.1275 0.16875
-1.1575 0.1175
-1.1825 0.23875
-1.2025 0.2325
-1.17 0.2225
-1.1925 0.21625
-1.14 0.30625
-1.1375 0.3575
-1.1575 0.3825
-1.1625 0.30125
-1.14 0.32875
-1.1325 0.33375
-1.1775 0.2625
-1.1925 0.3775
-1.25 0.37
-1.22 0.40375
-1.195 0.35875
-1.175 0.4175
-1.1075 0.37125
-1.1475 0.39375
-1.215 0.45875
-1.31 0.48875
-1.2025 0.42
-1.27 0.41125
-1.205 0.325
-1.1225 0.3425
-1.2 0.33625
-1.1675 0.3625
-1.1675 0.32375
-1.115 0.325
-1.2625 0.425
-1.235 0.4525
-1.2025 0.545
-1.2375 0.54
-1.29 0.56625
-1.2825 0.57375
-1.25 0.475
-1.245 0.51625
-1.165 0.4925
-1.295 0.56125
-1.2075 0.46125
-1.1975 0.395
-1.155 0.35625
-1.095 0.3075
-1.14 0.31625
-1.1575 0.3525
-1.1225 0.34125
-1.0825 0.38625
-1.1725 0.33375
-1.1075 0.3425
-1.2075 0.38625
-1.12 0.3925
-1.2175 0.45375
-1.16 0.39875
-1.2225 0.385
-1.255 0.3675
-1.175 0.4075
-1.2075 0.46625
-1.1475 0.485
-1.255 0.56125
-1.24 0.52875
-1.22 0.43375
-1.25 0.44625
-1.3225 0.48
-1.1875 0.49375
-1.2825 0.54
-1.23 0.525
-1.17 0.43625
-1.0625 0.3575
-1.075 0.36125
-1.1025 0.3125
-1.1725 0.37375
-1.125 0.3725
-1.1525 0.42
-1.22 0.41125
-1.185 0.4175
-1.165 0.485
-1.1775 0.4675
-1.13 0.3275
-1.0625 0.27375
-1.1725 0.30375
-1.1 0.325
-1.16 0.2925
-1.1025 0.28
-1.1825 0.24625
-1.1225 0.28
-1.1475 0.33875
-1.1875 0.27625
-1.215 0.32875
-1.185 0.35
-1.1975 0.35
-1.175 0.25625
-1.1675 0.26875
-1.1925 0.31375
-1.2075 0.36
-1.19 0.3375
-1.2125 0.355
-1.135 0.36625
-1.19 0.4
-1.0675 0.34875
-1.13 0.34
-1.19 0.32125
-1.255 0.46875
-1.06 0.365
-1.22 0.3925
-1.1325 0.315
-1.1625 0.27
-1.12 0.25625
-1.125 0.22125
-1.0525 0.215
-1.16 0.13875
-1.1525 0.115
-1.11 0.045
-1.1475 0.08625
-1.105 -0.015
-1.1125 -0.08
-1.0675 -0.13375
-1.1175 -0.1125
-1.14 -0.06875
-1.0825 -0.11375
-1.1675 0.0375
-1.135 -0.06
-1.1425 -0.0875
-1.18 -0.055
-1.1925 -0.12125
-1.22 -0.12
-1.1675 -0.14375
-1.1875 -0.1125
-1.235 -0.045
-1.0875 -0.06375
-1.16 -0.175
-1.165 -0.27375
-1.2275 -0.28
-1.2075 -0.285
-1.1775 -0.22875
-1.08 -0.13375
-1.0825 -0.1325
-1.0775 -0.10375
-1.21 -0.13375
-1.1125 -0.12125
-1.1875 -0.1175
-1.2175 -0.1725
-1.2225 -0.155
-1.1775 -0.20375
-1.1575 -0.18
-1.13 -0.20875
-1.0625 -0.20125
-1.1075 -0.245
-1.1775 -0.2575
-1.1275 -0.16
-1.24 -0.19625
-1.1475 -0.24375
-1.09 -0.17875
-1.1575 -0.18625
-1.0675 -0.15625
-1.125 -0.1625
-1.06 -0.1225
-1.105 -0.23625
-1.2275 -0.225
-1.18 -0.13625
-1.1875 -0.04125
-1.145 -0.03375
-1.1525 -0.0575
-1.045 -0.08
-1.0625 -0.135
-1.0675 -0.18625
-1.0725 -0.22625
-1.165 -0.28125
-1.095 -0.2075
-1.1075 -0.31625
-1.22 -0.3525
-1.175 -0.30375
-1.1775 -0.19125
-1.135 -0.2625
-1.085 -0.205
-1.145 -0.15875
-1.1675 -0.1575
-1.1 -0.13
-1.1825 -0.025
-1.1525 -0.12375
-1.1475 -0.1475
-1.2075 -0.11625
-1.1675 -0.13125
-1.1025 -0.12375
-1.1025 -0.15
-1.0775 -0.115
-1.2275 -0.07
-1.16 -0.1225
-1.145 -0.1225
-1.19 -0.08625
-1.2225 -0.14625
-1.1875 -0.0925
-1.0775 -0.02125
-1.01 0.0675
-1.0175 0.04875
-1.14 0.09125
-1.145 -0.01625
-1.1 -0.10375
-1.1075 -0.045
-1.15 -0.00875
-1.175 0.02
-1.1075 0.05875
-1.1875 0.1125
-1.185 0.08
-1.275 0.05625
-1.225 0.0175
-1.2425 -0.08625
-1.0275 -0.18625
-1.195 -0.2325
-1.1625 -0.27125
-1.1825 -0.3125
-1.1975 -0.28875
-1.2175 -0.295
-1.1425 -0.3125
-1.16 -0.28125
-1.275 -0.32625
-1.265 -0.31375
-1.1775 -0.37
-1.2325 -0.31375
-1.205 -0.3525
-1.2025 -0.32625
-1.18 -0.3875
-1.2125 -0.31375
-1.15 -0.28625
-1.0525 -0.27125
-0.99 -0.17625
-1.065 -0.15
-1.14 -0.2725
-1.1825 -0.23125
-1.17 -0.19625
-1.13 -0.2075
-1.145 -0.295
-1.1325 -0.26875
-1.1275 -0.28625
-1.04 -0.17625
-1.0975 -0.08125
-1.125 -0.05875
-1.1875 -0.0425
-1.1675 -0.1075
-1.1975 -0.12
-1.1525 -0.09625
-1.0925 -0.065
-1.1175 -0.145
-1.0925 -0.10125
-1.1225 -0.0825
-1.1025 -0.02
-1.17 0.08
-1.1275 0.06375
-1.105 -0.0125
-1.12 -0.07875
-1.1125 -0.18625
-1.195 -0.07
-1.1475 -0.11125
-1.165 -0.005
-1.33 -0.03125
-1.2225 -0.065
-1.1675 -0.07125
-1.1175 -0.06375
-1.175 -0.11625
-1.165 -0.04625
-1.13 0.01
-1.145 -0.02
-1.2125 -0.065
-1.1725 -0.08
-1.1625 -0.0675
-1.1575 -0.17625
-1.15 -0.1925
-1.115 -0.17375
-1.0975 -0.0825
-1.1325 -0.08
-1.0975 0.01875
-1.2025 0.00625
-1.205 -0.0075
-1.205 0.03125
-1.165 0.01875
-1.085 -0.06
-1.195 -0.0825
-1.1825 -0.0375
-1.1475 0.03375
-1.185 0.0475
-1.255 -0.10375
-1.1425 -0.12875
-1.165 -0.10875
-1.1125 -0.09
-1.1 -0.1225
-1.1275 -0.1825
-1.2625 -0.17625
-1.225 -0.18625
-1.2025 -0.16875
-1.155 -0.10125
-1.205 0.03125
-1.145 -0.03
-1.21 -0.05125
-1.1875 -0.0275
-1.225 0.0075
-1.2 -0.025
-1.24 0.0725
-1.17 0.04125
-1.135 0.03375
-1.085 0.01
-1.1025 -0.0525
-1.17 -0.0875
-1.1825 -0.09375
-1.1675 -0.195
-1.07 -0.2175
-1.14 -0.05625
-1.16 0.05125
-1.17 -0.0075
-1.1525 -0.03
-1.16 -0.02625
-1.2325 -0.0125
-1.24 0.02
-1.15 0.01875
-1.2175 0.03125
-1.135 -0.05875
-1.1125 -0.1
-1.0925 -0.13625
-1.1225 -0.1775
-1.09 -0.1775
-1.14 -0.15125
-1.2925 -0.19875
-1.25 -0.19375
-1.18 -0.17625
-1.12 -0.20125
-1.0725 -0.15875
-1.1275 -0.1275
-1.105 -0.0825
-1.1475 -0.10625
-1.205 -0.1275
-1.2325 -0.10875
-1.15 -0.19125
-1.17 -0.3175
-1.1825 -0.25875
-1.1325 -0.265
-1.19 -0.33375
-1.1075 -0.29375
-1.1525 -0.405
-1.1225 -0.38
-1.12 -0.305
-1.1675 -0.24
-1.1 -0.22375
-1.095 -0.14125
-1.12 -0.0325
-1.125 -0.10375
-1.1675 -0.1475
-1.0625 -0.1375
-1.09 -0.16375
-1.2 -0.21875
-1.175 -0.2175
-1.185 -0.2025
-1.2425 -0.22875
-1.165 -0.2725
-1.1175 -0.21125
-1.06 -0.16125
-1.16 -0.1475
-1.1525 -0.0975
-1.1925 -0.16375
-1.1625 -0.1275
-1.1175 -0.06625
-1.17 -0.04
-1.1575 0.03875
-1.19 0.00875
-1.1275 -0.0525
-1.1525 -0.15875
-1.17 -0.1925
-1.09 -0.1475
-1.1925 -0.2675
-1.215 -0.30375
-1.1825 -0.28375
-1.1775 -0.225
-1 -0.2125
-1.1075 -0.21375
-1.07 -0.06625
-1.0075 -0.02
-1.115 -0.03375
-1.17 0.03625
-1.1275 0.12375
-1.2 0.13
-1.1025 0.195
-1.18 0.2375
-1.125 0.20875
-1.12 0.2075
-1.0875 0.13625
-1.01 0.12
-1.1 0.2375
-1.2 0.22875
-1.1725 0.13375
-1.2325 0.095
-1.1325 0.14375
-1.1275 0.19
-1.2275 0.13
-1.2 0.19
-1.0375 0.16125
-1.1025 0.16125
-1.13 0.1775
-1.175 0.2025
-1.12 0.19125
-1.1475 0.18125
-1.145 0.23
-1.1625 0.1925
-1.2775 0.17625
-1.115 0.16625
-1.1625 0.23
-1.0775 0.32625
-1.22 0.3725
-1.265 0.355
-1.2925 0.46
-1.305 0.50625
-1.2075 0.44375
-1.1925 0.3825
-1.1925 0.39375
-1.1525 0.375
-1.195 0.395
-1.14 0.41
-1.1275 0.4275
-1.1225 0.3625
-1.2025 0.43875
-1.205 0.45125
-1.13 0.4625
-1.1325 0.37375
-1.11 0.3825
-1.14 0.3475
-1.1125 0.26375
-1.0775 0.30625
-1.1325 0.39125
-1.1825 0.355
-1.1125 0.285
-1.2425 0.1975
-1.24 0.24375
-1.055 0.17375
-1.085 0.20875
-1.065 0.21625
-1.1675 0.235
-1.2375 0.2875
-1.1575 0.21625
-1.185 0.22875
-1.1875 0.105
-1.12 0.14625
-1.0775 0.12125
-1.1175 0.12375
-1.145 0.14625
-1.1275 0.21375
-1.08 0.1375
-1.0975 0.1325
-1.0625 0.05375
-1.0975 0.045
-1.075 -0.00375
-1.1425 0.04875
-1.155 0.05375
-1.2675 0.04375
-1.1775 -0.01875
-1.11 -0.05125
-1.1225 -0.095
-1.12 -0.14
-1.085 -0.12
-1.17 -0.06125
-1.05 -0.0675
-1.1725 -0.0925
-1.16 -0.00875
-1.1375 0.03625
-1.1625 0.00875
-1.1575 -0.00125
-1.16 0.04125
-1.1925 0.09375
-1.23 0.03
-1.3075 0.06625
-1.2675 0.01875
-1.2425 0.04625
-1.1425 0.1
-1.15 0.08625
-1.1525 0.045
-1.1425 0.04125
-1.2075 -0.03875
-1.22 -0.13875
-1.2025 -0.11
-1.1575 0.03125
-1.2225 -0.06875
-1.13 -0.11
-1.085 -0.11625
-1.1075 -0.09125
-1.0675 -0.06125
-1.18 -0.02875
-1.0825 0.03875
-1.1425 -0.01
-1.0375 -0.1
-1.1725 0.05625
-1.055 0.14125
-1.08 0.0375
-1.1075 0.08875
-1.1675 0.1975
-1.2 0.27875
-1.1575 0.24875
-1.145 0.26375
-1.11 0.2475
-1.1925 0.2975
-1.225 0.30125
-1.155 0.2575
-1.105 0.19
-1.0825 0.08375
-1.1625 0.04375
-1.1125 -0.03125
-1.075 -0.15
-1.125 -0.11875
-1.07 -0.17875
-0.9925 -0.2075
-1.1375 -0.155
-1.13 -0.14375
-1.155 -0.1275
-1.1475 -0.195
-1.0925 -0.21125
-1.0725 -0.14875
-1.1325 -0.17625
-1.1875 -0.2325
-1.105 -0.2775
-1.215 -0.2725
-1.145 -0.2625
-1.1 -0.34875
-1.25 -0.47875
-1.3675 -0.58625
-1.2525 -0.53625
-1.3825 -0.57625
-1.305 -0.52375
-1.2075 -0.46375
-1.255 -0.50625
-1.29 -0.395
-1.22 -0.35
-1.33 -0.46375
-1.275 -0.4475
-1.3 -0.46375
-1.2025 -0.43875
-1.2625 -0.53625
-1.2125 -0.44875
-1.295 -0.39625
-1.2225 -0.38875
-1.13 -0.39875
-1.24 -0.52375
-1.1775 -0.47625
-1.2375 -0.4225
-1.2475 -0.51
-1.2625 -0.5
-1.1575 -0.44375
-1.25 -0.46625
-1.2925 -0.5125
-1.31 -0.545
-1.3 -0.55625
-1.2125 -0.49375
-1.1425 -0.47875
-1.3175 -0.48375
-1.3425 -0.49125
-1.145 -0.435
-1.27 -0.5575
-1.315 -0.4625
-1.1925 -0.34
-1.1025 -0.2725
-1.135 -0.31125
-1.28 -0.38
-1.1225 -0.2875
-1.1 -0.2925
-1.1325 -0.18875
-1.19 -0.21
-1.1 -0.20125
-1.13 -0.2475
-1.145 -0.2825
-1.21 -0.285
-1.18 -0.25875
-1.1225 -0.22625
-1.1775 -0.245
-1.145 -0.24625
-1.135 -0.33375
-1.1775 -0.32875
-1.205 -0.4375
-1.1925 -0.385
-1.125 -0.32375
-1.1975 -0.38875
-1.205 -0.3275
-1.125 -0.28875
-1.1675 -0.24125
-1.2575 -0.26375
-1.25 -0.25125
-1.3075 -0.29125
-1.2125 -0.2525
-1.295 -0.24625
-1.2825 -0.22375
-1.17 -0.18375
-1.1625 -0.2325
-1.135 -0.1275
-1.1575 -0.06875
-1.1475 -0.155
-1.2675 -0.11875
-1.2525 -0.03625
-1.1675 -0.01875
-1.255 -0.01875
-1.0625 0.1175
-1.225 0.16125
-1.1725 0.1325
-1.305 0.21875
-1.2375 0.26375
-1.29 0.28
-1.2275 0.28875
-1.145 0.285
-1.2175 0.34
-1.1775 0.435
-1.2775 0.44375
-1.285 0.455
-1.1175 0.4475
-1.2575 0.50125
-1.27 0.51625
-1.24 0.49375
-1.1925 0.48375
-1.35 0.63625
-1.23 0.54
-1.305 0.61375
-1.37 0.70125
-1.37 0.65875
-1.2325 0.525
-1.165 0.36625
-1.195 0.38625
-1.28 0.43875
-1.2925 0.35625
-1.1975 0.30875
-1.2525 0.30375
-1.2 0.3925
-1.2675 0.48875
-1.1725 0.43125
-1.245 0.3825
-1.14 0.34875
-1.205 0.39
-1.2875 0.51375
-1.4025 0.57875
-1.2975 0.47
-1.26 0.43875
-1.2075 0.41875
-1.1925 0.38375
-1.1275 0.33375
-1.2375 0.36
-1.1375 0.31
-1.14 0.2775
-1.12 0.215
-1.2075 0.35
-1.2025 0.3625
-1.075 0.25
-1.125 0.30375
-1.1875 0.15
-1.1225 0.0925
-1.0975 0.06125
-1.1325 0.05625
-1.115 0.07125
-1.23 0.12875
-1.1075 0.12875
-1.16 0.04125
-1.1325 0.04
-1.0675 -0.075
-1.225 -0.06
-1.1675 -0.05375
-1.165 0
-1.1725 0.01
-1.18 0.04875
-1.195 0.0275
-1.2175 0.045
-1.24 0.075
-1.1875 0.0625
-1.175 -0.035
-1.145 -0.12375
-1.1725 -0.15125
-1.105 -0.1675
-1.065 -0.1725
-1.1075 -0.1125
-1.105 -0.12375
-1.1925 -0.275
-1.1425 -0.27
-1.13 -0.11875
-1.19 -0.10375
-1.2275 -0.07625
-1.1875 -0.08375
-1.1975 -0.0375
-1.17 -0.00875
-1.1175 -0.0375
-1.135 -0.12875
-1.155 -0.08625
-1.1775 -0.1875
-1.1525 -0.3125
-1.2025 -0.32625
-1.175 -0.46375
-1.305 -0.4825
-1.185 -0.435
-1.1875 -0.37125
-1.115 -0.385
-1.12 -0.2
-1.0675 -0.2375
-1.1275 -0.23
-1.0925 -0.205
-1.1375 -0.15125
-1.1025 -0.1175
-1.1425 -0.1675
-1.2175 -0.1625
-1.095 -0.22875
-1.1125 -0.21625
-1.03 -0.1725
-1.075 -0.1825
-1.095 -0.1875
-1.115 -0.075
-1.0425 -0.14
-1.065 -0.0725
-1.18 -0.1325
-1.0925 -0.0825
-1.215 -0.1325
-1.1375 -0.09875
-1.1425 -0.12625
-1.2325 -0.0825
-1.1775 -0.12
-1.2175 -0.15375
-1.2425 -0.1725
-1.165 -0.2425
-1.2125 -0.31125
-1.1175 -0.19625
-1.1275 -0.12875
-1.245 -0.18125
-1.215 -0.225
-1.1825 -0.2175
-1.175 -0.16625
-1.13 -0.05875
-1.205 -0.04
-1.19 -0.1475
-1.1775 -0.0375
-1.1925 -0.06375
-1.145 -0.00125
-1.135 0.06375
-1.065 0.03
-1.1875 -0.04125
-1.1675 -0.1025
-1.14 -0.09875
-1.06 -0.07375
-1.2075 -0.11875
-1.1725 -0.09125
-1.0625 0.02375
-1.1175 0.05625
-1.1275 -0.0125
-1.1225 0.03125
-1.21 0.00875
-1.105 -0.01
-1.2 -0.07375
-1.11 -0.08375
-1.1725 -0.14375
-1.1575 -0.14
-1.18 -0.13625
-1.155 -0.17375
-1.1225 -0.15625
-1.085 -0.17875
-1.145 -0.2625
-1.1325 -0.33125
-1.1775 -0.2175
-1.1125 -0.145
-1.15 -0.09125
-1.1825 -0.04625
-1.24 -0.0825
-1.155 -0.07125
-1.195 -0.1575
-1.1825 -0.03625
-1.195 -0.005
-1.26 0.0525
-1.185 0.18125
-1.135 0.23375
-1.2475 0.25125
-1.17 0.33125
-1.1725 0.3325
-1.23 0.32375
-1.19 0.28375
-1.2525 0.36625
-1.16 0.315
-1.1675 0.34
-1.2225 0.42375
-1.1875 0.38
-1.185 0.36625
-1.1375 0.3175
-1.18 0.345
-1.1725 0.31
-1.2175 0.4225
-1.205 0.43625
-1.1925 0.425
-1.1425 0.3575
-1.15 0.30375
-1.095 0.33375
-1.175 0.33875
-1.185 0.28375
-1.185 0.275
-1.215 0.20125
-1.0975 0.185
-1.055 0.2075
-1.1825 0.205
-1.2275 0.22375
-1.15 0.1925
-1.1375 0.19125
-1.13 0.12
-1.175 0.11625
